=========
HipCenter: -0.0822227, 0.1518977, 2.557659
Spine: -0.08540235, 0.2047664, 2.638518
ShoulderCenter: -0.09499799, 0.6100552, 2.747069
Head: -0.08289205, 0.79022, 2.767758
ShoulderLeft: -0.2593234, 0.4613866, 2.672349
ElbowLeft: -0.2752344, 0.2152603, 2.545296
WristLeft: -0.2726663, -0.008413315, 2.419468
HandLeft: -0.2858405, -0.05455085, 2.392636
ShoulderRight: 0.06303392, 0.4641238, 2.680031
ElbowRight: 0.09985559, 0.2097107, 2.585701
WristRight: 0.09770305, -0.01021597, 2.469614
HandRight: 0.09672452, -0.08031894, 2.444782
HipLeft: -0.1529018, 0.08488923, 2.522281
KneeLeft: -0.1017675, -0.4156394, 2.45754
AnkleLeft: -0.1042736, -0.7091894, 2.368866
FootLeft: -0.09843418, -0.7627594, 2.255254
HipRight: -0.007841021, 0.08612098, 2.533643
KneeRight: -0.1034168, -0.4238681, 2.457379
AnkleRight: -0.08869419, -0.7168816, 2.36038
FootRight: -0.1204862, -0.7648436, 2.24109
=========
HipCenter: -0.08263539, 0.1520524, 2.557597
Spine: -0.08581471, 0.2049097, 2.638511
ShoulderCenter: -0.09549282, 0.6105786, 2.747686
Head: -0.08273995, 0.7900665, 2.767432
ShoulderLeft: -0.2589895, 0.4617096, 2.672334
ElbowLeft: -0.283985, 0.231767, 2.565055
WristLeft: -0.2728296, -0.006099761, 2.420757
HandLeft: -0.2833688, -0.05587466, 2.393987
ShoulderRight: 0.06312536, 0.464165, 2.679939
ElbowRight: 0.1014093, 0.1983572, 2.582846
WristRight: 0.09855758, -0.007208187, 2.471273
HandRight: 0.09716443, -0.08045425, 2.444858
HipLeft: -0.1533288, 0.08516059, 2.522119
KneeLeft: -0.08981843, -0.4840475, 2.452635
AnkleLeft: -0.1105756, -0.7618607, 2.354414
FootLeft: -0.09704956, -0.7602011, 2.247809
HipRight: -0.008341353, 0.08628085, 2.53361
KneeRight: -0.0896585, -0.4855624, 2.451416
AnkleRight: -0.09074853, -0.7642455, 2.346368
FootRight: -0.121159, -0.7639834, 2.23821
=========
HipCenter: -0.08269771, 0.1520831, 2.557585
Spine: -0.08587893, 0.2049374, 2.638507
ShoulderCenter: -0.09557845, 0.6106649, 2.747766
Head: -0.0825928, 0.7912312, 2.767095
ShoulderLeft: -0.2589123, 0.4617659, 2.672321
ElbowLeft: -0.285944, 0.2356033, 2.569292
WristLeft: -0.272844, -0.005793833, 2.420921
HandLeft: -0.2829257, -0.05621609, 2.394161
ShoulderRight: 0.06314087, 0.4641706, 2.679923
ElbowRight: 0.1017217, 0.1960343, 2.582268
WristRight: 0.09861823, -0.007806003, 2.471262
HandRight: 0.09728556, -0.08177195, 2.444482
HipLeft: -0.1533879, 0.08522096, 2.522089
KneeLeft: -0.09385429, -0.4539111, 2.455309
AnkleLeft: -0.1089666, -0.7468638, 2.358377
FootLeft: -0.09684323, -0.7599831, 2.247167
HipRight: -0.008417528, 0.08631238, 2.533605
KneeRight: -0.1252179, -0.3957846, 2.449525
AnkleRight: -0.09034765, -0.7519651, 2.350081
FootRight: -0.1210991, -0.7638429, 2.237944
=========
HipCenter: -0.08274233, 0.1521381, 2.557573
Spine: -0.08593179, 0.2049772, 2.638499
ShoulderCenter: -0.09564611, 0.6107313, 2.747816
Head: -0.08220703, 0.7952056, 2.766164
ShoulderLeft: -0.2588324, 0.4618363, 2.672306
ElbowLeft: -0.2871891, 0.2382487, 2.572087
WristLeft: -0.2728823, -0.005474264, 2.421089
HandLeft: -0.2825532, -0.05628564, 2.394351
ShoulderRight: 0.06341119, 0.4643095, 2.68003
ElbowRight: 0.1019485, 0.1943425, 2.581846
WristRight: 0.09829471, -0.01153322, 2.470214
HandRight: 0.09739315, -0.08321621, 2.444041
HipLeft: -0.1534311, 0.08528791, 2.52206
KneeLeft: -0.1125517, -0.5049218, 2.445998
AnkleLeft: -0.09965567, -0.7893193, 2.349451
FootLeft: -0.09669968, -0.7597018, 2.2464
HipRight: -0.008469056, 0.08635255, 2.533602
KneeRight: -0.09740351, -0.4875418, 2.446387
AnkleRight: -0.09142374, -0.788957, 2.3393
FootRight: -0.1210604, -0.7636582, 2.237619
=========
HipCenter: -0.08276647, 0.152228, 2.557565
Spine: -0.085968, 0.2050343, 2.638491
ShoulderCenter: -0.09568867, 0.6107795, 2.747858
Head: -0.08131894, 0.8009786, 2.765399
ShoulderLeft: -0.2587498, 0.4619107, 2.672288
ElbowLeft: -0.2880386, 0.2402436, 2.574096
WristLeft: -0.2729014, -0.005259897, 2.421206
HandLeft: -0.2823026, -0.05641189, 2.39445
ShoulderRight: 0.06368751, 0.4644325, 2.680127
ElbowRight: 0.102114, 0.1931507, 2.581564
WristRight: 0.09796059, -0.01506704, 2.469139
HandRight: 0.09760947, -0.08463316, 2.443612
HipLeft: -0.1534527, 0.0854064, 2.522039
KneeLeft: -0.1094309, -0.4518433, 2.452666
AnkleLeft: -0.1016016, -0.7468075, 2.359946
FootLeft: -0.09664356, -0.7598072, 2.246715
HipRight: -0.00849953, 0.08640912, 2.533598
KneeRight: -0.09954762, -0.4606665, 2.451228
AnkleRight: -0.09017002, -0.7540165, 2.349842
FootRight: -0.120704, -0.7635426, 2.237767
=========
HipCenter: -0.08277828, 0.1523446, 2.557557
Spine: -0.08599433, 0.2051047, 2.638481
ShoulderCenter: -0.09571672, 0.6108152, 2.747888
Head: -0.0804563, 0.8069589, 2.764617
ShoulderLeft: -0.2586523, 0.4619904, 2.67226
ElbowLeft: -0.2886539, 0.2416243, 2.575507
WristLeft: -0.2729119, -0.005109125, 2.421288
HandLeft: -0.2821541, -0.05664959, 2.394403
ShoulderRight: 0.06393517, 0.4645357, 2.68021
ElbowRight: 0.1022368, 0.1922806, 2.581364
WristRight: 0.09771264, -0.01788531, 2.468297
HandRight: 0.09779871, -0.08591169, 2.44319
HipLeft: -0.1534572, 0.08557876, 2.522016
KneeLeft: -0.1272193, -0.5021784, 2.444082
AnkleLeft: -0.09529919, -0.7751506, 2.353846
FootLeft: -0.09657121, -0.7596979, 2.246397
HipRight: -0.008518971, 0.08649535, 2.533595
KneeRight: -0.1038693, -0.401261, 2.461671
AnkleRight: -0.09225382, -0.7439361, 2.354341
FootRight: -0.120309, -0.7634406, 2.237964
=========
HipCenter: -0.08278178, 0.1524668, 2.557552
Spine: -0.08601353, 0.2051772, 2.638471
ShoulderCenter: -0.09573492, 0.6108402, 2.747908
Head: -0.07967099, 0.8122218, 2.76391
ShoulderLeft: -0.258544, 0.462067, 2.672223
ElbowLeft: -0.287677, 0.2345714, 2.57145
WristLeft: -0.2729157, -0.00496747, 2.421349
HandLeft: -0.2820428, -0.05684857, 2.394351
ShoulderRight: 0.06416718, 0.4646307, 2.680288
ElbowRight: 0.1023281, 0.1916335, 2.581219
WristRight: 0.09736538, -0.02294116, 2.466501
HandRight: 0.09814532, -0.0883902, 2.442289
HipLeft: -0.1534518, 0.08575749, 2.521998
KneeLeft: -0.1329811, -0.5221061, 2.440876
AnkleLeft: -0.0937638, -0.7827299, 2.352135
FootLeft: -0.09649876, -0.7596229, 2.246108
HipRight: -0.008529661, 0.08659319, 2.533594
KneeRight: -0.128372, -0.3584867, 2.456372
AnkleRight: -0.09139965, -0.7280537, 2.358667
FootRight: -0.1199152, -0.7633587, 2.238203
=========
HipCenter: -0.08276176, 0.1526024, 2.557552
Spine: -0.08602128, 0.2052547, 2.638463
ShoulderCenter: -0.09574562, 0.6108569, 2.747921
Head: -0.07939507, 0.8139449, 2.763667
ShoulderLeft: -0.2584103, 0.4621455, 2.672165
ElbowLeft: -0.2813754, 0.2158657, 2.557519
WristLeft: -0.2729052, -0.004886856, 2.421368
HandLeft: -0.2820351, -0.05724727, 2.394122
ShoulderRight: 0.06444224, 0.464758, 2.680398
ElbowRight: 0.102402, 0.1911565, 2.581119
WristRight: 0.09688609, -0.02800786, 2.464717
HandRight: 0.09856339, -0.09139477, 2.44116
HipLeft: -0.1534209, 0.08593536, 2.521982
KneeLeft: -0.1357386, -0.5311832, 2.439356
AnkleLeft: -0.09288471, -0.7857178, 2.351525
FootLeft: -0.09640434, -0.7596048, 2.245858
HipRight: -0.008504002, 0.08672063, 2.533599
KneeRight: -0.1166524, -0.3888047, 2.458123
AnkleRight: -0.09088893, -0.7206891, 2.360759
FootRight: -0.1195123, -0.763284, 2.238503
=========
HipCenter: -0.08270994, 0.1527746, 2.557559
Spine: -0.08601274, 0.2053519, 2.638456
ShoulderCenter: -0.09574467, 0.6108658, 2.747929
Head: -0.07931149, 0.8131846, 2.76373
ShoulderLeft: -0.2582527, 0.4622268, 2.672087
ElbowLeft: -0.2789815, 0.2018298, 2.548457
WristLeft: -0.2727916, -0.005478085, 2.420934
HandLeft: -0.282223, -0.05898028, 2.393005
ShoulderRight: 0.0647295, 0.4648846, 2.680534
ElbowRight: 0.1024791, 0.1908002, 2.581088
WristRight: 0.09652409, -0.0319083, 2.463359
HandRight: 0.09887804, -0.09404982, 2.440186
HipLeft: -0.1533588, 0.08614218, 2.521966
KneeLeft: -0.1375542, -0.536539, 2.438418
AnkleLeft: -0.09226854, -0.7879869, 2.351054
FootLeft: -0.09615564, -0.7596285, 2.245619
HipRight: -0.008439371, 0.086893, 2.533614
KneeRight: -0.1124062, -0.3994195, 2.458896
AnkleRight: -0.09059145, -0.7163341, 2.362005
FootRight: -0.119144, -0.7632267, 2.238804
=========
HipCenter: -0.08263665, 0.1529471, 2.557569
Spine: -0.08599123, 0.2054504, 2.638451
ShoulderCenter: -0.09573818, 0.610869, 2.747933
Head: -0.07947171, 0.8094419, 2.764215
ShoulderLeft: -0.2580756, 0.4623169, 2.672006
ElbowLeft: -0.2781403, 0.1927731, 2.543282
WristLeft: -0.2725781, -0.006510621, 2.420233
HandLeft: -0.2826794, -0.06119838, 2.391517
ShoulderRight: 0.06493242, 0.4649724, 2.680634
ElbowRight: 0.1025679, 0.1905528, 2.581152
WristRight: 0.09637403, -0.03387145, 2.462748
HandRight: 0.09903771, -0.09535369, 2.439708
HipLeft: -0.1532331, 0.08639089, 2.521971
KneeLeft: -0.1382475, -0.5401254, 2.437848
AnkleLeft: -0.09194732, -0.7898279, 2.35064
FootLeft: -0.09569089, -0.7597057, 2.245379
HipRight: -0.008358224, 0.08706599, 2.533631
KneeRight: -0.1082819, -0.4105988, 2.459264
AnkleRight: -0.0904069, -0.7134752, 2.362836
FootRight: -0.1187942, -0.7631748, 2.239115
=========
HipCenter: -0.08255208, 0.1530977, 2.55759
Spine: -0.08595971, 0.2055362, 2.638453
ShoulderCenter: -0.09572065, 0.6108629, 2.747937
Head: -0.07961664, 0.8069555, 2.764415
ShoulderLeft: -0.2578705, 0.4624057, 2.671925
ElbowLeft: -0.2775836, 0.1882752, 2.540546
WristLeft: -0.2724428, -0.00694823, 2.419909
HandLeft: -0.2827498, -0.06257906, 2.390769
ShoulderRight: 0.06509026, 0.4650294, 2.680712
ElbowRight: 0.1026517, 0.1903791, 2.581254
WristRight: 0.09619529, -0.03602092, 2.462163
HandRight: 0.09973371, -0.09712357, 2.438863
HipLeft: -0.1530825, 0.08663072, 2.521992
KneeLeft: -0.1384067, -0.5424041, 2.437504
AnkleLeft: -0.0921201, -0.7916037, 2.3502
FootLeft: -0.09533807, -0.7597445, 2.245219
HipRight: -0.008272886, 0.08721483, 2.533659
KneeRight: -0.1058281, -0.4174308, 2.459431
AnkleRight: -0.09027626, -0.7114493, 2.363434
FootRight: -0.1184897, -0.7631356, 2.239404
=========
HipCenter: -0.08246234, 0.1532712, 2.557625
Spine: -0.08592004, 0.2056428, 2.638466
ShoulderCenter: -0.09569543, 0.6108561, 2.747944
Head: -0.07966006, 0.8033658, 2.764609
ShoulderLeft: -0.2576746, 0.4624879, 2.671848
ElbowLeft: -0.2759466, 0.1823597, 2.536715
WristLeft: -0.2723867, -0.01125322, 2.417405
HandLeft: -0.2828028, -0.0688359, 2.387266
ShoulderRight: 0.0652177, 0.46508, 2.680778
ElbowRight: 0.1027464, 0.1902767, 2.581421
WristRight: 0.09609419, -0.03730088, 2.461847
HandRight: 0.100392, -0.09823313, 2.438432
HipLeft: -0.1529149, 0.08701454, 2.522111
KneeLeft: -0.1367518, -0.5423823, 2.437685
AnkleLeft: -0.09251858, -0.7922968, 2.349985
FootLeft: -0.09496825, -0.7598179, 2.24505
HipRight: -0.008189266, 0.08735986, 2.533684
KneeRight: -0.104287, -0.4217155, 2.459513
AnkleRight: -0.09014617, -0.7099797, 2.363876
FootRight: -0.1182068, -0.763104, 2.239664
=========
HipCenter: -0.08224833, 0.1534829, 2.557734
Spine: -0.08577672, 0.2057844, 2.638536
ShoulderCenter: -0.09554647, 0.6108171, 2.747991
Head: -0.07971742, 0.7997212, 2.764904
ShoulderLeft: -0.257425, 0.4625884, 2.671774
ElbowLeft: -0.2748789, 0.1787671, 2.534398
WristLeft: -0.272356, -0.01385679, 2.415831
HandLeft: -0.2829556, -0.07245586, 2.384891
ShoulderRight: 0.0653425, 0.4651292, 2.680848
ElbowRight: 0.1028392, 0.1902248, 2.581608
WristRight: 0.09597266, -0.03853551, 2.461585
HandRight: 0.1008383, -0.09940544, 2.438016
HipLeft: -0.1526056, 0.08742271, 2.522297
KneeLeft: -0.1364702, -0.543809, 2.437503
AnkleLeft: -0.09272473, -0.7947044, 2.349153
FootLeft: -0.09462978, -0.7598261, 2.244937
HipRight: -0.007990498, 0.08754364, 2.533796
KneeRight: -0.1032866, -0.424508, 2.459553
AnkleRight: -0.08995232, -0.7090058, 2.364202
FootRight: -0.1179452, -0.7630787, 2.23986
=========
HipCenter: -0.08204325, 0.1536765, 2.557841
Spine: -0.08563433, 0.2059177, 2.638607
ShoulderCenter: -0.09540767, 0.6107707, 2.748031
Head: -0.07983774, 0.7966692, 2.765237
ShoulderLeft: -0.2571675, 0.4626668, 2.671709
ElbowLeft: -0.2741607, 0.1764245, 2.532874
WristLeft: -0.2723072, -0.01547856, 2.414889
HandLeft: -0.2830886, -0.07465471, 2.383411
ShoulderRight: 0.06545547, 0.4651729, 2.680917
ElbowRight: 0.1029502, 0.1902243, 2.581854
WristRight: 0.09587482, -0.03949459, 2.461398
HandRight: 0.1011792, -0.1003482, 2.437636
HipLeft: -0.1523273, 0.08777878, 2.522508
KneeLeft: -0.136287, -0.5450599, 2.437375
AnkleLeft: -0.09249498, -0.7979461, 2.347948
FootLeft: -0.09433164, -0.7598146, 2.244861
HipRight: -0.007806089, 0.08771096, 2.53389
KneeRight: -0.102611, -0.4263904, 2.459578
AnkleRight: -0.08969355, -0.7084453, 2.364454
FootRight: -0.1177212, -0.7630575, 2.240023
=========
HipCenter: -0.08185104, 0.1538565, 2.557947
Spine: -0.08549552, 0.2060449, 2.638676
ShoulderCenter: -0.09525728, 0.6107158, 2.748066
Head: -0.07961835, 0.7943352, 2.76549
ShoulderLeft: -0.2568933, 0.4627675, 2.671673
ElbowLeft: -0.27709, 0.1778852, 2.535261
WristLeft: -0.2721862, -0.01495714, 2.415154
HandLeft: -0.283111, -0.07462963, 2.38326
ShoulderRight: 0.0655795, 0.4652063, 2.680996
ElbowRight: 0.1030403, 0.1902225, 2.582072
WristRight: 0.09578898, -0.04025045, 2.461268
HandRight: 0.1014434, -0.1011663, 2.437301
HipLeft: -0.1520842, 0.08809917, 2.522705
KneeLeft: -0.1360769, -0.5460668, 2.437297
AnkleLeft: -0.09216066, -0.8015565, 2.346615
FootLeft: -0.09409062, -0.7597673, 2.244847
HipRight: -0.007633504, 0.08786204, 2.533981
KneeRight: -0.1021338, -0.4277034, 2.459602
AnkleRight: -0.08938336, -0.7081929, 2.364655
FootRight: -0.1175322, -0.7630408, 2.240159
=========
HipCenter: -0.08165588, 0.1540066, 2.55806
Spine: -0.08534918, 0.2061648, 2.63875
ShoulderCenter: -0.09512802, 0.6106359, 2.748032
Head: -0.07946096, 0.7925446, 2.765619
ShoulderLeft: -0.2566293, 0.4628635, 2.671644
ElbowLeft: -0.2770248, 0.1771218, 2.534804
WristLeft: -0.2720826, -0.01577849, 2.414766
HandLeft: -0.2831707, -0.07570611, 2.382593
ShoulderRight: 0.06564313, 0.4652199, 2.681035
ElbowRight: 0.1031225, 0.1902345, 2.582289
WristRight: 0.09571924, -0.04083981, 2.461181
HandRight: 0.1016159, -0.1018387, 2.43703
HipLeft: -0.1517974, 0.08837274, 2.522951
KneeLeft: -0.13582, -0.5469733, 2.437254
AnkleLeft: -0.09175977, -0.8051032, 2.34534
FootLeft: -0.09387205, -0.759719, 2.244879
HipRight: -0.007461168, 0.08799352, 2.534086
KneeRight: -0.1017835, -0.4286573, 2.459621
AnkleRight: -0.08903302, -0.7081642, 2.364813
FootRight: -0.1173062, -0.7630078, 2.240392
=========
HipCenter: -0.08149152, 0.1541473, 2.558174
Spine: -0.08522046, 0.2062793, 2.638821
ShoulderCenter: -0.09499906, 0.610544, 2.747973
Head: -0.07932661, 0.7912518, 2.765723
ShoulderLeft: -0.2563969, 0.4629522, 2.67162
ElbowLeft: -0.2769827, 0.1797448, 2.53692
WristLeft: -0.2719763, -0.01489008, 2.415409
HandLeft: -0.2832526, -0.07494273, 2.382856
ShoulderRight: 0.06569517, 0.4652278, 2.681067
ElbowRight: 0.1031946, 0.190233, 2.582539
WristRight: 0.09567886, -0.0411908, 2.46114
HandRight: 0.1017211, -0.1022019, 2.436887
HipLeft: -0.1515738, 0.08861139, 2.523175
KneeLeft: -0.1354747, -0.5477933, 2.437247
AnkleLeft: -0.09140926, -0.8087173, 2.344041
FootLeft: -0.09367764, -0.7596463, 2.244982
HipRight: -0.007314166, 0.08811244, 2.534193
KneeRight: -0.1015353, -0.4293446, 2.459618
AnkleRight: -0.08865465, -0.7083177, 2.364945
FootRight: -0.1170728, -0.762958, 2.240653
=========
HipCenter: -0.08135733, 0.1542846, 2.558293
Spine: -0.08512366, 0.206388, 2.638891
ShoulderCenter: -0.09487285, 0.6104509, 2.747908
Head: -0.07921726, 0.7903051, 2.765793
ShoulderLeft: -0.2561761, 0.4630256, 2.671599
ElbowLeft: -0.2771843, 0.1802841, 2.537604
WristLeft: -0.2719131, -0.01491873, 2.415445
HandLeft: -0.2832868, -0.07509782, 2.382692
ShoulderRight: 0.06588972, 0.4652324, 2.681233
ElbowRight: 0.1032397, 0.190206, 2.582729
WristRight: 0.0956342, -0.04134786, 2.461215
HandRight: 0.1017877, -0.1024491, 2.436796
HipLeft: -0.1514201, 0.08881704, 2.523391
KneeLeft: -0.1348492, -0.5472837, 2.437491
AnkleLeft: -0.09132001, -0.8099703, 2.343593
FootLeft: -0.0934092, -0.7595898, 2.244996
HipRight: -0.007189606, 0.08821994, 2.534295
KneeRight: -0.1013409, -0.4298848, 2.459611
AnkleRight: -0.08806924, -0.7089611, 2.365095
FootRight: -0.1168422, -0.7628999, 2.24088
=========
HipCenter: -0.08128385, 0.1544194, 2.558415
Spine: -0.08507016, 0.2064995, 2.638966
ShoulderCenter: -0.09476641, 0.610372, 2.74785
Head: -0.0791379, 0.7896199, 2.765843
ShoulderLeft: -0.2559774, 0.4630898, 2.67158
ElbowLeft: -0.2775182, 0.1816468, 2.538896
WristLeft: -0.2718628, -0.01459035, 2.415763
HandLeft: -0.2832715, -0.07482457, 2.382753
ShoulderRight: 0.06613427, 0.4651927, 2.681417
ElbowRight: 0.1032652, 0.1901712, 2.582891
WristRight: 0.09560359, -0.04118977, 2.461484
HandRight: 0.1017946, -0.1025176, 2.436801
HipLeft: -0.1513733, 0.08899212, 2.523584
KneeLeft: -0.134126, -0.5460731, 2.437766
AnkleLeft: -0.09131873, -0.8107967, 2.343303
FootLeft: -0.09321389, -0.7595496, 2.245007
HipRight: -0.007112936, 0.08831605, 2.534396
KneeRight: -0.101194, -0.4302855, 2.459611
AnkleRight: -0.08743049, -0.7097488, 2.365263
FootRight: -0.1166423, -0.7628518, 2.241081
=========
HipCenter: -0.0812386, 0.1545919, 2.558568
Spine: -0.08504294, 0.2066443, 2.639068
ShoulderCenter: -0.09466899, 0.6103163, 2.747828
Head: -0.07907584, 0.7891216, 2.765887
ShoulderLeft: -0.2558051, 0.4631456, 2.671569
ElbowLeft: -0.2777564, 0.1821923, 2.539514
WristLeft: -0.2718364, -0.01457704, 2.415835
HandLeft: -0.2832491, -0.07485528, 2.382688
ShoulderRight: 0.06656623, 0.4651154, 2.681746
ElbowRight: 0.1032836, 0.1901296, 2.583041
WristRight: 0.09577078, -0.03858107, 2.46311
HandRight: 0.1011821, -0.1003321, 2.43775
HipLeft: -0.1513764, 0.08916713, 2.523772
KneeLeft: -0.1327404, -0.5439835, 2.438282
AnkleLeft: -0.09211596, -0.8098665, 2.343533
FootLeft: -0.09301146, -0.7595155, 2.244969
HipRight: -0.00705211, 0.08841451, 2.534503
KneeRight: -0.10108, -0.4306014, 2.4596
AnkleRight: -0.08670656, -0.7108055, 2.365424
FootRight: -0.1164876, -0.762818, 2.241246
=========
HipCenter: -0.08121491, 0.1547592, 2.558722
Spine: -0.08503315, 0.2067922, 2.639174
ShoulderCenter: -0.09459915, 0.6102788, 2.747811
Head: -0.0790418, 0.7887691, 2.765929
ShoulderLeft: -0.2556553, 0.4631925, 2.671569
ElbowLeft: -0.2785107, 0.184712, 2.541479
WristLeft: -0.2718022, -0.01353737, 2.416719
HandLeft: -0.2831752, -0.07357688, 2.383275
ShoulderRight: 0.06696063, 0.4650288, 2.682054
ElbowRight: 0.1032976, 0.1900904, 2.583193
WristRight: 0.0957179, -0.03767507, 2.463937
HandRight: 0.1007604, -0.0996171, 2.43814
HipLeft: -0.1514097, 0.08932634, 2.523957
KneeLeft: -0.1315688, -0.5421454, 2.438714
AnkleLeft: -0.09282353, -0.8090285, 2.343784
FootLeft: -0.09282923, -0.7594883, 2.24494
HipRight: -0.007007164, 0.08850893, 2.534608
KneeRight: -0.1009904, -0.4308463, 2.459584
AnkleRight: -0.08598503, -0.7119036, 2.365575
FootRight: -0.1163453, -0.7627869, 2.241393
=========
HipCenter: -0.08122209, 0.1549335, 2.558876
Spine: -0.08503838, 0.2069457, 2.63928
ShoulderCenter: -0.09453893, 0.6102476, 2.747798
Head: -0.07901607, 0.788507, 2.765964
ShoulderLeft: -0.2555373, 0.4632254, 2.671585
ElbowLeft: -0.2792323, 0.1870508, 2.543288
WristLeft: -0.2717484, -0.01247614, 2.417565
HandLeft: -0.2832086, -0.07229307, 2.383899
ShoulderRight: 0.06722787, 0.4648895, 2.682244
ElbowRight: 0.1033042, 0.1900479, 2.583339
WristRight: 0.09561751, -0.03748885, 2.464302
HandRight: 0.1004985, -0.09955066, 2.438215
HipLeft: -0.1514951, 0.08949651, 2.524158
KneeLeft: -0.1307304, -0.5403448, 2.439021
AnkleLeft: -0.09338722, -0.8082009, 2.344093
FootLeft: -0.09266725, -0.759474, 2.244918
HipRight: -0.006989143, 0.08860882, 2.534704
KneeRight: -0.1009027, -0.4310496, 2.459554
AnkleRight: -0.08526225, -0.7129654, 2.365737
FootRight: -0.1162135, -0.7627574, 2.241534
=========
HipCenter: -0.08124984, 0.1551145, 2.559038
Spine: -0.08506139, 0.2071057, 2.639392
ShoulderCenter: -0.0944856, 0.6102211, 2.747787
Head: -0.07899605, 0.788308, 2.766001
ShoulderLeft: -0.255435, 0.4632523, 2.671604
ElbowLeft: -0.2799672, 0.188982, 2.544816
WristLeft: -0.2717088, -0.01158768, 2.418322
HandLeft: -0.2832909, -0.0712337, 2.384464
ShoulderRight: 0.06750098, 0.4647699, 2.682467
ElbowRight: 0.103305, 0.1900089, 2.583478
WristRight: 0.09528738, -0.03785055, 2.464531
HandRight: 0.1000769, -0.1001572, 2.438208
HipLeft: -0.151602, 0.08965922, 2.524351
KneeLeft: -0.1303069, -0.5394681, 2.439146
AnkleLeft: -0.09370139, -0.8078425, 2.344259
FootLeft: -0.092514, -0.7595248, 2.244888
HipRight: -0.006989031, 0.08871305, 2.534809
KneeRight: -0.1008142, -0.4313977, 2.459488
AnkleRight: -0.08471595, -0.7141826, 2.365793
FootRight: -0.1160861, -0.7627574, 2.24159
=========
HipCenter: -0.08137421, 0.155346, 2.559247
Spine: -0.08516372, 0.2073147, 2.639543
ShoulderCenter: -0.09444483, 0.6102034, 2.747782
Head: -0.07898339, 0.7881613, 2.766033
ShoulderLeft: -0.2553474, 0.4632842, 2.671631
ElbowLeft: -0.2807403, 0.1912077, 2.546422
WristLeft: -0.2716933, -0.0110954, 2.418835
HandLeft: -0.2834622, -0.07055711, 2.38478
ShoulderRight: 0.06778282, 0.4646884, 2.68275
ElbowRight: 0.1032984, 0.1899705, 2.583615
WristRight: 0.09508377, -0.03777597, 2.464762
HandRight: 0.09968287, -0.1002572, 2.438342
HipLeft: -0.1518846, 0.08987351, 2.524626
KneeLeft: -0.1301524, -0.538845, 2.439184
AnkleLeft: -0.09383263, -0.8076993, 2.344365
FootLeft: -0.09244376, -0.7595604, 2.24489
HipRight: -0.007056986, 0.08884519, 2.534933
KneeRight: -0.1007692, -0.4315465, 2.459452
AnkleRight: -0.08428001, -0.715281, 2.365822
FootRight: -0.1159831, -0.7627594, 2.241639
=========
HipCenter: -0.08151608, 0.1555725, 2.559447
Spine: -0.08527995, 0.2075242, 2.639687
ShoulderCenter: -0.0944159, 0.6101898, 2.747774
Head: -0.07904717, 0.7880466, 2.766057
ShoulderLeft: -0.2552747, 0.4633119, 2.671664
ElbowLeft: -0.2813741, 0.1930324, 2.547719
WristLeft: -0.2717452, -0.01040814, 2.419536
HandLeft: -0.2836027, -0.06961048, 2.385252
ShoulderRight: 0.06798276, 0.4646426, 2.682992
ElbowRight: 0.1032875, 0.1899358, 2.583744
WristRight: 0.09488352, -0.03633229, 2.465425
HandRight: 0.09910262, -0.09974181, 2.438756
HipLeft: -0.1521791, 0.0900768, 2.524895
KneeLeft: -0.1300888, -0.5383493, 2.439191
AnkleLeft: -0.09391528, -0.8076195, 2.344453
FootLeft: -0.09238697, -0.7596033, 2.244902
HipRight: -0.007153783, 0.08899327, 2.535054
KneeRight: -0.1007401, -0.4316455, 2.459421
AnkleRight: -0.08396094, -0.7163253, 2.365773
FootRight: -0.1158996, -0.762767, 2.241677
=========
HipCenter: -0.08184603, 0.1559028, 2.559678
Spine: -0.08551425, 0.2078034, 2.639849
ShoulderCenter: -0.09439521, 0.6101796, 2.747768
Head: -0.07964247, 0.7880232, 2.766161
ShoulderLeft: -0.2552428, 0.4633481, 2.671731
ElbowLeft: -0.2820332, 0.1940246, 2.548419
WristLeft: -0.2717687, -0.01005264, 2.419992
HandLeft: -0.2837765, -0.06896513, 2.385535
ShoulderRight: 0.06805684, 0.4646884, 2.683231
ElbowRight: 0.103274, 0.189928, 2.583877
WristRight: 0.09468151, -0.03425072, 2.466302
HandRight: 0.09856809, -0.09929547, 2.439186
HipLeft: -0.1527039, 0.09038534, 2.525223
KneeLeft: -0.1301906, -0.5379172, 2.439147
AnkleLeft: -0.09390803, -0.8075937, 2.344564
FootLeft: -0.09235375, -0.7596465, 2.244931
HipRight: -0.007521279, 0.08929323, 2.535179
KneeRight: -0.1007427, -0.4316259, 2.45937
AnkleRight: -0.08377594, -0.7169248, 2.365739
FootRight: -0.1158284, -0.7627746, 2.241711
=========
HipCenter: -0.0831015, 0.1565952, 2.560041
Spine: -0.08636328, 0.2083287, 2.640074
ShoulderCenter: -0.09438627, 0.6101674, 2.747756
Head: -0.0804386, 0.7880743, 2.766325
ShoulderLeft: -0.2552527, 0.463407, 2.671843
ElbowLeft: -0.2825815, 0.1947857, 2.548942
WristLeft: -0.2717944, -0.009798971, 2.420359
HandLeft: -0.2840242, -0.06849942, 2.386026
ShoulderRight: 0.06810486, 0.4647669, 2.683478
ElbowRight: 0.1032564, 0.1899064, 2.584021
WristRight: 0.0944691, -0.03242365, 2.467014
HandRight: 0.09770125, -0.09730718, 2.439903
HipLeft: -0.1546244, 0.09109361, 2.525806
KneeLeft: -0.130381, -0.53755, 2.439066
AnkleLeft: -0.0938375, -0.8076443, 2.344707
FootLeft: -0.09233428, -0.7597103, 2.244992
HipRight: -0.008884267, 0.08984762, 2.535314
KneeRight: -0.1007767, -0.4315084, 2.459313
AnkleRight: -0.08365437, -0.7173861, 2.365697
FootRight: -0.1157839, -0.7627807, 2.241739
=========
HipCenter: -0.08425499, 0.1572022, 2.560391
Spine: -0.08718555, 0.2088048, 2.64031
ShoulderCenter: -0.09437813, 0.6101605, 2.747755
Head: -0.08254644, 0.7878906, 2.766511
ShoulderLeft: -0.2553605, 0.4634204, 2.671987
ElbowLeft: -0.2829845, 0.1953291, 2.549317
WristLeft: -0.2718322, -0.009621735, 2.420669
HandLeft: -0.2842413, -0.06815844, 2.386557
ShoulderRight: 0.06811871, 0.4649456, 2.68387
ElbowRight: 0.1032373, 0.1898861, 2.584157
WristRight: 0.09434185, -0.03092774, 2.46766
HandRight: 0.09694622, -0.09490435, 2.440773
HipLeft: -0.1563032, 0.09165904, 2.526332
KneeLeft: -0.1306238, -0.5372674, 2.438951
AnkleLeft: -0.09376889, -0.8077329, 2.344826
FootLeft: -0.09230778, -0.7598025, 2.245116
HipRight: -0.01012916, 0.09032718, 2.535445
KneeRight: -0.1008321, -0.4313095, 2.459264
AnkleRight: -0.08362512, -0.7177433, 2.365614
FootRight: -0.1157532, -0.762787, 2.241762
=========
HipCenter: -0.08535019, 0.15774, 2.560713
Spine: -0.08804291, 0.2092543, 2.640548
ShoulderCenter: -0.09437884, 0.6101568, 2.747764
Head: -0.08605509, 0.7874829, 2.765939
ShoulderLeft: -0.2554966, 0.4634402, 2.67214
ElbowLeft: -0.283656, 0.1965005, 2.549884
WristLeft: -0.2718825, -0.009464866, 2.420949
HandLeft: -0.284381, -0.06787426, 2.387182
ShoulderRight: 0.06810158, 0.4652015, 2.684396
ElbowRight: 0.1032128, 0.1898684, 2.584291
WristRight: 0.09420901, -0.02965238, 2.468168
HandRight: 0.09672096, -0.09384454, 2.441674
HipLeft: -0.1577858, 0.09213063, 2.526784
KneeLeft: -0.1309231, -0.5370379, 2.438808
AnkleLeft: -0.09351756, -0.8080637, 2.345059
FootLeft: -0.09226268, -0.7599291, 2.245293
HipRight: -0.01131743, 0.09075139, 2.535567
KneeRight: -0.1008999, -0.4310867, 2.459221
AnkleRight: -0.0836068, -0.7179723, 2.365561
FootRight: -0.1157281, -0.762794, 2.241788
=========
HipCenter: -0.08673169, 0.1583105, 2.56099
Spine: -0.08931551, 0.2097845, 2.640758
ShoulderCenter: -0.09456014, 0.6101643, 2.747778
Head: -0.09282048, 0.787166, 2.764368
ShoulderLeft: -0.2557974, 0.4635049, 2.672355
ElbowLeft: -0.2844011, 0.1978893, 2.550397
WristLeft: -0.2735536, -0.008333132, 2.422176
HandLeft: -0.2846365, -0.06571797, 2.389126
ShoulderRight: 0.06789797, 0.4655916, 2.685151
ElbowRight: 0.1031095, 0.1898121, 2.58444
WristRight: 0.09392869, -0.02930284, 2.468386
HandRight: 0.09644625, -0.0934094, 2.442148
HipLeft: -0.1594392, 0.09260645, 2.527182
KneeLeft: -0.1363573, -0.4278064, 2.445974
AnkleLeft: -0.1029065, -0.746103, 2.360093
FootLeft: -0.09227644, -0.7603145, 2.245813
HipRight: -0.012788, 0.09119958, 2.535622
KneeRight: -0.1010417, -0.4306939, 2.459177
AnkleRight: -0.08362912, -0.7181471, 2.365483
FootRight: -0.1157063, -0.7628027, 2.241819
=========
HipCenter: -0.08851358, 0.1588228, 2.561169
Spine: -0.09118418, 0.2103039, 2.640898
ShoulderCenter: -0.09559438, 0.6102468, 2.747861
Head: -0.1019906, 0.7872116, 2.762523
ShoulderLeft: -0.2561525, 0.4635715, 2.672535
ElbowLeft: -0.2851312, 0.1992469, 2.550879
WristLeft: -0.2749925, -0.007191293, 2.423247
HandLeft: -0.2848063, -0.06438765, 2.390409
ShoulderRight: 0.06752385, 0.4660028, 2.685893
ElbowRight: 0.1029562, 0.1897421, 2.584596
WristRight: 0.09369055, -0.02906599, 2.46857
HandRight: 0.09632338, -0.09304185, 2.442492
HipLeft: -0.1613218, 0.09304265, 2.527461
KneeLeft: -0.1379689, -0.3926201, 2.448391
AnkleLeft: -0.1069733, -0.7206842, 2.366217
FootLeft: -0.09212353, -0.7607665, 2.246399
HipRight: -0.01456256, 0.09160867, 2.535594
KneeRight: -0.1012282, -0.4302149, 2.459139
AnkleRight: -0.083808, -0.7182918, 2.365285
FootRight: -0.1156806, -0.762812, 2.241849
=========
HipCenter: -0.09043984, 0.1593562, 2.561283
Spine: -0.09308448, 0.2108177, 2.640972
ShoulderCenter: -0.09659709, 0.6103219, 2.747894
Head: -0.1123594, 0.7869872, 2.759853
ShoulderLeft: -0.2569348, 0.4637669, 2.672807
ElbowLeft: -0.2865083, 0.2065247, 2.553038
WristLeft: -0.276201, -0.005847609, 2.424355
HandLeft: -0.2849777, -0.06338318, 2.39145
ShoulderRight: 0.06689886, 0.4664609, 2.686599
ElbowRight: 0.1027764, 0.1896693, 2.584755
WristRight: 0.09367909, -0.02859417, 2.468891
HandRight: 0.09599675, -0.09372799, 2.442274
HipLeft: -0.1633779, 0.09352087, 2.527644
KneeLeft: -0.1392144, -0.3643903, 2.450417
AnkleLeft: -0.1097893, -0.7033443, 2.370426
FootLeft: -0.09197556, -0.7611875, 2.246984
HipRight: -0.01657642, 0.09205183, 2.535536
KneeRight: -0.1014107, -0.4297327, 2.459105
AnkleRight: -0.08399756, -0.7184043, 2.365084
FootRight: -0.1156418, -0.7628171, 2.241909
=========
HipCenter: -0.09212438, 0.1597847, 2.561349
Spine: -0.09481622, 0.2112608, 2.640998
ShoulderCenter: -0.09780068, 0.6103935, 2.747745
Head: -0.1197651, 0.7867666, 2.757739
ShoulderLeft: -0.2578577, 0.4640616, 2.673054
ElbowLeft: -0.2874665, 0.208409, 2.553153
WristLeft: -0.2770249, -0.004935045, 2.425059
HandLeft: -0.2850983, -0.06264784, 2.392322
ShoulderRight: 0.06611979, 0.4669043, 2.687222
ElbowRight: 0.1025661, 0.1895754, 2.584928
WristRight: 0.09363163, -0.02821746, 2.469119
HandRight: 0.09563199, -0.09198124, 2.443058
HipLeft: -0.165091, 0.09391829, 2.52773
KneeLeft: -0.1398766, -0.350443, 2.451372
AnkleLeft: -0.1111897, -0.6946453, 2.372541
FootLeft: -0.09197459, -0.7615491, 2.247834
HipRight: -0.01839024, 0.0923759, 2.535534
KneeRight: -0.1015801, -0.4292712, 2.459079
AnkleRight: -0.08410794, -0.7184868, 2.36496
FootRight: -0.1156044, -0.7628215, 2.24197
=========
HipCenter: -0.09351835, 0.1601253, 2.561375
Spine: -0.09633216, 0.2116396, 2.640982
ShoulderCenter: -0.09944586, 0.6104625, 2.747386
Head: -0.1259496, 0.7863843, 2.755279
ShoulderLeft: -0.2592857, 0.4643678, 2.673252
ElbowLeft: -0.2880561, 0.2094589, 2.553089
WristLeft: -0.2775062, -0.004530883, 2.425402
HandLeft: -0.2852099, -0.06206544, 2.393033
ShoulderRight: 0.06494887, 0.4673417, 2.687824
ElbowRight: 0.1022989, 0.1895213, 2.585183
WristRight: 0.09356176, -0.0278089, 2.469406
HandRight: 0.09521809, -0.09111378, 2.443429
HipLeft: -0.1664647, 0.09420787, 2.52777
KneeLeft: -0.1403077, -0.3414664, 2.452026
AnkleLeft: -0.1121482, -0.6887851, 2.373964
FootLeft: -0.09198008, -0.7618533, 2.248597
HipRight: -0.01985722, 0.09265599, 2.535519
KneeRight: -0.1017444, -0.4287993, 2.459059
AnkleRight: -0.08421385, -0.7185491, 2.364846
FootRight: -0.1155716, -0.7628254, 2.242031
=========
HipCenter: -0.09496912, 0.160275, 2.56136
Spine: -0.09786036, 0.2118432, 2.640933
ShoulderCenter: -0.1009972, 0.610473, 2.747033
Head: -0.1322879, 0.7851359, 2.752331
ShoulderLeft: -0.2606103, 0.4646508, 2.673384
ElbowLeft: -0.2885446, 0.210162, 2.552899
WristLeft: -0.2778603, -0.004227636, 2.425642
HandLeft: -0.2852981, -0.06171128, 2.393368
ShoulderRight: 0.06352659, 0.4677439, 2.688248
ElbowRight: 0.1020226, 0.1895201, 2.585604
WristRight: 0.09346355, -0.02730943, 2.469768
HandRight: 0.09488409, -0.08995625, 2.443847
HipLeft: -0.1677421, 0.09436177, 2.527758
KneeLeft: -0.1404751, -0.338445, 2.452318
AnkleLeft: -0.1126501, -0.6864375, 2.374541
FootLeft: -0.09198777, -0.7620988, 2.2493
HipRight: -0.02147637, 0.09275849, 2.535527
KneeRight: -0.1018995, -0.4283517, 2.459046
AnkleRight: -0.08439279, -0.7185903, 2.364676
FootRight: -0.1155381, -0.7628286, 2.242085
=========
HipCenter: -0.0962911, 0.1603189, 2.561303
Spine: -0.09926859, 0.2119448, 2.640837
ShoulderCenter: -0.1025307, 0.6104147, 2.746574
Head: -0.1379754, 0.7840825, 2.74938
ShoulderLeft: -0.2617973, 0.4649073, 2.673396
ElbowLeft: -0.2889294, 0.2103108, 2.552241
WristLeft: -0.2753954, -0.008312817, 2.424964
HandLeft: -0.2869963, -0.06193906, 2.392506
ShoulderRight: 0.06181913, 0.4681526, 2.688498
ElbowRight: 0.1017343, 0.1895357, 2.586084
WristRight: 0.0933522, -0.02684082, 2.470135
HandRight: 0.09454907, -0.08870344, 2.444266
HipLeft: -0.1688319, 0.09443322, 2.527696
KneeLeft: -0.1403393, -0.3399499, 2.452274
AnkleLeft: -0.1130005, -0.6851601, 2.374881
FootLeft: -0.09199066, -0.7623035, 2.249933
HipRight: -0.02297395, 0.09279243, 2.53556
KneeRight: -0.1020367, -0.4279527, 2.459037
AnkleRight: -0.08458748, -0.7186066, 2.364515
FootRight: -0.1155057, -0.7628312, 2.242137
=========
HipCenter: -0.0974751, 0.1603023, 2.561216
Spine: -0.1005592, 0.2119839, 2.640701
ShoulderCenter: -0.1039655, 0.6102497, 2.745961
Head: -0.1426293, 0.7827736, 2.746832
ShoulderLeft: -0.262937, 0.4651162, 2.673306
ElbowLeft: -0.2891735, 0.2100061, 2.551208
WristLeft: -0.2749603, -0.008921559, 2.42469
HandLeft: -0.2874037, -0.06192615, 2.392452
ShoulderRight: 0.06027082, 0.4684105, 2.688673
ElbowRight: 0.1015118, 0.1897233, 2.586965
WristRight: 0.09318828, -0.02609763, 2.470733
HandRight: 0.09423768, -0.08732345, 2.444806
HipLeft: -0.1698424, 0.0943969, 2.527621
KneeLeft: -0.1400877, -0.343985, 2.451943
AnkleLeft: -0.1131995, -0.685587, 2.374828
FootLeft: -0.09198736, -0.7624702, 2.250476
HipRight: -0.02429152, 0.09281349, 2.535552
KneeRight: -0.1021631, -0.4275694, 2.459035
AnkleRight: -0.08479147, -0.7186099, 2.364352
FootRight: -0.1154662, -0.7628326, 2.242193
=========
HipCenter: -0.09846751, 0.1602493, 2.561125
Spine: -0.1016972, 0.2119763, 2.640554
ShoulderCenter: -0.1057667, 0.6099002, 2.745063
Head: -0.1493071, 0.7791599, 2.741822
ShoulderLeft: -0.2641471, 0.4653283, 2.67313
ElbowLeft: -0.2891662, 0.2094258, 2.550002
WristLeft: -0.2745993, -0.00936227, 2.424365
HandLeft: -0.2877118, -0.06194029, 2.392412
ShoulderRight: 0.05871641, 0.4686291, 2.68877
ElbowRight: 0.1013239, 0.1899168, 2.587816
WristRight: 0.09311074, -0.0254891, 2.471681
HandRight: 0.09408207, -0.08583784, 2.445606
HipLeft: -0.170692, 0.09429324, 2.527539
KneeLeft: -0.1396385, -0.3486935, 2.451521
AnkleLeft: -0.1132346, -0.6871308, 2.374513
FootLeft: -0.09199134, -0.7626073, 2.250945
HipRight: -0.02534818, 0.09282075, 2.535542
KneeRight: -0.1022886, -0.4271901, 2.45903
AnkleRight: -0.08502354, -0.7186085, 2.364172
FootRight: -0.1154244, -0.762834, 2.242249
=========
HipCenter: -0.09932103, 0.1601754, 2.561029
Spine: -0.1027515, 0.2119312, 2.640396
ShoulderCenter: -0.1077651, 0.6094924, 2.744188
Head: -0.156131, 0.7751459, 2.736892
ShoulderLeft: -0.2653815, 0.4655028, 2.672739
ElbowLeft: -0.2890384, 0.2084271, 2.548568
WristLeft: -0.2743195, -0.009766108, 2.423902
HandLeft: -0.2879528, -0.06207405, 2.3923
ShoulderRight: 0.05718696, 0.4688082, 2.688741
ElbowRight: 0.1011519, 0.1901397, 2.588717
WristRight: 0.09302768, -0.02490576, 2.472568
HandRight: 0.0940311, -0.08437769, 2.44654
HipLeft: -0.1714253, 0.09415305, 2.527451
KneeLeft: -0.1392437, -0.3531037, 2.451132
AnkleLeft: -0.112835, -0.6918316, 2.373503
FootLeft: -0.09198427, -0.7627132, 2.251325
HipRight: -0.0261987, 0.09283012, 2.535528
KneeRight: -0.1024204, -0.4267473, 2.459014
AnkleRight: -0.08518372, -0.7186036, 2.364046
FootRight: -0.1153936, -0.7628406, 2.242301
=========
HipCenter: -0.1001136, 0.1600501, 2.560892
Spine: -0.1037761, 0.2118251, 2.640168
ShoulderCenter: -0.1098227, 0.6088026, 2.742853
Head: -0.1619193, 0.7715856, 2.732748
ShoulderLeft: -0.2664751, 0.4656684, 2.672283
ElbowLeft: -0.2888304, 0.2071927, 2.546856
WristLeft: -0.2740783, -0.01019429, 2.423248
HandLeft: -0.2880737, -0.06235651, 2.391968
ShoulderRight: 0.05564453, 0.4689501, 2.688648
ElbowRight: 0.1010057, 0.1903562, 2.589559
WristRight: 0.09299121, -0.02441707, 2.4735
HandRight: 0.09410024, -0.08342227, 2.447353
HipLeft: -0.1720771, 0.09396852, 2.527342
KneeLeft: -0.1389144, -0.3568262, 2.45076
AnkleLeft: -0.1124765, -0.6958193, 2.372643
FootLeft: -0.09198168, -0.762798, 2.251631
HipRight: -0.02694041, 0.0928266, 2.535499
KneeRight: -0.1025532, -0.4263267, 2.458999
AnkleRight: -0.08543954, -0.7185671, 2.36386
FootRight: -0.1153711, -0.7628515, 2.24236
=========
HipCenter: -0.1007606, 0.159919, 2.560752
Spine: -0.1046249, 0.2117057, 2.639937
ShoulderCenter: -0.1117398, 0.6080617, 2.741508
Head: -0.1664224, 0.7689466, 2.729653
ShoulderLeft: -0.267558, 0.4656803, 2.671667
ElbowLeft: -0.2886048, 0.2060246, 2.545273
WristLeft: -0.2743808, -0.01047052, 2.421879
HandLeft: -0.2873627, -0.06767239, 2.387284
ShoulderRight: 0.05404118, 0.469028, 2.688375
ElbowRight: 0.1012142, 0.1911329, 2.591406
WristRight: 0.09371324, -0.02333206, 2.475702
HandRight: 0.0942618, -0.08357736, 2.447727
HipLeft: -0.172602, 0.09371322, 2.527235
KneeLeft: -0.138396, -0.3622119, 2.4503
AnkleLeft: -0.1123175, -0.6978026, 2.37222
FootLeft: -0.09197723, -0.762867, 2.251874
HipRight: -0.02751399, 0.09284834, 2.535447
KneeRight: -0.1026761, -0.4259413, 2.458981
AnkleRight: -0.08571047, -0.7185188, 2.363669
FootRight: -0.1153545, -0.7628631, 2.24241
=========
HipCenter: -0.1014232, 0.1597241, 2.560552
Spine: -0.1055043, 0.2115013, 2.639634
ShoulderCenter: -0.1161333, 0.6072358, 2.740112
Head: -0.1707781, 0.7667182, 2.726398
ShoulderLeft: -0.2687215, 0.4655757, 2.670956
ElbowLeft: -0.2884657, 0.2050391, 2.543713
WristLeft: -0.2744862, -0.01055203, 2.420236
HandLeft: -0.2872315, -0.06843311, 2.385986
ShoulderRight: 0.04891328, 0.4689547, 2.686472
ElbowRight: 0.1017637, 0.1920097, 2.593668
WristRight: 0.09439751, -0.02219176, 2.477765
HandRight: 0.09484537, -0.0823324, 2.448954
HipLeft: -0.1730628, 0.09337299, 2.527127
KneeLeft: -0.1380945, -0.3648333, 2.450095
AnkleLeft: -0.1120883, -0.7002289, 2.371701
FootLeft: -0.09197154, -0.7629249, 2.252094
HipRight: -0.02813984, 0.09297095, 2.535295
KneeRight: -0.1027838, -0.4255751, 2.458956
AnkleRight: -0.08595822, -0.7184703, 2.363494
FootRight: -0.1153268, -0.7628745, 2.242475
=========
HipCenter: -0.1021534, 0.1593858, 2.560265
Spine: -0.1064798, 0.2111513, 2.639233
ShoulderCenter: -0.1202503, 0.6064634, 2.738833
Head: -0.1740531, 0.7651185, 2.723602
ShoulderLeft: -0.2701965, 0.4649101, 2.669824
ElbowLeft: -0.2927445, 0.2134432, 2.546103
WristLeft: -0.276043, -0.0007793637, 2.421402
HandLeft: -0.2869656, -0.0662379, 2.385475
ShoulderRight: 0.04381194, 0.4689278, 2.684462
ElbowRight: 0.1022321, 0.1929193, 2.595712
WristRight: 0.09505571, -0.02101099, 2.47973
HandRight: 0.09556641, -0.08114368, 2.450223
HipLeft: -0.173512, 0.09275591, 2.527052
KneeLeft: -0.1378317, -0.3670226, 2.449928
AnkleLeft: -0.1119111, -0.7020791, 2.3713
FootLeft: -0.09196609, -0.7629712, 2.252274
HipRight: -0.02883003, 0.09315182, 2.535017
KneeRight: -0.1028867, -0.4252177, 2.458924
AnkleRight: -0.08618414, -0.7184226, 2.363333
FootRight: -0.1152975, -0.7628849, 2.242536
=========
HipCenter: -0.102865, 0.1589768, 2.559901
Spine: -0.1074517, 0.2107235, 2.638734
ShoulderCenter: -0.1242523, 0.6055532, 2.737371
Head: -0.1777281, 0.7635401, 2.72068
ShoulderLeft: -0.2715553, 0.4642553, 2.668753
ElbowLeft: -0.2959754, 0.2202484, 2.548143
WristLeft: -0.2767767, 0.002265945, 2.421188
HandLeft: -0.2865873, -0.06505744, 2.384706
ShoulderRight: 0.03917386, 0.4688624, 2.682541
ElbowRight: 0.1028698, 0.1939085, 2.59797
WristRight: 0.09569247, -0.01970683, 2.481701
HandRight: 0.09692317, -0.07966845, 2.452089
HipLeft: -0.1738833, 0.09208138, 2.526962
KneeLeft: -0.137618, -0.3686863, 2.449806
AnkleLeft: -0.1117722, -0.7034605, 2.371011
FootLeft: -0.09196126, -0.7630083, 2.252424
HipRight: -0.02947378, 0.0933519, 2.534686
KneeRight: -0.1029986, -0.4248487, 2.458879
AnkleRight: -0.08636159, -0.7183725, 2.363202
FootRight: -0.1152521, -0.7628949, 2.242621
=========
HipCenter: -0.1036245, 0.1584973, 2.559405
Spine: -0.1086442, 0.2102143, 2.638019
ShoulderCenter: -0.1289171, 0.6045758, 2.735313
Head: -0.1827378, 0.7618138, 2.715976
ShoulderLeft: -0.2738, 0.4625494, 2.666358
ElbowLeft: -0.2981013, 0.224236, 2.549259
WristLeft: -0.2770123, 0.003528468, 2.420792
HandLeft: -0.2863408, -0.06427432, 2.384174
ShoulderRight: 0.0353762, 0.4690314, 2.680926
ElbowRight: 0.1036619, 0.194745, 2.59991
WristRight: 0.09649801, -0.01850501, 2.483598
HandRight: 0.09968361, -0.07788622, 2.454937
HipLeft: -0.1742236, 0.09128715, 2.526829
KneeLeft: -0.1375476, -0.3699467, 2.449756
AnkleLeft: -0.1116665, -0.7044868, 2.370793
FootLeft: -0.09195476, -0.7630393, 2.252548
HipRight: -0.03011983, 0.09363258, 2.534214
KneeRight: -0.1031321, -0.4244216, 2.458804
AnkleRight: -0.08645891, -0.7183487, 2.363124
FootRight: -0.1152342, -0.7629034, 2.242658
=========
HipCenter: -0.1041365, 0.1581014, 2.556989
Spine: -0.1094218, 0.2098891, 2.635384
ShoulderCenter: -0.1315639, 0.6040394, 2.731935
Head: -0.1879469, 0.7615637, 2.708915
ShoulderLeft: -0.2768863, 0.4596165, 2.661286
ElbowLeft: -0.2936244, 0.2209579, 2.544248
WristLeft: -0.2775628, 0.004034677, 2.417076
HandLeft: -0.2856878, -0.06673928, 2.380159
ShoulderRight: 0.03048315, 0.4698073, 2.675294
ElbowRight: 0.1061426, 0.1965407, 2.601976
WristRight: 0.09855723, -0.01571622, 2.485225
HandRight: 0.1044829, -0.07563922, 2.45711
HipLeft: -0.1740226, 0.09006898, 2.525724
KneeLeft: -0.1373744, -0.3707114, 2.44952
AnkleLeft: -0.1115691, -0.7052488, 2.370586
FootLeft: -0.09208062, -0.7630245, 2.252753
HipRight: -0.03043894, 0.09603021, 2.530053
KneeRight: -0.1033271, -0.4236669, 2.458301
AnkleRight: -0.08633283, -0.7180408, 2.363063
FootRight: -0.1152502, -0.7629067, 2.2427
=========
HipCenter: -0.1043615, 0.1579486, 2.554635
Spine: -0.1097676, 0.2098252, 2.632849
ShoulderCenter: -0.1326223, 0.6038404, 2.729042
Head: -0.1896994, 0.7620586, 2.70508
ShoulderLeft: -0.2786272, 0.4577188, 2.657644
ElbowLeft: -0.2893662, 0.217616, 2.539865
WristLeft: -0.2765498, 0.003974559, 2.414265
HandLeft: -0.2853866, -0.06662984, 2.379133
ShoulderRight: 0.02820973, 0.4704574, 2.671426
ElbowRight: 0.1080554, 0.1979638, 2.603074
WristRight: 0.1001563, -0.01348909, 2.486032
HandRight: 0.1080029, -0.07376325, 2.458166
HipLeft: -0.1737279, 0.08907817, 2.524679
KneeLeft: -0.1372134, -0.3712268, 2.449259
AnkleLeft: -0.1114654, -0.7058413, 2.370416
FootLeft: -0.0921968, -0.7630036, 2.252925
HipRight: -0.03043116, 0.09828737, 2.526095
KneeRight: -0.1034704, -0.4229307, 2.457758
AnkleRight: -0.08608051, -0.7175969, 2.363016
FootRight: -0.1152741, -0.7629024, 2.242795
=========
HipCenter: -0.1045051, 0.1579015, 2.552548
Spine: -0.1100486, 0.2098544, 2.630663
ShoulderCenter: -0.1334809, 0.6039276, 2.727013
Head: -0.1899971, 0.7635769, 2.702446
ShoulderLeft: -0.2793666, 0.4567853, 2.654762
ElbowLeft: -0.2879356, 0.2195669, 2.539913
WristLeft: -0.2757435, 0.003946614, 2.412137
HandLeft: -0.2851729, -0.06616964, 2.378291
ShoulderRight: 0.02688118, 0.4709638, 2.668451
ElbowRight: 0.1094757, 0.1992315, 2.603602
WristRight: 0.101252, -0.01175099, 2.486251
HandRight: 0.110439, -0.07236739, 2.458469
HipLeft: -0.1734183, 0.08831961, 2.52374
KneeLeft: -0.1369985, -0.3715094, 2.448934
AnkleLeft: -0.1113548, -0.7063299, 2.370264
FootLeft: -0.09231473, -0.7629753, 2.253094
HipRight: -0.03042352, 0.1001197, 2.52281
KneeRight: -0.1036125, -0.4222525, 2.457216
AnkleRight: -0.08580636, -0.7171443, 2.362978
FootRight: -0.1153007, -0.7628967, 2.242885
=========
HipCenter: -0.1045247, 0.1580792, 2.550717
Spine: -0.1101932, 0.2100509, 2.628809
ShoulderCenter: -0.1339613, 0.6040984, 2.725503
Head: -0.1876706, 0.7666575, 2.700999
ShoulderLeft: -0.2795967, 0.4564188, 2.652536
ElbowLeft: -0.2869203, 0.2220573, 2.540756
WristLeft: -0.27501, 0.003841809, 2.410384
HandLeft: -0.28504, -0.06551224, 2.377558
ShoulderRight: 0.02634687, 0.4714302, 2.666247
ElbowRight: 0.1105316, 0.200223, 2.603736
WristRight: 0.1024715, -0.009838369, 2.485866
HandRight: 0.1133483, -0.06902332, 2.457352
HipLeft: -0.173022, 0.08807318, 2.522748
KneeLeft: -0.1365026, -0.3711779, 2.448281
AnkleLeft: -0.1112556, -0.706697, 2.370136
FootLeft: -0.09235501, -0.7629659, 2.253177
HipRight: -0.03036411, 0.1014932, 2.520357
KneeRight: -0.1037431, -0.4216962, 2.456694
AnkleRight: -0.08550907, -0.7166637, 2.362942
FootRight: -0.1153109, -0.7628829, 2.242974
=========
HipCenter: -0.1037814, 0.1605999, 2.546545
Spine: -0.1088308, 0.2127187, 2.624989
ShoulderCenter: -0.1276567, 0.6118361, 2.725366
Head: -0.1310107, 0.7866881, 2.70936
ShoulderLeft: -0.2757061, 0.4614208, 2.648391
ElbowLeft: -0.2882308, 0.2293747, 2.542052
WristLeft: -0.275296, 0.002073921, 2.408131
HandLeft: -0.2858493, -0.06518554, 2.376241
ShoulderRight: 0.0340169, 0.4727826, 2.657184
ElbowRight: 0.1040484, 0.2026589, 2.583282
WristRight: 0.09954143, -0.005404546, 2.46784
HandRight: 0.1067536, -0.07001808, 2.431208
HipLeft: -0.1717762, 0.09330811, 2.516326
KneeLeft: -0.1576856, -0.3567225, 2.438529
AnkleLeft: -0.1258869, -0.7102125, 2.364463
FootLeft: -0.09227455, -0.7629678, 2.253159
HipRight: -0.03005743, 0.1025262, 2.51754
KneeRight: -0.1039222, -0.4209187, 2.455705
AnkleRight: -0.0855139, -0.7163432, 2.362838
FootRight: -0.1153086, -0.7628799, 2.242976
=========
HipCenter: -0.1035817, 0.1628819, 2.543443
Spine: -0.1080804, 0.215046, 2.622241
ShoulderCenter: -0.1233966, 0.6172146, 2.72565
Head: -0.09084525, 0.799681, 2.717101
ShoulderLeft: -0.2727833, 0.4652908, 2.645597
ElbowLeft: -0.2894973, 0.2353561, 2.543212
WristLeft: -0.2760391, 0.002087405, 2.406763
HandLeft: -0.28647, -0.06379426, 2.375741
ShoulderRight: 0.03898352, 0.4736129, 2.651749
ElbowRight: 0.09923151, 0.2045226, 2.569602
WristRight: 0.09711839, -0.002168807, 2.455342
HandRight: 0.1019823, -0.07021929, 2.414413
HipLeft: -0.1716158, 0.09795044, 2.51159
KneeLeft: -0.1709529, -0.346938, 2.432812
AnkleLeft: -0.136357, -0.7119781, 2.360682
FootLeft: -0.0922247, -0.7629617, 2.253163
HipRight: -0.03009563, 0.1032858, 2.515551
KneeRight: -0.1040749, -0.4202595, 2.454842
AnkleRight: -0.08555576, -0.7160567, 2.362737
FootRight: -0.1153032, -0.7628761, 2.24297
=========
HipCenter: -0.1034308, 0.1645976, 2.541221
Spine: -0.107505, 0.216814, 2.620276
ShoulderCenter: -0.1204377, 0.620811, 2.725936
Head: -0.07601427, 0.8040918, 2.719486
ShoulderLeft: -0.2707218, 0.4680803, 2.643716
ElbowLeft: -0.2906541, 0.2399616, 2.544132
WristLeft: -0.2771294, 0.002521138, 2.405743
HandLeft: -0.2875573, -0.0616841, 2.375669
ShoulderRight: 0.04226423, 0.4741036, 2.648319
ElbowRight: 0.09574227, 0.2056783, 2.560255
WristRight: 0.09525491, -7.88481E-07, 2.446414
HandRight: 0.0977523, -0.06972741, 2.401162
HipLeft: -0.1715478, 0.1011296, 2.508447
KneeLeft: -0.1835532, -0.3372567, 2.427665
AnkleLeft: -0.1436339, -0.7130623, 2.358107
FootLeft: -0.09218638, -0.7629555, 2.253164
HipRight: -0.03012285, 0.1037848, 2.514119
KneeRight: -0.1042106, -0.4197127, 2.454114
AnkleRight: -0.08561651, -0.7157955, 2.362653
FootRight: -0.1152944, -0.7628728, 2.242959
=========
HipCenter: -0.1033269, 0.1658768, 2.539643
Spine: -0.1070894, 0.2181377, 2.618885
ShoulderCenter: -0.1183884, 0.6232389, 2.726201
Head: -0.06714378, 0.8069301, 2.720788
ShoulderLeft: -0.2692535, 0.4701013, 2.642377
ElbowLeft: -0.2918163, 0.2436257, 2.544836
WristLeft: -0.2781324, 0.002798007, 2.404881
HandLeft: -0.2884856, -0.06008184, 2.375501
ShoulderRight: 0.04447782, 0.4744172, 2.646112
ElbowRight: 0.09313661, 0.2064111, 2.553805
WristRight: 0.0936697, 0.001494087, 2.439959
HandRight: 0.09490203, -0.06955087, 2.392947
HipLeft: -0.1715329, 0.1033202, 2.506346
KneeLeft: -0.1899164, -0.3325356, 2.426449
AnkleLeft: -0.1487783, -0.7138221, 2.357191
FootLeft: -0.09214358, -0.7629493, 2.253157
HipRight: -0.03015626, 0.1041251, 2.513082
KneeRight: -0.1043264, -0.4192759, 2.453525
AnkleRight: -0.08569299, -0.7155747, 2.362583
FootRight: -0.1152833, -0.7628703, 2.24294
=========
HipCenter: -0.1031332, 0.1667936, 2.538652
Spine: -0.1066144, 0.2191443, 2.61798
ShoulderCenter: -0.1157006, 0.6246996, 2.726189
Head: -0.05816883, 0.8049334, 2.720516
ShoulderLeft: -0.2685797, 0.4718402, 2.641212
ElbowLeft: -0.2972763, 0.2491972, 2.548496
WristLeft: -0.2813644, 0.00437939, 2.405002
HandLeft: -0.29079, -0.05664706, 2.375694
ShoulderRight: 0.0459738, 0.4746599, 2.6445
ElbowRight: 0.08836094, 0.2060174, 2.546681
WristRight: 0.08782353, -0.0002382813, 2.432659
HandRight: 0.09046876, -0.0679, 2.386727
HipLeft: -0.1714634, 0.1048502, 2.504908
KneeLeft: -0.1945776, -0.3288546, 2.426472
AnkleLeft: -0.1530539, -0.7140683, 2.356971
FootLeft: -0.09214021, -0.7629478, 2.253154
HipRight: -0.03011016, 0.1042314, 2.512501
KneeRight: -0.1046154, -0.4188358, 2.453035
AnkleRight: -0.08589134, -0.7153441, 2.362534
FootRight: -0.1152933, -0.762881, 2.242952
=========
HipCenter: -0.1029667, 0.167383, 2.537951
Spine: -0.1062174, 0.2198108, 2.617331
ShoulderCenter: -0.1135815, 0.6254745, 2.726068
Head: -0.0524716, 0.8003432, 2.719292
ShoulderLeft: -0.2681503, 0.473168, 2.640321
ElbowLeft: -0.3018554, 0.2534052, 2.551522
WristLeft: -0.2844396, 0.005583578, 2.405253
HandLeft: -0.2929229, -0.0537743, 2.375861
ShoulderRight: 0.04698243, 0.4747838, 2.643329
ElbowRight: 0.08488972, 0.2056128, 2.541838
WristRight: 0.0823998, -0.003015206, 2.427181
HandRight: 0.08732303, -0.06695852, 2.38236
HipLeft: -0.1713712, 0.1057889, 2.503886
KneeLeft: -0.1975316, -0.3266289, 2.426616
AnkleLeft: -0.1561105, -0.7143086, 2.356895
FootLeft: -0.09214682, -0.7629457, 2.253153
HipRight: -0.03002447, 0.1041413, 2.512163
KneeRight: -0.1048821, -0.4184713, 2.452647
AnkleRight: -0.08611547, -0.7151335, 2.362497
FootRight: -0.1153139, -0.762894, 2.242962
=========
HipCenter: -0.1028686, 0.167776, 2.537447
Spine: -0.1059488, 0.2202604, 2.616866
ShoulderCenter: -0.1119089, 0.6258479, 2.725901
Head: -0.04905918, 0.7938315, 2.716905
ShoulderLeft: -0.2678556, 0.4742219, 2.639599
ElbowLeft: -0.3054658, 0.2564864, 2.553898
WristLeft: -0.2873602, 0.006693063, 2.40563
HandLeft: -0.2948968, -0.051256, 2.376033
ShoulderRight: 0.04770483, 0.4748703, 2.642498
ElbowRight: 0.08207409, 0.2051214, 2.538336
WristRight: 0.07821894, -0.005523514, 2.42348
HandRight: 0.08483344, -0.06622988, 2.379312
HipLeft: -0.1713168, 0.1064466, 2.50317
KneeLeft: -0.1993024, -0.3251859, 2.427124
AnkleLeft: -0.1582591, -0.7144482, 2.356883
FootLeft: -0.09216005, -0.7629434, 2.253152
HipRight: -0.03002529, 0.1037172, 2.511994
KneeRight: -0.105157, -0.418149, 2.452341
AnkleRight: -0.08633839, -0.7149497, 2.362471
FootRight: -0.1153296, -0.7629048, 2.242973
=========
HipCenter: -0.1027974, 0.1680587, 2.537078
Spine: -0.1057567, 0.2205815, 2.61653
ShoulderCenter: -0.1103557, 0.6258487, 2.725604
Head: -0.04758727, 0.7881328, 2.714355
ShoulderLeft: -0.2676764, 0.4751198, 2.638948
ElbowLeft: -0.3084385, 0.2586977, 2.555787
WristLeft: -0.2903222, 0.007739854, 2.406213
HandLeft: -0.2968955, -0.04903909, 2.376298
ShoulderRight: 0.04828117, 0.4749906, 2.641956
ElbowRight: 0.07959642, 0.2044442, 2.535608
WristRight: 0.07394519, -0.008717972, 2.420648
HandRight: 0.08308759, -0.06578954, 2.377035
HipLeft: -0.1712819, 0.1069255, 2.502637
KneeLeft: -0.2004387, -0.324208, 2.427458
AnkleLeft: -0.1597995, -0.7145209, 2.356914
FootLeft: -0.09217835, -0.7629417, 2.253151
HipRight: -0.03010679, 0.1029649, 2.512061
KneeRight: -0.1054674, -0.4178365, 2.452083
AnkleRight: -0.08656033, -0.7147774, 2.362454
FootRight: -0.115345, -0.7629175, 2.242987
=========
HipCenter: -0.1030253, 0.1679512, 2.536599
Spine: -0.106283, 0.2205044, 2.615827
ShoulderCenter: -0.1059427, 0.6216307, 2.719158
Head: -0.03600023, 0.7736056, 2.704744
ShoulderLeft: -0.266243, 0.4773744, 2.633855
ElbowLeft: -0.3165297, 0.2619682, 2.557528
WristLeft: -0.304431, 0.01157203, 2.41224
HandLeft: -0.3103068, -0.04553255, 2.382838
ShoulderRight: 0.05067134, 0.4746114, 2.645039
ElbowRight: 0.07637195, 0.2046991, 2.533463
WristRight: 0.06994044, -0.00740539, 2.417472
HandRight: 0.07633176, -0.06392903, 2.376312
HipLeft: -0.1721858, 0.1072169, 2.500796
KneeLeft: -0.2007733, -0.3232698, 2.427869
AnkleLeft: -0.1606795, -0.7072578, 2.358169
FootLeft: -0.09272452, -0.7626323, 2.253786
HipRight: -0.03218015, 0.09820424, 2.513568
KneeRight: -0.107292, -0.4169661, 2.451338
AnkleRight: -0.0877308, -0.7136795, 2.363101
FootRight: -0.1153295, -0.7627477, 2.24383
=========
HipCenter: -0.1036504, 0.1670494, 2.53586
Spine: -0.1072591, 0.2197787, 2.614841
ShoulderCenter: -0.1031956, 0.6185415, 2.714612
Head: -0.03056748, 0.7667679, 2.700223
ShoulderLeft: -0.2650472, 0.4789957, 2.629832
ElbowLeft: -0.3226523, 0.2640757, 2.558171
WristLeft: -0.3145251, 0.01411945, 2.416291
HandLeft: -0.3200223, -0.04358572, 2.387164
ShoulderRight: 0.05197758, 0.4743924, 2.647206
ElbowRight: 0.07264214, 0.2041532, 2.531054
WristRight: 0.06687219, -0.008122805, 2.415102
HandRight: 0.06940272, -0.06550301, 2.377178
HipLeft: -0.1731935, 0.1070748, 2.499191
KneeLeft: -0.2010054, -0.3226819, 2.428272
AnkleLeft: -0.1616333, -0.7009658, 2.359319
FootLeft: -0.09366079, -0.7621003, 2.254668
HipRight: -0.03447887, 0.09309597, 2.514292
KneeRight: -0.1091036, -0.4161822, 2.450681
AnkleRight: -0.08885299, -0.7126676, 2.363744
FootRight: -0.1154056, -0.7626424, 2.244626
=========
HipCenter: -0.1042398, 0.1661836, 2.535233
Spine: -0.1081804, 0.2190959, 2.613987
ShoulderCenter: -0.1017027, 0.6159822, 2.710642
Head: -0.02754605, 0.7628948, 2.697744
ShoulderLeft: -0.2641971, 0.4801106, 2.626931
ElbowLeft: -0.3272078, 0.2654794, 2.558445
WristLeft: -0.3213454, 0.01578346, 2.418953
HandLeft: -0.3269545, -0.04205899, 2.390088
ShoulderRight: 0.05290391, 0.4742342, 2.649031
ElbowRight: 0.06973521, 0.2037003, 2.529326
WristRight: 0.06465869, -0.008493291, 2.413433
HandRight: 0.06438787, -0.06608403, 2.378015
HipLeft: -0.1740578, 0.1068941, 2.497867
KneeLeft: -0.2005161, -0.3223626, 2.429254
AnkleLeft: -0.1623361, -0.6957915, 2.360445
FootLeft: -0.09475046, -0.7614178, 2.255711
HipRight: -0.03609565, 0.08953721, 2.514833
KneeRight: -0.1106295, -0.4155404, 2.450157
AnkleRight: -0.0898598, -0.7118031, 2.364252
FootRight: -0.1154856, -0.7625788, 2.245226
=========
HipCenter: -0.1047687, 0.1654012, 2.534734
Spine: -0.1089915, 0.2184711, 2.613296
ShoulderCenter: -0.1009938, 0.6142467, 2.708016
Head: -0.02558993, 0.760511, 2.69632
ShoulderLeft: -0.2636064, 0.480872, 2.624824
ElbowLeft: -0.3306975, 0.2664095, 2.558521
WristLeft: -0.3260277, 0.01695964, 2.420743
HandLeft: -0.3319107, -0.0407899, 2.392022
ShoulderRight: 0.05259166, 0.4753616, 2.651254
ElbowRight: 0.06743123, 0.2035602, 2.528188
WristRight: 0.06299241, -0.008170052, 2.41258
HandRight: 0.06063924, -0.06726025, 2.378453
HipLeft: -0.1747449, 0.1067078, 2.49681
KneeLeft: -0.2004382, -0.3221033, 2.429887
AnkleLeft: -0.1630103, -0.6927212, 2.361298
FootLeft: -0.09543723, -0.7608413, 2.256564
HipRight: -0.03728054, 0.08718506, 2.515386
KneeRight: -0.1118933, -0.415029, 2.449738
AnkleRight: -0.09070439, -0.7110841, 2.364675
FootRight: -0.1155597, -0.7625235, 2.245757
=========
HipCenter: -0.1052432, 0.164727, 2.534336
Spine: -0.1097405, 0.217933, 2.612721
ShoulderCenter: -0.1009752, 0.6128118, 2.705727
Head: -0.02490033, 0.7589648, 2.695763
ShoulderLeft: -0.2634571, 0.4813742, 2.623162
ElbowLeft: -0.3333687, 0.2670273, 2.558483
WristLeft: -0.32927, 0.01783574, 2.421951
HandLeft: -0.3350077, -0.04009778, 2.39317
ShoulderRight: 0.05215915, 0.4763281, 2.653013
ElbowRight: 0.06542706, 0.2038139, 2.527699
WristRight: 0.06153895, -0.007029035, 2.412382
HandRight: 0.05797603, -0.06773832, 2.378973
HipLeft: -0.1753455, 0.1064882, 2.495934
KneeLeft: -0.1998409, -0.3220794, 2.431181
AnkleLeft: -0.1634588, -0.6896291, 2.36229
FootLeft: -0.09622414, -0.7599512, 2.257897
HipRight: -0.03812244, 0.08555479, 2.515815
KneeRight: -0.1129091, -0.4146313, 2.449407
AnkleRight: -0.09146337, -0.7105094, 2.365034
FootRight: -0.1156201, -0.7624618, 2.24626
=========
HipCenter: -0.1056503, 0.1641866, 2.53404
Spine: -0.1103641, 0.2174993, 2.612287
ShoulderCenter: -0.1012777, 0.6119583, 2.704324
Head: -0.02557662, 0.7584071, 2.695956
ShoulderLeft: -0.2636498, 0.4816466, 2.621845
ElbowLeft: -0.3353772, 0.267434, 2.558391
WristLeft: -0.3314913, 0.01845405, 2.422754
HandLeft: -0.3370714, -0.03967356, 2.393931
ShoulderRight: 0.05145562, 0.4769878, 2.654147
ElbowRight: 0.06370762, 0.2041668, 2.527473
WristRight: 0.06034438, -0.005651393, 2.412385
HandRight: 0.05590878, -0.06775529, 2.379673
HipLeft: -0.175857, 0.1062875, 2.495168
KneeLeft: -0.1995181, -0.3220238, 2.432108
AnkleLeft: -0.1637987, -0.6859746, 2.363603
FootLeft: -0.0974391, -0.7583028, 2.26011
HipRight: -0.03874059, 0.08440533, 2.516231
KneeRight: -0.1137344, -0.4143088, 2.449147
AnkleRight: -0.09209944, -0.710032, 2.365342
FootRight: -0.115666, -0.7624049, 2.246705
=========
HipCenter: -0.1060084, 0.1637417, 2.53382
Spine: -0.1109094, 0.2171383, 2.611957
ShoulderCenter: -0.1020203, 0.6113997, 2.703397
Head: -0.02923798, 0.7595413, 2.697426
ShoulderLeft: -0.2642575, 0.4816906, 2.620686
ElbowLeft: -0.336995, 0.2676039, 2.558152
WristLeft: -0.3331079, 0.01910505, 2.423307
HandLeft: -0.3385206, -0.03945235, 2.394381
ShoulderRight: 0.05061075, 0.4773026, 2.65481
ElbowRight: 0.06202271, 0.204129, 2.527235
WristRight: 0.05894566, -0.008135295, 2.412025
HandRight: 0.05420895, -0.06863019, 2.379763
HipLeft: -0.1762864, 0.1060991, 2.494543
KneeLeft: -0.1991635, -0.3220012, 2.432968
AnkleLeft: -0.1639677, -0.6827048, 2.364785
FootLeft: -0.09852824, -0.7567188, 2.26216
HipRight: -0.03919982, 0.08358385, 2.516576
KneeRight: -0.1143927, -0.4140524, 2.448946
AnkleRight: -0.09263919, -0.7096537, 2.365596
FootRight: -0.115697, -0.7623526, 2.247127
=========
HipCenter: -0.1063138, 0.163401, 2.533662
Spine: -0.1113807, 0.2168653, 2.611707
ShoulderCenter: -0.1031287, 0.6111159, 2.702747
Head: -0.03694207, 0.7631006, 2.70081
ShoulderLeft: -0.2653623, 0.4815527, 2.619733
ElbowLeft: -0.3382212, 0.2676488, 2.557895
WristLeft: -0.3342362, 0.0198274, 2.423639
HandLeft: -0.339403, -0.03943198, 2.394547
ShoulderRight: 0.04955998, 0.4775437, 2.655277
ElbowRight: 0.06049776, 0.2044061, 2.527209
WristRight: 0.05785845, -0.01061679, 2.411803
HandRight: 0.05294722, -0.06940265, 2.379804
HipLeft: -0.1766351, 0.1059315, 2.494044
KneeLeft: -0.1985662, -0.3220316, 2.43417
AnkleLeft: -0.1640532, -0.6801685, 2.365726
FootLeft: -0.09934961, -0.755465, 2.263771
HipRight: -0.03954951, 0.08302471, 2.516903
KneeRight: -0.1149272, -0.4138389, 2.448786
AnkleRight: -0.09309423, -0.7093481, 2.365804
FootRight: -0.1157178, -0.7623053, 2.247494
=========
HipCenter: -0.1066066, 0.1631275, 2.533546
Spine: -0.1118528, 0.2166429, 2.611512
ShoulderCenter: -0.1046919, 0.6110645, 2.702428
Head: -0.04436987, 0.7667624, 2.704376
ShoulderLeft: -0.2668913, 0.4812082, 2.618948
ElbowLeft: -0.3391182, 0.2676153, 2.557648
WristLeft: -0.3349546, 0.02047691, 2.423785
HandLeft: -0.3398237, -0.03928571, 2.394554
ShoulderRight: 0.04831206, 0.4776057, 2.655542
ElbowRight: 0.0592338, 0.2051405, 2.527731
WristRight: 0.05785558, -0.008073988, 2.412617
HandRight: 0.05224492, -0.06937691, 2.380195
HipLeft: -0.17696, 0.1057633, 2.49361
KneeLeft: -0.1981491, -0.3220351, 2.434909
AnkleLeft: -0.1640158, -0.6782217, 2.366475
FootLeft: -0.09992187, -0.7545519, 2.264973
HipRight: -0.03982889, 0.08265539, 2.517214
KneeRight: -0.1153458, -0.4136659, 2.448666
AnkleRight: -0.09344564, -0.7090792, 2.365989
FootRight: -0.1157249, -0.7622564, 2.247834
=========
HipCenter: -0.1068742, 0.1628909, 2.533471
Spine: -0.1122705, 0.2164313, 2.61138
ShoulderCenter: -0.1065329, 0.611509, 2.703185
Head: -0.0524174, 0.7709861, 2.70792
ShoulderLeft: -0.2690036, 0.4806639, 2.61844
ElbowLeft: -0.3397958, 0.2675158, 2.557393
WristLeft: -0.3351411, 0.02129678, 2.423604
HandLeft: -0.3396493, -0.03903693, 2.394247
ShoulderRight: 0.04679702, 0.4777257, 2.655728
ElbowRight: 0.05815439, 0.2058189, 2.528322
WristRight: 0.05808108, -0.005514931, 2.413497
HandRight: 0.05189457, -0.06928089, 2.380709
HipLeft: -0.1772665, 0.1055214, 2.493298
KneeLeft: -0.1976137, -0.3221574, 2.435767
AnkleLeft: -0.1639905, -0.6768129, 2.367033
FootLeft: -0.1003353, -0.7538807, 2.265852
HipRight: -0.04004284, 0.0824307, 2.517477
KneeRight: -0.1156861, -0.413523, 2.448576
AnkleRight: -0.09370992, -0.7088898, 2.366125
FootRight: -0.1157771, -0.7622344, 2.248044
=========
HipCenter: -0.1071201, 0.1627001, 2.533426
Spine: -0.1126409, 0.2162631, 2.611298
ShoulderCenter: -0.1085622, 0.6121423, 2.704203
Head: -0.05924242, 0.774511, 2.710673
ShoulderLeft: -0.2710975, 0.4801102, 2.618216
ElbowLeft: -0.3402773, 0.2674006, 2.557117
WristLeft: -0.3343724, 0.02177119, 2.422677
HandLeft: -0.3383164, -0.0391238, 2.393339
ShoulderRight: 0.04473133, 0.4779743, 2.655699
ElbowRight: 0.05734285, 0.2071343, 2.529614
WristRight: 0.05859841, -0.001692603, 2.415102
HandRight: 0.05190926, -0.06850405, 2.3816
HipLeft: -0.1775252, 0.1053015, 2.493054
KneeLeft: -0.1971213, -0.3222478, 2.436501
AnkleLeft: -0.1639464, -0.675764, 2.367466
FootLeft: -0.1006357, -0.7533929, 2.266508
HipRight: -0.04022025, 0.08234189, 2.517756
KneeRight: -0.1159285, -0.4133777, 2.448514
AnkleRight: -0.09392378, -0.7087419, 2.36623
FootRight: -0.1158427, -0.7622127, 2.248231
=========
HipCenter: -0.1073377, 0.1625377, 2.533405
Spine: -0.1129538, 0.2161113, 2.611255
ShoulderCenter: -0.1104821, 0.6130776, 2.705851
Head: -0.06492598, 0.7776263, 2.713605
ShoulderLeft: -0.2732044, 0.4795957, 2.618235
ElbowLeft: -0.3405844, 0.2671724, 2.556779
WristLeft: -0.333128, 0.02211117, 2.421442
HandLeft: -0.3358691, -0.03843293, 2.391854
ShoulderRight: 0.04228134, 0.478343, 2.655584
ElbowRight: 0.05672891, 0.2083531, 2.530845
WristRight: 0.05915423, 0.001582695, 2.416626
HandRight: 0.05243565, -0.06763268, 2.38262
HipLeft: -0.1777386, 0.105088, 2.492878
KneeLeft: -0.1967167, -0.3223192, 2.437098
AnkleLeft: -0.1639041, -0.6749787, 2.3678
FootLeft: -0.1008588, -0.7530214, 2.26701
HipRight: -0.04035593, 0.08233923, 2.518006
KneeRight: -0.1161226, -0.4132422, 2.448469
AnkleRight: -0.09409449, -0.7086239, 2.366312
FootRight: -0.1159131, -0.762185, 2.24843
=========
HipCenter: -0.1075161, 0.1624592, 2.533418
Spine: -0.1132325, 0.2160339, 2.611258
ShoulderCenter: -0.1132997, 0.6140807, 2.707528
Head: -0.07057399, 0.7807414, 2.716654
ShoulderLeft: -0.2755665, 0.4791383, 2.618589
ElbowLeft: -0.3407615, 0.2669189, 2.556401
WristLeft: -0.3312947, 0.02223192, 2.419842
HandLeft: -0.3332828, -0.03766996, 2.390264
ShoulderRight: 0.03933482, 0.478935, 2.655455
ElbowRight: 0.0563634, 0.2097866, 2.532421
WristRight: 0.05978709, 0.004875788, 2.418251
HandRight: 0.05319089, -0.06642121, 2.383808
HipLeft: -0.1778795, 0.1049502, 2.492771
KneeLeft: -0.1963742, -0.3223198, 2.437594
AnkleLeft: -0.1638604, -0.6743872, 2.368061
FootLeft: -0.1010191, -0.7527394, 2.267405
HipRight: -0.04031032, 0.08302809, 2.518445
KneeRight: -0.1162815, -0.4131154, 2.448437
AnkleRight: -0.09424663, -0.7085268, 2.366374
FootRight: -0.1159674, -0.7621636, 2.248564
=========
HipCenter: -0.1076679, 0.1624178, 2.53346
Spine: -0.1134661, 0.2159974, 2.611305
ShoulderCenter: -0.1156453, 0.6151351, 2.70913
Head: -0.07574678, 0.7835938, 2.719329
ShoulderLeft: -0.2781619, 0.4787468, 2.619248
ElbowLeft: -0.3408062, 0.2666294, 2.555992
WristLeft: -0.329385, 0.02227916, 2.418193
HandLeft: -0.3305319, -0.03684439, 2.388504
ShoulderRight: 0.03708804, 0.4794439, 2.65541
ElbowRight: 0.05615764, 0.2112239, 2.53402
WristRight: 0.06035994, 0.007810639, 2.419739
HandRight: 0.05401932, -0.06511891, 2.385032
HipLeft: -0.1779884, 0.1048339, 2.492697
KneeLeft: -0.1961119, -0.3223095, 2.437948
AnkleLeft: -0.1637869, -0.673922, 2.368288
FootLeft: -0.1011322, -0.7525169, 2.267718
HipRight: -0.04016954, 0.08376995, 2.518891
KneeRight: -0.1164072, -0.4130019, 2.448416
AnkleRight: -0.09436285, -0.7084534, 2.366419
FootRight: -0.1160007, -0.7621477, 2.24866
=========
HipCenter: -0.1078192, 0.1624107, 2.533543
Spine: -0.1137063, 0.2159943, 2.611423
ShoulderCenter: -0.1177816, 0.6161559, 2.710873
Head: -0.08013991, 0.7857754, 2.721136
ShoulderLeft: -0.2805048, 0.4785053, 2.620035
ElbowLeft: -0.3407038, 0.266262, 2.555528
WristLeft: -0.3272839, 0.02227741, 2.41636
HandLeft: -0.327125, -0.03650716, 2.385991
ShoulderRight: 0.03534423, 0.4798636, 2.65542
ElbowRight: 0.05607372, 0.2124608, 2.535421
WristRight: 0.06088838, 0.01011287, 2.421103
HandRight: 0.05483617, -0.06396294, 2.386147
HipLeft: -0.178075, 0.1047358, 2.492651
KneeLeft: -0.195789, -0.3222445, 2.438334
AnkleLeft: -0.163712, -0.673562, 2.368472
FootLeft: -0.1012139, -0.7523425, 2.267967
HipRight: -0.04001261, 0.08449431, 2.519312
KneeRight: -0.1165157, -0.4128812, 2.448404
AnkleRight: -0.09445747, -0.7083951, 2.366453
FootRight: -0.1160244, -0.7621352, 2.248729
=========
HipCenter: -0.1079605, 0.1624243, 2.533652
Spine: -0.1139283, 0.2160013, 2.611594
ShoulderCenter: -0.1194967, 0.6174156, 2.713354
Head: -0.08406433, 0.78746, 2.722156
ShoulderLeft: -0.2823881, 0.4783507, 2.620754
ElbowLeft: -0.3404502, 0.2657821, 2.554956
WristLeft: -0.3253546, 0.02225447, 2.414714
HandLeft: -0.3240233, -0.03614049, 2.383675
ShoulderRight: 0.03383778, 0.4801529, 2.655383
ElbowRight: 0.05611504, 0.213238, 2.536485
WristRight: 0.06133245, 0.01159312, 2.422105
HandRight: 0.05570134, -0.06318387, 2.386991
HipLeft: -0.1781439, 0.1046496, 2.492625
KneeLeft: -0.195524, -0.3221574, 2.438649
AnkleLeft: -0.1636475, -0.6732879, 2.368616
FootLeft: -0.1012738, -0.7522017, 2.268164
HipRight: -0.03985338, 0.08520238, 2.519708
KneeRight: -0.1166067, -0.4127655, 2.448398
AnkleRight: -0.09452391, -0.7083551, 2.366474
FootRight: -0.1160436, -0.7621263, 2.248781
=========
HipCenter: -0.1080983, 0.1624686, 2.533801
Spine: -0.1141465, 0.2160423, 2.611846
ShoulderCenter: -0.1208032, 0.6186237, 2.715849
Head: -0.08744699, 0.7887245, 2.723231
ShoulderLeft: -0.2839095, 0.4782869, 2.621409
ElbowLeft: -0.3401117, 0.2652307, 2.5544
WristLeft: -0.3231635, 0.02203562, 2.412922
HandLeft: -0.3213784, -0.0356499, 2.38173
ShoulderRight: 0.03263494, 0.4803679, 2.655342
ElbowRight: 0.05624509, 0.213712, 2.537338
WristRight: 0.06168523, 0.01255654, 2.422841
HandRight: 0.05660789, -0.06270788, 2.387708
HipLeft: -0.1781969, 0.1045723, 2.492632
KneeLeft: -0.19531, -0.3220431, 2.438906
AnkleLeft: -0.1635948, -0.6730793, 2.368729
FootLeft: -0.1013303, -0.7520856, 2.26831
HipRight: -0.03969419, 0.08593867, 2.520076
KneeRight: -0.1166849, -0.4126517, 2.448395
AnkleRight: -0.09457953, -0.7083406, 2.366482
FootRight: -0.1160956, -0.7621301, 2.248785
=========
HipCenter: -0.1081852, 0.1625641, 2.534002
Spine: -0.1142993, 0.2161206, 2.612184
ShoulderCenter: -0.1217747, 0.6198061, 2.718852
Head: -0.09022042, 0.7896389, 2.723862
ShoulderLeft: -0.2852612, 0.4782913, 2.62212
ElbowLeft: -0.339626, 0.2645405, 2.553781
WristLeft: -0.3212139, 0.02177479, 2.411367
HandLeft: -0.3193105, -0.03524834, 2.380064
ShoulderRight: 0.03173585, 0.480533, 2.655341
ElbowRight: 0.05643634, 0.2140599, 2.53809
WristRight: 0.06201055, 0.01326283, 2.423486
HandRight: 0.05747961, -0.06235413, 2.38835
HipLeft: -0.1782288, 0.1045033, 2.492654
KneeLeft: -0.1951441, -0.321919, 2.439112
AnkleLeft: -0.1635534, -0.6729212, 2.368816
FootLeft: -0.1013852, -0.7519974, 2.268427
HipRight: -0.03923713, 0.08693267, 2.520483
KneeRight: -0.1167515, -0.4125417, 2.448397
AnkleRight: -0.0946239, -0.7083356, 2.366483
FootRight: -0.1161391, -0.7621329, 2.248781
=========
HipCenter: -0.108229, 0.1627378, 2.534276
Spine: -0.1144066, 0.2162525, 2.61261
ShoulderCenter: -0.1224883, 0.6206822, 2.721434
Head: -0.09240571, 0.7902776, 2.724266
ShoulderLeft: -0.2863732, 0.4783613, 2.622807
ElbowLeft: -0.3360245, 0.2571484, 2.549534
WristLeft: -0.319644, 0.02158564, 2.410106
HandLeft: -0.317696, -0.03486697, 2.378694
ShoulderRight: 0.03105591, 0.4806555, 2.655344
ElbowRight: 0.05671777, 0.2140731, 2.538697
WristRight: 0.06234704, 0.01354145, 2.424034
HandRight: 0.05831776, -0.06235448, 2.388776
HipLeft: -0.1782415, 0.1044542, 2.492689
KneeLeft: -0.1949942, -0.3217466, 2.439294
AnkleLeft: -0.1635153, -0.6727972, 2.368886
FootLeft: -0.1014441, -0.7519283, 2.268524
HipRight: -0.03862841, 0.08802138, 2.520901
KneeRight: -0.1168084, -0.4124326, 2.448404
AnkleRight: -0.09466035, -0.7083362, 2.366482
FootRight: -0.1161745, -0.762136, 2.248777
=========
HipCenter: -0.1082803, 0.1629566, 2.534587
Spine: -0.1145217, 0.2164234, 2.613073
ShoulderCenter: -0.1229923, 0.6213173, 2.72337
Head: -0.09580754, 0.7910189, 2.72503
ShoulderLeft: -0.2872395, 0.4784651, 2.62342
ElbowLeft: -0.3338559, 0.2536607, 2.547328
WristLeft: -0.3176955, 0.02055983, 2.408547
HandLeft: -0.3161416, -0.03516176, 2.377255
ShoulderRight: 0.0305307, 0.480746, 2.655356
ElbowRight: 0.05703982, 0.2139727, 2.539232
WristRight: 0.06287635, 0.0134963, 2.424694
HandRight: 0.05935412, -0.06253325, 2.389209
HipLeft: -0.1782462, 0.1044211, 2.492764
KneeLeft: -0.1948543, -0.3215083, 2.439459
AnkleLeft: -0.1634808, -0.6727008, 2.368942
FootLeft: -0.1015024, -0.7518725, 2.268606
HipRight: -0.03815527, 0.08905543, 2.521242
KneeRight: -0.116855, -0.412325, 2.448416
AnkleRight: -0.09469332, -0.7083442, 2.366476
FootRight: -0.1162054, -0.7621402, 2.248779
=========
HipCenter: -0.1083744, 0.1632757, 2.5349
Spine: -0.114694, 0.2166618, 2.61352
ShoulderCenter: -0.1235892, 0.6217409, 2.724786
Head: -0.09842934, 0.7915689, 2.725733
ShoulderLeft: -0.2879011, 0.478573, 2.623951
ElbowLeft: -0.3322903, 0.2516643, 2.545941
WristLeft: -0.3157833, 0.01914418, 2.406894
HandLeft: -0.3147741, -0.03586569, 2.375876
ShoulderRight: 0.03013085, 0.4808221, 2.655388
ElbowRight: 0.05789943, 0.2240491, 2.546885
WristRight: 0.06386983, 0.01644063, 2.427751
HandRight: 0.06121672, -0.05941726, 2.391834
HipLeft: -0.1782556, 0.1044203, 2.492827
KneeLeft: -0.1946993, -0.3211537, 2.439603
AnkleLeft: -0.1634451, -0.6726218, 2.368985
FootLeft: -0.1015499, -0.7518241, 2.268669
HipRight: -0.03779071, 0.09011255, 2.521489
KneeRight: -0.1168926, -0.4122295, 2.448429
AnkleRight: -0.09472325, -0.7083585, 2.366463
FootRight: -0.1162259, -0.7621431, 2.248782
=========
HipCenter: -0.1084616, 0.1636192, 2.535198
Spine: -0.114856, 0.2169148, 2.613939
ShoulderCenter: -0.1240782, 0.6220602, 2.725881
Head: -0.1004795, 0.7920124, 2.726195
ShoulderLeft: -0.2884032, 0.4786787, 2.624404
ElbowLeft: -0.3311597, 0.250296, 2.545002
WristLeft: -0.3141244, 0.01769595, 2.405398
HandLeft: -0.313632, -0.03674088, 2.374682
ShoulderRight: 0.02982825, 0.4808806, 2.655418
ElbowRight: 0.05835655, 0.2253865, 2.548545
WristRight: 0.06443893, 0.01711345, 2.428971
HandRight: 0.06221402, -0.05869174, 2.392778
HipLeft: -0.1782588, 0.1044337, 2.492895
KneeLeft: -0.1945428, -0.320753, 2.43973
AnkleLeft: -0.1634101, -0.6725634, 2.36902
FootLeft: -0.1015876, -0.7517889, 2.268719
HipRight: -0.0374696, 0.09112357, 2.521656
KneeRight: -0.1169212, -0.4121459, 2.448443
AnkleRight: -0.09474817, -0.708375, 2.36645
FootRight: -0.116237, -0.7621443, 2.248787
=========
HipCenter: -0.1085419, 0.1639276, 2.535457
Spine: -0.1150034, 0.2171435, 2.614303
ShoulderCenter: -0.1245088, 0.6222941, 2.72668
Head: -0.102129, 0.7923055, 2.726634
ShoulderLeft: -0.2887347, 0.4788057, 2.624867
ElbowLeft: -0.3256066, 0.2321763, 2.53492
WristLeft: -0.3124855, 0.01589838, 2.403886
HandLeft: -0.3126282, -0.03806803, 2.373566
ShoulderRight: 0.02960892, 0.4809215, 2.655451
ElbowRight: 0.06073102, 0.2319962, 2.55555
WristRight: 0.06518526, 0.01928216, 2.431401
HandRight: 0.06349162, -0.05630881, 2.394749
HipLeft: -0.1782591, 0.1044511, 2.492963
KneeLeft: -0.1943982, -0.3203469, 2.439835
AnkleLeft: -0.1633768, -0.6725186, 2.369047
FootLeft: -0.1016206, -0.7517629, 2.268762
HipRight: -0.03721457, 0.09195121, 2.521755
KneeRight: -0.1169399, -0.4120687, 2.448463
AnkleRight: -0.09478059, -0.7084043, 2.366427
FootRight: -0.1162444, -0.7621458, 2.248792
=========
HipCenter: -0.1086271, 0.1642211, 2.5357
Spine: -0.1151601, 0.2173672, 2.614663
ShoulderCenter: -0.1250201, 0.6225644, 2.727493
Head: -0.1041081, 0.7926249, 2.727171
ShoulderLeft: -0.2889142, 0.4789888, 2.625436
ElbowLeft: -0.321463, 0.2200015, 2.528414
WristLeft: -0.3113542, 0.01420476, 2.402493
HandLeft: -0.3119937, -0.03850902, 2.373065
ShoulderRight: 0.02944669, 0.4809561, 2.655509
ElbowRight: 0.06241043, 0.2299165, 2.556651
WristRight: 0.06690666, 0.00528479, 2.430603
HandRight: 0.06531507, -0.05797174, 2.393693
HipLeft: -0.1782613, 0.1044793, 2.493073
KneeLeft: -0.1942848, -0.3199126, 2.439935
AnkleLeft: -0.1633517, -0.6724898, 2.369069
FootLeft: -0.1016461, -0.7517406, 2.268805
HipRight: -0.03702075, 0.09268791, 2.521805
KneeRight: -0.1168818, -0.4119858, 2.44854
AnkleRight: -0.09480854, -0.7084399, 2.366404
FootRight: -0.1162499, -0.7621467, 2.248795
=========
HipCenter: -0.1087206, 0.164453, 2.535896
Spine: -0.1153098, 0.2175518, 2.614969
ShoulderCenter: -0.1254385, 0.6227779, 2.728117
Head: -0.1062123, 0.7928685, 2.727951
ShoulderLeft: -0.2889392, 0.4791875, 2.626065
ElbowLeft: -0.3187082, 0.212387, 2.524435
WristLeft: -0.3104523, 0.01287529, 2.401357
HandLeft: -0.3114725, -0.0388946, 2.372685
ShoulderRight: 0.02932891, 0.4809811, 2.655569
ElbowRight: 0.06392258, 0.2268755, 2.556951
WristRight: 0.06792933, -0.005359654, 2.429895
HandRight: 0.0669483, -0.05980573, 2.392479
HipLeft: -0.1782791, 0.1044969, 2.493185
KneeLeft: -0.1942135, -0.3196518, 2.440002
AnkleLeft: -0.1633294, -0.6724702, 2.369088
FootLeft: -0.1016671, -0.7517241, 2.268855
HipRight: -0.03689389, 0.09326336, 2.521811
KneeRight: -0.1167448, -0.4119094, 2.448662
AnkleRight: -0.09483896, -0.7084852, 2.366369
FootRight: -0.1162533, -0.7621478, 2.248797
=========
HipCenter: -0.1087899, 0.1646747, 2.536084
Spine: -0.1154393, 0.2177292, 2.615252
ShoulderCenter: -0.1258597, 0.6229744, 2.728625
Head: -0.1084548, 0.7931566, 2.728746
ShoulderLeft: -0.2888867, 0.4794002, 2.626711
ElbowLeft: -0.3168596, 0.2073542, 2.521842
WristLeft: -0.3094763, 0.01170224, 2.400374
HandLeft: -0.3110075, -0.03924169, 2.372383
ShoulderRight: 0.02925538, 0.4809956, 2.655652
ElbowRight: 0.06524401, 0.2237154, 2.556856
WristRight: 0.06920093, -0.007578567, 2.430487
HandRight: 0.06816635, -0.06067257, 2.392479
HipLeft: -0.1782734, 0.1045111, 2.493344
KneeLeft: -0.1941406, -0.3193066, 2.440074
AnkleLeft: -0.1633089, -0.6724567, 2.369104
FootLeft: -0.1016882, -0.7517093, 2.268905
HipRight: -0.03670665, 0.09387187, 2.521782
KneeRight: -0.1165861, -0.4118486, 2.4488
AnkleRight: -0.09486339, -0.7085361, 2.366332
FootRight: -0.1162564, -0.7621486, 2.248798
=========
HipCenter: -0.108831, 0.164861, 2.536253
Spine: -0.1155341, 0.217882, 2.61551
ShoulderCenter: -0.1262094, 0.6231522, 2.729056
Head: -0.1104864, 0.7934833, 2.729428
ShoulderLeft: -0.2887696, 0.4796078, 2.627366
ElbowLeft: -0.3155523, 0.2039479, 2.520097
WristLeft: -0.3086102, 0.01072598, 2.399552
HandLeft: -0.3105962, -0.03954608, 2.372148
ShoulderRight: 0.02920026, 0.4809783, 2.655726
ElbowRight: 0.06630231, 0.220757, 2.556556
WristRight: 0.07049879, -0.008793309, 2.431174
HandRight: 0.06943114, -0.06159654, 2.392566
HipLeft: -0.1782222, 0.1045241, 2.493556
KneeLeft: -0.1940819, -0.318968, 2.44013
AnkleLeft: -0.1632904, -0.6724477, 2.369117
FootLeft: -0.1017207, -0.7516961, 2.268947
HipRight: -0.03653153, 0.09438147, 2.521741
KneeRight: -0.1164276, -0.4118062, 2.448943
AnkleRight: -0.09487242, -0.7086051, 2.366285
FootRight: -0.1162588, -0.7621492, 2.248799
=========
HipCenter: -0.1088667, 0.1650197, 2.536403
Spine: -0.1156219, 0.2180146, 2.615741
ShoulderCenter: -0.1264896, 0.6233022, 2.729404
Head: -0.1126618, 0.793825, 2.730027
ShoulderLeft: -0.2885972, 0.4797809, 2.627975
ElbowLeft: -0.3144962, 0.2015117, 2.518844
WristLeft: -0.3074251, 0.009755837, 2.398796
HandLeft: -0.3101168, -0.04047529, 2.371679
ShoulderRight: 0.02919292, 0.4809556, 2.655876
ElbowRight: 0.06763934, 0.2188299, 2.556753
WristRight: 0.07187881, -0.008308449, 2.432329
HandRight: 0.07055042, -0.06210686, 2.392947
HipLeft: -0.1781746, 0.1045293, 2.493783
KneeLeft: -0.194033, -0.3186506, 2.440176
AnkleLeft: -0.1632733, -0.6724423, 2.369128
FootLeft: -0.1017593, -0.7516832, 2.268987
HipRight: -0.03639081, 0.09480073, 2.52169
KneeRight: -0.1162306, -0.4118004, 2.449112
AnkleRight: -0.09487303, -0.7086801, 2.366234
FootRight: -0.1162619, -0.7621518, 2.248802
=========
HipCenter: -0.1088748, 0.1651347, 2.536525
Spine: -0.1156783, 0.2181149, 2.615933
ShoulderCenter: -0.1267066, 0.6234175, 2.729655
Head: -0.1145558, 0.794144, 2.730479
ShoulderLeft: -0.2883538, 0.4799123, 2.628535
ElbowLeft: -0.3137303, 0.1997738, 2.517953
WristLeft: -0.3063115, 0.008930178, 2.398195
HandLeft: -0.3095595, -0.04143178, 2.371274
ShoulderRight: 0.02920245, 0.480916, 2.656033
ElbowRight: 0.06956923, 0.2207191, 2.559164
WristRight: 0.07372607, -0.002487088, 2.436011
HandRight: 0.07203327, -0.06085205, 2.394745
HipLeft: -0.1780573, 0.1044974, 2.494065
KneeLeft: -0.1939947, -0.3183927, 2.440202
AnkleLeft: -0.1632569, -0.6724387, 2.369136
FootLeft: -0.1018172, -0.7516711, 2.269022
HipRight: -0.03624851, 0.09514776, 2.52163
KneeRight: -0.1160117, -0.4118374, 2.449303
AnkleRight: -0.09483752, -0.7088392, 2.366132
FootRight: -0.1162748, -0.7621626, 2.248814
=========
HipCenter: -0.1088804, 0.165208, 2.536612
Spine: -0.1157224, 0.2181799, 2.61608
ShoulderCenter: -0.126874, 0.6235015, 2.729835
Head: -0.1164982, 0.7944383, 2.730736
ShoulderLeft: -0.2877397, 0.4799753, 2.62913
ElbowLeft: -0.3130429, 0.198517, 2.517309
WristLeft: -0.3052194, 0.008186913, 2.397719
HandLeft: -0.3090291, -0.04195406, 2.371146
ShoulderRight: 0.0292163, 0.4808584, 2.656186
ElbowRight: 0.07050736, 0.220256, 2.559912
WristRight: 0.07492118, 0.0004513858, 2.437948
HandRight: 0.07304842, -0.060521, 2.395693
HipLeft: -0.1779348, 0.1044543, 2.494332
KneeLeft: -0.193964, -0.3181621, 2.44022
AnkleLeft: -0.1632414, -0.672437, 2.369143
FootLeft: -0.1018859, -0.7516599, 2.269058
HipRight: -0.03613666, 0.09542052, 2.521566
KneeRight: -0.1157673, -0.4118918, 2.449502
AnkleRight: -0.09478142, -0.7090266, 2.366015
FootRight: -0.1162886, -0.7621732, 2.24883
=========
HipCenter: -0.108882, 0.1652649, 2.536685
Spine: -0.1157598, 0.2182296, 2.616206
ShoulderCenter: -0.1269796, 0.6235577, 2.729972
Head: -0.1181409, 0.7947543, 2.731016
ShoulderLeft: -0.2871085, 0.48003, 2.629667
ElbowLeft: -0.312466, 0.1976501, 2.516874
WristLeft: -0.3043766, 0.007631422, 2.397336
HandLeft: -0.3084837, -0.04243956, 2.371054
ShoulderRight: 0.02928427, 0.4807777, 2.656404
ElbowRight: 0.07162227, 0.2229679, 2.563151
WristRight: 0.07608898, 0.005531463, 2.440817
HandRight: 0.07470398, -0.05865291, 2.39723
HipLeft: -0.1778158, 0.1044107, 2.494582
KneeLeft: -0.1939404, -0.3179369, 2.440222
AnkleLeft: -0.1632278, -0.6724352, 2.369146
FootLeft: -0.1019519, -0.7516502, 2.269094
HipRight: -0.03604481, 0.09563909, 2.521502
KneeRight: -0.1155021, -0.4119582, 2.449705
AnkleRight: -0.09471423, -0.7092077, 2.3659
FootRight: -0.1163023, -0.7621855, 2.248851
=========
HipCenter: -0.1088607, 0.1653101, 2.536763
Spine: -0.1157816, 0.2182691, 2.616327
ShoulderCenter: -0.1270558, 0.6236046, 2.730083
Head: -0.1195041, 0.7950895, 2.731332
ShoulderLeft: -0.2864501, 0.4800675, 2.63017
ElbowLeft: -0.3118593, 0.1971009, 2.516582
WristLeft: -0.3033892, 0.00707554, 2.397038
HandLeft: -0.3076885, -0.04313513, 2.370867
ShoulderRight: 0.02949736, 0.4806755, 2.656868
ElbowRight: 0.0725305, 0.2255996, 2.566003
WristRight: 0.07696787, 0.009646583, 2.443057
HandRight: 0.07610203, -0.0569768, 2.398642
HipLeft: -0.1776537, 0.104352, 2.494858
KneeLeft: -0.1939443, -0.3177308, 2.440248
AnkleLeft: -0.1632188, -0.6724367, 2.369153
FootLeft: -0.102039, -0.7516337, 2.26915
HipRight: -0.0359317, 0.09582722, 2.52144
KneeRight: -0.1152418, -0.4120327, 2.449904
AnkleRight: -0.09461784, -0.7094448, 2.365746
FootRight: -0.1163237, -0.7622042, 2.248884
=========
HipCenter: -0.1087448, 0.1653345, 2.536895
Spine: -0.1157381, 0.218293, 2.616493
ShoulderCenter: -0.1270896, 0.6236459, 2.730189
Head: -0.1206672, 0.795377, 2.731728
ShoulderLeft: -0.2857965, 0.4801021, 2.630669
ElbowLeft: -0.3112947, 0.1967992, 2.516411
WristLeft: -0.302231, 0.006556855, 2.396811
HandLeft: -0.3068841, -0.0438067, 2.370706
ShoulderRight: 0.02978383, 0.480541, 2.657409
ElbowRight: 0.07371325, 0.2239614, 2.56676
WristRight: 0.07742225, 0.01094597, 2.443955
HandRight: 0.07720293, -0.05589891, 2.399875
HipLeft: -0.1773769, 0.1042481, 2.495199
KneeLeft: -0.193962, -0.3175561, 2.440281
AnkleLeft: -0.1632113, -0.6724433, 2.369164
FootLeft: -0.1021276, -0.7516161, 2.269216
HipRight: -0.03571053, 0.09598789, 2.521406
KneeRight: -0.114983, -0.4121196, 2.450097
AnkleRight: -0.09450366, -0.709684, 2.365592
FootRight: -0.1163457, -0.7622247, 2.248919
=========
HipCenter: -0.1086354, 0.1653459, 2.537014
Spine: -0.1156874, 0.2183059, 2.616648
ShoulderCenter: -0.1270298, 0.6237112, 2.730351
Head: -0.1216682, 0.7956479, 2.73214
ShoulderLeft: -0.2850468, 0.4801535, 2.631183
ElbowLeft: -0.3105937, 0.1967827, 2.516324
WristLeft: -0.3005356, 0.006091857, 2.396645
HandLeft: -0.3057566, -0.04473647, 2.37049
ShoulderRight: 0.03008814, 0.4803948, 2.65795
ElbowRight: 0.07452585, 0.2267265, 2.56966
WristRight: 0.0778189, 0.01203038, 2.444787
HandRight: 0.07813711, -0.05504103, 2.40097
HipLeft: -0.17713, 0.1041504, 2.495506
KneeLeft: -0.1939872, -0.3173867, 2.440308
AnkleLeft: -0.1632058, -0.6724483, 2.369171
FootLeft: -0.1022389, -0.7515982, 2.269284
HipRight: -0.03554899, 0.09611049, 2.521362
KneeRight: -0.1147108, -0.4122094, 2.450287
AnkleRight: -0.09438815, -0.7099226, 2.365434
FootRight: -0.1163687, -0.7622442, 2.248944
=========
HipCenter: -0.108216, 0.165268, 2.537243
Spine: -0.1154298, 0.2182619, 2.616901
ShoulderCenter: -0.1269395, 0.6237438, 2.730455
Head: -0.1229366, 0.7961459, 2.733618
ShoulderLeft: -0.283323, 0.4800591, 2.632168
ElbowLeft: -0.3084769, 0.1979527, 2.516198
WristLeft: -0.2973406, 0.006354236, 2.396166
HandLeft: -0.3033271, -0.04436501, 2.370145
ShoulderRight: 0.03082219, 0.4800449, 2.658799
ElbowRight: 0.07587247, 0.2253619, 2.570532
WristRight: 0.07895459, 0.01235502, 2.446352
HandRight: 0.081264, -0.0532047, 2.406622
HipLeft: -0.1761988, 0.1038265, 2.496268
KneeLeft: -0.1938307, -0.3171731, 2.440253
AnkleLeft: -0.1630947, -0.672434, 2.369158
FootLeft: -0.1023144, -0.7515854, 2.269304
HipRight: -0.03511511, 0.09625114, 2.521284
KneeRight: -0.1139058, -0.4125607, 2.450721
AnkleRight: -0.09428325, -0.7102088, 2.365242
FootRight: -0.1164139, -0.7622761, 2.248943
=========
HipCenter: -0.1077907, 0.1651815, 2.537461
Spine: -0.1151587, 0.2182094, 2.617145
ShoulderCenter: -0.1267733, 0.6237897, 2.730577
Head: -0.1238516, 0.7967275, 2.73552
ShoulderLeft: -0.2813824, 0.4798869, 2.633187
ElbowLeft: -0.3065117, 0.1993591, 2.516353
WristLeft: -0.294431, 0.006907619, 2.395859
HandLeft: -0.3008813, -0.04354338, 2.370005
ShoulderRight: 0.03174969, 0.4797756, 2.659823
ElbowRight: 0.0771831, 0.22345, 2.571051
WristRight: 0.08022988, 0.01212803, 2.44788
HandRight: 0.08457221, -0.05215655, 2.412063
HipLeft: -0.175337, 0.1035303, 2.49696
KneeLeft: -0.1935172, -0.3169091, 2.440097
AnkleLeft: -0.1628922, -0.6724017, 2.369102
FootLeft: -0.1023691, -0.7515818, 2.269306
HipRight: -0.03468617, 0.09637331, 2.521199
KneeRight: -0.1131063, -0.4129217, 2.45112
AnkleRight: -0.0941611, -0.7104456, 2.365094
FootRight: -0.1165028, -0.7623232, 2.248915
=========
HipCenter: -0.1072733, 0.1650458, 2.537692
Spine: -0.1147872, 0.2181194, 2.617411
ShoulderCenter: -0.1265157, 0.6238294, 2.730702
Head: -0.1242179, 0.797199, 2.73745
ShoulderLeft: -0.2782943, 0.479463, 2.634526
ElbowLeft: -0.3041687, 0.2005131, 2.516397
WristLeft: -0.2919112, 0.007101224, 2.395507
HandLeft: -0.2982698, -0.04221297, 2.370066
ShoulderRight: 0.03289004, 0.4793987, 2.66088
ElbowRight: 0.07877692, 0.2206225, 2.571358
WristRight: 0.08151706, 0.01122986, 2.449285
HandRight: 0.08690423, -0.05230692, 2.415992
HipLeft: -0.1744907, 0.1032644, 2.497612
KneeLeft: -0.1931936, -0.3166863, 2.439926
AnkleLeft: -0.1625384, -0.6723645, 2.368973
FootLeft: -0.1024096, -0.7515979, 2.269274
HipRight: -0.03418522, 0.09646863, 2.521112
KneeRight: -0.1122233, -0.4133451, 2.451491
AnkleRight: -0.09403269, -0.7106575, 2.364959
FootRight: -0.1165692, -0.7623605, 2.248884
=========
HipCenter: -0.1063064, 0.1646778, 2.538006
Spine: -0.1139672, 0.2178385, 2.617818
ShoulderCenter: -0.1258585, 0.6239238, 2.731112
Head: -0.1236135, 0.7975425, 2.740019
ShoulderLeft: -0.2750142, 0.47896, 2.635916
ElbowLeft: -0.3005753, 0.2175186, 2.524661
WristLeft: -0.289345, 0.007176828, 2.395536
HandLeft: -0.2965788, -0.04210391, 2.369671
ShoulderRight: 0.03386975, 0.4788882, 2.661675
ElbowRight: 0.08044044, 0.2176878, 2.571735
WristRight: 0.08295859, 0.01007035, 2.450589
HandRight: 0.08869331, -0.05265963, 2.418936
HipLeft: -0.173087, 0.1028552, 2.498347
KneeLeft: -0.192768, -0.3164735, 2.439697
AnkleLeft: -0.1620429, -0.6723548, 2.368779
FootLeft: -0.1024103, -0.7516405, 2.269198
HipRight: -0.03350332, 0.09649577, 2.521062
KneeRight: -0.1104085, -0.4145144, 2.451988
AnkleRight: -0.09388172, -0.7108675, 2.364829
FootRight: -0.1166477, -0.7624226, 2.248731
=========
HipCenter: -0.1053601, 0.1642941, 2.538297
Spine: -0.1131224, 0.217516, 2.618218
ShoulderCenter: -0.1250354, 0.6240631, 2.731852
Head: -0.1225196, 0.7978199, 2.742682
ShoulderLeft: -0.2722735, 0.4785743, 2.637095
ElbowLeft: -0.2976432, 0.2308232, 2.530954
WristLeft: -0.2872322, 0.007096611, 2.395566
HandLeft: -0.2952152, -0.04219276, 2.369318
ShoulderRight: 0.03477186, 0.4783531, 2.662331
ElbowRight: 0.08185939, 0.2150953, 2.571947
WristRight: 0.08443788, 0.008799631, 2.451736
HandRight: 0.09014349, -0.05302354, 2.421173
HipLeft: -0.1718247, 0.1024968, 2.498966
KneeLeft: -0.1923374, -0.3162671, 2.43946
AnkleLeft: -0.1615366, -0.6723475, 2.368572
FootLeft: -0.102402, -0.7516884, 2.269111
HipRight: -0.03283979, 0.09649123, 2.521021
KneeRight: -0.1089692, -0.4154154, 2.452359
AnkleRight: -0.09371489, -0.7110708, 2.364692
FootRight: -0.1167357, -0.7624845, 2.248579
