=========
HipCenter: -0.258221, 0.1270802, 2.687537
Spine: -0.2612035, 0.173538, 2.768617
ShoulderCenter: -0.2824052, 0.5584142, 2.891227
Head: -0.2553317, 0.7396231, 2.90498
ShoulderLeft: -0.4184202, 0.4083099, 2.814825
ElbowLeft: -0.4570796, 0.1864452, 2.765588
WristLeft: -0.4627816, -0.006764425, 2.648875
HandLeft: -0.4546618, -0.09887547, 2.610626
ShoulderRight: -0.07986431, 0.4749479, 2.841499
ElbowRight: 0.1687768, 0.5784225, 2.750728
WristRight: 0.3942952, 0.6239105, 2.674192
HandRight: 0.4688797, 0.636057, 2.664005
HipLeft: -0.3304617, 0.04191443, 2.665354
KneeLeft: -0.234704, -0.4339724, 2.533255
AnkleLeft: -0.2557009, -0.738185, 2.45718
FootLeft: -0.2286976, -0.7966231, 2.348507
HipRight: -0.1781115, 0.07190154, 2.638497
KneeRight: -0.2393498, -0.4712982, 2.531044
AnkleRight: -0.2043882, -0.7394794, 2.477342
FootRight: -0.245852, -0.794899, 2.359841
=========
HipCenter: -0.258378, 0.1267567, 2.686768
Spine: -0.261117, 0.1733546, 2.768448
ShoulderCenter: -0.2822839, 0.561007, 2.893811
Head: -0.2556391, 0.7396893, 2.903036
ShoulderLeft: -0.4180356, 0.4099308, 2.813713
ElbowLeft: -0.4555507, 0.1746006, 2.758391
WristLeft: -0.4496803, -0.05894464, 2.614207
HandLeft: -0.4521207, -0.1357812, 2.595036
ShoulderRight: -0.08165405, 0.4747202, 2.838776
ElbowRight: 0.1699762, 0.5784209, 2.750498
WristRight: 0.3932115, 0.623597, 2.67434
HandRight: 0.4681056, 0.6361381, 2.663577
HipLeft: -0.3303863, 0.0424007, 2.664124
KneeLeft: -0.2599702, -0.395205, 2.52995
AnkleLeft: -0.2561611, -0.7298278, 2.458401
FootLeft: -0.2287562, -0.7966, 2.348761
HipRight: -0.1786135, 0.07171044, 2.63798
KneeRight: -0.2397691, -0.4714999, 2.531075
AnkleRight: -0.2120331, -0.7394659, 2.471676
FootRight: -0.2451418, -0.7949273, 2.356478
=========
HipCenter: -0.2584735, 0.126686, 2.686401
Spine: -0.2611695, 0.1733473, 2.768224
ShoulderCenter: -0.282161, 0.5617242, 2.894005
Head: -0.2557885, 0.7402723, 2.901369
ShoulderLeft: -0.4178387, 0.4106158, 2.812613
ElbowLeft: -0.4548765, 0.1703447, 2.753798
WristLeft: -0.4476494, -0.06789569, 2.607238
HandLeft: -0.4513481, -0.1432635, 2.589692
ShoulderRight: -0.08240832, 0.4749022, 2.837707
ElbowRight: 0.1701661, 0.5784222, 2.750463
WristRight: 0.392134, 0.623482, 2.67443
HandRight: 0.4684603, 0.6362103, 2.663257
HipLeft: -0.330397, 0.04253049, 2.663715
KneeLeft: -0.2509362, -0.4164386, 2.533261
AnkleLeft: -0.2561556, -0.7294228, 2.458449
FootLeft: -0.2287823, -0.7965832, 2.34873
HipRight: -0.1788408, 0.07169709, 2.637718
KneeRight: -0.2398307, -0.4715434, 2.531101
AnkleRight: -0.2147246, -0.7396974, 2.46893
FootRight: -0.2450083, -0.794887, 2.355489
=========
HipCenter: -0.2584571, 0.1271165, 2.685639
Spine: -0.2611189, 0.1737396, 2.767616
ShoulderCenter: -0.2817055, 0.5625816, 2.893805
Head: -0.2559272, 0.7409849, 2.899097
ShoulderLeft: -0.417707, 0.4119227, 2.810846
ElbowLeft: -0.454322, 0.1663746, 2.747195
WristLeft: -0.4484287, -0.07013778, 2.602046
HandLeft: -0.4513822, -0.1463959, 2.584507
ShoulderRight: -0.08321713, 0.4751368, 2.836135
ElbowRight: 0.170343, 0.5784398, 2.750409
WristRight: 0.391524, 0.6233333, 2.674529
HandRight: 0.4685079, 0.6362094, 2.663149
HipLeft: -0.3301992, 0.0440968, 2.662203
KneeLeft: -0.2451448, -0.4288971, 2.535213
AnkleLeft: -0.2560789, -0.7297851, 2.458343
FootLeft: -0.2288165, -0.7965534, 2.348544
HipRight: -0.1790376, 0.0719806, 2.637313
KneeRight: -0.2398687, -0.4716234, 2.531172
AnkleRight: -0.2156079, -0.739666, 2.467268
FootRight: -0.2449166, -0.7948217, 2.354338
=========
HipCenter: -0.2583618, 0.1276012, 2.684688
Spine: -0.2609306, 0.1742945, 2.76672
ShoulderCenter: -0.2798391, 0.5642983, 2.892228
Head: -0.2559988, 0.741828, 2.896734
ShoulderLeft: -0.4176559, 0.4132582, 2.809113
ElbowLeft: -0.4534648, 0.1601454, 2.732299
WristLeft: -0.4512224, -0.06749692, 2.596763
HandLeft: -0.4513798, -0.1462312, 2.572892
ShoulderRight: -0.08378463, 0.4754076, 2.834304
ElbowRight: 0.170509, 0.578463, 2.750338
WristRight: 0.3911309, 0.6232046, 2.674579
HandRight: 0.468657, 0.6361834, 2.663043
HipLeft: -0.3300275, 0.04544627, 2.660708
KneeLeft: -0.2419441, -0.4352027, 2.536896
AnkleLeft: -0.2559707, -0.7306031, 2.458162
FootLeft: -0.2288497, -0.7965244, 2.348332
HipRight: -0.1791765, 0.07226473, 2.636792
KneeRight: -0.2397481, -0.4719222, 2.531562
AnkleRight: -0.2163912, -0.7396374, 2.465919
FootRight: -0.2449576, -0.7947596, 2.353257
=========
HipCenter: -0.2581716, 0.127981, 2.68353
Spine: -0.2605803, 0.1748623, 2.765599
ShoulderCenter: -0.2771361, 0.5667739, 2.889929
Head: -0.2554146, 0.7433972, 2.893872
ShoulderLeft: -0.4175661, 0.4145316, 2.80739
ElbowLeft: -0.4519559, 0.1549483, 2.71938
WristLeft: -0.4529883, -0.06595741, 2.592299
HandLeft: -0.4516416, -0.1462871, 2.555724
ShoulderRight: -0.08384011, 0.4760626, 2.832084
ElbowRight: 0.1707288, 0.5785068, 2.750183
WristRight: 0.3909326, 0.6231071, 2.674558
HandRight: 0.4693077, 0.6360847, 2.662844
HipLeft: -0.3298568, 0.04628116, 2.658415
KneeLeft: -0.2396324, -0.4390755, 2.538345
AnkleLeft: -0.2558538, -0.7316586, 2.457966
FootLeft: -0.2288805, -0.7965032, 2.348111
HipRight: -0.1792591, 0.07248297, 2.636333
KneeRight: -0.2395736, -0.4723287, 2.532171
AnkleRight: -0.2169776, -0.7396856, 2.46484
FootRight: -0.2452472, -0.7946966, 2.351879
=========
HipCenter: -0.2574626, 0.128733, 2.681942
Spine: -0.2596011, 0.1759177, 2.763951
ShoulderCenter: -0.2741964, 0.5693516, 2.887563
Head: -0.2547723, 0.7448328, 2.891137
ShoulderLeft: -0.4173781, 0.4159701, 2.805753
ElbowLeft: -0.4507121, 0.1523426, 2.711002
WristLeft: -0.4508395, -0.05462214, 2.577625
HandLeft: -0.450746, -0.1423916, 2.546405
ShoulderRight: -0.08372469, 0.4767856, 2.829934
ElbowRight: 0.170968, 0.5785571, 2.749952
WristRight: 0.3909341, 0.6229746, 2.674409
HandRight: 0.470526, 0.6359546, 2.662544
HipLeft: -0.3291077, 0.04751213, 2.655747
KneeLeft: -0.2375511, -0.4421767, 2.539931
AnkleLeft: -0.2557276, -0.7328051, 2.457771
FootLeft: -0.2289036, -0.7964799, 2.347846
HipRight: -0.1790616, 0.07291476, 2.635746
KneeRight: -0.2392599, -0.4728432, 2.533133
AnkleRight: -0.2172201, -0.7397199, 2.464089
FootRight: -0.2455148, -0.7946419, 2.350743
=========
HipCenter: -0.2562364, 0.1297212, 2.680115
Spine: -0.2580132, 0.1772337, 2.761977
ShoulderCenter: -0.2712533, 0.5714276, 2.884723
Head: -0.2537902, 0.7462317, 2.888108
ShoulderLeft: -0.4169842, 0.4175087, 2.804341
ElbowLeft: -0.4492038, 0.1505216, 2.704047
WristLeft: -0.4486262, -0.04800662, 2.566936
HandLeft: -0.4477825, -0.1394018, 2.527069
ShoulderRight: -0.08201674, 0.4778054, 2.826963
ElbowRight: 0.1712511, 0.5786202, 2.749596
WristRight: 0.3910995, 0.6228291, 2.674143
HandRight: 0.4721252, 0.6357747, 2.662075
HipLeft: -0.3280342, 0.04895771, 2.65331
KneeLeft: -0.2361508, -0.4441009, 2.541218
AnkleLeft: -0.2555989, -0.733847, 2.457637
FootLeft: -0.2289018, -0.7964665, 2.347646
HipRight: -0.1781455, 0.07332558, 2.634736
KneeRight: -0.2386012, -0.4735331, 2.534869
AnkleRight: -0.2175225, -0.7397779, 2.463575
FootRight: -0.2457581, -0.7945958, 2.349818
=========
HipCenter: -0.2539525, 0.1310582, 2.677983
Spine: -0.2555282, 0.1787992, 2.759767
ShoulderCenter: -0.2683076, 0.5731206, 2.881909
Head: -0.2527222, 0.7473857, 2.885442
ShoulderLeft: -0.4163079, 0.4194263, 2.802799
ElbowLeft: -0.4465816, 0.1494553, 2.696967
WristLeft: -0.4459577, -0.0439015, 2.557936
HandLeft: -0.4443617, -0.1383853, 2.51055
ShoulderRight: -0.07891588, 0.4797415, 2.823867
ElbowRight: 0.1716966, 0.5787042, 2.74875
WristRight: 0.3912398, 0.6228106, 2.67357
HandRight: 0.4738049, 0.6355914, 2.661357
HipLeft: -0.3263204, 0.05068396, 2.651023
KneeLeft: -0.2353285, -0.4453075, 2.542058
AnkleLeft: -0.2554276, -0.7349112, 2.457505
FootLeft: -0.2288846, -0.796457, 2.347427
HipRight: -0.1755426, 0.07355615, 2.633081
KneeRight: -0.2378183, -0.474347, 2.536966
AnkleRight: -0.2178089, -0.7399177, 2.463095
FootRight: -0.2460761, -0.7945592, 2.349019
=========
HipCenter: -0.251724, 0.1321487, 2.676169
Spine: -0.2532479, 0.1800478, 2.757946
ShoulderCenter: -0.2662307, 0.574277, 2.879901
Head: -0.2518508, 0.7482807, 2.883222
ShoulderLeft: -0.4157265, 0.4209631, 2.801571
ElbowLeft: -0.4447144, 0.149047, 2.692425
WristLeft: -0.443301, -0.04058877, 2.551144
HandLeft: -0.4418333, -0.1374513, 2.500697
ShoulderRight: -0.07643817, 0.4812912, 2.821449
ElbowRight: 0.1722388, 0.5787993, 2.747575
WristRight: 0.3915157, 0.6228079, 2.672857
HandRight: 0.4753, 0.6353915, 2.660582
HipLeft: -0.3246783, 0.05209789, 2.649245
KneeLeft: -0.2347077, -0.4461352, 2.54277
AnkleLeft: -0.2553246, -0.7357992, 2.457422
FootLeft: -0.228885, -0.7964388, 2.347304
HipRight: -0.1725912, 0.07359778, 2.631407
KneeRight: -0.2368875, -0.4750927, 2.539122
AnkleRight: -0.2175003, -0.7399179, 2.46293
FootRight: -0.2463157, -0.7945256, 2.348416
=========
HipCenter: -0.2495334, 0.1330667, 2.674644
Spine: -0.251256, 0.1810106, 2.756519
ShoulderCenter: -0.2648461, 0.5750512, 2.878656
Head: -0.2509382, 0.7487621, 2.880691
ShoulderLeft: -0.4148737, 0.422107, 2.800196
ElbowLeft: -0.4434482, 0.1488685, 2.689479
WristLeft: -0.4399423, -0.03752092, 2.54544
HandLeft: -0.4391448, -0.1361201, 2.493141
ShoulderRight: -0.07435063, 0.4826326, 2.819697
ElbowRight: 0.1727694, 0.5789323, 2.745547
WristRight: 0.3918468, 0.6228207, 2.672084
HandRight: 0.4766576, 0.635215, 2.659727
HipLeft: -0.3227785, 0.05344454, 2.647792
KneeLeft: -0.2576052, -0.407697, 2.545324
AnkleLeft: -0.2553728, -0.7306131, 2.458394
FootLeft: -0.2288834, -0.7964219, 2.347202
HipRight: -0.1695839, 0.0735657, 2.629771
KneeRight: -0.2358984, -0.4757375, 2.541131
AnkleRight: -0.2172196, -0.739877, 2.462847
FootRight: -0.2464582, -0.7945037, 2.348062
=========
HipCenter: -0.2470431, 0.1339831, 2.6733
Spine: -0.2491425, 0.1818479, 2.755275
ShoulderCenter: -0.2638542, 0.5755286, 2.877723
Head: -0.2502617, 0.7491397, 2.878708
ShoulderLeft: -0.4141249, 0.4230091, 2.799199
ElbowLeft: -0.4418337, 0.1490563, 2.686985
WristLeft: -0.4354329, -0.0351727, 2.540525
HandLeft: -0.4339578, -0.1269962, 2.491751
ShoulderRight: -0.07269782, 0.4837117, 2.818313
ElbowRight: 0.1732776, 0.5790907, 2.743323
WristRight: 0.3922353, 0.6228657, 2.671265
HandRight: 0.4776669, 0.6350272, 2.658529
HipLeft: -0.320548, 0.05479299, 2.646446
KneeLeft: -0.2700919, -0.3859809, 2.546781
AnkleLeft: -0.2554053, -0.726494, 2.459193
FootLeft: -0.228878, -0.7964057, 2.34714
HipRight: -0.1657028, 0.07374261, 2.628436
KneeRight: -0.2329735, -0.4728801, 2.54538
AnkleRight: -0.2134899, -0.7346027, 2.465554
FootRight: -0.2464002, -0.7939662, 2.348466
=========
HipCenter: -0.2450063, 0.1347263, 2.672335
Spine: -0.2473758, 0.1825126, 2.754362
ShoulderCenter: -0.2631828, 0.5758674, 2.877083
Head: -0.2496843, 0.7495796, 2.877038
ShoulderLeft: -0.4135137, 0.4236798, 2.798579
ElbowLeft: -0.4402323, 0.1494084, 2.685066
WristLeft: -0.4308438, -0.0337486, 2.537068
HandLeft: -0.4295689, -0.120883, 2.491412
ShoulderRight: -0.0714675, 0.4844662, 2.817249
ElbowRight: 0.1737374, 0.5792416, 2.741152
WristRight: 0.3926572, 0.6229315, 2.670412
HandRight: 0.4784492, 0.634859, 2.657367
HipLeft: -0.318523, 0.05594011, 2.645638
KneeLeft: -0.2754622, -0.3762609, 2.547584
AnkleLeft: -0.2553796, -0.7232599, 2.459898
FootLeft: -0.2288669, -0.7963867, 2.347082
HipRight: -0.1627005, 0.0739328, 2.62742
KneeRight: -0.2303406, -0.4709516, 2.549616
AnkleRight: -0.2115326, -0.7322288, 2.46701
FootRight: -0.2464361, -0.7938778, 2.348384
=========
HipCenter: -0.2431154, 0.1354462, 2.67164
Spine: -0.2456449, 0.1831359, 2.753667
ShoulderCenter: -0.2626416, 0.5760782, 2.876577
Head: -0.2492211, 0.7500696, 2.875666
ShoulderLeft: -0.4130349, 0.4241818, 2.798174
ElbowLeft: -0.4381809, 0.150748, 2.683943
WristLeft: -0.4271648, -0.03231429, 2.535358
HandLeft: -0.4258881, -0.1166135, 2.492459
ShoulderRight: -0.07054114, 0.4850597, 2.816409
ElbowRight: 0.1741244, 0.5793821, 2.739265
WristRight: 0.3930666, 0.6230237, 2.669547
HandRight: 0.4790452, 0.6347129, 2.656144
HipLeft: -0.3166143, 0.05693971, 2.645219
KneeLeft: -0.2785841, -0.3707207, 2.548075
AnkleLeft: -0.2552687, -0.7209125, 2.460443
FootLeft: -0.2288487, -0.7963744, 2.347037
HipRight: -0.1601959, 0.07422513, 2.626595
KneeRight: -0.2288959, -0.4702443, 2.552153
AnkleRight: -0.2096983, -0.7313944, 2.468059
FootRight: -0.2464796, -0.7938251, 2.34834
=========
HipCenter: -0.2415362, 0.1359799, 2.671116
Spine: -0.2441886, 0.1835876, 2.753135
ShoulderCenter: -0.2622547, 0.5761814, 2.876182
Head: -0.2488318, 0.7505646, 2.874572
ShoulderLeft: -0.4126646, 0.4245467, 2.797887
ElbowLeft: -0.4352817, 0.1531379, 2.683708
WristLeft: -0.424104, -0.03103392, 2.535057
HandLeft: -0.4230536, -0.1138695, 2.493935
ShoulderRight: -0.06989237, 0.4855204, 2.815756
ElbowRight: 0.1744895, 0.5795305, 2.737593
WristRight: 0.3935013, 0.6231679, 2.668569
HandRight: 0.4795102, 0.6345968, 2.655053
HipLeft: -0.3148617, 0.05775266, 2.644848
KneeLeft: -0.2808463, -0.3666974, 2.548436
AnkleLeft: -0.2551017, -0.7192665, 2.460855
FootLeft: -0.2288261, -0.796363, 2.346997
HipRight: -0.1582204, 0.07440991, 2.626021
KneeRight: -0.2280957, -0.4698864, 2.553753
AnkleRight: -0.2089973, -0.7307809, 2.468509
FootRight: -0.2465191, -0.7937904, 2.348319
=========
HipCenter: -0.2401936, 0.1365135, 2.67075
Spine: -0.2429339, 0.184008, 2.752763
ShoulderCenter: -0.2619803, 0.5762501, 2.875956
Head: -0.2484827, 0.7511166, 2.873596
ShoulderLeft: -0.41236, 0.4248235, 2.797686
ElbowLeft: -0.4327934, 0.1555063, 2.68398
WristLeft: -0.4213449, -0.02995823, 2.535775
HandLeft: -0.4208164, -0.1122057, 2.495762
ShoulderRight: -0.06940076, 0.4858872, 2.815234
ElbowRight: 0.1748703, 0.5797321, 2.735895
WristRight: 0.3940355, 0.6233563, 2.667511
HandRight: 0.4799331, 0.6345172, 2.654029
HipLeft: -0.3133874, 0.05847042, 2.644636
KneeLeft: -0.2822781, -0.3639119, 2.548711
AnkleLeft: -0.2549557, -0.7180815, 2.461161
FootLeft: -0.2288005, -0.796352, 2.346959
HipRight: -0.1565825, 0.07476265, 2.625527
KneeRight: -0.2275422, -0.4697072, 2.554881
AnkleRight: -0.208422, -0.7304469, 2.468841
FootRight: -0.2465506, -0.7937635, 2.348297
=========
HipCenter: -0.2390888, 0.136985, 2.670502
Spine: -0.2418783, 0.1843697, 2.752495
ShoulderCenter: -0.2617611, 0.5760958, 2.8757
Head: -0.2482525, 0.7513257, 2.87309
ShoulderLeft: -0.4121102, 0.4250394, 2.797585
ElbowLeft: -0.4277427, 0.167422, 2.691786
WristLeft: -0.4183412, -0.02578155, 2.540326
HandLeft: -0.4186932, -0.1114806, 2.498181
ShoulderRight: -0.06903173, 0.4861706, 2.814829
ElbowRight: 0.1752303, 0.5799221, 2.734422
WristRight: 0.3946183, 0.623578, 2.666417
HandRight: 0.4802682, 0.6344833, 2.653078
HipLeft: -0.3121501, 0.05906955, 2.644572
KneeLeft: -0.2829573, -0.3621953, 2.548916
AnkleLeft: -0.254818, -0.7172075, 2.461406
FootLeft: -0.228793, -0.7963433, 2.346931
HipRight: -0.1553232, 0.07508689, 2.625139
KneeRight: -0.2271342, -0.4696404, 2.555708
AnkleRight: -0.2076903, -0.7308355, 2.469128
FootRight: -0.2465754, -0.7937473, 2.348281
=========
HipCenter: -0.238194, 0.1373677, 2.670326
Spine: -0.240987, 0.1846651, 2.75229
ShoulderCenter: -0.26158, 0.5758223, 2.875413
Head: -0.248053, 0.7513992, 2.872741
ShoulderLeft: -0.4118934, 0.4252028, 2.797549
ElbowLeft: -0.4250647, 0.1737817, 2.696162
WristLeft: -0.4163245, -0.02252791, 2.544292
HandLeft: -0.4170617, -0.1114186, 2.500639
ShoulderRight: -0.06873295, 0.4863865, 2.814502
ElbowRight: 0.1755854, 0.580129, 2.732939
WristRight: 0.3951422, 0.623782, 2.665447
HandRight: 0.4805289, 0.6344782, 2.652228
HipLeft: -0.3111679, 0.05953374, 2.644547
KneeLeft: -0.282993, -0.3613792, 2.549064
AnkleLeft: -0.2546597, -0.7165762, 2.46159
FootLeft: -0.2287751, -0.7963385, 2.346903
HipRight: -0.1543473, 0.07534926, 2.624852
KneeRight: -0.2268369, -0.4696675, 2.556306
AnkleRight: -0.2067998, -0.7316034, 2.469309
FootRight: -0.2466109, -0.7937413, 2.348279
=========
HipCenter: -0.2369726, 0.1380102, 2.670244
Spine: -0.2399808, 0.1850609, 2.752153
ShoulderCenter: -0.2615611, 0.5755458, 2.875216
Head: -0.2478627, 0.7513852, 2.872478
ShoulderLeft: -0.4116689, 0.4252867, 2.79755
ElbowLeft: -0.4232996, 0.1788664, 2.700081
WristLeft: -0.4147937, -0.02004469, 2.548012
HandLeft: -0.4159113, -0.1117326, 2.503049
ShoulderRight: -0.068471, 0.486581, 2.814214
ElbowRight: 0.1759192, 0.5803129, 2.731653
WristRight: 0.3957041, 0.6239971, 2.664533
HandRight: 0.4807803, 0.6345236, 2.651479
HipLeft: -0.3096791, 0.0601282, 2.644764
KneeLeft: -0.2825107, -0.3613374, 2.549154
AnkleLeft: -0.2545224, -0.7161653, 2.461721
FootLeft: -0.2287567, -0.796335, 2.346875
HipRight: -0.1525928, 0.07634505, 2.624346
KneeRight: -0.226599, -0.4693592, 2.556725
AnkleRight: -0.2058501, -0.7326937, 2.469399
FootRight: -0.2466325, -0.7937389, 2.348272
=========
HipCenter: -0.2360393, 0.1384795, 2.670183
Spine: -0.2391566, 0.1853625, 2.752056
ShoulderCenter: -0.2615958, 0.5753775, 2.875233
Head: -0.2476849, 0.7513142, 2.872215
ShoulderLeft: -0.4114847, 0.4253234, 2.797581
ElbowLeft: -0.4223457, 0.180159, 2.701892
WristLeft: -0.4137939, -0.01882572, 2.550162
HandLeft: -0.4154114, -0.1121453, 2.505247
ShoulderRight: -0.0682876, 0.4867256, 2.813955
ElbowRight: 0.1762195, 0.5804789, 2.730523
WristRight: 0.3964697, 0.6242815, 2.663567
HandRight: 0.4811127, 0.6346337, 2.650702
HipLeft: -0.3085038, 0.06057329, 2.644978
KneeLeft: -0.2816546, -0.3618312, 2.549201
AnkleLeft: -0.2543631, -0.7159325, 2.461816
FootLeft: -0.2287434, -0.7963341, 2.346848
HipRight: -0.1514478, 0.07693063, 2.623865
KneeRight: -0.2264234, -0.4692413, 2.557017
AnkleRight: -0.2048016, -0.733856, 2.469495
FootRight: -0.2466514, -0.7937415, 2.348268
=========
HipCenter: -0.2353456, 0.1388342, 2.670133
Spine: -0.2385141, 0.1855962, 2.751981
ShoulderCenter: -0.261723, 0.5752003, 2.875313
Head: -0.247533, 0.7512859, 2.872025
ShoulderLeft: -0.4112483, 0.4252616, 2.797641
ElbowLeft: -0.4217865, 0.1801099, 2.703261
WristLeft: -0.4131999, -0.0183735, 2.552314
HandLeft: -0.4152394, -0.1133212, 2.506706
ShoulderRight: -0.06812318, 0.4868237, 2.813685
ElbowRight: 0.1764865, 0.5806268, 2.729568
WristRight: 0.3973568, 0.6246365, 2.662667
HandRight: 0.4814954, 0.6348562, 2.649951
HipLeft: -0.3075874, 0.06091678, 2.64518
KneeLeft: -0.2805828, -0.3626534, 2.549213
AnkleLeft: -0.2541656, -0.7159082, 2.461877
FootLeft: -0.2287313, -0.7963343, 2.346826
HipRight: -0.1506823, 0.07732715, 2.623408
KneeRight: -0.2259243, -0.4682015, 2.557164
AnkleRight: -0.2038543, -0.7349064, 2.46959
FootRight: -0.2466664, -0.7937469, 2.348268
=========
HipCenter: -0.2346608, 0.1392103, 2.670079
Spine: -0.2378816, 0.1858528, 2.751895
ShoulderCenter: -0.2618276, 0.5750357, 2.875308
Head: -0.2473654, 0.7512847, 2.871849
ShoulderLeft: -0.4109158, 0.4250522, 2.797633
ElbowLeft: -0.4217336, 0.17896, 2.704101
WristLeft: -0.4142576, -0.02055898, 2.557436
HandLeft: -0.4160798, -0.1162579, 2.509071
ShoulderRight: -0.06793778, 0.4868798, 2.813393
ElbowRight: 0.1767085, 0.5807545, 2.728776
WristRight: 0.3979326, 0.6249946, 2.661859
HandRight: 0.481926, 0.6352115, 2.649135
HipLeft: -0.3067679, 0.06122736, 2.645378
KneeLeft: -0.2796957, -0.3632994, 2.54922
AnkleLeft: -0.2540057, -0.7158777, 2.461921
FootLeft: -0.2287221, -0.7963354, 2.346796
HipRight: -0.1499291, 0.07775846, 2.62292
KneeRight: -0.2256861, -0.4679314, 2.55725
AnkleRight: -0.2030469, -0.7358338, 2.469652
FootRight: -0.2466744, -0.7937544, 2.348277
