=========
HipCenter: -0.3114948, 0.1202099, 2.774527
Spine: -0.3298493, 0.1646747, 2.851031
ShoulderCenter: -0.3696603, 0.5358012, 2.965428
Head: -0.3178861, 0.7547536, 2.953866
ShoulderLeft: -0.4905745, 0.3933992, 2.863143
ElbowLeft: -0.5379268, 0.2036695, 2.802023
WristLeft: -0.5092226, -0.0161887, 2.678036
HandLeft: -0.5052587, -0.1103675, 2.643798
ShoulderRight: -0.1556186, 0.4450048, 2.950823
ElbowRight: 0.07669311, 0.4966233, 2.900316
WristRight: 0.2714747, 0.5189131, 2.850065
HandRight: 0.3698387, 0.5083886, 2.833593
HipLeft: -0.3772656, 0.04004723, 2.729356
KneeLeft: -0.3069987, -0.4826776, 2.662606
AnkleLeft: -0.3222444, -0.7777393, 2.574211
FootLeft: -0.295767, -0.8366106, 2.469371
HipRight: -0.2265354, 0.06326974, 2.751872
KneeRight: -0.3076585, -0.5027273, 2.66245
AnkleRight: -0.2906923, -0.7777593, 2.579183
FootRight: -0.3147804, -0.838498, 2.451231
=========
HipCenter: -0.3113618, 0.1197528, 2.774468
Spine: -0.3297538, 0.1643524, 2.850921
ShoulderCenter: -0.3692657, 0.5356516, 2.964508
Head: -0.318217, 0.755159, 2.954054
ShoulderLeft: -0.4905028, 0.3919811, 2.862295
ElbowLeft: -0.5375591, 0.1982735, 2.800142
WristLeft: -0.5094635, -0.01610531, 2.678511
HandLeft: -0.5050713, -0.1101193, 2.643708
ShoulderRight: -0.15563, 0.4449518, 2.950927
ElbowRight: 0.08368787, 0.4989751, 2.899134
WristRight: 0.2727859, 0.5189138, 2.84982
HandRight: 0.3713053, 0.5087476, 2.833699
HipLeft: -0.3771266, 0.03930482, 2.729537
KneeLeft: -0.31859, -0.5425853, 2.655352
AnkleLeft: -0.321755, -0.8032081, 2.568293
FootLeft: -0.2934746, -0.837992, 2.461639
HipRight: -0.2264501, 0.06296102, 2.751765
KneeRight: -0.2912715, -0.4439374, 2.659643
AnkleRight: -0.2902355, -0.75375, 2.582289
FootRight: -0.313224, -0.8326596, 2.457713
=========
HipCenter: -0.3113433, 0.1196804, 2.774456
Spine: -0.3297437, 0.1642974, 2.8509
ShoulderCenter: -0.3693163, 0.5355667, 2.964337
Head: -0.3233507, 0.7340147, 2.959201
ShoulderLeft: -0.4904935, 0.3917502, 2.862157
ElbowLeft: -0.5375178, 0.1973097, 2.799801
WristLeft: -0.5094414, -0.01795757, 2.678006
HandLeft: -0.504952, -0.1118975, 2.642976
ShoulderRight: -0.155632, 0.4449437, 2.950942
ElbowRight: 0.08581649, 0.4995913, 2.898702
WristRight: 0.2737408, 0.5189546, 2.849712
HandRight: 0.3723108, 0.508919, 2.83364
HipLeft: -0.3771059, 0.03918812, 2.729564
KneeLeft: -0.2938134, -0.5865107, 2.657326
AnkleLeft: -0.3241528, -0.811671, 2.565489
FootLeft: -0.2929528, -0.8382798, 2.460169
HipRight: -0.2264378, 0.06291268, 2.751747
KneeRight: -0.3086407, -0.4070698, 2.657414
AnkleRight: -0.2912141, -0.745631, 2.583267
FootRight: -0.3129373, -0.8314803, 2.459008
=========
HipCenter: -0.3112002, 0.1193095, 2.774302
Spine: -0.3296366, 0.16395, 2.850727
ShoulderCenter: -0.3693593, 0.5350645, 2.963887
Head: -0.3277172, 0.7172438, 2.962896
ShoulderLeft: -0.4904219, 0.3914585, 2.861971
ElbowLeft: -0.5337737, 0.1787232, 2.792448
WristLeft: -0.5062095, -0.03682621, 2.670576
HandLeft: -0.5028598, -0.1301567, 2.634292
ShoulderRight: -0.1557265, 0.4449686, 2.950891
ElbowRight: 0.07660124, 0.4978442, 2.898976
WristRight: 0.2742706, 0.5188239, 2.849895
HandRight: 0.3756773, 0.5090053, 2.833351
HipLeft: -0.3769875, 0.0391466, 2.729573
KneeLeft: -0.3005155, -0.5175061, 2.659011
AnkleLeft: -0.323672, -0.8051518, 2.567029
FootLeft: -0.2926182, -0.838307, 2.459574
HipRight: -0.2259496, 0.06138286, 2.75128
KneeRight: -0.3052765, -0.3940498, 2.657021
AnkleRight: -0.291864, -0.7516025, 2.581468
FootRight: -0.3124373, -0.8309472, 2.459642
=========
HipCenter: -0.3110262, 0.1189471, 2.774159
Spine: -0.329501, 0.1636042, 2.850561
ShoulderCenter: -0.3694084, 0.5345644, 2.963472
Head: -0.3297873, 0.7088743, 2.964655
ShoulderLeft: -0.490357, 0.3911935, 2.861822
ElbowLeft: -0.5338654, 0.1764696, 2.791488
WristLeft: -0.5054412, -0.04163491, 2.668975
HandLeft: -0.5014982, -0.142094, 2.628573
ShoulderRight: -0.1558196, 0.4449941, 2.950836
ElbowRight: 0.075707, 0.497688, 2.898886
WristRight: 0.2805314, 0.517764, 2.848252
HandRight: 0.3804705, 0.5089126, 2.8328
HipLeft: -0.3768105, 0.03915685, 2.72962
KneeLeft: -0.3007322, -0.5015448, 2.659492
AnkleLeft: -0.3236713, -0.8024572, 2.567569
FootLeft: -0.292377, -0.8382338, 2.459394
HipRight: -0.2254248, 0.05994068, 2.750812
KneeRight: -0.2974857, -0.3868999, 2.657407
AnkleRight: -0.2922455, -0.7577811, 2.580189
FootRight: -0.3119374, -0.8306904, 2.459984
=========
HipCenter: -0.3108294, 0.1185886, 2.774022
Spine: -0.329344, 0.1632578, 2.850405
ShoulderCenter: -0.3694445, 0.5341354, 2.963173
Head: -0.3309463, 0.7039185, 2.965624
ShoulderLeft: -0.4902804, 0.3909327, 2.861679
ElbowLeft: -0.5340117, 0.1750162, 2.790911
WristLeft: -0.5048487, -0.04536228, 2.667753
HandLeft: -0.5006874, -0.1500032, 2.624743
ShoulderRight: -0.1559151, 0.4450219, 2.950777
ElbowRight: 0.07266527, 0.4969582, 2.898984
WristRight: 0.2838845, 0.5168539, 2.847581
HandRight: 0.3847006, 0.5087275, 2.832342
HipLeft: -0.3765947, 0.03922242, 2.729656
KneeLeft: -0.3027952, -0.482335, 2.660049
AnkleLeft: -0.3237245, -0.7994273, 2.568166
FootLeft: -0.2922108, -0.8380925, 2.459488
HipRight: -0.2248285, 0.05844665, 2.75043
KneeRight: -0.2933546, -0.3830371, 2.657608
AnkleRight: -0.292469, -0.7629017, 2.57921
FootRight: -0.311498, -0.8306841, 2.459905
=========
HipCenter: -0.3106422, 0.1182948, 2.773919
Spine: -0.3291957, 0.1629541, 2.850272
ShoulderCenter: -0.3694851, 0.5336859, 2.962886
Head: -0.3317156, 0.7007208, 2.966278
ShoulderLeft: -0.4901901, 0.3907167, 2.861573
ElbowLeft: -0.534718, 0.1754743, 2.7916
WristLeft: -0.5045186, -0.04751695, 2.667066
HandLeft: -0.5001448, -0.1552863, 2.62218
ShoulderRight: -0.1559928, 0.4450538, 2.950745
ElbowRight: 0.06981405, 0.4962567, 2.899056
WristRight: 0.2876797, 0.5159872, 2.84675
HandRight: 0.3881709, 0.5085316, 2.831964
HipLeft: -0.376285, 0.03947411, 2.729768
KneeLeft: -0.3036728, -0.4734014, 2.660335
AnkleLeft: -0.3237794, -0.7936912, 2.569405
FootLeft: -0.2921171, -0.8379124, 2.459804
HipRight: -0.2243205, 0.05720035, 2.750124
KneeRight: -0.288358, -0.3831647, 2.658226
AnkleRight: -0.2926478, -0.7667654, 2.578545
FootRight: -0.3111256, -0.8308214, 2.459695
=========
HipCenter: -0.3104678, 0.1180609, 2.773845
Spine: -0.3290443, 0.1626973, 2.850167
ShoulderCenter: -0.3695045, 0.53326, 2.962644
Head: -0.3322631, 0.6984113, 2.966765
ShoulderLeft: -0.4901279, 0.390509, 2.861512
ElbowLeft: -0.5355219, 0.1766015, 2.792547
WristLeft: -0.5043028, -0.04912975, 2.666613
HandLeft: -0.4998089, -0.1589902, 2.62036
ShoulderRight: -0.1560583, 0.4450831, 2.950721
ElbowRight: 0.07603845, 0.4967811, 2.895377
WristRight: 0.291126, 0.5152649, 2.84595
HandRight: 0.3909243, 0.5083635, 2.831658
HipLeft: -0.3759511, 0.03982711, 2.72998
KneeLeft: -0.3040849, -0.4681729, 2.660493
AnkleLeft: -0.3237472, -0.7894006, 2.570369
FootLeft: -0.2920826, -0.8377209, 2.46021
HipRight: -0.2238906, 0.05619866, 2.749861
KneeRight: -0.283822, -0.3855002, 2.659003
AnkleRight: -0.2927461, -0.7695745, 2.578051
FootRight: -0.3108002, -0.831064, 2.45936
=========
HipCenter: -0.3103948, 0.1180369, 2.773886
Spine: -0.3289515, 0.16262, 2.850187
ShoulderCenter: -0.3698202, 0.5329164, 2.962776
Head: -0.3325272, 0.6969024, 2.967007
ShoulderLeft: -0.4919169, 0.3911892, 2.863845
ElbowLeft: -0.5363761, 0.1784675, 2.793968
WristLeft: -0.5042066, -0.05015993, 2.666471
HandLeft: -0.4995852, -0.1615342, 2.61911
ShoulderRight: -0.1561217, 0.4451113, 2.950698
ElbowRight: 0.07013224, 0.4954851, 2.896703
WristRight: 0.2939135, 0.5147149, 2.845297
HandRight: 0.3930473, 0.5082293, 2.831423
HipLeft: -0.375766, 0.04093156, 2.730665
KneeLeft: -0.3044001, -0.4644684, 2.660615
AnkleLeft: -0.3236859, -0.7863725, 2.571032
FootLeft: -0.2921114, -0.83753, 2.460667
HipRight: -0.2236623, 0.05567394, 2.74971
KneeRight: -0.2783438, -0.3929678, 2.660227
AnkleRight: -0.2927952, -0.7716849, 2.577575
FootRight: -0.3105898, -0.8313814, 2.458914
=========
HipCenter: -0.3103387, 0.1180411, 2.773949
Spine: -0.3288774, 0.1625709, 2.850228
ShoulderCenter: -0.370189, 0.5326336, 2.963004
Head: -0.3325649, 0.6961872, 2.967141
ShoulderLeft: -0.4928038, 0.3915071, 2.865212
ElbowLeft: -0.5341813, 0.1728441, 2.79235
WristLeft: -0.5038159, -0.0539934, 2.665352
HandLeft: -0.4993952, -0.1632877, 2.618262
ShoulderRight: -0.1561816, 0.4451394, 2.950677
ElbowRight: 0.07637398, 0.4962934, 2.894248
WristRight: 0.2966006, 0.5143685, 2.844664
HandRight: 0.3947034, 0.5081205, 2.831254
HipLeft: -0.3756133, 0.04195573, 2.731363
KneeLeft: -0.3048111, -0.4623875, 2.660732
AnkleLeft: -0.3236286, -0.7842174, 2.571523
FootLeft: -0.2921637, -0.8373397, 2.461115
HipRight: -0.2234901, 0.05527605, 2.749591
KneeRight: -0.2750629, -0.3985064, 2.661022
AnkleRight: -0.2928011, -0.7732338, 2.577238
FootRight: -0.3104697, -0.8317224, 2.458376
=========
HipCenter: -0.3103001, 0.1180892, 2.774036
Spine: -0.3288107, 0.1625556, 2.85029
ShoulderCenter: -0.3704973, 0.5324071, 2.963201
Head: -0.3324248, 0.6960616, 2.967173
ShoulderLeft: -0.4934778, 0.3916605, 2.866313
ElbowLeft: -0.5322313, 0.1680241, 2.790894
WristLeft: -0.5030864, -0.05907114, 2.6638
HandLeft: -0.499258, -0.1645789, 2.617639
ShoulderRight: -0.1562362, 0.4451644, 2.950657
ElbowRight: 0.07784746, 0.4963398, 2.893538
WristRight: 0.2980657, 0.5141428, 2.844126
HandRight: 0.3960516, 0.5080455, 2.831116
HipLeft: -0.375512, 0.04291483, 2.732041
KneeLeft: -0.3054366, -0.4628923, 2.660884
AnkleLeft: -0.323577, -0.7826693, 2.57187
FootLeft: -0.2922366, -0.837181, 2.461498
HipRight: -0.2233728, 0.05499664, 2.749503
KneeRight: -0.2732996, -0.4010846, 2.661432
AnkleRight: -0.2927704, -0.7742329, 2.57703
FootRight: -0.3104119, -0.8320585, 2.457844
=========
HipCenter: -0.3102696, 0.1181609, 2.774134
Spine: -0.3287469, 0.1625724, 2.85037
ShoulderCenter: -0.3706532, 0.532298, 2.963319
Head: -0.3321344, 0.6964174, 2.966957
ShoulderLeft: -0.4938447, 0.3917884, 2.867119
ElbowLeft: -0.5341908, 0.1746749, 2.794695
WristLeft: -0.5034186, -0.0576238, 2.665426
HandLeft: -0.4991552, -0.1655087, 2.617222
ShoulderRight: -0.1562829, 0.4451894, 2.950639
ElbowRight: 0.07863694, 0.4963442, 2.893132
WristRight: 0.299169, 0.5139884, 2.843724
HandRight: 0.3971078, 0.50799, 2.831003
HipLeft: -0.3754168, 0.04379722, 2.732734
KneeLeft: -0.3060159, -0.4645978, 2.66101
AnkleLeft: -0.3235305, -0.7815228, 2.572137
FootLeft: -0.2923258, -0.8370355, 2.461864
HipRight: -0.2232874, 0.05479243, 2.749433
KneeRight: -0.2720976, -0.4041205, 2.661795
AnkleRight: -0.2926561, -0.7749788, 2.57687
FootRight: -0.3103643, -0.8323408, 2.457481
=========
HipCenter: -0.3077545, 0.1174155, 2.775013
Spine: -0.3265149, 0.1617483, 2.851157
ShoulderCenter: -0.3698426, 0.5317488, 2.964008
Head: -0.3308788, 0.6972166, 2.967724
ShoulderLeft: -0.4929878, 0.3912431, 2.867774
ElbowLeft: -0.5305675, 0.1694029, 2.793208
WristLeft: -0.5027574, -0.06001953, 2.664927
HandLeft: -0.4988514, -0.1658673, 2.617302
ShoulderRight: -0.1559294, 0.4451277, 2.951023
ElbowRight: 0.07969622, 0.4965397, 2.893394
WristRight: 0.2999408, 0.5141299, 2.84394
HandRight: 0.3980896, 0.5083151, 2.831426
HipLeft: -0.3727969, 0.0439541, 2.733886
KneeLeft: -0.3057098, -0.4710137, 2.661239
AnkleLeft: -0.3231884, -0.7804454, 2.572674
FootLeft: -0.2925112, -0.8368186, 2.462335
HipRight: -0.2207363, 0.05381046, 2.74989
KneeRight: -0.2713617, -0.4064602, 2.662384
AnkleRight: -0.2918769, -0.7757636, 2.577056
FootRight: -0.3103412, -0.8325778, 2.456914
=========
HipCenter: -0.3056982, 0.1168295, 2.775744
Spine: -0.3246381, 0.1610733, 2.851821
ShoulderCenter: -0.3690574, 0.5311775, 2.964529
Head: -0.3298507, 0.6979275, 2.968051
ShoulderLeft: -0.492094, 0.3906907, 2.868263
ElbowLeft: -0.5279087, 0.1658432, 2.792214
WristLeft: -0.5021324, -0.06231482, 2.664483
HandLeft: -0.4985392, -0.1659518, 2.617549
ShoulderRight: -0.1555715, 0.4450617, 2.951419
ElbowRight: 0.08097073, 0.4968859, 2.893785
WristRight: 0.3007716, 0.5144064, 2.844289
HandRight: 0.3988811, 0.5086588, 2.83188
HipLeft: -0.3709209, 0.04409669, 2.734509
KneeLeft: -0.305508, -0.4760616, 2.661449
AnkleLeft: -0.3228718, -0.7796537, 2.5731
FootLeft: -0.2926722, -0.8366359, 2.462691
HipRight: -0.2186557, 0.05296624, 2.750484
KneeRight: -0.2709503, -0.4082, 2.662839
AnkleRight: -0.2910858, -0.776398, 2.577275
FootRight: -0.3103429, -0.8328378, 2.456176
=========
HipCenter: -0.3040356, 0.1163552, 2.776334
Spine: -0.3231143, 0.1605216, 2.852362
ShoulderCenter: -0.3683724, 0.5306745, 2.964995
Head: -0.3289436, 0.6987036, 2.968405
ShoulderLeft: -0.4910794, 0.390071, 2.868572
ElbowLeft: -0.5257339, 0.162914, 2.791369
WristLeft: -0.5017877, -0.06386414, 2.664273
HandLeft: -0.4982084, -0.1658158, 2.61788
ShoulderRight: -0.1552202, 0.4449987, 2.951803
ElbowRight: 0.08241836, 0.4973657, 2.894174
WristRight: 0.3014607, 0.5147024, 2.844694
HandRight: 0.3995308, 0.5089681, 2.832268
HipLeft: -0.3694534, 0.04419836, 2.734755
KneeLeft: -0.305316, -0.4801529, 2.6616
AnkleLeft: -0.3225939, -0.779124, 2.573436
FootLeft: -0.2928595, -0.8364583, 2.463066
HipRight: -0.2169624, 0.05220976, 2.751138
KneeRight: -0.2707482, -0.4095183, 2.663205
AnkleRight: -0.2898181, -0.7771155, 2.57776
FootRight: -0.3102608, -0.8330361, 2.456076
=========
HipCenter: -0.3029388, 0.1161043, 2.776779
Spine: -0.3220533, 0.1601818, 2.852779
ShoulderCenter: -0.3677673, 0.5302445, 2.965391
Head: -0.3281402, 0.6994588, 2.968694
ShoulderLeft: -0.4901423, 0.3895324, 2.868774
ElbowLeft: -0.5240089, 0.1606041, 2.790579
WristLeft: -0.5014634, -0.06523035, 2.664007
HandLeft: -0.497912, -0.1655719, 2.618207
ShoulderRight: -0.1548893, 0.444942, 2.952151
ElbowRight: 0.08398272, 0.4979377, 2.894675
WristRight: 0.3011999, 0.5154401, 2.846404
HandRight: 0.400158, 0.5093431, 2.832668
HipLeft: -0.3684819, 0.04436165, 2.734983
KneeLeft: -0.3051761, -0.4832561, 2.661723
AnkleLeft: -0.3223577, -0.7787599, 2.573685
FootLeft: -0.2930398, -0.8363068, 2.463398
HipRight: -0.2159236, 0.05176444, 2.75159
KneeRight: -0.2706983, -0.4105083, 2.663509
AnkleRight: -0.2887508, -0.7776567, 2.578156
FootRight: -0.3102096, -0.833233, 2.455909
=========
HipCenter: -0.3021241, 0.1159426, 2.777131
Spine: -0.3212445, 0.1599451, 2.853112
ShoulderCenter: -0.367203, 0.5298815, 2.965733
Head: -0.3273131, 0.7002746, 2.96894
ShoulderLeft: -0.489334, 0.3890615, 2.86887
ElbowLeft: -0.5225021, 0.1584827, 2.789673
WristLeft: -0.5011814, -0.06634886, 2.663777
HandLeft: -0.497636, -0.1652369, 2.618566
ShoulderRight: -0.154587, 0.4448979, 2.952459
ElbowRight: 0.07645412, 0.4977789, 2.899636
WristRight: 0.2996377, 0.5163231, 2.848727
HandRight: 0.4003045, 0.5096725, 2.833066
HipLeft: -0.3677642, 0.04450054, 2.735142
KneeLeft: -0.305083, -0.4856076, 2.661812
AnkleLeft: -0.322142, -0.7785099, 2.573892
FootLeft: -0.2931941, -0.8361843, 2.463674
HipRight: -0.2151567, 0.05143645, 2.751963
KneeRight: -0.2707631, -0.4112533, 2.663755
AnkleRight: -0.2881731, -0.7779863, 2.578334
FootRight: -0.3101645, -0.8334172, 2.455768
=========
HipCenter: -0.3015381, 0.1158231, 2.777385
Spine: -0.3206596, 0.1597722, 2.853352
ShoulderCenter: -0.3667702, 0.5295745, 2.965932
Head: -0.326756, 0.7007448, 2.968966
ShoulderLeft: -0.4886639, 0.3886392, 2.86889
ElbowLeft: -0.52135, 0.1568677, 2.788977
WristLeft: -0.5009433, -0.06725808, 2.663594
HandLeft: -0.4973861, -0.164788, 2.619052
ShoulderRight: -0.1543452, 0.4448566, 2.952709
ElbowRight: 0.07223271, 0.4975809, 2.902799
WristRight: 0.2953406, 0.5170442, 2.850789
HandRight: 0.39893, 0.5102803, 2.833927
HipLeft: -0.3672398, 0.0445999, 2.735257
KneeLeft: -0.3050231, -0.4873506, 2.661878
AnkleLeft: -0.3219498, -0.7783372, 2.574064
FootLeft: -0.2933263, -0.8360836, 2.463899
HipRight: -0.2146149, 0.05119062, 2.75223
KneeRight: -0.270893, -0.4118129, 2.663955
AnkleRight: -0.287696, -0.7782404, 2.578462
FootRight: -0.3104926, -0.8336163, 2.456074
=========
HipCenter: -0.3011214, 0.1158207, 2.777611
Spine: -0.3202579, 0.1596919, 2.853537
ShoulderCenter: -0.3664918, 0.5292804, 2.966038
Head: -0.3260243, 0.7014201, 2.96942
ShoulderLeft: -0.4882026, 0.3883524, 2.868911
ElbowLeft: -0.525088, 0.1654936, 2.79297
WristLeft: -0.5009536, -0.06613876, 2.664432
HandLeft: -0.4971907, -0.1643519, 2.619484
ShoulderRight: -0.1541157, 0.4448226, 2.952941
ElbowRight: 0.07646, 0.4991966, 2.903577
WristRight: 0.2949129, 0.5176024, 2.851495
HandRight: 0.4001029, 0.5110367, 2.834272
HipLeft: -0.3668592, 0.04471558, 2.735369
KneeLeft: -0.3049457, -0.4886208, 2.661945
AnkleLeft: -0.3217754, -0.7782233, 2.574209
FootLeft: -0.2934417, -0.8359985, 2.464091
HipRight: -0.214226, 0.0510721, 2.752436
KneeRight: -0.2710606, -0.4122249, 2.664122
AnkleRight: -0.2872982, -0.7784322, 2.578559
FootRight: -0.3108287, -0.833791, 2.456374
=========
HipCenter: -0.3008153, 0.1158207, 2.777775
Spine: -0.319963, 0.1596322, 2.853672
ShoulderCenter: -0.3662821, 0.529024, 2.966103
Head: -0.3253905, 0.7019726, 2.969806
ShoulderLeft: -0.4878272, 0.3881327, 2.868909
ElbowLeft: -0.5247898, 0.1653603, 2.792989
WristLeft: -0.500806, -0.06658555, 2.6644
HandLeft: -0.4970289, -0.1639482, 2.619879
ShoulderRight: -0.1539146, 0.4447929, 2.953141
ElbowRight: 0.07662597, 0.4995909, 2.904605
WristRight: 0.2925642, 0.5183206, 2.852936
HandRight: 0.399458, 0.5115997, 2.834914
HipLeft: -0.3665835, 0.04479431, 2.735434
KneeLeft: -0.3048871, -0.4894135, 2.661998
AnkleLeft: -0.3216199, -0.7781555, 2.574332
FootLeft: -0.2935444, -0.8359247, 2.46426
HipRight: -0.2139294, 0.05098035, 2.752604
KneeRight: -0.2712552, -0.4125276, 2.66426
AnkleRight: -0.286969, -0.7785797, 2.578629
FootRight: -0.3112203, -0.8339472, 2.456479
=========
HipCenter: -0.3005952, 0.1158371, 2.777905
Spine: -0.3197468, 0.1595957, 2.853775
ShoulderCenter: -0.3661015, 0.5288151, 2.966132
Head: -0.3248408, 0.702457, 2.970145
ShoulderLeft: -0.4875276, 0.3879481, 2.868878
ElbowLeft: -0.5242209, 0.1646302, 2.792766
WristLeft: -0.5006832, -0.06706042, 2.664349
HandLeft: -0.4969096, -0.1635811, 2.620235
ShoulderRight: -0.1537397, 0.4447728, 2.953315
ElbowRight: 0.07675252, 0.4998914, 2.905399
WristRight: 0.2902954, 0.5191329, 2.854435
HandRight: 0.3986352, 0.5120946, 2.835526
HipLeft: -0.366391, 0.04485361, 2.735492
KneeLeft: -0.3048367, -0.49, 2.662043
AnkleLeft: -0.321494, -0.7781103, 2.574422
FootLeft: -0.2936059, -0.8358679, 2.464407
HipRight: -0.2137271, 0.05091819, 2.752713
KneeRight: -0.2714775, -0.412738, 2.664374
AnkleRight: -0.2866973, -0.778677, 2.578677
FootRight: -0.3115361, -0.8340741, 2.456547
=========
HipCenter: -0.300422, 0.115862, 2.778015
Spine: -0.3195821, 0.1595756, 2.853857
ShoulderCenter: -0.3659644, 0.5286316, 2.966118
Head: -0.3244929, 0.702796, 2.970316
ShoulderLeft: -0.4872857, 0.3877865, 2.868822
ElbowLeft: -0.5243841, 0.1654592, 2.793166
WristLeft: -0.5005915, -0.06739342, 2.66432
HandLeft: -0.4967914, -0.1630891, 2.620564
ShoulderRight: -0.1535923, 0.4447622, 2.95348
ElbowRight: 0.07716868, 0.5002704, 2.905888
WristRight: 0.2890027, 0.5198569, 2.855744
HandRight: 0.3982764, 0.5125512, 2.835994
HipLeft: -0.3662079, 0.04490201, 2.735584
KneeLeft: -0.3047936, -0.4904352, 2.662081
AnkleLeft: -0.3213831, -0.7780892, 2.574491
FootLeft: -0.2936725, -0.8358251, 2.464582
HipRight: -0.2135702, 0.05087898, 2.7528
KneeRight: -0.2716997, -0.4128821, 2.664467
AnkleRight: -0.2864547, -0.7787401, 2.578711
FootRight: -0.3117647, -0.8342096, 2.456541
=========
HipCenter: -0.3003003, 0.1158892, 2.778101
Spine: -0.3194625, 0.1595664, 2.853921
ShoulderCenter: -0.3658612, 0.5284913, 2.9661
Head: -0.3242759, 0.7030692, 2.970414
ShoulderLeft: -0.4871006, 0.3875751, 2.86869
ElbowLeft: -0.524358, 0.1657023, 2.79325
WristLeft: -0.500496, -0.06780899, 2.66424
HandLeft: -0.496709, -0.1626774, 2.62086
ShoulderRight: -0.1534879, 0.4447591, 2.953603
ElbowRight: 0.0780298, 0.5006976, 2.905943
WristRight: 0.288274, 0.5204439, 2.85674
HandRight: 0.3981422, 0.5129217, 2.836332
HipLeft: -0.3660788, 0.04493723, 2.735674
KneeLeft: -0.3047608, -0.4907517, 2.662113
AnkleLeft: -0.3212801, -0.7780893, 2.574542
FootLeft: -0.2937342, -0.8357924, 2.464738
HipRight: -0.2134601, 0.05085339, 2.75286
KneeRight: -0.271932, -0.4129764, 2.66454
AnkleRight: -0.2862487, -0.7787784, 2.57873
FootRight: -0.3119586, -0.8343326, 2.456626
=========
HipCenter: -0.3002594, 0.1160474, 2.778229
Spine: -0.3194187, 0.1596492, 2.854001
ShoulderCenter: -0.365802, 0.5283782, 2.966061
Head: -0.32412, 0.7033187, 2.970427
ShoulderLeft: -0.4869463, 0.3874364, 2.868593
ElbowLeft: -0.5254568, 0.1697678, 2.795049
WristLeft: -0.500527, -0.06715409, 2.664745
HandLeft: -0.4966409, -0.1622987, 2.621165
ShoulderRight: -0.1530281, 0.4454242, 2.954496
ElbowRight: 0.07950795, 0.5013155, 2.905679
WristRight: 0.2879625, 0.5209549, 2.857577
HandRight: 0.3981954, 0.5132397, 2.836591
HipLeft: -0.3660021, 0.04504633, 2.735808
KneeLeft: -0.3047486, -0.4909643, 2.662147
AnkleLeft: -0.3211904, -0.7780994, 2.574576
FootLeft: -0.2937927, -0.8357679, 2.464889
HipRight: -0.2134089, 0.05089409, 2.752931
KneeRight: -0.27215, -0.4130264, 2.664594
AnkleRight: -0.2860514, -0.778783, 2.578734
FootRight: -0.312086, -0.8344238, 2.456645
=========
HipCenter: -0.3002907, 0.1162158, 2.778343
Spine: -0.3194332, 0.1597549, 2.854077
ShoulderCenter: -0.3657717, 0.5283089, 2.966048
Head: -0.3240667, 0.7035285, 2.970373
ShoulderLeft: -0.4868314, 0.3873478, 2.868528
ElbowLeft: -0.5264263, 0.1733227, 2.79664
WristLeft: -0.5005914, -0.06640523, 2.665296
HandLeft: -0.4965922, -0.1619998, 2.621428
ShoulderRight: -0.1528382, 0.4457257, 2.954935
ElbowRight: 0.08101403, 0.5019302, 2.90537
WristRight: 0.287958, 0.5214999, 2.858689
HandRight: 0.3983414, 0.513594, 2.836914
HipLeft: -0.3659875, 0.04517078, 2.735964
KneeLeft: -0.3047584, -0.4910946, 2.662187
AnkleLeft: -0.3211032, -0.7781313, 2.574584
FootLeft: -0.2938544, -0.8357475, 2.465023
HipRight: -0.2134634, 0.0509871, 2.752975
KneeRight: -0.2723642, -0.4130295, 2.664631
AnkleRight: -0.2858618, -0.7787477, 2.578721
FootRight: -0.3121844, -0.8345144, 2.456526
=========
HipCenter: -0.3003501, 0.1163801, 2.778428
Spine: -0.3194809, 0.1598772, 2.854136
ShoulderCenter: -0.3657717, 0.5282903, 2.966033
Head: -0.3240502, 0.7037095, 2.970309
ShoulderLeft: -0.4867266, 0.3872802, 2.868456
ElbowLeft: -0.5272394, 0.1764305, 2.798099
WristLeft: -0.500694, -0.06552656, 2.66592
HandLeft: -0.4965727, -0.1616599, 2.621781
ShoulderRight: -0.1526985, 0.4459564, 2.955269
ElbowRight: 0.08273051, 0.5025557, 2.904852
WristRight: 0.2882609, 0.5221827, 2.859767
HandRight: 0.3986221, 0.5139325, 2.837205
HipLeft: -0.3659989, 0.04529005, 2.736113
KneeLeft: -0.304779, -0.4912506, 2.662206
AnkleLeft: -0.3210268, -0.7781662, 2.574582
FootLeft: -0.2939096, -0.8357319, 2.465145
HipRight: -0.2135724, 0.05112948, 2.752962
KneeRight: -0.2725631, -0.4130114, 2.664659
AnkleRight: -0.2856858, -0.7786971, 2.578703
FootRight: -0.3121871, -0.8345731, 2.456539
=========
HipCenter: -0.3004466, 0.1165429, 2.7785
Spine: -0.319565, 0.1600051, 2.854188
ShoulderCenter: -0.3658264, 0.5282906, 2.966015
Head: -0.3240983, 0.7038832, 2.970085
ShoulderLeft: -0.4866894, 0.3872731, 2.868422
ElbowLeft: -0.5279036, 0.1790325, 2.799342
WristLeft: -0.5008128, -0.06458476, 2.666566
HandLeft: -0.4965616, -0.1614201, 2.622055
ShoulderRight: -0.152652, 0.4461111, 2.955494
ElbowRight: 0.08315974, 0.5027719, 2.904816
WristRight: 0.2879723, 0.522471, 2.860331
HandRight: 0.3984846, 0.5140622, 2.837383
HipLeft: -0.3660475, 0.04540082, 2.736278
KneeLeft: -0.3048341, -0.491467, 2.662206
AnkleLeft: -0.3209585, -0.7782047, 2.574575
FootLeft: -0.2939677, -0.8357154, 2.465264
HipRight: -0.2137463, 0.05131491, 2.75291
KneeRight: -0.2727579, -0.4129729, 2.664675
AnkleRight: -0.2855256, -0.7786319, 2.578677
FootRight: -0.3121704, -0.8346277, 2.456516
=========
HipCenter: -0.3005701, 0.1166983, 2.778553
Spine: -0.3196848, 0.1601487, 2.854225
ShoulderCenter: -0.3659472, 0.5283582, 2.965946
Head: -0.3242362, 0.704002, 2.969884
ShoulderLeft: -0.4866766, 0.3872836, 2.868395
ElbowLeft: -0.5275474, 0.1784443, 2.79916
WristLeft: -0.5007609, -0.06498418, 2.666474
HandLeft: -0.4965577, -0.1612113, 2.622305
ShoulderRight: -0.1526296, 0.4462431, 2.955679
ElbowRight: 0.08315321, 0.5028782, 2.90481
WristRight: 0.2866857, 0.5226005, 2.860846
HandRight: 0.3974164, 0.5142566, 2.837792
HipLeft: -0.3661286, 0.04548893, 2.736444
KneeLeft: -0.3049521, -0.4918065, 2.662169
AnkleLeft: -0.3208919, -0.7782556, 2.574558
FootLeft: -0.2940161, -0.8357019, 2.465378
HipRight: -0.2139559, 0.0515139, 2.752824
KneeRight: -0.2729358, -0.412925, 2.664684
AnkleRight: -0.2853731, -0.7785565, 2.578643
FootRight: -0.3121461, -0.8346747, 2.456494
=========
HipCenter: -0.3007166, 0.1168259, 2.778576
Spine: -0.3198368, 0.1602766, 2.854231
ShoulderCenter: -0.3661394, 0.5284262, 2.965812
Head: -0.324396, 0.7040843, 2.969765
ShoulderLeft: -0.4866813, 0.387307, 2.868371
ElbowLeft: -0.5270073, 0.1771573, 2.798741
WristLeft: -0.5006929, -0.06552197, 2.666287
HandLeft: -0.4965726, -0.1610302, 2.622596
ShoulderRight: -0.1526256, 0.4463506, 2.955829
ElbowRight: 0.08360228, 0.5030498, 2.904703
WristRight: 0.2864618, 0.5227764, 2.86113
HandRight: 0.3972872, 0.5143809, 2.837931
HipLeft: -0.3662274, 0.04554164, 2.73659
KneeLeft: -0.3051476, -0.4924184, 2.662015
AnkleLeft: -0.3208393, -0.7782921, 2.574544
FootLeft: -0.2940579, -0.835691, 2.465457
HipRight: -0.2141992, 0.0517087, 2.752694
KneeRight: -0.2731031, -0.4128709, 2.664686
AnkleRight: -0.2852513, -0.7784696, 2.578611
FootRight: -0.3120597, -0.834718, 2.456468
=========
HipCenter: -0.3008726, 0.1169428, 2.778587
Spine: -0.3199938, 0.1603965, 2.85423
ShoulderCenter: -0.3663374, 0.5284894, 2.965678
Head: -0.3245727, 0.7041389, 2.969646
ShoulderLeft: -0.4866861, 0.3873529, 2.86836
ElbowLeft: -0.5263711, 0.1755169, 2.798147
WristLeft: -0.5006614, -0.0656089, 2.666198
HandLeft: -0.4965771, -0.1608196, 2.622867
ShoulderRight: -0.1526627, 0.4464539, 2.955946
ElbowRight: 0.08484893, 0.5033599, 2.904115
WristRight: 0.2868108, 0.5230606, 2.861303
HandRight: 0.397716, 0.5145705, 2.837942
HipLeft: -0.3663287, 0.04558895, 2.73672
KneeLeft: -0.3053789, -0.4930835, 2.66184
AnkleLeft: -0.3207839, -0.7783364, 2.574529
FootLeft: -0.2940952, -0.8356816, 2.465527
HipRight: -0.2144855, 0.05190656, 2.752567
KneeRight: -0.2732565, -0.4128122, 2.664682
AnkleRight: -0.2851432, -0.7783806, 2.578578
FootRight: -0.3119735, -0.8347694, 2.45641
=========
HipCenter: -0.3010545, 0.1170974, 2.778597
Spine: -0.3201857, 0.160568, 2.854223
ShoulderCenter: -0.3666505, 0.5286137, 2.965459
Head: -0.324781, 0.7041901, 2.969541
ShoulderLeft: -0.4866946, 0.3874064, 2.868352
ElbowLeft: -0.5265254, 0.1756262, 2.798316
WristLeft: -0.5006621, -0.06556436, 2.666185
HandLeft: -0.4965792, -0.1606245, 2.62311
ShoulderRight: -0.1526907, 0.4468088, 2.956156
ElbowRight: 0.08605576, 0.5036573, 2.903517
WristRight: 0.2872945, 0.5233955, 2.861427
HandRight: 0.3982379, 0.5147474, 2.837909
HipLeft: -0.3664342, 0.04564632, 2.736852
KneeLeft: -0.3056036, -0.49371, 2.661672
AnkleLeft: -0.3207285, -0.778381, 2.574512
FootLeft: -0.2941269, -0.8356743, 2.465586
HipRight: -0.2147761, 0.05214499, 2.752447
KneeRight: -0.273403, -0.412752, 2.664672
AnkleRight: -0.2850474, -0.7782978, 2.578547
FootRight: -0.3118767, -0.834834, 2.456304
=========
HipCenter: -0.3012762, 0.1172847, 2.778597
Spine: -0.3203902, 0.1607668, 2.854206
ShoulderCenter: -0.3669476, 0.5287433, 2.965203
Head: -0.324973, 0.70424, 2.969472
ShoulderLeft: -0.486781, 0.3876226, 2.868466
ElbowLeft: -0.5268123, 0.1759443, 2.798616
WristLeft: -0.5006812, -0.06544149, 2.666185
HandLeft: -0.4965947, -0.1604776, 2.623317
ShoulderRight: -0.1527945, 0.4470974, 2.956285
ElbowRight: 0.0871678, 0.5039372, 2.902909
WristRight: 0.2880258, 0.5238153, 2.862025
HandRight: 0.3987072, 0.5148839, 2.83792
HipLeft: -0.3665585, 0.04572016, 2.736982
KneeLeft: -0.3058416, -0.4943329, 2.661505
AnkleLeft: -0.3206789, -0.7784226, 2.574491
FootLeft: -0.2941465, -0.8356681, 2.465634
HipRight: -0.2151664, 0.05247042, 2.752325
KneeRight: -0.2735348, -0.4126921, 2.664661
AnkleRight: -0.2849542, -0.7782183, 2.578516
FootRight: -0.311775, -0.8349006, 2.456156
=========
HipCenter: -0.3015127, 0.1174725, 2.778589
Spine: -0.3206061, 0.1609687, 2.854182
ShoulderCenter: -0.3672435, 0.5288704, 2.964943
Head: -0.3251791, 0.7042996, 2.969425
ShoulderLeft: -0.4868853, 0.3878391, 2.868591
ElbowLeft: -0.5266087, 0.1737652, 2.797506
WristLeft: -0.5006846, -0.06544255, 2.66617
HandLeft: -0.4966121, -0.1603458, 2.623497
ShoulderRight: -0.1529237, 0.4473484, 2.956379
ElbowRight: 0.08815538, 0.5041907, 2.902336
WristRight: 0.288609, 0.5241371, 2.862006
HandRight: 0.3993362, 0.5151481, 2.837858
HipLeft: -0.3666989, 0.0457903, 2.737119
KneeLeft: -0.3060673, -0.4949154, 2.661355
AnkleLeft: -0.3206378, -0.7784582, 2.574474
FootLeft: -0.2941621, -0.8356628, 2.465676
HipRight: -0.215594, 0.05283143, 2.752178
KneeRight: -0.2736607, -0.4126392, 2.664646
AnkleRight: -0.2848725, -0.7781554, 2.578487
FootRight: -0.3116387, -0.8349581, 2.455979
=========
HipCenter: -0.3017622, 0.1176985, 2.7786
Spine: -0.3208309, 0.1611869, 2.854171
ShoulderCenter: -0.3674767, 0.5289485, 2.964758
Head: -0.3260193, 0.7044796, 2.969695
ShoulderLeft: -0.4870045, 0.3879515, 2.868644
ElbowLeft: -0.5264273, 0.1717359, 2.796472
WristLeft: -0.5006911, -0.06545053, 2.666148
HandLeft: -0.4966123, -0.1602782, 2.623581
ShoulderRight: -0.1531644, 0.4479871, 2.956683
ElbowRight: 0.08820496, 0.5042014, 2.902285
WristRight: 0.2883036, 0.5244024, 2.862059
HandRight: 0.3990607, 0.5152732, 2.837864
HipLeft: -0.3668403, 0.04586429, 2.737257
KneeLeft: -0.3062806, -0.4954495, 2.661224
AnkleLeft: -0.320588, -0.7784998, 2.574448
FootLeft: -0.294174, -0.8356587, 2.465711
HipRight: -0.2160113, 0.05323628, 2.752048
KneeRight: -0.2737678, -0.4125955, 2.664628
AnkleRight: -0.2847868, -0.7781052, 2.578459
FootRight: -0.3115029, -0.8350067, 2.455857
=========
HipCenter: -0.3020064, 0.1179068, 2.778605
Spine: -0.3210649, 0.1613908, 2.854157
ShoulderCenter: -0.3679876, 0.5291171, 2.964608
Head: -0.3269196, 0.7047018, 2.970108
ShoulderLeft: -0.487141, 0.3880388, 2.868687
ElbowLeft: -0.5260361, 0.1695006, 2.795225
WristLeft: -0.5004877, -0.06732444, 2.665343
HandLeft: -0.4965749, -0.1603071, 2.623569
ShoulderRight: -0.1534393, 0.4485243, 2.956946
ElbowRight: 0.08866213, 0.5043207, 2.901908
WristRight: 0.2885525, 0.5246746, 2.862039
HandRight: 0.399288, 0.5154073, 2.837807
HipLeft: -0.3669739, 0.04593002, 2.737375
KneeLeft: -0.3063371, -0.4944881, 2.66107
AnkleLeft: -0.3205476, -0.7785475, 2.574415
FootLeft: -0.2941748, -0.8356577, 2.465728
HipRight: -0.2163851, 0.05359706, 2.751936
KneeRight: -0.2738409, -0.4125705, 2.664616
AnkleRight: -0.2847069, -0.778072, 2.578431
FootRight: -0.3113594, -0.8350717, 2.455623
=========
HipCenter: -0.3022296, 0.1180812, 2.778603
Spine: -0.3212833, 0.16157, 2.854139
ShoulderCenter: -0.3683302, 0.5292432, 2.964485
Head: -0.3279379, 0.7049348, 2.970549
ShoulderLeft: -0.4872688, 0.3880893, 2.868678
ElbowLeft: -0.5256146, 0.1675315, 2.794099
WristLeft: -0.5004754, -0.06805884, 2.664926
HandLeft: -0.4965385, -0.1603482, 2.623543
ShoulderRight: -0.1537472, 0.4488802, 2.957074
ElbowRight: 0.0890796, 0.5044345, 2.901511
WristRight: 0.2888219, 0.5248419, 2.861921
HandRight: 0.3995677, 0.5154895, 2.837684
HipLeft: -0.3670961, 0.04597914, 2.737463
KneeLeft: -0.306253, -0.4928244, 2.660976
AnkleLeft: -0.320517, -0.7785871, 2.574384
FootLeft: -0.2941599, -0.8356588, 2.46573
HipRight: -0.216721, 0.05389527, 2.751852
KneeRight: -0.2738961, -0.4125476, 2.664606
AnkleRight: -0.2846076, -0.7780387, 2.578403
FootRight: -0.3112229, -0.8351322, 2.455392
=========
HipCenter: -0.302454, 0.1182467, 2.778601
Spine: -0.3215106, 0.1617378, 2.854124
ShoulderCenter: -0.3688418, 0.5293564, 2.964411
Head: -0.3288322, 0.7050977, 2.970842
ShoulderLeft: -0.4874484, 0.3881238, 2.868646
ElbowLeft: -0.5251462, 0.1657618, 2.793072
WristLeft: -0.500505, -0.06844265, 2.664636
HandLeft: -0.4965124, -0.1603937, 2.623503
ShoulderRight: -0.1540874, 0.4491239, 2.957102
ElbowRight: 0.08898199, 0.5043725, 2.901363
WristRight: 0.288561, 0.5248857, 2.861696
HandRight: 0.3994252, 0.5155945, 2.837609
HipLeft: -0.3672136, 0.04602247, 2.737539
KneeLeft: -0.3060409, -0.4906529, 2.660903
AnkleLeft: -0.32049, -0.7786248, 2.574355
FootLeft: -0.2941413, -0.8356601, 2.465729
HipRight: -0.2170319, 0.05417546, 2.751779
KneeRight: -0.2739426, -0.4125195, 2.664593
AnkleRight: -0.2844967, -0.7779992, 2.578372
FootRight: -0.3110782, -0.835183, 2.455199
=========
HipCenter: -0.302668, 0.1183269, 2.77859
Spine: -0.3217427, 0.1618335, 2.854101
ShoulderCenter: -0.369396, 0.529407, 2.964314
Head: -0.3296886, 0.7052009, 2.971056
ShoulderLeft: -0.4877093, 0.3880796, 2.86852
ElbowLeft: -0.5245616, 0.1636526, 2.791672
WristLeft: -0.5005402, -0.06874635, 2.664386
HandLeft: -0.4965182, -0.1603735, 2.62349
ShoulderRight: -0.1544682, 0.449298, 2.957052
ElbowRight: 0.08902648, 0.5043656, 2.901194
WristRight: 0.2885036, 0.5249621, 2.861493
HandRight: 0.3994322, 0.5156793, 2.837541
HipLeft: -0.3673227, 0.04603175, 2.737593
KneeLeft: -0.3058365, -0.4886902, 2.660884
AnkleLeft: -0.3204639, -0.7786629, 2.574325
FootLeft: -0.294121, -0.8356614, 2.465723
HipRight: -0.2172924, 0.05428666, 2.751742
KneeRight: -0.2739776, -0.4128462, 2.664479
AnkleRight: -0.2841586, -0.7785102, 2.578213
FootRight: -0.310944, -0.8352288, 2.455023
=========
HipCenter: -0.3029262, 0.118412, 2.778586
Spine: -0.3219895, 0.1619251, 2.854086
ShoulderCenter: -0.3698975, 0.5294247, 2.964236
Head: -0.3308732, 0.7052343, 2.970901
ShoulderLeft: -0.4882313, 0.3878977, 2.868303
ElbowLeft: -0.5241365, 0.1618574, 2.790521
WristLeft: -0.5005811, -0.06898608, 2.664161
HandLeft: -0.4965337, -0.1603511, 2.623446
ShoulderRight: -0.1548805, 0.4494268, 2.956929
ElbowRight: 0.0890851, 0.5043718, 2.901014
WristRight: 0.2885169, 0.5250172, 2.861357
HandRight: 0.3994911, 0.5158057, 2.837453
HipLeft: -0.3674908, 0.0460237, 2.737668
KneeLeft: -0.3056133, -0.4866667, 2.660887
AnkleLeft: -0.3204446, -0.7786912, 2.574301
FootLeft: -0.2940895, -0.8356603, 2.465705
HipRight: -0.2175861, 0.05441375, 2.751699
KneeRight: -0.2739801, -0.4129999, 2.66441
AnkleRight: -0.2838202, -0.7788254, 2.578099
FootRight: -0.310799, -0.8352905, 2.454629
=========
HipCenter: -0.303229, 0.1185051, 2.778582
Spine: -0.322258, 0.1620221, 2.854072
ShoulderCenter: -0.3703234, 0.5294442, 2.964173
Head: -0.3319719, 0.7052321, 2.970589
ShoulderLeft: -0.4887542, 0.3877254, 2.868112
ElbowLeft: -0.5237849, 0.1603883, 2.789597
WristLeft: -0.5006291, -0.06917857, 2.663965
HandLeft: -0.4965527, -0.1603301, 2.62339
ShoulderRight: -0.1553059, 0.4495058, 2.956762
ElbowRight: 0.0735725, 0.5023792, 2.903447
WristRight: 0.2862417, 0.5248752, 2.861215
HandRight: 0.3974857, 0.5161029, 2.837527
HipLeft: -0.3677214, 0.04600573, 2.737777
KneeLeft: -0.3053942, -0.484812, 2.660932
AnkleLeft: -0.3204231, -0.7787254, 2.574271
FootLeft: -0.2940745, -0.8356575, 2.465709
HipRight: -0.218013, 0.0546221, 2.751605
KneeRight: -0.273979, -0.413063, 2.664372
AnkleRight: -0.283503, -0.7789981, 2.578024
FootRight: -0.3106513, -0.8353558, 2.454221
=========
HipCenter: -0.3035131, 0.1185865, 2.778576
Spine: -0.3225055, 0.1621096, 2.85406
ShoulderCenter: -0.3705892, 0.5294707, 2.964122
Head: -0.332868, 0.7051979, 2.970369
ShoulderLeft: -0.4893139, 0.3874791, 2.867877
ElbowLeft: -0.5235022, 0.1591807, 2.788782
WristLeft: -0.500675, -0.07008014, 2.663281
HandLeft: -0.4965272, -0.1603932, 2.623236
ShoulderRight: -0.1557176, 0.449553, 2.956568
ElbowRight: 0.06782275, 0.5015301, 2.904402
WristRight: 0.2841333, 0.5247473, 2.861205
HandRight: 0.3956291, 0.5163648, 2.837751
HipLeft: -0.3679555, 0.0459806, 2.737876
KneeLeft: -0.3052721, -0.4835273, 2.660952
AnkleLeft: -0.3203954, -0.7787572, 2.574241
FootLeft: -0.2940479, -0.8356564, 2.465657
HipRight: -0.2184057, 0.05480849, 2.751516
KneeRight: -0.2739777, -0.4131073, 2.66434
AnkleRight: -0.2832179, -0.7791286, 2.577956
FootRight: -0.3105224, -0.8354083, 2.453826
