=========
HipCenter: -0.4057763, 0.1225758, 2.704396
Spine: -0.4199262, 0.1724571, 2.778346
ShoulderCenter: -0.4352417, 0.5506102, 2.870764
Head: -0.3963246, 0.7297722, 2.864845
ShoulderLeft: -0.5739059, 0.4086193, 2.788634
ElbowLeft: -0.6042285, 0.1373881, 2.696267
WristLeft: -0.6109457, -0.06436309, 2.602304
HandLeft: -0.602257, -0.1522834, 2.550256
ShoulderRight: -0.23434, 0.4622186, 2.875742
ElbowRight: -0.006671972, 0.4879291, 2.867676
WristRight: 0.2292015, 0.4919949, 2.839462
HandRight: 0.3301913, 0.4809648, 2.825539
HipLeft: -0.4771723, 0.03779038, 2.656959
KneeLeft: -0.4007699, -0.4470903, 2.580623
AnkleLeft: -0.4074645, -0.7490954, 2.48611
FootLeft: -0.3776455, -0.8062538, 2.374805
HipRight: -0.3243676, 0.06191006, 2.6903
KneeRight: -0.3944309, -0.4879777, 2.579316
AnkleRight: -0.3820458, -0.747592, 2.491036
FootRight: -0.3828484, -0.8027711, 2.377233
=========
HipCenter: -0.4057841, 0.1225687, 2.704491
Spine: -0.4199403, 0.1724099, 2.778434
ShoulderCenter: -0.4354621, 0.5503529, 2.87094
Head: -0.3982833, 0.7283924, 2.863164
ShoulderLeft: -0.5740733, 0.408482, 2.78867
ElbowLeft: -0.6045951, 0.1371724, 2.696728
WristLeft: -0.5924187, -0.06710089, 2.590866
HandLeft: -0.5994883, -0.1421599, 2.550314
ShoulderRight: -0.2342884, 0.4623492, 2.875934
ElbowRight: -0.006765013, 0.4879207, 2.86761
WristRight: 0.2292022, 0.491812, 2.839391
HandRight: 0.3313159, 0.4807039, 2.825689
HipLeft: -0.4772351, 0.03757087, 2.656713
KneeLeft: -0.4229425, -0.4033065, 2.576927
AnkleLeft: -0.4082028, -0.7455621, 2.486249
FootLeft: -0.3777337, -0.8062626, 2.374857
HipRight: -0.32435, 0.06190029, 2.690418
KneeRight: -0.3823959, -0.4309177, 2.584716
AnkleRight: -0.3818526, -0.7477361, 2.491158
FootRight: -0.3846205, -0.8033142, 2.377271
=========
HipCenter: -0.4057726, 0.122546, 2.704465
Spine: -0.4199361, 0.1723855, 2.778417
ShoulderCenter: -0.4355064, 0.5502957, 2.870928
Head: -0.3992353, 0.727917, 2.862544
ShoulderLeft: -0.5741011, 0.4083308, 2.788589
ElbowLeft: -0.6046501, 0.1371607, 2.696785
WristLeft: -0.5888083, -0.06766049, 2.588423
HandLeft: -0.5983216, -0.140354, 2.54995
ShoulderRight: -0.2342809, 0.4623649, 2.875957
ElbowRight: -0.006698932, 0.4880559, 2.867289
WristRight: 0.2284735, 0.4919611, 2.838854
HandRight: 0.3313203, 0.4815334, 2.824839
HipLeft: -0.4771994, 0.03745065, 2.656517
KneeLeft: -0.4182794, -0.412932, 2.578376
AnkleLeft: -0.4083833, -0.7452571, 2.486193
FootLeft: -0.3777581, -0.8062681, 2.374855
HipRight: -0.3243384, 0.06189005, 2.690423
KneeRight: -0.3751528, -0.3975751, 2.588949
AnkleRight: -0.3817209, -0.7478055, 2.491214
FootRight: -0.3850338, -0.8034345, 2.377234
=========
HipCenter: -0.4057572, 0.1225187, 2.704419
Spine: -0.4199304, 0.1723595, 2.778387
ShoulderCenter: -0.4355414, 0.5502555, 2.870911
Head: -0.4000535, 0.7275411, 2.862045
ShoulderLeft: -0.5741068, 0.4081582, 2.788472
ElbowLeft: -0.604686, 0.1371589, 2.696818
WristLeft: -0.5860107, -0.06831516, 2.586491
HandLeft: -0.5966437, -0.1393392, 2.549112
ShoulderRight: -0.2342746, 0.462377, 2.875973
ElbowRight: -0.006613735, 0.4882249, 2.866867
WristRight: 0.2260847, 0.4925561, 2.837696
HandRight: 0.3307076, 0.4820842, 2.824269
HipLeft: -0.4771569, 0.03733416, 2.656318
KneeLeft: -0.413324, -0.4228882, 2.579622
AnkleLeft: -0.4085425, -0.7451498, 2.486118
FootLeft: -0.3777884, -0.8062679, 2.374858
HipRight: -0.3243228, 0.0618798, 2.690404
KneeRight: -0.3725032, -0.3853422, 2.590428
AnkleRight: -0.3815941, -0.7478709, 2.491264
FootRight: -0.3853941, -0.8035196, 2.377274
=========
HipCenter: -0.4056894, 0.1224927, 2.704324
Spine: -0.4198946, 0.1723311, 2.778323
ShoulderCenter: -0.4355705, 0.5502224, 2.870882
Head: -0.4007372, 0.7272387, 2.861639
ShoulderLeft: -0.5741022, 0.4079733, 2.788334
ElbowLeft: -0.604702, 0.1372122, 2.696823
WristLeft: -0.5840784, -0.0687689, 2.585122
HandLeft: -0.5950735, -0.1387732, 2.548264
ShoulderRight: -0.2342663, 0.4623832, 2.875976
ElbowRight: -0.006468822, 0.4884178, 2.866347
WristRight: 0.2248043, 0.4928279, 2.836812
HandRight: 0.3305466, 0.4824342, 2.823815
HipLeft: -0.476961, 0.03745778, 2.656091
KneeLeft: -0.4095522, -0.4302785, 2.580395
AnkleLeft: -0.4087128, -0.7452332, 2.486023
FootLeft: -0.3778143, -0.8062689, 2.37486
HipRight: -0.3239938, 0.06156585, 2.690094
KneeRight: -0.3708098, -0.3775015, 2.591325
AnkleRight: -0.3814422, -0.7479313, 2.491324
FootRight: -0.3856914, -0.8035923, 2.377312
=========
HipCenter: -0.4055107, 0.1224805, 2.704126
Spine: -0.4197937, 0.1723017, 2.778182
ShoulderCenter: -0.4355977, 0.5501925, 2.87083
Head: -0.4013447, 0.7269819, 2.861305
ShoulderLeft: -0.5740969, 0.4077516, 2.788143
ElbowLeft: -0.6047047, 0.1372718, 2.696808
WristLeft: -0.58266, -0.06913922, 2.584106
HandLeft: -0.5936595, -0.1385324, 2.547463
ShoulderRight: -0.2342589, 0.4623884, 2.875972
ElbowRight: -0.00629419, 0.4886174, 2.865818
WristRight: 0.2240905, 0.4929966, 2.83587
HandRight: 0.3295247, 0.4813896, 2.823771
HipLeft: -0.4765108, 0.03791546, 2.655758
KneeLeft: -0.4069065, -0.4353706, 2.580827
AnkleLeft: -0.4088811, -0.7454098, 2.485933
FootLeft: -0.377849, -0.8062688, 2.374863
HipRight: -0.323272, 0.06092129, 2.689383
KneeRight: -0.3697003, -0.3725387, 2.591847
AnkleRight: -0.3813248, -0.7479553, 2.491367
FootRight: -0.3859383, -0.8036533, 2.37735
=========
HipCenter: -0.4052516, 0.1224694, 2.703859
Spine: -0.419629, 0.1722672, 2.777979
ShoulderCenter: -0.4356192, 0.5501634, 2.870749
Head: -0.4019622, 0.7267638, 2.860912
ShoulderLeft: -0.5740748, 0.4075364, 2.787913
ElbowLeft: -0.6046672, 0.1374174, 2.696761
WristLeft: -0.5816143, -0.06943484, 2.58331
HandLeft: -0.5923945, -0.1385791, 2.54669
ShoulderRight: -0.2342391, 0.4623937, 2.875925
ElbowRight: -0.006169101, 0.488786, 2.865309
WristRight: 0.2220376, 0.4934991, 2.834217
HandRight: 0.3288437, 0.4811556, 2.823493
HipLeft: -0.4759713, 0.03851087, 2.655455
KneeLeft: -0.4051116, -0.4386945, 2.581014
AnkleLeft: -0.4090255, -0.7456595, 2.485849
FootLeft: -0.3778771, -0.806273, 2.37488
HipRight: -0.3223332, 0.06006209, 2.688392
KneeRight: -0.369211, -0.3706012, 2.591938
AnkleRight: -0.3811835, -0.7479745, 2.491422
FootRight: -0.3861816, -0.8037165, 2.377393
=========
HipCenter: -0.404917, 0.1224477, 2.703519
Spine: -0.4193994, 0.1722233, 2.777706
ShoulderCenter: -0.435639, 0.5501397, 2.870627
Head: -0.4024866, 0.7265752, 2.860551
ShoulderLeft: -0.5740557, 0.4072846, 2.78764
ElbowLeft: -0.6046256, 0.1376281, 2.696726
WristLeft: -0.580846, -0.06967022, 2.582688
HandLeft: -0.5913038, -0.1387954, 2.545966
ShoulderRight: -0.2342034, 0.4623811, 2.875817
ElbowRight: -0.006030245, 0.4889625, 2.864762
WristRight: 0.2209947, 0.493739, 2.832932
HandRight: 0.3285806, 0.4810329, 2.8231
HipLeft: -0.4754311, 0.03911962, 2.65518
KneeLeft: -0.4038557, -0.4409838, 2.581107
AnkleLeft: -0.4091572, -0.7459434, 2.485792
FootLeft: -0.3778952, -0.8062783, 2.374893
HipRight: -0.3212321, 0.05900066, 2.687184
KneeRight: -0.3697679, -0.3747211, 2.590964
AnkleRight: -0.3809688, -0.7480163, 2.491497
FootRight: -0.3863496, -0.8037753, 2.377377
=========
HipCenter: -0.4045593, 0.1224128, 2.703126
Spine: -0.4191492, 0.1721685, 2.777378
ShoulderCenter: -0.4357391, 0.5500998, 2.870374
Head: -0.4029555, 0.7264145, 2.860211
ShoulderLeft: -0.5740063, 0.4070128, 2.787339
ElbowLeft: -0.604566, 0.1378969, 2.696665
WristLeft: -0.5802886, -0.06985702, 2.582208
HandLeft: -0.5903636, -0.1391161, 2.54529
ShoulderRight: -0.2341447, 0.4623321, 2.875621
ElbowRight: -0.00584846, 0.4891502, 2.864196
WristRight: 0.2197959, 0.4940459, 2.831707
HandRight: 0.3282393, 0.4809614, 2.822725
HipLeft: -0.4748887, 0.03976274, 2.654895
KneeLeft: -0.4029698, -0.4425852, 2.581158
AnkleLeft: -0.4092737, -0.7462493, 2.485734
FootLeft: -0.3779103, -0.8062854, 2.374907
HipRight: -0.3202372, 0.05791708, 2.686012
KneeRight: -0.3699744, -0.3766071, 2.590438
AnkleRight: -0.3805968, -0.7480844, 2.491625
FootRight: -0.3864554, -0.8038244, 2.377384
=========
HipCenter: -0.4041643, 0.1224014, 2.7027
Spine: -0.4188679, 0.1721343, 2.777012
ShoulderCenter: -0.4358447, 0.5500808, 2.870086
Head: -0.403349, 0.7262825, 2.859912
ShoulderLeft: -0.5739189, 0.4067214, 2.786983
ElbowLeft: -0.6045102, 0.1381962, 2.696611
WristLeft: -0.5799028, -0.07000843, 2.581838
HandLeft: -0.5895767, -0.1394698, 2.544666
ShoulderRight: -0.2340748, 0.4622857, 2.875386
ElbowRight: -0.005405567, 0.4893904, 2.863446
WristRight: 0.2191296, 0.4942492, 2.830653
HandRight: 0.3281301, 0.4809, 2.822376
HipLeft: -0.4743026, 0.04052788, 2.654616
KneeLeft: -0.4023566, -0.4437164, 2.581172
AnkleLeft: -0.4093751, -0.7465554, 2.485679
FootLeft: -0.3779286, -0.8062922, 2.374925
HipRight: -0.3193676, 0.05700059, 2.68499
KneeRight: -0.370777, -0.3817136, 2.589381
AnkleRight: -0.3803674, -0.7481298, 2.491705
FootRight: -0.3865, -0.8039104, 2.377213
=========
HipCenter: -0.4036176, 0.1223655, 2.702172
Spine: -0.4184834, 0.1720745, 2.776572
ShoulderCenter: -0.4359529, 0.5500593, 2.869801
Head: -0.403684, 0.7261513, 2.859643
ShoulderLeft: -0.5738083, 0.4064342, 2.786614
ElbowLeft: -0.6044546, 0.1384967, 2.696558
WristLeft: -0.579633, -0.07017629, 2.581523
HandLeft: -0.5889056, -0.1399528, 2.544051
ShoulderRight: -0.2339763, 0.4621757, 2.874983
ElbowRight: -0.005068699, 0.4895701, 2.862824
WristRight: 0.2188873, 0.4943605, 2.829544
HandRight: 0.3285657, 0.4812921, 2.821222
HipLeft: -0.4736421, 0.04130128, 2.65434
KneeLeft: -0.4019442, -0.4444875, 2.581191
AnkleLeft: -0.4094329, -0.7468833, 2.485601
FootLeft: -0.3779438, -0.8063003, 2.374943
HipRight: -0.3183452, 0.05608113, 2.683899
KneeRight: -0.3713617, -0.3859375, 2.588457
AnkleRight: -0.3801382, -0.748181, 2.49178
FootRight: -0.3865581, -0.8042386, 2.375905
=========
HipCenter: -0.4030977, 0.1223367, 2.701629
Spine: -0.4181036, 0.1720266, 2.776097
ShoulderCenter: -0.4360647, 0.5500593, 2.86946
Head: -0.4039723, 0.7260219, 2.859391
ShoulderLeft: -0.5736447, 0.4061275, 2.78618
ElbowLeft: -0.6044279, 0.1386746, 2.696507
WristLeft: -0.5794547, -0.07034984, 2.581241
HandLeft: -0.5883314, -0.1404773, 2.543427
ShoulderRight: -0.2338816, 0.4620476, 2.874503
ElbowRight: -0.004734776, 0.4897408, 2.862224
WristRight: 0.2188669, 0.4944182, 2.828548
HandRight: 0.3291872, 0.4816882, 2.820065
HipLeft: -0.4730459, 0.04205292, 2.654069
KneeLeft: -0.4016322, -0.4450696, 2.581187
AnkleLeft: -0.4094754, -0.7472147, 2.485526
FootLeft: -0.3779582, -0.8063092, 2.37496
HipRight: -0.3175325, 0.0553212, 2.682961
KneeRight: -0.3715903, -0.388037, 2.587981
AnkleRight: -0.3798894, -0.7482424, 2.49186
FootRight: -0.3866037, -0.8045469, 2.374644
=========
HipCenter: -0.4025848, 0.1223068, 2.701041
Spine: -0.4177382, 0.171983, 2.775546
ShoulderCenter: -0.4361953, 0.5500536, 2.868923
Head: -0.4042011, 0.7259102, 2.859164
ShoulderLeft: -0.5731307, 0.4057909, 2.785338
ElbowLeft: -0.6043594, 0.1387689, 2.696318
WristLeft: -0.5793652, -0.07050879, 2.580986
HandLeft: -0.5878554, -0.140949, 2.542794
ShoulderRight: -0.2337761, 0.4618889, 2.873892
ElbowRight: -0.00402927, 0.4899566, 2.861431
WristRight: 0.2190797, 0.4944353, 2.827452
HandRight: 0.3299599, 0.4820734, 2.818916
HipLeft: -0.4724594, 0.04282507, 2.65375
KneeLeft: -0.4014027, -0.4454945, 2.581186
AnkleLeft: -0.4095088, -0.7475212, 2.485456
FootLeft: -0.3779716, -0.8063191, 2.374975
HipRight: -0.3168883, 0.05469706, 2.682175
KneeRight: -0.3718276, -0.3905272, 2.587468
AnkleRight: -0.3796386, -0.7483086, 2.491946
FootRight: -0.3866889, -0.8046994, 2.374139
=========
HipCenter: -0.4021029, 0.1222758, 2.700483
Spine: -0.4173744, 0.171949, 2.774999
ShoulderCenter: -0.4362614, 0.5500812, 2.86833
Head: -0.4043939, 0.725813, 2.858947
ShoulderLeft: -0.5725914, 0.4054582, 2.784438
ElbowLeft: -0.6042795, 0.1388284, 2.696073
WristLeft: -0.5793319, -0.07066117, 2.580744
HandLeft: -0.5873854, -0.1414119, 2.542135
ShoulderRight: -0.2336254, 0.4616968, 2.873188
ElbowRight: -0.003061769, 0.4902142, 2.860508
WristRight: 0.219103, 0.4944964, 2.826525
HandRight: 0.3303699, 0.482389, 2.818005
HipLeft: -0.471962, 0.04348322, 2.653478
KneeLeft: -0.4012367, -0.4458086, 2.581181
AnkleLeft: -0.4095688, -0.7478628, 2.485366
FootLeft: -0.3779863, -0.8063294, 2.374983
HipRight: -0.3163538, 0.05417626, 2.681497
KneeRight: -0.3720009, -0.392388, 2.587096
AnkleRight: -0.3792685, -0.7484114, 2.492077
FootRight: -0.3868034, -0.8048062, 2.373808
=========
HipCenter: -0.4016219, 0.1221776, 2.699826
Spine: -0.4169585, 0.1718658, 2.774367
ShoulderCenter: -0.4363462, 0.5501195, 2.867748
Head: -0.404653, 0.7256757, 2.858634
ShoulderLeft: -0.5720869, 0.4051563, 2.783579
ElbowLeft: -0.604182, 0.1386859, 2.695664
WristLeft: -0.5793285, -0.07082385, 2.580483
HandLeft: -0.5869989, -0.141877, 2.54148
ShoulderRight: -0.2339022, 0.4611799, 2.871205
ElbowRight: -0.002068934, 0.4904704, 2.85958
WristRight: 0.2191645, 0.4945577, 2.825728
HandRight: 0.3308209, 0.4829628, 2.816856
HipLeft: -0.4715183, 0.04404127, 2.653229
KneeLeft: -0.4011181, -0.4460396, 2.581172
AnkleLeft: -0.4096252, -0.7481695, 2.485288
FootLeft: -0.378001, -0.8063398, 2.37499
HipRight: -0.315931, 0.05368107, 2.680765
KneeRight: -0.3721218, -0.3938194, 2.58682
AnkleRight: -0.3789198, -0.7485078, 2.492203
FootRight: -0.3869087, -0.804897, 2.373558
=========
HipCenter: -0.401189, 0.1220754, 2.699203
Spine: -0.4165923, 0.171793, 2.773764
ShoulderCenter: -0.4364621, 0.5502345, 2.867118
Head: -0.4048777, 0.7256071, 2.858345
ShoulderLeft: -0.5715029, 0.4048586, 2.782567
ElbowLeft: -0.6040589, 0.1385721, 2.695228
WristLeft: -0.5793519, -0.0709943, 2.580199
HandLeft: -0.5867369, -0.1422964, 2.540753
ShoulderRight: -0.2341001, 0.4607087, 2.869395
ElbowRight: -0.0007540975, 0.4907989, 2.858503
WristRight: 0.2194462, 0.4946305, 2.824919
HandRight: 0.3314808, 0.483486, 2.815722
HipLeft: -0.4711411, 0.04451372, 2.653013
KneeLeft: -0.4010381, -0.446197, 2.581171
AnkleLeft: -0.4096726, -0.748485, 2.485217
FootLeft: -0.3780195, -0.8063548, 2.375007
HipRight: -0.3155888, 0.05325226, 2.680108
KneeRight: -0.3722005, -0.3948405, 2.586612
AnkleRight: -0.3786183, -0.7486005, 2.492319
FootRight: -0.3869798, -0.8049974, 2.373337
=========
HipCenter: -0.4007835, 0.1219814, 2.698631
Spine: -0.4162394, 0.1717321, 2.773208
ShoulderCenter: -0.4365551, 0.5503793, 2.866568
Head: -0.4050989, 0.7255576, 2.858038
ShoulderLeft: -0.5709682, 0.4046234, 2.78162
ElbowLeft: -0.6037486, 0.1381156, 2.694219
WristLeft: -0.5793992, -0.07113519, 2.579874
HandLeft: -0.5865446, -0.1426552, 2.540096
ShoulderRight: -0.2341667, 0.460497, 2.867908
ElbowRight: 0.0006405658, 0.4911618, 2.857399
WristRight: 0.2198776, 0.4947322, 2.824136
HandRight: 0.3322637, 0.484084, 2.814637
HipLeft: -0.4707977, 0.04492491, 2.652838
KneeLeft: -0.4009904, -0.4462995, 2.581172
AnkleLeft: -0.4097059, -0.7486903, 2.48517
FootLeft: -0.37804, -0.8063702, 2.375025
HipRight: -0.3152778, 0.0528845, 2.679485
KneeRight: -0.3722526, -0.39559, 2.586456
AnkleRight: -0.3783732, -0.7486596, 2.492415
FootRight: -0.3870881, -0.8051059, 2.373054
=========
HipCenter: -0.4003983, 0.1219, 2.698092
Spine: -0.4159116, 0.1716886, 2.772676
ShoulderCenter: -0.436649, 0.5505568, 2.865992
Head: -0.4052863, 0.7255398, 2.857751
ShoulderLeft: -0.570394, 0.4044826, 2.78061
ElbowLeft: -0.6034937, 0.1380438, 2.693561
WristLeft: -0.5794556, -0.07127009, 2.579495
HandLeft: -0.5860315, -0.1430174, 2.539262
ShoulderRight: -0.2341824, 0.460348, 2.866641
ElbowRight: 0.002033924, 0.491542, 2.856311
WristRight: 0.2204272, 0.4948621, 2.823386
HandRight: 0.33319, 0.4849199, 2.813522
HipLeft: -0.4704431, 0.04533124, 2.652656
KneeLeft: -0.4009876, -0.4463336, 2.581173
AnkleLeft: -0.4097499, -0.7489452, 2.485116
FootLeft: -0.3780659, -0.8063843, 2.375046
HipRight: -0.3150141, 0.05257771, 2.678951
KneeRight: -0.3722902, -0.3961429, 2.58634
AnkleRight: -0.378145, -0.7487189, 2.492506
FootRight: -0.3872113, -0.8051896, 2.372827
=========
HipCenter: -0.4000165, 0.121873, 2.697528
Spine: -0.4155477, 0.1717281, 2.77206
ShoulderCenter: -0.4366173, 0.550895, 2.864663
Head: -0.4054449, 0.725703, 2.857145
ShoulderLeft: -0.5699368, 0.4044105, 2.779727
ElbowLeft: -0.6032034, 0.1381844, 2.692901
WristLeft: -0.5794734, -0.07138401, 2.579044
HandLeft: -0.5855824, -0.1432673, 2.538342
ShoulderRight: -0.2340732, 0.4603678, 2.865496
ElbowRight: -0.001189841, 0.4926613, 2.856858
WristRight: 0.2205441, 0.4949962, 2.822827
HandRight: 0.3334533, 0.4857699, 2.812823
HipLeft: -0.4701141, 0.0457351, 2.652473
KneeLeft: -0.4010125, -0.4463349, 2.581163
AnkleLeft: -0.409795, -0.7491798, 2.485058
FootLeft: -0.3780975, -0.806395, 2.37506
HipRight: -0.3147663, 0.05231912, 2.678419
KneeRight: -0.3723157, -0.3965441, 2.586246
AnkleRight: -0.3779714, -0.7487959, 2.492552
FootRight: -0.3873936, -0.8052644, 2.37257
=========
HipCenter: -0.3996584, 0.1219089, 2.697005
Spine: -0.4152112, 0.1718353, 2.771467
ShoulderCenter: -0.436647, 0.5513089, 2.863292
Head: -0.4055239, 0.7259336, 2.856483
ShoulderLeft: -0.5695693, 0.404407, 2.778959
ElbowLeft: -0.6029448, 0.1384989, 2.69233
WristLeft: -0.5792254, -0.07161102, 2.578162
HandLeft: -0.5850348, -0.1436818, 2.537336
ShoulderRight: -0.2339168, 0.4605018, 2.864635
ElbowRight: -0.004374898, 0.4936115, 2.85749
WristRight: 0.2206312, 0.4951683, 2.82228
HandRight: 0.3336408, 0.4867325, 2.812319
HipLeft: -0.4697864, 0.04615934, 2.652297
KneeLeft: -0.401103, -0.4462523, 2.58113
AnkleLeft: -0.409839, -0.7493855, 2.485
FootLeft: -0.378127, -0.8064047, 2.375068
HipRight: -0.3145447, 0.05213261, 2.677958
KneeRight: -0.3723345, -0.3968426, 2.586173
AnkleRight: -0.377854, -0.7488475, 2.492582
FootRight: -0.387575, -0.805325, 2.372341
=========
HipCenter: -0.3993141, 0.1219742, 2.696527
Spine: -0.4148881, 0.1719615, 2.770922
ShoulderCenter: -0.4367059, 0.5516625, 2.862047
Head: -0.4055701, 0.7261749, 2.855859
ShoulderLeft: -0.5692739, 0.4044192, 2.778318
ElbowLeft: -0.6027045, 0.1388739, 2.691839
WristLeft: -0.5789733, -0.07182568, 2.577315
HandLeft: -0.5845295, -0.1440521, 2.536459
ShoulderRight: -0.2336827, 0.4607755, 2.863884
ElbowRight: -0.007264839, 0.4943847, 2.858152
WristRight: 0.2208265, 0.4953899, 2.821704
HandRight: 0.3339638, 0.4880079, 2.811886
HipLeft: -0.469468, 0.04655501, 2.652145
KneeLeft: -0.4011896, -0.4461655, 2.581092
AnkleLeft: -0.4098796, -0.7495776, 2.484936
FootLeft: -0.3781411, -0.806412, 2.375075
HipRight: -0.3143027, 0.0519982, 2.677516
KneeRight: -0.3723465, -0.39706, 2.586124
AnkleRight: -0.3777317, -0.7489185, 2.492598
FootRight: -0.3877113, -0.8053765, 2.372148
=========
HipCenter: -0.3989856, 0.1220768, 2.696086
Spine: -0.414572, 0.1721191, 2.770415
ShoulderCenter: -0.4367456, 0.5519764, 2.861001
Head: -0.4055848, 0.7264758, 2.855288
ShoulderLeft: -0.5690898, 0.4044509, 2.7778
ElbowLeft: -0.6024659, 0.1393068, 2.691372
WristLeft: -0.5787351, -0.07197623, 2.576533
HandLeft: -0.5840149, -0.1443269, 2.53567
ShoulderRight: -0.2334233, 0.4610538, 2.863241
ElbowRight: -0.00985931, 0.4950193, 2.858763
WristRight: 0.2212679, 0.4956971, 2.821054
HandRight: 0.3345499, 0.4894192, 2.811541
HipLeft: -0.469181, 0.04691475, 2.652012
KneeLeft: -0.4012785, -0.4460679, 2.581052
AnkleLeft: -0.4099061, -0.7497035, 2.484891
FootLeft: -0.3781532, -0.8064197, 2.375083
HipRight: -0.3140501, 0.05191608, 2.677084
KneeRight: -0.3723408, -0.3972255, 2.586085
AnkleRight: -0.3776346, -0.7489819, 2.492605
FootRight: -0.3878223, -0.8054071, 2.37203
=========
HipCenter: -0.3986741, 0.1221981, 2.695671
Spine: -0.4142901, 0.1722903, 2.769938
ShoulderCenter: -0.4368375, 0.5522827, 2.860043
Head: -0.4055625, 0.7268003, 2.854807
ShoulderLeft: -0.5688941, 0.404525, 2.777274
ElbowLeft: -0.6022453, 0.1397543, 2.69096
WristLeft: -0.5785038, -0.07212465, 2.575795
HandLeft: -0.5834986, -0.1445459, 2.53486
ShoulderRight: -0.2331721, 0.4613613, 2.862723
ElbowRight: -0.01212111, 0.4954907, 2.859286
WristRight: 0.2217636, 0.496042, 2.820479
HandRight: 0.3351549, 0.490792, 2.811327
HipLeft: -0.4688731, 0.04729417, 2.651868
KneeLeft: -0.4013326, -0.4459831, 2.581017
AnkleLeft: -0.4099322, -0.7498344, 2.484837
FootLeft: -0.37817, -0.8064246, 2.375092
HipRight: -0.3138135, 0.05186789, 2.676694
KneeRight: -0.3686923, -0.3675368, 2.590241
AnkleRight: -0.3767679, -0.7052575, 2.49873
FootRight: -0.3871177, -0.7872739, 2.388756
=========
HipCenter: -0.3983324, 0.1223746, 2.695238
Spine: -0.413981, 0.1725399, 2.769415
ShoulderCenter: -0.4369752, 0.5526022, 2.858453
Head: -0.4054765, 0.727089, 2.854327
ShoulderLeft: -0.5687477, 0.4046082, 2.776819
ElbowLeft: -0.6020162, 0.1399055, 2.690337
WristLeft: -0.5782653, -0.07226856, 2.575081
HandLeft: -0.5826504, -0.1448086, 2.5341
ShoulderRight: -0.2329094, 0.4616914, 2.862293
ElbowRight: -0.01400531, 0.4958383, 2.8597
WristRight: 0.2223112, 0.4964234, 2.819969
HandRight: 0.3357853, 0.4921589, 2.811218
HipLeft: -0.4685515, 0.04766927, 2.651716
KneeLeft: -0.4013743, -0.4458987, 2.580982
AnkleLeft: -0.4099558, -0.7499418, 2.48479
FootLeft: -0.3782036, -0.8064297, 2.375108
HipRight: -0.3135409, 0.05186276, 2.67631
KneeRight: -0.3676275, -0.3587362, 2.591495
AnkleRight: -0.3770654, -0.7004377, 2.499552
FootRight: -0.3875048, -0.7880493, 2.388039
=========
HipCenter: -0.3980034, 0.1225518, 2.694817
Spine: -0.413681, 0.172786, 2.768902
ShoulderCenter: -0.4371228, 0.5528712, 2.857042
Head: -0.405417, 0.7273788, 2.853801
ShoulderLeft: -0.5686145, 0.4046926, 2.77639
ElbowLeft: -0.6017067, 0.1402856, 2.689725
WristLeft: -0.5780258, -0.07240652, 2.574401
HandLeft: -0.5818511, -0.1450359, 2.533404
ShoulderRight: -0.2326495, 0.4619969, 2.861849
ElbowRight: -0.01566103, 0.4961056, 2.860063
WristRight: 0.2228946, 0.4968261, 2.819519
HandRight: 0.3364092, 0.493441, 2.811183
HipLeft: -0.4682333, 0.04802056, 2.651559
KneeLeft: -0.4014116, -0.4458162, 2.580947
AnkleLeft: -0.4099777, -0.7500376, 2.484744
FootLeft: -0.3782336, -0.8064349, 2.375125
HipRight: -0.3132744, 0.05187492, 2.675944
KneeRight: -0.3655227, -0.3504131, 2.591748
AnkleRight: -0.3775662, -0.7007008, 2.499537
FootRight: -0.3877034, -0.7902659, 2.386215
=========
HipCenter: -0.3976735, 0.1227631, 2.694371
Spine: -0.4133958, 0.1730566, 2.768363
ShoulderCenter: -0.4373263, 0.5531037, 2.855726
Head: -0.4053555, 0.7277285, 2.853379
ShoulderLeft: -0.5684555, 0.4048457, 2.775976
ElbowLeft: -0.6014391, 0.1403966, 2.68897
WristLeft: -0.5777807, -0.0725027, 2.573795
HandLeft: -0.5813187, -0.1451817, 2.532871
ShoulderRight: -0.2324059, 0.4623015, 2.861445
ElbowRight: -0.01707221, 0.4962851, 2.860374
WristRight: 0.223455, 0.4972387, 2.819143
HandRight: 0.3369586, 0.4945506, 2.811201
HipLeft: -0.4678558, 0.04847849, 2.651338
KneeLeft: -0.4014395, -0.4457324, 2.58091
AnkleLeft: -0.4100031, -0.7501161, 2.48471
FootLeft: -0.3782626, -0.8064408, 2.375139
HipRight: -0.3130065, 0.05191258, 2.675577
KneeRight: -0.3640462, -0.345196, 2.59167
AnkleRight: -0.3781091, -0.7043511, 2.498999
FootRight: -0.3877563, -0.7925771, 2.384689
=========
HipCenter: -0.3973664, 0.1229601, 2.693978
Spine: -0.4131344, 0.1733011, 2.767894
ShoulderCenter: -0.4374773, 0.5533318, 2.854793
Head: -0.4053061, 0.7280209, 2.852972
ShoulderLeft: -0.5683036, 0.4050013, 2.775601
ElbowLeft: -0.6012304, 0.1405703, 2.688496
WristLeft: -0.5775087, -0.07255309, 2.573229
HandLeft: -0.5808483, -0.1452762, 2.532433
ShoulderRight: -0.2321616, 0.4627223, 2.861102
ElbowRight: -0.01542786, 0.4963135, 2.858744
WristRight: 0.2239671, 0.4976317, 2.818829
HandRight: 0.337426, 0.495507, 2.811236
HipLeft: -0.4674721, 0.04889764, 2.651143
KneeLeft: -0.401428, -0.4456784, 2.580889
AnkleLeft: -0.4100244, -0.7501764, 2.484687
FootLeft: -0.3782878, -0.8064478, 2.375153
HipRight: -0.3127585, 0.05196093, 2.675253
KneeRight: -0.3631264, -0.3418827, 2.591556
AnkleRight: -0.3785787, -0.7089722, 2.498239
FootRight: -0.3873323, -0.79524, 2.382864
=========
HipCenter: -0.3970971, 0.1231309, 2.693619
Spine: -0.4128977, 0.1735106, 2.767478
ShoulderCenter: -0.4375951, 0.5535078, 2.854092
Head: -0.4052846, 0.7282813, 2.852462
ShoulderLeft: -0.5681796, 0.4051439, 2.775282
ElbowLeft: -0.6010616, 0.1407395, 2.6881
WristLeft: -0.5772799, -0.07261803, 2.572721
HandLeft: -0.5803909, -0.145354, 2.531989
ShoulderRight: -0.2320055, 0.4631683, 2.86073
ElbowRight: -0.01358851, 0.4963396, 2.856898
WristRight: 0.224488, 0.4980239, 2.818556
HandRight: 0.3378733, 0.496388, 2.811234
HipLeft: -0.4671353, 0.04925834, 2.650972
KneeLeft: -0.4014134, -0.4456335, 2.580868
AnkleLeft: -0.4100471, -0.7502334, 2.484674
FootLeft: -0.3783134, -0.8064543, 2.375164
HipRight: -0.312527, 0.05202621, 2.674888
KneeRight: -0.3621601, -0.3393714, 2.591161
AnkleRight: -0.3788697, -0.7134441, 2.497549
FootRight: -0.3869379, -0.7976643, 2.380854
=========
HipCenter: -0.3966981, 0.1236221, 2.693045
Spine: -0.4125275, 0.173997, 2.766801
ShoulderCenter: -0.4377716, 0.5536613, 2.853147
Head: -0.4048804, 0.7288295, 2.851745
ShoulderLeft: -0.5681455, 0.4053577, 2.774926
ElbowLeft: -0.6008242, 0.1409306, 2.687739
WristLeft: -0.5771012, -0.07270965, 2.572335
HandLeft: -0.5798233, -0.1453687, 2.531616
ShoulderRight: -0.2315536, 0.4640847, 2.860074
ElbowRight: -0.01018485, 0.497371, 2.853592
WristRight: 0.2258538, 0.4993586, 2.817756
HandRight: 0.3382296, 0.4972717, 2.810205
HipLeft: -0.4667178, 0.0498961, 2.650687
KneeLeft: -0.4013185, -0.445514, 2.580789
AnkleLeft: -0.4102069, -0.7502237, 2.484576
FootLeft: -0.3783596, -0.806458, 2.375172
HipRight: -0.3120441, 0.05234332, 2.674218
KneeRight: -0.3608438, -0.3365721, 2.590426
AnkleRight: -0.3787028, -0.7193203, 2.495965
FootRight: -0.3870446, -0.7995042, 2.378946
=========
HipCenter: -0.396345, 0.1241069, 2.692515
Spine: -0.4121887, 0.1744833, 2.766173
ShoulderCenter: -0.4377833, 0.5537052, 2.852012
Head: -0.4044889, 0.7293305, 2.851111
ShoulderLeft: -0.5681408, 0.4055593, 2.774627
ElbowLeft: -0.6005925, 0.1410008, 2.687389
WristLeft: -0.5769378, -0.07281429, 2.571974
HandLeft: -0.5792645, -0.1453825, 2.531271
ShoulderRight: -0.2311203, 0.4649013, 2.859492
ElbowRight: -0.006817874, 0.4983722, 2.850584
WristRight: 0.22712, 0.5006293, 2.816994
HandRight: 0.3385221, 0.4980343, 2.809114
HipLeft: -0.4663594, 0.0504829, 2.65042
KneeLeft: -0.4012208, -0.445405, 2.580704
AnkleLeft: -0.410424, -0.7501854, 2.484448
FootLeft: -0.3784168, -0.8064603, 2.3752
HipRight: -0.3116159, 0.05264926, 2.67361
KneeRight: -0.3597176, -0.3344266, 2.589741
AnkleRight: -0.3785978, -0.7235259, 2.494776
FootRight: -0.3873631, -0.8010284, 2.377361
=========
HipCenter: -0.3960394, 0.124556, 2.69205
Spine: -0.4118925, 0.1749248, 2.765622
ShoulderCenter: -0.4377814, 0.553725, 2.85105
Head: -0.4040969, 0.7297077, 2.850177
ShoulderLeft: -0.5681633, 0.4057256, 2.774383
ElbowLeft: -0.6004395, 0.1411993, 2.687203
WristLeft: -0.5768235, -0.07287312, 2.571728
HandLeft: -0.5788739, -0.1453601, 2.531055
ShoulderRight: -0.230746, 0.4655903, 2.859011
ElbowRight: -0.004577724, 0.4990484, 2.848394
WristRight: 0.2282343, 0.5017619, 2.816325
HandRight: 0.3387777, 0.4986737, 2.808029
HipLeft: -0.4660541, 0.05100089, 2.650186
KneeLeft: -0.4010792, -0.4453548, 2.580609
AnkleLeft: -0.4106444, -0.7501568, 2.484312
FootLeft: -0.3784758, -0.8064621, 2.375225
HipRight: -0.311235, 0.05293972, 2.673068
KneeRight: -0.3588569, -0.3327733, 2.589087
AnkleRight: -0.3785419, -0.7264888, 2.493908
FootRight: -0.3876483, -0.8022027, 2.376086
=========
HipCenter: -0.3957953, 0.1249526, 2.691628
Spine: -0.411655, 0.1753077, 2.765128
ShoulderCenter: -0.4377925, 0.5537258, 2.850249
Head: -0.4037804, 0.7299752, 2.849364
ShoulderLeft: -0.5681937, 0.4058725, 2.774177
ElbowLeft: -0.6003041, 0.1413849, 2.687057
WristLeft: -0.5767316, -0.07292689, 2.57152
HandLeft: -0.5785492, -0.1453316, 2.530878
ShoulderRight: -0.2304378, 0.4661591, 2.858615
ElbowRight: 0.02420973, 0.5049551, 2.836335
WristRight: 0.2413182, 0.5043175, 2.814332
HandRight: 0.3390186, 0.499215, 2.807031
HipLeft: -0.4658048, 0.05144651, 2.649975
KneeLeft: -0.4009302, -0.4453083, 2.580517
AnkleLeft: -0.4109733, -0.7500964, 2.484113
FootLeft: -0.3785344, -0.8064632, 2.375251
HipRight: -0.3109331, 0.05320584, 2.672565
KneeRight: -0.3581428, -0.331495, 2.588478
AnkleRight: -0.3784206, -0.7286247, 2.493332
FootRight: -0.3878707, -0.8030716, 2.375065
=========
HipCenter: -0.3955947, 0.1252891, 2.691272
Spine: -0.4114513, 0.1756343, 2.764711
ShoulderCenter: -0.4377872, 0.5537087, 2.849528
Head: -0.4034802, 0.7301372, 2.848675
ShoulderLeft: -0.5682263, 0.4059802, 2.774022
ElbowLeft: -0.6001756, 0.1415612, 2.686941
WristLeft: -0.5766632, -0.07296701, 2.571353
HandLeft: -0.5782678, -0.1452619, 2.530695
ShoulderRight: -0.2301631, 0.4666233, 2.85827
ElbowRight: 0.02817853, 0.5060101, 2.833957
WristRight: 0.243458, 0.5052066, 2.813671
HandRight: 0.3392158, 0.4996614, 2.806127
HipLeft: -0.4656031, 0.05180082, 2.649809
KneeLeft: -0.4007558, -0.445275, 2.580421
AnkleLeft: -0.4111892, -0.7500718, 2.48397
FootLeft: -0.3785925, -0.8064641, 2.375275
HipRight: -0.3106864, 0.05342471, 2.67214
KneeRight: -0.3573365, -0.3303262, 2.58768
AnkleRight: -0.3783382, -0.7299547, 2.492994
FootRight: -0.3881685, -0.803782, 2.37407
=========
HipCenter: -0.395427, 0.1255732, 2.690981
Spine: -0.4112809, 0.175901, 2.764375
ShoulderCenter: -0.437769, 0.553802, 2.849168
Head: -0.4032153, 0.730244, 2.848009
ShoulderLeft: -0.568224, 0.4060727, 2.773877
ElbowLeft: -0.6000576, 0.1417399, 2.686856
WristLeft: -0.5766115, -0.07299434, 2.571212
HandLeft: -0.5780563, -0.145187, 2.530548
ShoulderRight: -0.2298664, 0.4670489, 2.857995
ElbowRight: 0.02954766, 0.5065827, 2.832509
WristRight: 0.2448426, 0.505944, 2.813158
HandRight: 0.3393797, 0.5000308, 2.805339
HipLeft: -0.4654334, 0.05209565, 2.649675
KneeLeft: -0.400548, -0.4452671, 2.580341
AnkleLeft: -0.4113751, -0.7500333, 2.483851
FootLeft: -0.3786449, -0.8064685, 2.375267
HipRight: -0.3104831, 0.053612, 2.671786
KneeRight: -0.3566786, -0.3294321, 2.587024
AnkleRight: -0.3782545, -0.7309505, 2.492758
FootRight: -0.3884056, -0.8042243, 2.373523
=========
HipCenter: -0.3952902, 0.1258124, 2.69074
Spine: -0.4111428, 0.176121, 2.764098
ShoulderCenter: -0.4377594, 0.5538924, 2.848908
Head: -0.4030357, 0.7303649, 2.847476
ShoulderLeft: -0.5682219, 0.4061517, 2.773749
ElbowLeft: -0.6000997, 0.1441396, 2.686853
WristLeft: -0.5765582, -0.07294783, 2.570998
HandLeft: -0.5778919, -0.1450685, 2.530422
ShoulderRight: -0.2295894, 0.4674358, 2.857793
ElbowRight: 0.02860178, 0.5065731, 2.831971
WristRight: 0.2456074, 0.5066042, 2.812762
HandRight: 0.3395105, 0.5003608, 2.804542
HipLeft: -0.4652952, 0.05233153, 2.649569
KneeLeft: -0.4003519, -0.4452651, 2.580268
AnkleLeft: -0.4115239, -0.7500033, 2.48376
FootLeft: -0.3786913, -0.8064727, 2.375261
HipRight: -0.3103143, 0.05378167, 2.671465
KneeRight: -0.3562269, -0.3287814, 2.586614
AnkleRight: -0.3781305, -0.7317228, 2.492627
FootRight: -0.3885794, -0.8045537, 2.373085
=========
HipCenter: -0.3951545, 0.1260152, 2.690533
Spine: -0.4110063, 0.1763066, 2.763862
ShoulderCenter: -0.4377381, 0.5539805, 2.848716
Head: -0.4028915, 0.7304717, 2.847065
ShoulderLeft: -0.5682174, 0.4062181, 2.773635
ElbowLeft: -0.5998268, 0.1448007, 2.686315
WristLeft: -0.5765045, -0.07290417, 2.57074
HandLeft: -0.577687, -0.1449179, 2.530229
ShoulderRight: -0.2293433, 0.4677618, 2.857642
ElbowRight: 0.02742717, 0.5063972, 2.831963
WristRight: 0.2459147, 0.5071752, 2.812451
HandRight: 0.3396167, 0.5006835, 2.803801
HipLeft: -0.4651611, 0.05252187, 2.649479
KneeLeft: -0.4002261, -0.4452617, 2.58022
AnkleLeft: -0.4116289, -0.7499917, 2.483688
FootLeft: -0.3787434, -0.8064786, 2.375244
HipRight: -0.3101511, 0.0539303, 2.671187
KneeRight: -0.3559006, -0.32829, 2.586321
AnkleRight: -0.3779784, -0.7323225, 2.492566
FootRight: -0.3886988, -0.8048409, 2.372661
=========
HipCenter: -0.3950336, 0.12619, 2.690359
Spine: -0.4108845, 0.1764656, 2.763664
ShoulderCenter: -0.4377071, 0.5540692, 2.848576
Head: -0.4027528, 0.7305784, 2.846788
ShoulderLeft: -0.5682098, 0.4062755, 2.773529
ElbowLeft: -0.6003848, 0.1519857, 2.686946
WristLeft: -0.5764412, -0.07285222, 2.570413
HandLeft: -0.5774571, -0.1447442, 2.529982
ShoulderRight: -0.2291406, 0.4680266, 2.85753
ElbowRight: 0.02646157, 0.506179, 2.83221
WristRight: 0.2458743, 0.5076665, 2.81221
HandRight: 0.3377589, 0.5016139, 2.80263
HipLeft: -0.4650354, 0.05269039, 2.6494
KneeLeft: -0.4001306, -0.4452316, 2.580185
AnkleLeft: -0.4117126, -0.7499787, 2.483633
FootLeft: -0.3788026, -0.8064822, 2.375226
HipRight: -0.3100122, 0.0540581, 2.670953
KneeRight: -0.3556751, -0.3279157, 2.586104
AnkleRight: -0.3778221, -0.7327842, 2.492548
FootRight: -0.3887668, -0.8050677, 2.372285
=========
HipCenter: -0.3949356, 0.1263162, 2.690213
Spine: -0.4107847, 0.176576, 2.763502
ShoulderCenter: -0.4376878, 0.554118, 2.848483
Head: -0.4026452, 0.7306717, 2.846569
ShoulderLeft: -0.5682035, 0.4063242, 2.773436
ElbowLeft: -0.6009058, 0.1582161, 2.687616
WristLeft: -0.576372, -0.07278152, 2.570073
HandLeft: -0.5772601, -0.1445578, 2.529742
ShoulderRight: -0.228997, 0.4682229, 2.85744
ElbowRight: 0.03365067, 0.5073005, 2.830804
WristRight: 0.2511386, 0.5083527, 2.811944
HandRight: 0.3364356, 0.5023819, 2.801288
HipLeft: -0.4649254, 0.05281867, 2.649334
KneeLeft: -0.4000217, -0.4451878, 2.580146
AnkleLeft: -0.4117684, -0.7499712, 2.483591
FootLeft: -0.3788643, -0.8064862, 2.375202
HipRight: -0.3099064, 0.0541517, 2.670746
KneeRight: -0.3554973, -0.3276315, 2.585939
AnkleRight: -0.377584, -0.7331659, 2.492582
FootRight: -0.3888181, -0.8052309, 2.372014
=========
HipCenter: -0.3948504, 0.1264173, 2.690089
Spine: -0.4106973, 0.1766639, 2.763365
ShoulderCenter: -0.437676, 0.5541602, 2.848417
Head: -0.4025791, 0.730737, 2.846414
ShoulderLeft: -0.5682024, 0.4063662, 2.773353
ElbowLeft: -0.6013288, 0.1632162, 2.688345
WristLeft: -0.5763189, -0.07269664, 2.569765
HandLeft: -0.5770858, -0.1443575, 2.529529
ShoulderRight: -0.2288933, 0.4683762, 2.857359
ElbowRight: 0.03232034, 0.5065004, 2.83144
WristRight: 0.2508472, 0.5087838, 2.811758
HandRight: 0.3349461, 0.5030739, 2.800103
HipLeft: -0.4648285, 0.05291853, 2.649283
KneeLeft: -0.3998823, -0.4451601, 2.580107
AnkleLeft: -0.4118102, -0.7499669, 2.48356
FootLeft: -0.378941, -0.8064917, 2.375152
HipRight: -0.3098103, 0.0542326, 2.670552
KneeRight: -0.3553669, -0.3274228, 2.585819
AnkleRight: -0.3772745, -0.7334767, 2.492638
FootRight: -0.3889063, -0.8053558, 2.371742
=========
HipCenter: -0.3947694, 0.1264983, 2.689982
Spine: -0.4106158, 0.1767269, 2.763251
ShoulderCenter: -0.4376726, 0.5542355, 2.848495
Head: -0.4025165, 0.730782, 2.846307
ShoulderLeft: -0.5682064, 0.4063865, 2.773273
ElbowLeft: -0.6013885, 0.1648057, 2.688673
WristLeft: -0.5762715, -0.07260578, 2.569471
HandLeft: -0.5769345, -0.1441434, 2.529325
ShoulderRight: -0.2287968, 0.4684985, 2.857298
ElbowRight: 0.03051115, 0.5056641, 2.832273
WristRight: 0.2500937, 0.5091432, 2.811602
HandRight: 0.3340006, 0.5037226, 2.799006
HipLeft: -0.4647347, 0.05299573, 2.649237
KneeLeft: -0.3997121, -0.4451761, 2.580092
AnkleLeft: -0.4118393, -0.7499612, 2.483539
FootLeft: -0.3790212, -0.8065011, 2.375111
HipRight: -0.3097083, 0.05430098, 2.670362
KneeRight: -0.3552476, -0.3272519, 2.58573
AnkleRight: -0.3767353, -0.7337689, 2.49278
FootRight: -0.3889952, -0.8054581, 2.371556
=========
HipCenter: -0.3946951, 0.1265691, 2.689894
Spine: -0.4105439, 0.1767776, 2.763165
ShoulderCenter: -0.4377289, 0.5543988, 2.848838
Head: -0.4024515, 0.7308267, 2.846228
ShoulderLeft: -0.5682077, 0.4063992, 2.773199
ElbowLeft: -0.6013522, 0.1657004, 2.688997
WristLeft: -0.5762182, -0.07251471, 2.56918
HandLeft: -0.5767987, -0.14385, 2.529017
ShoulderRight: -0.2287027, 0.4686138, 2.857253
ElbowRight: 0.03631368, 0.5061134, 2.830498
WristRight: 0.2540894, 0.5095586, 2.811479
HandRight: 0.3334591, 0.5042111, 2.798174
HipLeft: -0.4646448, 0.0530628, 2.6492
KneeLeft: -0.3995405, -0.4451939, 2.580079
AnkleLeft: -0.4118604, -0.7499567, 2.483524
FootLeft: -0.379102, -0.8065131, 2.375072
HipRight: -0.3096112, 0.05436692, 2.670198
KneeRight: -0.3551447, -0.3271075, 2.585663
AnkleRight: -0.3761532, -0.7340047, 2.492949
FootRight: -0.3890875, -0.8055493, 2.371474
=========
HipCenter: -0.3946264, 0.1266279, 2.689821
Spine: -0.4104773, 0.1768165, 2.763093
ShoulderCenter: -0.4377608, 0.5544457, 2.849085
Head: -0.4023862, 0.7308483, 2.846174
ShoulderLeft: -0.5682117, 0.4064045, 2.773134
ElbowLeft: -0.6012155, 0.165955, 2.689217
WristLeft: -0.5761556, -0.0724314, 2.568898
HandLeft: -0.5766854, -0.1435771, 2.52872
ShoulderRight: -0.2286209, 0.4687087, 2.85722
ElbowRight: 0.03336373, 0.5055339, 2.83187
WristRight: 0.2529435, 0.5098187, 2.811337
HandRight: 0.3331572, 0.504521, 2.7976
HipLeft: -0.4645614, 0.05311685, 2.649169
KneeLeft: -0.3993839, -0.4452167, 2.580067
AnkleLeft: -0.4118772, -0.7499512, 2.483513
FootLeft: -0.3791875, -0.8065246, 2.375038
HipRight: -0.3095171, 0.0544233, 2.670055
KneeRight: -0.355052, -0.3269843, 2.585614
AnkleRight: -0.3755463, -0.7342053, 2.493134
FootRight: -0.3891677, -0.8056219, 2.371407
=========
HipCenter: -0.3945558, 0.1266802, 2.689761
Spine: -0.410408, 0.1768483, 2.763037
ShoulderCenter: -0.4377633, 0.5544714, 2.849336
Head: -0.402352, 0.7308635, 2.84613
ShoulderLeft: -0.5682226, 0.4063934, 2.773058
ElbowLeft: -0.6005657, 0.1642347, 2.688909
WristLeft: -0.5760961, -0.07235072, 2.568633
HandLeft: -0.5766366, -0.1433422, 2.528478
ShoulderRight: -0.2285389, 0.4688037, 2.857199
ElbowRight: 0.03059114, 0.5050841, 2.833075
WristRight: 0.2515502, 0.5100088, 2.811222
HandRight: 0.3327028, 0.5047827, 2.79712
HipLeft: -0.4644793, 0.05315821, 2.649148
KneeLeft: -0.3992515, -0.4452448, 2.580053
AnkleLeft: -0.4118897, -0.7499463, 2.483505
FootLeft: -0.3792859, -0.8065319, 2.375015
HipRight: -0.3094183, 0.05447851, 2.669927
KneeRight: -0.3549275, -0.3268277, 2.585583
AnkleRight: -0.3749433, -0.7343656, 2.493325
FootRight: -0.3892192, -0.8056721, 2.371359
=========
HipCenter: -0.3944934, 0.1267247, 2.689713
Spine: -0.4103471, 0.1768726, 2.762993
ShoulderCenter: -0.4377743, 0.5544905, 2.849647
Head: -0.4023267, 0.7308713, 2.846104
ShoulderLeft: -0.568235, 0.4063833, 2.772992
ElbowLeft: -0.6000342, 0.1626363, 2.68878
WristLeft: -0.5760418, -0.07227511, 2.56839
HandLeft: -0.5766093, -0.1431287, 2.528268
ShoulderRight: -0.2284732, 0.4688837, 2.857183
ElbowRight: 0.035944, 0.5059038, 2.831821
WristRight: 0.2550766, 0.5101648, 2.811112
HandRight: 0.3323026, 0.5049906, 2.796721
HipLeft: -0.4644063, 0.05319354, 2.649132
KneeLeft: -0.3991863, -0.4452529, 2.580045
AnkleLeft: -0.4118982, -0.749944, 2.483499
FootLeft: -0.379375, -0.8065377, 2.374997
HipRight: -0.3093315, 0.05452819, 2.669816
KneeRight: -0.3548255, -0.3266782, 2.585579
AnkleRight: -0.3743941, -0.7344991, 2.493524
FootRight: -0.3892305, -0.8057424, 2.371148
=========
HipCenter: -0.3944373, 0.1267595, 2.689674
Spine: -0.4102831, 0.1768872, 2.76296
ShoulderCenter: -0.4377366, 0.554476, 2.850013
Head: -0.4023858, 0.7308386, 2.846115
ShoulderLeft: -0.568262, 0.40637, 2.772949
ElbowLeft: -0.5998859, 0.1624262, 2.688787
WristLeft: -0.575981, -0.07221516, 2.568165
HandLeft: -0.5765581, -0.1429673, 2.528111
ShoulderRight: -0.2284293, 0.4689444, 2.857169
ElbowRight: 0.03106633, 0.5064737, 2.833629
WristRight: 0.25351, 0.5102606, 2.81102
HandRight: 0.3317144, 0.5052018, 2.796359
HipLeft: -0.4643442, 0.05321347, 2.649131
KneeLeft: -0.3991394, -0.4452604, 2.580038
AnkleLeft: -0.4119043, -0.7499422, 2.483494
FootLeft: -0.3794599, -0.8065424, 2.374981
HipRight: -0.309252, 0.05457314, 2.669714
KneeRight: -0.3547354, -0.3265297, 2.585594
AnkleRight: -0.3738874, -0.734613, 2.493721
FootRight: -0.389243, -0.8058052, 2.370933
=========
HipCenter: -0.3943923, 0.1267814, 2.689643
Spine: -0.4102212, 0.1768913, 2.762935
ShoulderCenter: -0.4376716, 0.5544773, 2.850499
Head: -0.4024975, 0.7307903, 2.846127
ShoulderLeft: -0.5682959, 0.4063548, 2.772917
ElbowLeft: -0.5997132, 0.162182, 2.688759
WristLeft: -0.5759068, -0.07216229, 2.567954
HandLeft: -0.5765196, -0.142825, 2.527976
ShoulderRight: -0.2284064, 0.4689857, 2.857149
ElbowRight: 0.02740111, 0.5067611, 2.835016
WristRight: 0.2516405, 0.5103371, 2.810944
HandRight: 0.3314288, 0.5053179, 2.796099
HipLeft: -0.4642935, 0.05322254, 2.649139
KneeLeft: -0.3990988, -0.44527, 2.580031
AnkleLeft: -0.4119075, -0.7499409, 2.483491
FootLeft: -0.3795188, -0.8065425, 2.37496
HipRight: -0.3091863, 0.05460828, 2.669608
KneeRight: -0.3546745, -0.3263984, 2.58564
AnkleRight: -0.3734432, -0.7347224, 2.493908
FootRight: -0.3893824, -0.8056452, 2.370439
=========
HipCenter: -0.3943508, 0.1267938, 2.689619
Spine: -0.4101593, 0.1768873, 2.762917
ShoulderCenter: -0.4375984, 0.5544794, 2.850955
Head: -0.4026283, 0.7307298, 2.846137
ShoulderLeft: -0.568333, 0.4063359, 2.772889
ElbowLeft: -0.5995223, 0.1618753, 2.688716
WristLeft: -0.5757783, -0.07211319, 2.567719
HandLeft: -0.5764812, -0.1427054, 2.527859
ShoulderRight: -0.2283906, 0.4690194, 2.85713
ElbowRight: 0.02420519, 0.5069783, 2.836199
WristRight: 0.249779, 0.5103942, 2.810909
HandRight: 0.3310407, 0.505401, 2.795837
HipLeft: -0.464241, 0.05321212, 2.649172
KneeLeft: -0.3990661, -0.4452797, 2.580025
AnkleLeft: -0.4118979, -0.749948, 2.483489
FootLeft: -0.3795773, -0.8065436, 2.374936
HipRight: -0.3091234, 0.05463409, 2.669497
KneeRight: -0.3546241, -0.3262797, 2.585692
AnkleRight: -0.3730406, -0.7348275, 2.494072
FootRight: -0.3895444, -0.8056602, 2.370095
=========
HipCenter: -0.3943177, 0.1268064, 2.6896
Spine: -0.4101066, 0.1768858, 2.762904
ShoulderCenter: -0.4375304, 0.5544856, 2.851365
Head: -0.4026908, 0.7306771, 2.846185
ShoulderLeft: -0.5683711, 0.406318, 2.772866
ElbowLeft: -0.5992501, 0.1614017, 2.688611
WristLeft: -0.5756561, -0.07204974, 2.567505
HandLeft: -0.5764775, -0.1425827, 2.527761
ShoulderRight: -0.2283769, 0.4690501, 2.857116
ElbowRight: 0.02236138, 0.5070446, 2.836931
WristRight: 0.2480289, 0.5104455, 2.810778
HandRight: 0.3308638, 0.5054786, 2.795681
HipLeft: -0.4642009, 0.05320804, 2.649203
KneeLeft: -0.3990312, -0.4452892, 2.580019
AnkleLeft: -0.4118848, -0.7499561, 2.483489
FootLeft: -0.3796304, -0.8065442, 2.374913
HipRight: -0.3090703, 0.05465817, 2.669395
KneeRight: -0.3545844, -0.32619, 2.585735
AnkleRight: -0.3726518, -0.7349212, 2.494222
FootRight: -0.3896952, -0.8056784, 2.369771
=========
HipCenter: -0.3942873, 0.1268148, 2.689586
Spine: -0.4100547, 0.1768766, 2.762901
ShoulderCenter: -0.4375035, 0.5544893, 2.851922
Head: -0.4027509, 0.730626, 2.846244
ShoulderLeft: -0.5684083, 0.4063, 2.772846
ElbowLeft: -0.599529, 0.1631835, 2.689285
WristLeft: -0.5754795, -0.07196195, 2.567265
HandLeft: -0.5764844, -0.1424501, 2.527668
ShoulderRight: -0.22837, 0.4690777, 2.857103
ElbowRight: 0.02089139, 0.5070645, 2.837506
WristRight: 0.246368, 0.510526, 2.810639
HandRight: 0.33076, 0.5055299, 2.795578
HipLeft: -0.4641617, 0.05320057, 2.649239
KneeLeft: -0.3989905, -0.4453004, 2.580013
AnkleLeft: -0.4118684, -0.7499655, 2.48349
FootLeft: -0.3796784, -0.8065444, 2.374891
HipRight: -0.3090236, 0.05467828, 2.669309
KneeRight: -0.3545564, -0.3261028, 2.585777
AnkleRight: -0.3723247, -0.7349962, 2.494328
FootRight: -0.3898555, -0.8057178, 2.369423
=========
HipCenter: -0.3942586, 0.126821, 2.689577
Spine: -0.4100102, 0.1768666, 2.762902
ShoulderCenter: -0.4374841, 0.5544918, 2.852427
Head: -0.4028383, 0.7305531, 2.846312
ShoulderLeft: -0.5684391, 0.4062872, 2.772831
ElbowLeft: -0.5999484, 0.1653889, 2.690112
WristLeft: -0.5753154, -0.07189131, 2.567037
HandLeft: -0.5764831, -0.1423392, 2.527583
ShoulderRight: -0.2283669, 0.4691277, 2.857123
ElbowRight: 0.01972496, 0.5070556, 2.837962
WristRight: 0.2451364, 0.5107039, 2.810453
HandRight: 0.3307924, 0.505613, 2.795542
HipLeft: -0.464119, 0.05319006, 2.649286
KneeLeft: -0.3989144, -0.4453342, 2.580014
AnkleLeft: -0.4118426, -0.7499755, 2.483492
FootLeft: -0.3797203, -0.8065455, 2.374869
HipRight: -0.3089834, 0.05469657, 2.669237
KneeRight: -0.354531, -0.3259604, 2.585855
AnkleRight: -0.3720366, -0.7350576, 2.494417
FootRight: -0.389924, -0.8057333, 2.369279
=========
HipCenter: -0.394232, 0.1268256, 2.689571
Spine: -0.4099701, 0.176856, 2.762905
ShoulderCenter: -0.4374917, 0.554498, 2.852864
Head: -0.4029036, 0.7304781, 2.846653
ShoulderLeft: -0.5684559, 0.40628, 2.772822
ElbowLeft: -0.5999751, 0.1657837, 2.690252
WristLeft: -0.5751589, -0.07181502, 2.566836
HandLeft: -0.5764892, -0.1422107, 2.527495
ShoulderRight: -0.2283566, 0.46918, 2.857153
ElbowRight: 0.0187851, 0.5070533, 2.838333
WristRight: 0.2440211, 0.5108976, 2.810201
HandRight: 0.3309816, 0.5056925, 2.795541
HipLeft: -0.4640777, 0.0531805, 2.649333
KneeLeft: -0.3988295, -0.4453752, 2.580015
AnkleLeft: -0.4118167, -0.7499862, 2.483495
FootLeft: -0.3798012, -0.806547, 2.374875
HipRight: -0.3089473, 0.05471277, 2.669172
KneeRight: -0.3545012, -0.3258629, 2.585908
AnkleRight: -0.3717406, -0.7351175, 2.494493
FootRight: -0.3899737, -0.8057446, 2.369183
=========
HipCenter: -0.3942086, 0.1268302, 2.689567
Spine: -0.4099347, 0.176845, 2.762912
ShoulderCenter: -0.4375284, 0.5544705, 2.853269
Head: -0.4029832, 0.7303952, 2.846967
ShoulderLeft: -0.5684752, 0.4062689, 2.772815
ElbowLeft: -0.5998796, 0.1658409, 2.690304
WristLeft: -0.5750287, -0.07173954, 2.566667
HandLeft: -0.5764964, -0.1420868, 2.527426
ShoulderRight: -0.2283296, 0.4692419, 2.857208
ElbowRight: 0.01805905, 0.5070518, 2.83862
WristRight: 0.2431009, 0.5110781, 2.809954
HandRight: 0.3313539, 0.5058081, 2.795696
HipLeft: -0.464041, 0.05317169, 2.649382
KneeLeft: -0.3986835, -0.4454517, 2.580025
AnkleLeft: -0.4117908, -0.7499967, 2.483499
FootLeft: -0.3798708, -0.8065457, 2.374884
HipRight: -0.3089131, 0.05472839, 2.669112
KneeRight: -0.3544699, -0.325765, 2.585963
AnkleRight: -0.3714606, -0.7351726, 2.494558
FootRight: -0.3899447, -0.8057505, 2.368959
=========
HipCenter: -0.3941954, 0.1268375, 2.689567
Spine: -0.4099102, 0.176839, 2.762926
ShoulderCenter: -0.437651, 0.5544642, 2.853794
Head: -0.4030542, 0.7302973, 2.847306
ShoulderLeft: -0.5685292, 0.4062559, 2.772833
ElbowLeft: -0.5998085, 0.165894, 2.690443
WristLeft: -0.574913, -0.07164846, 2.566534
HandLeft: -0.5764923, -0.1419709, 2.527377
ShoulderRight: -0.2283009, 0.4692834, 2.857239
ElbowRight: 0.01749137, 0.5070449, 2.838846
WristRight: 0.2423347, 0.5112439, 2.809755
HandRight: 0.3319767, 0.5058578, 2.795607
HipLeft: -0.4640279, 0.05317337, 2.649444
KneeLeft: -0.3986158, -0.4454748, 2.580029
AnkleLeft: -0.4117462, -0.7500147, 2.483503
FootLeft: -0.3799281, -0.806543, 2.374891
HipRight: -0.3088869, 0.05474807, 2.66905
KneeRight: -0.354441, -0.3255778, 2.586081
AnkleRight: -0.3712264, -0.7352181, 2.494615
FootRight: -0.3899516, -0.8057532, 2.368875
=========
HipCenter: -0.3941822, 0.126847, 2.68957
Spine: -0.4098854, 0.1768378, 2.762944
ShoulderCenter: -0.4376653, 0.5544368, 2.854043
Head: -0.4031057, 0.7302101, 2.847688
ShoulderLeft: -0.5685965, 0.4062384, 2.772866
ElbowLeft: -0.5994079, 0.1654653, 2.690534
WristLeft: -0.5747934, -0.07155465, 2.56642
HandLeft: -0.5764962, -0.1418453, 2.527338
ShoulderRight: -0.2282695, 0.4693233, 2.857277
ElbowRight: 0.01703342, 0.5070228, 2.839021
WristRight: 0.2417327, 0.5113589, 2.809577
HandRight: 0.3325999, 0.5058874, 2.795497
HipLeft: -0.4640167, 0.05317792, 2.649507
KneeLeft: -0.3985299, -0.4455004, 2.580036
AnkleLeft: -0.4116987, -0.7500349, 2.483506
FootLeft: -0.3799622, -0.8065434, 2.374889
HipRight: -0.3088617, 0.05476757, 2.668993
KneeRight: -0.3544211, -0.32537, 2.586231
AnkleRight: -0.3710212, -0.7352592, 2.494672
FootRight: -0.3899559, -0.805756, 2.368806
=========
HipCenter: -0.3941692, 0.1268574, 2.689574
Spine: -0.4098596, 0.1768406, 2.762962
ShoulderCenter: -0.4376301, 0.5544041, 2.854197
Head: -0.4031401, 0.7301571, 2.848066
ShoulderLeft: -0.568639, 0.4062214, 2.772896
ElbowLeft: -0.5992616, 0.165917, 2.69076
WristLeft: -0.5746725, -0.07146836, 2.56632
HandLeft: -0.5764839, -0.1417406, 2.527313
ShoulderRight: -0.2282343, 0.4693578, 2.857316
ElbowRight: 0.01668263, 0.5070114, 2.839147
WristRight: 0.2412378, 0.5114509, 2.809425
HandRight: 0.3332449, 0.5059016, 2.795269
HipLeft: -0.4640065, 0.05318436, 2.649566
KneeLeft: -0.3984147, -0.4455524, 2.580049
AnkleLeft: -0.4116427, -0.7500573, 2.48351
FootLeft: -0.3799998, -0.8065447, 2.374898
HipRight: -0.3088389, 0.05478667, 2.668941
KneeRight: -0.3543201, -0.3252218, 2.586366
AnkleRight: -0.3706436, -0.7353261, 2.494763
FootRight: -0.3899526, -0.8057608, 2.368747
=========
HipCenter: -0.3941565, 0.1268732, 2.68958
Spine: -0.4098353, 0.1768488, 2.762982
ShoulderCenter: -0.4376157, 0.5543867, 2.854308
Head: -0.4031433, 0.7301319, 2.84835
ShoulderLeft: -0.5686948, 0.4062129, 2.772943
ElbowLeft: -0.5990493, 0.1658802, 2.690809
WristLeft: -0.5745375, -0.0713622, 2.566231
HandLeft: -0.5764497, -0.1416653, 2.527288
ShoulderRight: -0.2281949, 0.4693906, 2.857355
ElbowRight: 0.01639043, 0.5070016, 2.839251
WristRight: 0.2408111, 0.5115272, 2.809289
HandRight: 0.3334085, 0.5059189, 2.79507
HipLeft: -0.4640021, 0.05320039, 2.649632
KneeLeft: -0.3982668, -0.4456175, 2.580067
AnkleLeft: -0.4115812, -0.7500815, 2.483514
FootLeft: -0.3800385, -0.8065455, 2.374913
HipRight: -0.3088154, 0.05480853, 2.668889
KneeRight: -0.3542079, -0.3250734, 2.586504
AnkleRight: -0.3702692, -0.7353901, 2.494851
FootRight: -0.3899547, -0.8057625, 2.368712
=========
HipCenter: -0.3941376, 0.1268911, 2.689586
Spine: -0.4098039, 0.1768592, 2.763003
ShoulderCenter: -0.4375959, 0.5543723, 2.854392
Head: -0.4031506, 0.7301155, 2.848625
ShoulderLeft: -0.568732, 0.4062044, 2.772989
ElbowLeft: -0.5989349, 0.1659622, 2.690927
WristLeft: -0.5744231, -0.0712232, 2.566168
HandLeft: -0.576435, -0.1416188, 2.527272
ShoulderRight: -0.228146, 0.4694209, 2.857394
ElbowRight: 0.0161602, 0.506991, 2.839333
WristRight: 0.2404622, 0.5115799, 2.809177
HandRight: 0.3331826, 0.5058927, 2.794767
HipLeft: -0.4639874, 0.05321336, 2.64969
KneeLeft: -0.3981268, -0.4456794, 2.580081
AnkleLeft: -0.4115031, -0.7501165, 2.483513
FootLeft: -0.3800741, -0.8065467, 2.374929
HipRight: -0.3087829, 0.05483599, 2.668834
KneeRight: -0.3540041, -0.3249027, 2.586721
AnkleRight: -0.3697741, -0.7354671, 2.495005
FootRight: -0.3899284, -0.805764, 2.368712
=========
HipCenter: -0.3941081, 0.1269139, 2.689596
Spine: -0.4097597, 0.1768739, 2.763032
ShoulderCenter: -0.4375683, 0.5543626, 2.854458
Head: -0.4031554, 0.7302083, 2.849336
ShoulderLeft: -0.5687556, 0.4061972, 2.773037
ElbowLeft: -0.598857, 0.166234, 2.691194
WristLeft: -0.5743169, -0.07108468, 2.566116
HandLeft: -0.5764239, -0.1415757, 2.527254
ShoulderRight: -0.228075, 0.4694592, 2.857442
ElbowRight: 0.01597865, 0.5069759, 2.839397
WristRight: 0.2401672, 0.5116166, 2.809089
HandRight: 0.3331693, 0.5058469, 2.794521
HipLeft: -0.4639579, 0.053229, 2.64975
KneeLeft: -0.3979959, -0.4457428, 2.580089
AnkleLeft: -0.411438, -0.7501398, 2.483514
FootLeft: -0.3801337, -0.8065443, 2.374968
HipRight: -0.3087445, 0.05486543, 2.668784
KneeRight: -0.3537995, -0.3247245, 2.586945
AnkleRight: -0.3693121, -0.7355313, 2.495156
FootRight: -0.3899115, -0.805768, 2.368705
=========
HipCenter: -0.3940718, 0.1269323, 2.689605
Spine: -0.4097062, 0.1768855, 2.763058
ShoulderCenter: -0.4375122, 0.5543581, 2.854509
Head: -0.4030613, 0.7304934, 2.850427
ShoulderLeft: -0.5687356, 0.4061845, 2.773097
ElbowLeft: -0.5990525, 0.1673514, 2.692027
WristLeft: -0.5741543, -0.07096469, 2.56606
HandLeft: -0.5764146, -0.1415377, 2.527238
ShoulderRight: -0.2279748, 0.4695018, 2.857503
ElbowRight: 0.01590988, 0.5069611, 2.839452
WristRight: 0.2399122, 0.5116413, 2.809009
HandRight: 0.3332674, 0.5057719, 2.79429
HipLeft: -0.4639202, 0.05324126, 2.649807
KneeLeft: -0.3979139, -0.4457825, 2.580092
AnkleLeft: -0.4113731, -0.7501407, 2.483518
FootLeft: -0.3801888, -0.8065397, 2.375002
HipRight: -0.3087046, 0.05489165, 2.668733
KneeRight: -0.353542, -0.3244541, 2.58724
AnkleRight: -0.3689472, -0.7355812, 2.495263
FootRight: -0.389879, -0.805768, 2.368713
=========
HipCenter: -0.3940349, 0.1269492, 2.689614
Spine: -0.4096497, 0.1768954, 2.763087
ShoulderCenter: -0.4374215, 0.5543725, 2.854577
Head: -0.4029712, 0.7307279, 2.851316
ShoulderLeft: -0.5687062, 0.4061808, 2.773161
ElbowLeft: -0.5994562, 0.1689122, 2.693028
WristLeft: -0.5739398, -0.0707892, 2.566015
HandLeft: -0.5764092, -0.1415074, 2.527227
ShoulderRight: -0.2278558, 0.4695375, 2.857559
ElbowRight: 0.0158747, 0.5069488, 2.839498
WristRight: 0.2397243, 0.5116572, 2.808951
HandRight: 0.3334614, 0.5056804, 2.794027
HipLeft: -0.4638817, 0.05325156, 2.649863
KneeLeft: -0.3978547, -0.4458119, 2.580092
AnkleLeft: -0.4113122, -0.7501401, 2.483523
FootLeft: -0.3802361, -0.806536, 2.375036
HipRight: -0.3086678, 0.05491518, 2.668687
KneeRight: -0.3533346, -0.3241884, 2.587432
AnkleRight: -0.3686278, -0.7356261, 2.495383
FootRight: -0.3898376, -0.8057687, 2.368715
=========
HipCenter: -0.3939846, 0.126963, 2.689629
Spine: -0.4095644, 0.1768985, 2.763129
ShoulderCenter: -0.4372321, 0.5543823, 2.854685
Head: -0.4028989, 0.7309021, 2.851991
ShoulderLeft: -0.5686339, 0.4061729, 2.773251
ElbowLeft: -0.5998598, 0.1703388, 2.693943
WristLeft: -0.5737219, -0.07062227, 2.565985
HandLeft: -0.5764018, -0.1414832, 2.527217
ShoulderRight: -0.2277129, 0.4695777, 2.857616
ElbowRight: 0.01675146, 0.5070725, 2.839362
WristRight: 0.2396265, 0.5116693, 2.808912
HandRight: 0.333715, 0.5055861, 2.793746
HipLeft: -0.4638293, 0.05325472, 2.649928
KneeLeft: -0.3977583, -0.445863, 2.58009
AnkleLeft: -0.4112658, -0.7501393, 2.483524
FootLeft: -0.3802603, -0.8065346, 2.375052
HipRight: -0.30863, 0.05493714, 2.668646
KneeRight: -0.3531799, -0.3240083, 2.587538
AnkleRight: -0.3684432, -0.7356553, 2.495466
FootRight: -0.3897944, -0.8057639, 2.368737
=========
HipCenter: -0.3939375, 0.1269663, 2.689646
Spine: -0.4094765, 0.1768894, 2.763176
ShoulderCenter: -0.4370392, 0.5543869, 2.854795
Head: -0.4027512, 0.7309242, 2.852521
ShoulderLeft: -0.5685571, 0.406156, 2.773352
ElbowLeft: -0.6001493, 0.1713813, 2.694628
WristLeft: -0.5735019, -0.07046059, 2.565966
HandLeft: -0.5763861, -0.1414623, 2.527209
ShoulderRight: -0.2275726, 0.4696113, 2.857666
ElbowRight: 0.01796671, 0.5072851, 2.839155
WristRight: 0.2396073, 0.5116627, 2.808869
HandRight: 0.3339967, 0.5054952, 2.793494
HipLeft: -0.4637713, 0.05323786, 2.650006
KneeLeft: -0.3976208, -0.4459416, 2.580105
AnkleLeft: -0.4112318, -0.7501394, 2.483522
FootLeft: -0.3802787, -0.8065328, 2.375065
HipRight: -0.3086006, 0.0549501, 2.668606
KneeRight: -0.3529135, -0.3237599, 2.58766
AnkleRight: -0.3682807, -0.7356899, 2.495541
FootRight: -0.3896614, -0.8057372, 2.368767
=========
HipCenter: -0.3938788, 0.126967, 2.689669
Spine: -0.4093797, 0.1768762, 2.763227
ShoulderCenter: -0.4368663, 0.5543782, 2.854891
Head: -0.4026105, 0.7309263, 2.852954
ShoulderLeft: -0.5684741, 0.4061404, 2.773458
ElbowLeft: -0.6004466, 0.1724341, 2.695282
WristLeft: -0.5732687, -0.07030826, 2.565933
HandLeft: -0.5763218, -0.1414596, 2.527201
ShoulderRight: -0.227405, 0.4696521, 2.857724
ElbowRight: 0.01912493, 0.5074624, 2.838962
WristRight: 0.2396169, 0.5116472, 2.808871
HandRight: 0.3342873, 0.5053923, 2.79325
HipLeft: -0.4636923, 0.0532099, 2.650103
KneeLeft: -0.3974429, -0.4460486, 2.580135
AnkleLeft: -0.4112073, -0.7501426, 2.483517
FootLeft: -0.3802938, -0.8065311, 2.375075
HipRight: -0.3085604, 0.05496367, 2.668566
KneeRight: -0.3527301, -0.3235892, 2.587744
AnkleRight: -0.3681752, -0.7357095, 2.495586
FootRight: -0.3894903, -0.8056839, 2.368925
=========
HipCenter: -0.3938138, 0.1269659, 2.689695
Spine: -0.4092728, 0.176858, 2.763286
ShoulderCenter: -0.4366873, 0.5544074, 2.855072
Head: -0.4024897, 0.7309125, 2.853288
ShoulderLeft: -0.568387, 0.4061244, 2.773568
ElbowLeft: -0.5998654, 0.171009, 2.694944
WristLeft: -0.5730469, -0.07016815, 2.565903
HandLeft: -0.576253, -0.141461, 2.5272
ShoulderRight: -0.2272334, 0.4696945, 2.857782
ElbowRight: 0.01992173, 0.5074776, 2.838868
WristRight: 0.239598, 0.5116345, 2.808881
HandRight: 0.3346071, 0.5052873, 2.79301
HipLeft: -0.4636015, 0.0531782, 2.65021
KneeLeft: -0.3972193, -0.4461692, 2.580181
AnkleLeft: -0.4111877, -0.7501463, 2.483513
FootLeft: -0.3803131, -0.8065271, 2.375081
HipRight: -0.3085166, 0.05497702, 2.668525
KneeRight: -0.3525691, -0.323432, 2.587817
AnkleRight: -0.3680995, -0.735723, 2.495615
FootRight: -0.3893277, -0.805628, 2.369075
=========
HipCenter: -0.3937375, 0.1269614, 2.689727
Spine: -0.40915, 0.1768328, 2.76335
ShoulderCenter: -0.4364426, 0.5543616, 2.855218
Head: -0.4024003, 0.7309324, 2.853476
ShoulderLeft: -0.5682684, 0.4060917, 2.77368
ElbowLeft: -0.5997816, 0.1708665, 2.695047
WristLeft: -0.5728058, -0.07004958, 2.565846
HandLeft: -0.576196, -0.141464, 2.527194
ShoulderRight: -0.2270228, 0.4697463, 2.857856
ElbowRight: 0.02045271, 0.5074313, 2.838833
WristRight: 0.2395776, 0.5116189, 2.808898
HandRight: 0.3349389, 0.5051911, 2.792805
HipLeft: -0.463494, 0.05313655, 2.65033
KneeLeft: -0.3969673, -0.4462958, 2.58023
AnkleLeft: -0.4111645, -0.7501526, 2.483504
FootLeft: -0.3803318, -0.8065225, 2.375088
HipRight: -0.3084714, 0.05498952, 2.668487
KneeRight: -0.3523855, -0.3232745, 2.58788
AnkleRight: -0.3680272, -0.7357336, 2.495631
FootRight: -0.3891877, -0.8055786, 2.369197
=========
HipCenter: -0.3935783, 0.1269409, 2.689783
Spine: -0.4089286, 0.1767875, 2.76344
ShoulderCenter: -0.4359122, 0.5542304, 2.855313
Head: -0.4023202, 0.7309489, 2.853615
ShoulderLeft: -0.5681018, 0.4060397, 2.773776
ElbowLeft: -0.5994439, 0.1700926, 2.695049
WristLeft: -0.5725201, -0.06994158, 2.565777
HandLeft: -0.5761023, -0.1414735, 2.527186
ShoulderRight: -0.226758, 0.4698, 2.857957
ElbowRight: 0.0208968, 0.5073734, 2.838808
WristRight: 0.2395619, 0.5115956, 2.808932
HandRight: 0.3353253, 0.5050657, 2.792805
HipLeft: -0.4633251, 0.05306809, 2.65047
KneeLeft: -0.3967002, -0.4464485, 2.580281
AnkleLeft: -0.4111378, -0.750171, 2.48349
FootLeft: -0.3803671, -0.8065099, 2.3751
HipRight: -0.3083752, 0.05499651, 2.66846
KneeRight: -0.3522092, -0.3231247, 2.587934
AnkleRight: -0.3679646, -0.7357416, 2.495638
FootRight: -0.3890992, -0.8055391, 2.369288
=========
HipCenter: -0.3933818, 0.1269204, 2.689854
Spine: -0.4086838, 0.1767483, 2.763535
ShoulderCenter: -0.435274, 0.5540591, 2.855283
Head: -0.4022464, 0.7309635, 2.853714
ShoulderLeft: -0.5678494, 0.4059645, 2.77388
ElbowLeft: -0.5989544, 0.1688892, 2.694919
WristLeft: -0.5721759, -0.06991403, 2.565694
HandLeft: -0.5759712, -0.1414948, 2.52718
ShoulderRight: -0.2264422, 0.4698653, 2.858108
ElbowRight: 0.02127294, 0.5073107, 2.838793
WristRight: 0.2395504, 0.5115691, 2.808973
HandRight: 0.3357888, 0.504916, 2.792906
HipLeft: -0.4631293, 0.05300336, 2.65061
KneeLeft: -0.3960922, -0.4470487, 2.580483
AnkleLeft: -0.4110452, -0.7504064, 2.483416
FootLeft: -0.3804035, -0.806497, 2.375104
HipRight: -0.3082434, 0.05499858, 2.668469
KneeRight: -0.3520359, -0.3229784, 2.587985
AnkleRight: -0.3679097, -0.7357469, 2.495638
FootRight: -0.3890398, -0.8055116, 2.369361
=========
HipCenter: -0.3931395, 0.1268843, 2.689942
Spine: -0.4083979, 0.176685, 2.763646
ShoulderCenter: -0.4348281, 0.553892, 2.855332
Head: -0.4022113, 0.7309594, 2.85378
ShoulderLeft: -0.5676859, 0.4059042, 2.773996
ElbowLeft: -0.5980877, 0.1658106, 2.694198
WristLeft: -0.5718073, -0.06989785, 2.565646
HandLeft: -0.5758604, -0.1415112, 2.527164
ShoulderRight: -0.226131, 0.4699264, 2.858263
ElbowRight: 0.0331604, 0.5088243, 2.836092
WristRight: 0.2485337, 0.5110638, 2.809792
HandRight: 0.3362945, 0.5047514, 2.793055
HipLeft: -0.4628777, 0.05289684, 2.650776
KneeLeft: -0.3955511, -0.4474994, 2.580669
AnkleLeft: -0.4109604, -0.7505828, 2.483373
FootLeft: -0.3804338, -0.8064836, 2.375098
HipRight: -0.308033, 0.05499566, 2.668482
KneeRight: -0.3519082, -0.3228406, 2.58803
AnkleRight: -0.3678695, -0.735749, 2.495634
FootRight: -0.3889646, -0.8055009, 2.369382
=========
HipCenter: -0.392872, 0.1268407, 2.690038
Spine: -0.4080951, 0.1766161, 2.763761
ShoulderCenter: -0.4343327, 0.5537094, 2.855365
Head: -0.4021868, 0.7309499, 2.85382
ShoulderLeft: -0.5674181, 0.4058091, 2.77412
ElbowLeft: -0.5979854, 0.1653204, 2.694082
WristLeft: -0.5714172, -0.06989218, 2.565598
HandLeft: -0.5756739, -0.1415345, 2.527144
ShoulderRight: -0.22581, 0.4699782, 2.858446
ElbowRight: 0.03810239, 0.509748, 2.83586
WristRight: 0.2522099, 0.5107927, 2.810145
HandRight: 0.3369073, 0.5045118, 2.79343
HipLeft: -0.4626139, 0.05279328, 2.650935
KneeLeft: -0.3950625, -0.4479058, 2.580844
AnkleLeft: -0.4108547, -0.75077, 2.483326
FootLeft: -0.3804545, -0.8064733, 2.37509
HipRight: -0.3078038, 0.05498407, 2.668514
KneeRight: -0.35176, -0.3226462, 2.588097
AnkleRight: -0.3678351, -0.7357505, 2.495627
FootRight: -0.38889, -0.805497, 2.369388
=========
HipCenter: -0.392546, 0.1267862, 2.69015
Spine: -0.4077434, 0.1765295, 2.763883
ShoulderCenter: -0.4337445, 0.5534386, 2.855374
Head: -0.4022178, 0.7308313, 2.853704
ShoulderLeft: -0.5670838, 0.4056851, 2.774225
ElbowLeft: -0.5979639, 0.1650431, 2.694005
WristLeft: -0.5709324, -0.06992863, 2.565541
HandLeft: -0.5754121, -0.1415779, 2.52713
ShoulderRight: -0.2254527, 0.4700413, 2.85868
ElbowRight: 0.04529723, 0.5106583, 2.83531
WristRight: 0.2585363, 0.5103952, 2.810511
HandRight: 0.3375176, 0.50425, 2.793825
HipLeft: -0.4622935, 0.05267521, 2.651104
KneeLeft: -0.3947112, -0.448219, 2.580962
AnkleLeft: -0.4107344, -0.7510389, 2.483266
FootLeft: -0.3804755, -0.8064643, 2.375081
HipRight: -0.3075375, 0.05497087, 2.668561
KneeRight: -0.3516667, -0.3224489, 2.588212
AnkleRight: -0.3678108, -0.7357509, 2.495625
FootRight: -0.3890939, -0.8054929, 2.369012
=========
HipCenter: -0.3921552, 0.1267225, 2.690273
Spine: -0.4073315, 0.1764418, 2.764009
ShoulderCenter: -0.4330383, 0.5531782, 2.855315
Head: -0.4022539, 0.7307069, 2.85353
ShoulderLeft: -0.5667208, 0.405571, 2.774322
ElbowLeft: -0.5980217, 0.1649904, 2.693993
WristLeft: -0.5704608, -0.06994196, 2.565482
HandLeft: -0.5751016, -0.1416421, 2.527109
ShoulderRight: -0.2251118, 0.4700993, 2.858909
ElbowRight: 0.04488547, 0.509863, 2.835683
WristRight: 0.2588618, 0.5102039, 2.810924
HandRight: 0.3381091, 0.5040021, 2.794245
HipLeft: -0.4619234, 0.05255046, 2.651272
KneeLeft: -0.3942644, -0.4486311, 2.581104
AnkleLeft: -0.4106131, -0.7513085, 2.483209
FootLeft: -0.3804882, -0.8064605, 2.37508
HipRight: -0.3072245, 0.05495421, 2.668633
KneeRight: -0.3516094, -0.3223132, 2.588297
AnkleRight: -0.3677904, -0.73575, 2.495622
FootRight: -0.3893391, -0.8056133, 2.368712
=========
HipCenter: -0.3917217, 0.1266512, 2.690409
Spine: -0.4068723, 0.1763447, 2.764146
ShoulderCenter: -0.4323152, 0.552914, 2.855266
Head: -0.4021921, 0.7301387, 2.852676
ShoulderLeft: -0.5663591, 0.4054572, 2.774415
ElbowLeft: -0.5976555, 0.16431, 2.693776
WristLeft: -0.5699987, -0.06997425, 2.565438
HandLeft: -0.5747873, -0.1417136, 2.527095
ShoulderRight: -0.2247945, 0.4701507, 2.859119
ElbowRight: 0.04461921, 0.5095618, 2.836006
WristRight: 0.2585533, 0.5100234, 2.811335
HandRight: 0.3386576, 0.5037725, 2.794636
HipLeft: -0.461518, 0.05242253, 2.651436
KneeLeft: -0.3938597, -0.4489871, 2.581245
AnkleLeft: -0.4104623, -0.7515662, 2.483159
FootLeft: -0.3805035, -0.8064566, 2.375078
HipRight: -0.3068835, 0.05493203, 2.668723
KneeRight: -0.3516084, -0.3221699, 2.588414
AnkleRight: -0.3677521, -0.7357435, 2.495621
FootRight: -0.3895106, -0.8057325, 2.368486
=========
HipCenter: -0.3912943, 0.1265804, 2.690545
Spine: -0.4064402, 0.1762508, 2.764277
ShoulderCenter: -0.4318684, 0.5527486, 2.855264
Head: -0.4021194, 0.7295911, 2.851773
ShoulderLeft: -0.5659706, 0.4053864, 2.774518
ElbowLeft: -0.5976176, 0.1647205, 2.693968
WristLeft: -0.5693921, -0.07006334, 2.565345
HandLeft: -0.5745491, -0.1417491, 2.52711
ShoulderRight: -0.224506, 0.4702022, 2.859307
ElbowRight: 0.04415371, 0.5093541, 2.836407
WristRight: 0.2579791, 0.50988, 2.811685
HandRight: 0.3391571, 0.5035608, 2.795005
HipLeft: -0.4610758, 0.05229398, 2.65162
KneeLeft: -0.3935066, -0.4492808, 2.581362
AnkleLeft: -0.4103209, -0.7517975, 2.483119
FootLeft: -0.3805204, -0.8064535, 2.375076
HipRight: -0.3065258, 0.05491912, 2.668819
KneeRight: -0.3516465, -0.3220146, 2.588552
AnkleRight: -0.3677197, -0.7357334, 2.495628
FootRight: -0.3896594, -0.8058419, 2.368306
=========
HipCenter: -0.3908702, 0.1264913, 2.69068
Spine: -0.4060332, 0.1761492, 2.764396
ShoulderCenter: -0.4314252, 0.5525739, 2.855222
Head: -0.4020264, 0.7291172, 2.850923
ShoulderLeft: -0.565284, 0.4053225, 2.774589
ElbowLeft: -0.5974995, 0.1646192, 2.693963
WristLeft: -0.5688311, -0.07015093, 2.565262
HandLeft: -0.5742434, -0.141821, 2.527136
ShoulderRight: -0.2242365, 0.4702516, 2.859477
ElbowRight: 0.04340004, 0.509115, 2.836891
WristRight: 0.257175, 0.5097672, 2.812016
HandRight: 0.3396125, 0.5033652, 2.79535
HipLeft: -0.4606366, 0.0521648, 2.6518
KneeLeft: -0.3932075, -0.4495238, 2.58146
AnkleLeft: -0.4101928, -0.7520109, 2.483101
FootLeft: -0.3805323, -0.8064509, 2.375072
HipRight: -0.3061807, 0.05489299, 2.66893
KneeRight: -0.3517824, -0.3217757, 2.588829
AnkleRight: -0.3676958, -0.735729, 2.495638
FootRight: -0.3897709, -0.8059322, 2.368163
=========
HipCenter: -0.3904622, 0.1264045, 2.690815
Spine: -0.4056548, 0.1760583, 2.76451
ShoulderCenter: -0.4310388, 0.5524383, 2.855174
Head: -0.401926, 0.7287442, 2.850311
ShoulderLeft: -0.5645999, 0.4052768, 2.774655
ElbowLeft: -0.5968855, 0.163055, 2.693906
WristLeft: -0.5683388, -0.07023403, 2.5652
HandLeft: -0.5737744, -0.1419535, 2.527206
ShoulderRight: -0.2239672, 0.4703101, 2.85965
ElbowRight: 0.04167842, 0.5086353, 2.837466
WristRight: 0.2559434, 0.5096646, 2.812342
HandRight: 0.3400296, 0.5031832, 2.795655
HipLeft: -0.4602012, 0.05204134, 2.651995
KneeLeft: -0.3929704, -0.4496942, 2.581537
AnkleLeft: -0.4100722, -0.7521783, 2.483092
FootLeft: -0.3805398, -0.8064491, 2.37507
HipRight: -0.3058454, 0.05486931, 2.669045
KneeRight: -0.351839, -0.3216251, 2.589032
AnkleRight: -0.3676655, -0.735723, 2.495651
FootRight: -0.3898247, -0.8059993, 2.368059
=========
HipCenter: -0.3901021, 0.1263239, 2.690939
Spine: -0.4052941, 0.1759714, 2.764622
ShoulderCenter: -0.4307479, 0.5523564, 2.855168
Head: -0.4018398, 0.7284791, 2.849787
ShoulderLeft: -0.5640588, 0.4053869, 2.774919
ElbowLeft: -0.5973821, 0.1654856, 2.694896
WristLeft: -0.5678424, -0.07033035, 2.565141
HandLeft: -0.5732143, -0.1421429, 2.527271
ShoulderRight: -0.2237663, 0.4703504, 2.859787
ElbowRight: 0.03891458, 0.5079271, 2.83824
WristRight: 0.2545882, 0.5095847, 2.812654
HandRight: 0.3403996, 0.5030169, 2.79592
HipLeft: -0.459816, 0.05193651, 2.65219
KneeLeft: -0.3927661, -0.4498326, 2.581601
AnkleLeft: -0.4099537, -0.7523317, 2.483083
FootLeft: -0.380547, -0.8064477, 2.375062
HipRight: -0.30555, 0.05484837, 2.66915
KneeRight: -0.3519492, -0.3214069, 2.58937
AnkleRight: -0.3676544, -0.7357199, 2.495653
FootRight: -0.3898834, -0.8060426, 2.367992
=========
HipCenter: -0.3897587, 0.1262555, 2.691069
Spine: -0.4049534, 0.1758995, 2.764736
ShoulderCenter: -0.4304979, 0.552295, 2.855162
Head: -0.4017769, 0.7282607, 2.849369
ShoulderLeft: -0.5636008, 0.4055024, 2.775187
ElbowLeft: -0.5979789, 0.1680588, 2.695916
WristLeft: -0.5674085, -0.07032191, 2.565077
HandLeft: -0.5727037, -0.1423257, 2.527326
ShoulderRight: -0.2235834, 0.4703861, 2.85992
ElbowRight: 0.03637984, 0.507292, 2.838917
WristRight: 0.2532983, 0.5095184, 2.812936
HandRight: 0.3407421, 0.5028589, 2.79617
HipLeft: -0.4594549, 0.05184454, 2.652388
KneeLeft: -0.3925688, -0.4499495, 2.581663
AnkleLeft: -0.4098742, -0.752434, 2.483075
FootLeft: -0.3805474, -0.8064483, 2.375057
HipRight: -0.3052539, 0.05483567, 2.669266
KneeRight: -0.3520604, -0.321181, 2.589705
AnkleRight: -0.3676737, -0.7357059, 2.49565
FootRight: -0.3900158, -0.8060822, 2.367993
=========
HipCenter: -0.3894442, 0.1262018, 2.691206
Spine: -0.4046556, 0.1758325, 2.764858
ShoulderCenter: -0.4303653, 0.5522478, 2.855232
Head: -0.4016808, 0.7281201, 2.849022
ShoulderLeft: -0.5632166, 0.4055924, 2.775437
ElbowLeft: -0.5979232, 0.1681975, 2.696076
WristLeft: -0.5670197, -0.07028946, 2.565056
HandLeft: -0.5722561, -0.1424869, 2.527378
ShoulderRight: -0.2233435, 0.4704242, 2.860126
ElbowRight: 0.04108544, 0.5080252, 2.837588
WristRight: 0.2572365, 0.5093379, 2.813289
HandRight: 0.341179, 0.502677, 2.796631
HipLeft: -0.4591342, 0.05176747, 2.65257
KneeLeft: -0.3923717, -0.450049, 2.581707
AnkleLeft: -0.4097684, -0.7525583, 2.483063
FootLeft: -0.3805465, -0.8064495, 2.375054
HipRight: -0.3049457, 0.05483216, 2.669403
KneeRight: -0.3521397, -0.3209655, 2.589971
AnkleRight: -0.3676921, -0.7356917, 2.495641
FootRight: -0.3901609, -0.8061159, 2.368027
=========
HipCenter: -0.3891593, 0.1261572, 2.691335
Spine: -0.4043885, 0.1757827, 2.764973
ShoulderCenter: -0.4302287, 0.5522092, 2.855259
Head: -0.4016191, 0.7280588, 2.848798
ShoulderLeft: -0.562893, 0.4056726, 2.775663
ElbowLeft: -0.5976219, 0.1675781, 2.695934
WristLeft: -0.5665856, -0.07024878, 2.565026
HandLeft: -0.5717708, -0.1426292, 2.527432
ShoulderRight: -0.2231148, 0.4704568, 2.860333
ElbowRight: 0.03951178, 0.5074944, 2.837854
WristRight: 0.2563201, 0.5092855, 2.813537
HandRight: 0.3416134, 0.5024993, 2.797091
HipLeft: -0.4588496, 0.05170255, 2.652741
KneeLeft: -0.3921961, -0.4501288, 2.58174
AnkleLeft: -0.4096754, -0.7526699, 2.483052
FootLeft: -0.380557, -0.8064477, 2.375054
HipRight: -0.3046607, 0.05483203, 2.669532
KneeRight: -0.3521839, -0.3208309, 2.590121
AnkleRight: -0.3677226, -0.7356732, 2.495634
FootRight: -0.3902055, -0.80612, 2.368236
=========
HipCenter: -0.3889095, 0.1261202, 2.691452
Spine: -0.4041606, 0.1757477, 2.765077
ShoulderCenter: -0.4301202, 0.5521617, 2.855237
Head: -0.4015644, 0.7280296, 2.848624
ShoulderLeft: -0.5626222, 0.405746, 2.775864
ElbowLeft: -0.5970636, 0.1664058, 2.695585
WristLeft: -0.5662144, -0.07016149, 2.565028
HandLeft: -0.5713286, -0.1427593, 2.527481
ShoulderRight: -0.2228985, 0.4704862, 2.860539
ElbowRight: 0.03736501, 0.506938, 2.83822
WristRight: 0.2552817, 0.5092469, 2.813801
HandRight: 0.3420064, 0.5023347, 2.797523
HipLeft: -0.4586026, 0.05164887, 2.652894
KneeLeft: -0.3920397, -0.4501925, 2.581767
AnkleLeft: -0.4095876, -0.7527732, 2.483045
FootLeft: -0.3805686, -0.8064463, 2.375055
HipRight: -0.3043993, 0.05483047, 2.66966
KneeRight: -0.3522275, -0.3207118, 2.590232
AnkleRight: -0.3677409, -0.7356622, 2.495631
FootRight: -0.3902382, -0.8061046, 2.368574
=========
HipCenter: -0.3886865, 0.1260886, 2.691576
Spine: -0.4039653, 0.1757099, 2.765193
ShoulderCenter: -0.4300763, 0.5521531, 2.855333
Head: -0.4015161, 0.7280472, 2.848465
ShoulderLeft: -0.5623853, 0.4058162, 2.776043
ElbowLeft: -0.5973072, 0.1674463, 2.696311
WristLeft: -0.5658828, -0.07006977, 2.565035
HandLeft: -0.5709295, -0.1428777, 2.527525
ShoulderRight: -0.2226623, 0.4705283, 2.860817
ElbowRight: 0.03496643, 0.5063385, 2.838626
WristRight: 0.2541975, 0.509236, 2.814051
HandRight: 0.3423612, 0.5021817, 2.797926
HipLeft: -0.4583835, 0.05160519, 2.653038
KneeLeft: -0.3918998, -0.4502369, 2.581789
AnkleLeft: -0.4095081, -0.7528604, 2.483042
FootLeft: -0.3805787, -0.8064449, 2.375059
HipRight: -0.3041609, 0.05483308, 2.669799
KneeRight: -0.3522499, -0.3206051, 2.590308
AnkleRight: -0.3677754, -0.7356455, 2.495634
FootRight: -0.3902784, -0.8060954, 2.368908
=========
HipCenter: -0.3884112, 0.1260553, 2.691727
Spine: -0.4037449, 0.175673, 2.765318
ShoulderCenter: -0.4299236, 0.5520434, 2.855304
Head: -0.4014756, 0.7280697, 2.848358
ShoulderLeft: -0.5620858, 0.4058182, 2.776173
ElbowLeft: -0.5977224, 0.1703078, 2.697082
WristLeft: -0.5656364, -0.07001653, 2.565035
HandLeft: -0.570564, -0.1429741, 2.527559
ShoulderRight: -0.2223137, 0.47056, 2.861166
ElbowRight: 0.03418871, 0.5062314, 2.838809
WristRight: 0.2532855, 0.5092199, 2.814253
HandRight: 0.3427723, 0.5020069, 2.798571
HipLeft: -0.4581241, 0.05154965, 2.653174
KneeLeft: -0.3917546, -0.4502656, 2.581801
AnkleLeft: -0.4094708, -0.7529126, 2.483038
FootLeft: -0.3805837, -0.8064437, 2.375066
HipRight: -0.3038331, 0.05480674, 2.670037
KneeRight: -0.3522596, -0.3205069, 2.590363
AnkleRight: -0.3678589, -0.73564, 2.49573
FootRight: -0.390328, -0.8060933, 2.369132
=========
HipCenter: -0.3881433, 0.1260121, 2.691874
Spine: -0.4035378, 0.1756331, 2.765439
ShoulderCenter: -0.4298092, 0.5519727, 2.8553
Head: -0.4014218, 0.7280958, 2.848262
ShoulderLeft: -0.5618133, 0.405809, 2.776282
ElbowLeft: -0.5964763, 0.1680429, 2.696333
WristLeft: -0.5654302, -0.06995974, 2.565038
HandLeft: -0.5702271, -0.1430363, 2.527597
ShoulderRight: -0.2219893, 0.4705877, 2.861495
ElbowRight: 0.04076573, 0.5075647, 2.837591
WristRight: 0.2580054, 0.509059, 2.814495
HandRight: 0.3431271, 0.5018555, 2.799123
HipLeft: -0.4578691, 0.05148316, 2.653279
KneeLeft: -0.3916217, -0.4502878, 2.581805
AnkleLeft: -0.4094331, -0.7529752, 2.483033
FootLeft: -0.3805881, -0.8064422, 2.375075
HipRight: -0.3034906, 0.05475213, 2.670306
KneeRight: -0.352259, -0.3203852, 2.590401
AnkleRight: -0.3679171, -0.7356503, 2.495846
FootRight: -0.3903602, -0.8060876, 2.369339
=========
HipCenter: -0.3878786, 0.1259841, 2.692019
Spine: -0.4033369, 0.1756027, 2.765555
ShoulderCenter: -0.4296958, 0.5518995, 2.855289
Head: -0.4013401, 0.72815, 2.848212
ShoulderLeft: -0.5615748, 0.4057931, 2.776375
ElbowLeft: -0.5951284, 0.1654551, 2.695323
WristLeft: -0.5652246, -0.06991488, 2.565025
HandLeft: -0.5698755, -0.1431002, 2.527636
ShoulderRight: -0.2216715, 0.4706363, 2.861824
ElbowRight: 0.04045655, 0.5075752, 2.837617
WristRight: 0.2572687, 0.509041, 2.814686
HandRight: 0.3434244, 0.5017216, 2.799575
HipLeft: -0.4576234, 0.05142797, 2.653374
KneeLeft: -0.3914874, -0.4503009, 2.581804
AnkleLeft: -0.4094006, -0.7530326, 2.483033
FootLeft: -0.3805928, -0.8064407, 2.375082
HipRight: -0.3031525, 0.05471087, 2.670568
KneeRight: -0.3522591, -0.3202939, 2.590428
AnkleRight: -0.3679383, -0.7356586, 2.495997
FootRight: -0.3907039, -0.8058641, 2.369237
=========
HipCenter: -0.3876232, 0.1259553, 2.692163
Spine: -0.4031428, 0.175572, 2.765669
ShoulderCenter: -0.4295542, 0.5518023, 2.855263
Head: -0.4010224, 0.7282428, 2.848176
ShoulderLeft: -0.5613602, 0.4057554, 2.776438
ElbowLeft: -0.5938237, 0.1629577, 2.694335
WristLeft: -0.5650268, -0.06987842, 2.565017
HandLeft: -0.5695863, -0.143152, 2.527678
ShoulderRight: -0.221371, 0.4706753, 2.862122
ElbowRight: 0.0396835, 0.5074619, 2.837783
WristRight: 0.2563091, 0.5090659, 2.814905
HandRight: 0.3436911, 0.5015941, 2.800024
HipLeft: -0.4573842, 0.05136824, 2.65347
KneeLeft: -0.3913569, -0.4503174, 2.581801
AnkleLeft: -0.4093522, -0.753104, 2.48303
FootLeft: -0.3805979, -0.806436, 2.375097
HipRight: -0.3028367, 0.05466802, 2.670818
KneeRight: -0.352255, -0.3202084, 2.590447
AnkleRight: -0.3679239, -0.735669, 2.496123
FootRight: -0.3908738, -0.8057306, 2.36919
