=========
HipCenter: -0.2783308, 0.09280086, 2.849154
Spine: -0.287888, 0.1395589, 2.923554
ShoulderCenter: -0.3156813, 0.5069041, 3.022214
Head: -0.2981202, 0.6881474, 3.03667
ShoulderLeft: -0.4560949, 0.3638489, 2.957143
ElbowLeft: -0.4802888, 0.1529517, 2.887237
WristLeft: -0.4533614, -0.09700608, 2.73834
HandLeft: -0.476687, -0.1392657, 2.724755
ShoulderRight: -0.1160573, 0.4299997, 3.010867
ElbowRight: 0.1609741, 0.4610589, 3.003019
WristRight: 0.3861569, 0.4602332, 2.982738
HandRight: 0.4522703, 0.449136, 2.993157
HipLeft: -0.3484064, 0.006596085, 2.807075
KneeLeft: -0.26501, -0.5139809, 2.744238
AnkleLeft: -0.2829292, -0.8088642, 2.640623
FootLeft: -0.2520051, -0.8586107, 2.533506
HipRight: -0.1953895, 0.03636394, 2.826647
KneeRight: -0.2689694, -0.520916, 2.741569
AnkleRight: -0.2647789, -0.8072871, 2.644116
FootRight: -0.275999, -0.8582489, 2.524474
=========
HipCenter: -0.2776843, 0.09552669, 2.848803
Spine: -0.287283, 0.1414017, 2.922943
ShoulderCenter: -0.3147929, 0.5067429, 3.021076
Head: -0.297176, 0.6879991, 3.035286
ShoulderLeft: -0.4549477, 0.3644889, 2.956162
ElbowLeft: -0.4803629, 0.1529689, 2.887072
WristLeft: -0.4569465, -0.09893861, 2.74145
HandLeft: -0.4810989, -0.1497298, 2.724212
ShoulderRight: -0.1153213, 0.4293507, 3.009726
ElbowRight: 0.160851, 0.4610617, 3.002424
WristRight: 0.3863566, 0.46019, 2.983436
HandRight: 0.4586406, 0.4488973, 2.991371
HipLeft: -0.3476394, 0.01054725, 2.806619
KneeLeft: -0.2394065, -0.5715444, 2.74914
AnkleLeft: -0.2881065, -0.8254133, 2.633634
FootLeft: -0.2518939, -0.8588562, 2.532588
HipRight: -0.1950043, 0.03854815, 2.826477
KneeRight: -0.2516001, -0.463848, 2.744035
AnkleRight: -0.261505, -0.7844263, 2.649535
FootRight: -0.2754113, -0.855056, 2.530205
=========
HipCenter: -0.2774819, 0.09641102, 2.848744
Spine: -0.2871071, 0.1420244, 2.922825
ShoulderCenter: -0.314631, 0.5067508, 3.020879
Head: -0.2970003, 0.6879864, 3.03505
ShoulderLeft: -0.4547091, 0.3645964, 2.955967
ElbowLeft: -0.4804378, 0.1530584, 2.887245
WristLeft: -0.4576479, -0.09912109, 2.742232
HandLeft: -0.4822113, -0.1517132, 2.724253
ShoulderRight: -0.1151934, 0.4292358, 3.009523
ElbowRight: 0.1608333, 0.4610618, 3.002331
WristRight: 0.3863867, 0.4601833, 2.983541
HandRight: 0.4597915, 0.4488421, 2.991017
HipLeft: -0.3473129, 0.01200506, 2.806733
KneeLeft: -0.2505434, -0.5481819, 2.745675
AnkleLeft: -0.2882456, -0.8252727, 2.63359
FootLeft: -0.2519784, -0.8588862, 2.532547
HipRight: -0.194866, 0.03943756, 2.826348
KneeRight: -0.2416964, -0.4289376, 2.745459
AnkleRight: -0.260968, -0.7809612, 2.650372
FootRight: -0.2754869, -0.8547859, 2.53081
=========
HipCenter: -0.27734, 0.09703196, 2.848711
Spine: -0.2869862, 0.1424838, 2.922745
ShoulderCenter: -0.3143102, 0.5067645, 3.020715
Head: -0.2968238, 0.6879857, 3.034804
ShoulderLeft: -0.4545326, 0.3646696, 2.955835
ElbowLeft: -0.4804542, 0.1530437, 2.887256
WristLeft: -0.4580529, -0.09935412, 2.742656
HandLeft: -0.4838699, -0.1535129, 2.724486
ShoulderRight: -0.1145756, 0.429249, 3.009713
ElbowRight: 0.1608298, 0.4610634, 3.00225
WristRight: 0.3864091, 0.4601774, 2.983618
HandRight: 0.4606449, 0.448796, 2.990752
HipLeft: -0.3472176, 0.01265438, 2.806718
KneeLeft: -0.2582499, -0.5307032, 2.743669
AnkleLeft: -0.2878216, -0.8231946, 2.634452
FootLeft: -0.2520871, -0.8589007, 2.532585
HipRight: -0.1947613, 0.0400169, 2.82624
KneeRight: -0.2381521, -0.41657, 2.746076
AnkleRight: -0.2604838, -0.7801726, 2.650855
FootRight: -0.2755968, -0.8545876, 2.531316
=========
HipCenter: -0.2771135, 0.09715676, 2.848685
Spine: -0.2868842, 0.142688, 2.922698
ShoulderCenter: -0.3140635, 0.5068029, 3.020657
Head: -0.2966902, 0.6879905, 3.034632
ShoulderLeft: -0.454347, 0.3647398, 2.955752
ElbowLeft: -0.4804679, 0.1530387, 2.887278
WristLeft: -0.4582904, -0.0994907, 2.742983
HandLeft: -0.4844032, -0.1548048, 2.724741
ShoulderRight: -0.1132826, 0.4297504, 3.010651
ElbowRight: 0.1608459, 0.4610648, 3.002161
WristRight: 0.3864273, 0.4601701, 2.983674
HandRight: 0.4613202, 0.4487652, 2.990544
HipLeft: -0.3469787, 0.01245605, 2.806841
KneeLeft: -0.263117, -0.518648, 2.742728
AnkleLeft: -0.287249, -0.8201541, 2.63588
FootLeft: -0.252201, -0.8589085, 2.532674
HipRight: -0.1944379, 0.04004609, 2.826022
KneeRight: -0.2358516, -0.4086255, 2.746474
AnkleRight: -0.2602449, -0.7831689, 2.650719
FootRight: -0.2757255, -0.8545738, 2.531483
=========
HipCenter: -0.276973, 0.09737404, 2.848681
Spine: -0.2867931, 0.1428796, 2.92267
ShoulderCenter: -0.3138492, 0.5068481, 3.020618
Head: -0.2964841, 0.6880039, 3.034453
ShoulderLeft: -0.4541717, 0.3648002, 2.955693
ElbowLeft: -0.4804782, 0.1530294, 2.887297
WristLeft: -0.4585023, -0.09961464, 2.743278
HandLeft: -0.4842747, -0.1559889, 2.724874
ShoulderRight: -0.1124113, 0.4299896, 3.01117
ElbowRight: 0.1608875, 0.4610648, 3.002038
WristRight: 0.3864413, 0.460164, 2.983716
HandRight: 0.4617968, 0.4487519, 2.990355
HipLeft: -0.3468191, 0.01269262, 2.807036
KneeLeft: -0.2656758, -0.5126722, 2.742255
AnkleLeft: -0.286634, -0.8170686, 2.637358
FootLeft: -0.2523199, -0.8589134, 2.532789
HipRight: -0.1942294, 0.04023945, 2.825858
KneeRight: -0.234983, -0.4051633, 2.746818
AnkleRight: -0.2601676, -0.7882427, 2.650131
FootRight: -0.2759723, -0.8547286, 2.531213
=========
HipCenter: -0.2768597, 0.09751304, 2.848676
Spine: -0.2867171, 0.1430113, 2.922647
ShoulderCenter: -0.3133653, 0.5068592, 3.020578
Head: -0.2960925, 0.6881033, 3.034101
ShoulderLeft: -0.4539965, 0.364842, 2.955653
ElbowLeft: -0.4804832, 0.1530201, 2.887313
WristLeft: -0.4586642, -0.09970295, 2.743499
HandLeft: -0.4836688, -0.1569566, 2.725048
ShoulderRight: -0.1117021, 0.4301332, 3.011584
ElbowRight: 0.1609409, 0.4610675, 3.001922
WristRight: 0.3864529, 0.4601582, 2.983748
HandRight: 0.4621686, 0.4487461, 2.990217
HipLeft: -0.3467018, 0.01281046, 2.807287
KneeLeft: -0.2674449, -0.5081393, 2.741939
AnkleLeft: -0.2860357, -0.8143117, 2.638731
FootLeft: -0.2524424, -0.8589138, 2.532905
HipRight: -0.1940612, 0.04031506, 2.825571
KneeRight: -0.2354639, -0.4062982, 2.747082
AnkleRight: -0.2601874, -0.7934918, 2.649374
FootRight: -0.2762695, -0.85496, 2.530838
=========
HipCenter: -0.2767305, 0.09768384, 2.848669
Spine: -0.2866226, 0.1431573, 2.922619
ShoulderCenter: -0.3128957, 0.5068325, 3.02044
Head: -0.2957025, 0.6882296, 3.033707
ShoulderLeft: -0.4538123, 0.3648713, 2.955618
ElbowLeft: -0.480463, 0.1529445, 2.88731
WristLeft: -0.4587787, -0.09980377, 2.743652
HandLeft: -0.4827135, -0.1578602, 2.725054
ShoulderRight: -0.1112002, 0.4301991, 3.011875
ElbowRight: 0.1609918, 0.4610712, 3.001824
WristRight: 0.3864626, 0.460152, 2.983772
HandRight: 0.462415, 0.4487565, 2.989949
HipLeft: -0.346567, 0.0130194, 2.807444
KneeLeft: -0.26857, -0.5052298, 2.741717
AnkleLeft: -0.2855389, -0.8120335, 2.639909
FootLeft: -0.2525952, -0.8588979, 2.533147
HipRight: -0.1939124, 0.04050645, 2.825395
KneeRight: -0.2366672, -0.4099537, 2.747146
AnkleRight: -0.2602713, -0.7974312, 2.648782
FootRight: -0.2765778, -0.8552496, 2.530326
=========
HipCenter: -0.2766511, 0.09776943, 2.848656
Spine: -0.2865547, 0.143239, 2.922592
ShoulderCenter: -0.3124211, 0.5067827, 3.020308
Head: -0.2951088, 0.6884233, 3.03344
ShoulderLeft: -0.4536524, 0.364895, 2.955602
ElbowLeft: -0.4804196, 0.1527948, 2.88734
WristLeft: -0.4589533, -0.1000328, 2.743878
HandLeft: -0.4820269, -0.1588121, 2.725168
ShoulderRight: -0.1108129, 0.4302146, 3.012088
ElbowRight: 0.1610547, 0.4610763, 3.001765
WristRight: 0.3864704, 0.4601462, 2.983789
HandRight: 0.4622073, 0.4485929, 2.989022
HipLeft: -0.346502, 0.0131113, 2.807552
KneeLeft: -0.26931, -0.503266, 2.741574
AnkleLeft: -0.2851465, -0.8101879, 2.640898
FootLeft: -0.2527266, -0.8588791, 2.533433
HipRight: -0.19382, 0.04056084, 2.82521
KneeRight: -0.2381087, -0.4140811, 2.747155
AnkleRight: -0.2603209, -0.8003302, 2.648338
FootRight: -0.2767773, -0.8556442, 2.529455
=========
HipCenter: -0.2761599, 0.09810606, 2.848807
Spine: -0.286123, 0.1435302, 2.922658
ShoulderCenter: -0.311799, 0.5068076, 3.020149
Head: -0.294418, 0.6885982, 3.033242
ShoulderLeft: -0.4533934, 0.3649592, 2.955757
ElbowLeft: -0.4800367, 0.1517855, 2.887355
WristLeft: -0.4585817, -0.1009237, 2.74375
HandLeft: -0.4764394, -0.1612639, 2.723575
ShoulderRight: -0.1101217, 0.4303097, 3.012588
ElbowRight: 0.1611699, 0.4610863, 3.001685
WristRight: 0.3864477, 0.4601181, 2.98373
HandRight: 0.4619092, 0.4484576, 2.98812
HipLeft: -0.3456539, 0.01674016, 2.81134
KneeLeft: -0.2698207, -0.5018533, 2.741472
AnkleLeft: -0.2848721, -0.8087443, 2.641687
FootLeft: -0.2528393, -0.8588523, 2.533794
HipRight: -0.1928927, 0.0398383, 2.824312
KneeRight: -0.2393204, -0.4187694, 2.74707
AnkleRight: -0.2568066, -0.8027005, 2.649286
FootRight: -0.2768115, -0.8557838, 2.528491
=========
HipCenter: -0.2756774, 0.09862196, 2.84906
Spine: -0.2856823, 0.143979, 2.922807
ShoulderCenter: -0.3113112, 0.5068664, 3.020024
Head: -0.2936175, 0.6890348, 3.033189
ShoulderLeft: -0.4530855, 0.3651931, 2.956183
ElbowLeft: -0.4798417, 0.1513401, 2.887623
WristLeft: -0.4585201, -0.1012624, 2.743887
HandLeft: -0.4730986, -0.1620535, 2.722841
ShoulderRight: -0.1093465, 0.4304632, 3.013175
ElbowRight: 0.1612946, 0.4610943, 3.001616
WristRight: 0.3864209, 0.4600924, 2.983671
HandRight: 0.4614942, 0.4483608, 2.987018
HipLeft: -0.3450574, 0.0199732, 2.8144
KneeLeft: -0.2708166, -0.5030152, 2.740759
AnkleLeft: -0.2846664, -0.8076639, 2.642283
FootLeft: -0.2529195, -0.8588327, 2.534162
HipRight: -0.192106, 0.03921905, 2.823566
KneeRight: -0.240263, -0.4224188, 2.74696
AnkleRight: -0.2535085, -0.8044024, 2.65023
FootRight: -0.2768749, -0.8560503, 2.527626
=========
HipCenter: -0.2753115, 0.09899823, 2.849279
Spine: -0.2852958, 0.1443654, 2.92296
ShoulderCenter: -0.3108477, 0.5070278, 3.019994
Head: -0.2932567, 0.6892248, 3.033051
ShoulderLeft: -0.4528657, 0.3653954, 2.956646
ElbowLeft: -0.4796889, 0.1509499, 2.887915
WristLeft: -0.4582577, -0.1015142, 2.743957
HandLeft: -0.4675162, -0.1699143, 2.717983
ShoulderRight: -0.1086367, 0.4306195, 3.013748
ElbowRight: 0.1614124, 0.4611012, 3.001551
WristRight: 0.3864009, 0.4600692, 2.983625
HandRight: 0.4614071, 0.4483294, 2.986569
HipLeft: -0.3449278, 0.02170755, 2.816015
KneeLeft: -0.2721196, -0.5056351, 2.739831
AnkleLeft: -0.2845245, -0.8069296, 2.642721
FootLeft: -0.2529932, -0.8588416, 2.534667
HipRight: -0.1914073, 0.0383973, 2.822924
KneeRight: -0.2409822, -0.4251221, 2.746883
AnkleRight: -0.2506028, -0.8055564, 2.651145
FootRight: -0.2770413, -0.8563313, 2.526924
=========
HipCenter: -0.2751208, 0.09910049, 2.849393
Spine: -0.2850147, 0.1445369, 2.92306
ShoulderCenter: -0.310124, 0.5072455, 3.019925
Head: -0.2929916, 0.6893032, 3.032834
ShoulderLeft: -0.4527019, 0.3655494, 2.957151
ElbowLeft: -0.4794043, 0.1492244, 2.887548
WristLeft: -0.4571711, -0.1034032, 2.742998
HandLeft: -0.4660017, -0.1714901, 2.71707
ShoulderRight: -0.1082056, 0.4306842, 3.014028
ElbowRight: 0.1615364, 0.4611129, 3.001484
WristRight: 0.3863664, 0.460025, 2.983501
HandRight: 0.4612323, 0.4483236, 2.985977
HipLeft: -0.3449129, 0.02253396, 2.816911
KneeLeft: -0.2760874, -0.5141503, 2.737834
AnkleLeft: -0.2843929, -0.8081282, 2.642859
FootLeft: -0.2530646, -0.8588357, 2.535182
HipRight: -0.190958, 0.03694035, 2.822268
KneeRight: -0.2415487, -0.4270668, 2.746876
AnkleRight: -0.2480521, -0.8062581, 2.652086
FootRight: -0.2772147, -0.8565876, 2.526374
=========
HipCenter: -0.2748202, 0.0991862, 2.849556
Spine: -0.2847516, 0.144663, 2.923194
ShoulderCenter: -0.3100006, 0.5074446, 3.020218
Head: -0.2926705, 0.6893902, 3.032261
ShoulderLeft: -0.4525062, 0.3656592, 2.957632
ElbowLeft: -0.4793729, 0.1486337, 2.887786
WristLeft: -0.456945, -0.1039313, 2.742934
HandLeft: -0.4653833, -0.1716413, 2.716374
ShoulderRight: -0.1072311, 0.4310792, 3.015073
ElbowRight: 0.1616636, 0.4611332, 3.001388
WristRight: 0.3863252, 0.4599814, 2.983368
HandRight: 0.4610741, 0.4483992, 2.985344
HipLeft: -0.3447437, 0.02296092, 2.817587
KneeLeft: -0.2759329, -0.5148776, 2.737976
AnkleLeft: -0.2843284, -0.8076183, 2.643226
FootLeft: -0.2531785, -0.8587938, 2.535588
HipRight: -0.189974, 0.03605304, 2.82171
KneeRight: -0.2420079, -0.4284665, 2.746889
AnkleRight: -0.2452594, -0.806698, 2.652844
FootRight: -0.2773348, -0.8567902, 2.525876
=========
HipCenter: -0.2745481, 0.09923601, 2.849713
Spine: -0.2845252, 0.1447566, 2.923323
ShoulderCenter: -0.3099808, 0.5076593, 3.020562
Head: -0.2924108, 0.6894242, 3.031845
ShoulderLeft: -0.4522572, 0.3658727, 2.958239
ElbowLeft: -0.4793783, 0.1482322, 2.888014
WristLeft: -0.4567597, -0.1042821, 2.742898
HandLeft: -0.4654555, -0.1710112, 2.716472
ShoulderRight: -0.1062971, 0.4315111, 3.016166
ElbowRight: 0.1617994, 0.4611538, 3.001311
WristRight: 0.3860663, 0.4599335, 2.983302
HandRight: 0.4609449, 0.448514, 2.98479
HipLeft: -0.3445587, 0.02309631, 2.818149
KneeLeft: -0.2758182, -0.5163899, 2.73784
AnkleLeft: -0.284301, -0.8071619, 2.643516
FootLeft: -0.253262, -0.8587663, 2.535877
HipRight: -0.1891932, 0.03538352, 2.821266
KneeRight: -0.2423783, -0.4294894, 2.746916
AnkleRight: -0.242916, -0.806951, 2.653499
FootRight: -0.2773678, -0.8569596, 2.525576
=========
HipCenter: -0.2742939, 0.09922648, 2.849856
Spine: -0.2843236, 0.1448016, 2.923448
ShoulderCenter: -0.3102403, 0.5080211, 3.021313
Head: -0.2921934, 0.6894476, 3.03147
ShoulderLeft: -0.4520187, 0.3660563, 2.958734
ElbowLeft: -0.4794007, 0.1479328, 2.888255
WristLeft: -0.4565582, -0.1045536, 2.742918
HandLeft: -0.4660102, -0.1698074, 2.717283
ShoulderRight: -0.1058741, 0.4316133, 3.016679
ElbowRight: 0.161917, 0.4611761, 3.001243
WristRight: 0.3858578, 0.4598916, 2.983238
HandRight: 0.4608834, 0.448701, 2.984314
HipLeft: -0.3443753, 0.02304312, 2.818571
KneeLeft: -0.2752351, -0.5167086, 2.737899
AnkleLeft: -0.2842909, -0.8067445, 2.643778
FootLeft: -0.2533391, -0.8587384, 2.536124
HipRight: -0.1885432, 0.03484987, 2.82091
KneeRight: -0.2426449, -0.4302369, 2.746938
AnkleRight: -0.2400661, -0.8068887, 2.654524
FootRight: -0.2774099, -0.8570662, 2.525374
=========
HipCenter: -0.2740687, 0.09914842, 2.849988
Spine: -0.2841554, 0.1448013, 2.923562
ShoulderCenter: -0.3105187, 0.5083095, 3.021909
Head: -0.2920108, 0.6894553, 3.031214
ShoulderLeft: -0.4517956, 0.3662109, 2.959176
ElbowLeft: -0.4794488, 0.147707, 2.888593
WristLeft: -0.4564203, -0.1047622, 2.743015
HandLeft: -0.4666278, -0.1684681, 2.718177
ShoulderRight: -0.1056005, 0.431646, 3.017026
ElbowRight: 0.1620275, 0.4611983, 3.00118
WristRight: 0.3857235, 0.4598589, 2.983214
HandRight: 0.4608513, 0.4489854, 2.983715
HipLeft: -0.3441649, 0.0226936, 2.818799
KneeLeft: -0.2741891, -0.5162455, 2.73814
AnkleLeft: -0.2842906, -0.8063813, 2.64399
FootLeft: -0.2534157, -0.858718, 2.536338
HipRight: -0.1881131, 0.03441366, 2.820723
KneeRight: -0.2428107, -0.4307388, 2.746951
AnkleRight: -0.2384608, -0.8068474, 2.655184
FootRight: -0.277441, -0.8571579, 2.525246
=========
HipCenter: -0.2738744, 0.09915129, 2.850137
Spine: -0.2840046, 0.1448493, 2.923707
ShoulderCenter: -0.3109016, 0.5086482, 3.022552
Head: -0.2918518, 0.6894539, 3.030962
ShoulderLeft: -0.4515984, 0.3664016, 2.959662
ElbowLeft: -0.4795469, 0.1476108, 2.889113
WristLeft: -0.4562917, -0.1048491, 2.743196
HandLeft: -0.4672304, -0.1668599, 2.719624
ShoulderRight: -0.1053802, 0.4316685, 3.017318
ElbowRight: 0.1621333, 0.4612226, 3.001117
WristRight: 0.3856031, 0.4598276, 2.983189
HandRight: 0.460833, 0.4492723, 2.983165
HipLeft: -0.3440004, 0.02250987, 2.818953
KneeLeft: -0.2729206, -0.5150979, 2.738446
AnkleLeft: -0.2842966, -0.8060666, 2.644158
FootLeft: -0.2534908, -0.8586975, 2.53652
HipRight: -0.1877839, 0.03417578, 2.820626
KneeRight: -0.2429238, -0.4310997, 2.74696
AnkleRight: -0.2372371, -0.8067361, 2.655725
FootRight: -0.2774633, -0.8572287, 2.525151
=========
HipCenter: -0.2737185, 0.09914164, 2.850279
Spine: -0.2838756, 0.1448894, 2.923852
ShoulderCenter: -0.311186, 0.50895, 3.023055
Head: -0.2916785, 0.689449, 3.030756
ShoulderLeft: -0.4514304, 0.3665811, 2.960101
ElbowLeft: -0.4796612, 0.1476217, 2.889669
WristLeft: -0.4564457, -0.1048818, 2.743615
HandLeft: -0.4677064, -0.165534, 2.720948
ShoulderRight: -0.1052185, 0.4316467, 3.017522
ElbowRight: 0.1622151, 0.4612558, 3.001041
WristRight: 0.3855022, 0.4597989, 2.983167
HandRight: 0.4608084, 0.4495248, 2.982687
HipLeft: -0.3438804, 0.02216121, 2.819201
KneeLeft: -0.2725345, -0.5151333, 2.738441
AnkleLeft: -0.2843051, -0.8058298, 2.644277
FootLeft: -0.2535872, -0.8586831, 2.536645
HipRight: -0.1875903, 0.03400616, 2.820531
KneeRight: -0.242993, -0.4313689, 2.746982
AnkleRight: -0.2363383, -0.8066, 2.656188
FootRight: -0.2774976, -0.8573064, 2.525121
=========
HipCenter: -0.2735834, 0.09912831, 2.850415
Spine: -0.2837644, 0.1449231, 2.923994
ShoulderCenter: -0.311343, 0.509143, 3.02339
Head: -0.2915064, 0.6894474, 3.030577
ShoulderLeft: -0.451281, 0.3667566, 2.9605
ElbowLeft: -0.4797527, 0.1476702, 2.890175
WristLeft: -0.4566343, -0.104876, 2.744042
HandLeft: -0.4680888, -0.1643373, 2.721949
ShoulderRight: -0.105082, 0.4316291, 3.017701
ElbowRight: 0.1622655, 0.4612927, 3.000971
WristRight: 0.3853978, 0.4597732, 2.983119
HandRight: 0.4607711, 0.4497776, 2.982199
HipLeft: -0.3437783, 0.02179053, 2.819392
KneeLeft: -0.2721939, -0.515504, 2.738265
AnkleLeft: -0.2843137, -0.8056358, 2.644371
FootLeft: -0.2536778, -0.8586711, 2.536744
HipRight: -0.1874477, 0.03388003, 2.820463
KneeRight: -0.2430456, -0.4315666, 2.747004
AnkleRight: -0.235774, -0.806531, 2.656502
FootRight: -0.2775664, -0.8574269, 2.524921
=========
HipCenter: -0.273443, 0.09908526, 2.850533
Spine: -0.2836562, 0.1449371, 2.924117
ShoulderCenter: -0.3114806, 0.5093082, 3.023653
Head: -0.2913336, 0.6894597, 3.030446
ShoulderLeft: -0.451159, 0.3669086, 2.96083
ElbowLeft: -0.4798543, 0.1477984, 2.8907
WristLeft: -0.4567679, -0.1047818, 2.744447
HandLeft: -0.4684097, -0.1631529, 2.723477
ShoulderRight: -0.1050049, 0.4316112, 3.017818
ElbowRight: 0.1623003, 0.4613318, 3.000906
WristRight: 0.3853013, 0.4597541, 2.983074
HandRight: 0.4607164, 0.4499942, 2.981816
HipLeft: -0.3435424, 0.02106709, 2.819325
KneeLeft: -0.2726344, -0.5289247, 2.733415
AnkleLeft: -0.28516, -0.8205305, 2.641444
FootLeft: -0.2536908, -0.8587437, 2.536293
HipRight: -0.1873263, 0.03379334, 2.820434
KneeRight: -0.2430847, -0.4317122, 2.747025
AnkleRight: -0.2353636, -0.806453, 2.656765
FootRight: -0.2775242, -0.8575053, 2.524894
=========
HipCenter: -0.2733116, 0.09901901, 2.850635
Spine: -0.2835514, 0.144927, 2.924227
ShoulderCenter: -0.3116159, 0.5094265, 3.023879
Head: -0.2911017, 0.6894675, 3.030432
ShoulderLeft: -0.4511053, 0.3670918, 2.961196
ElbowLeft: -0.4800417, 0.1481593, 2.891416
WristLeft: -0.4569973, -0.10445, 2.745041
HandLeft: -0.4689188, -0.1616914, 2.725208
ShoulderRight: -0.1049912, 0.4315045, 3.017855
ElbowRight: 0.1623252, 0.4613739, 3.000838
WristRight: 0.3852075, 0.4597355, 2.983021
HandRight: 0.4606613, 0.4501673, 2.981556
HipLeft: -0.3432999, 0.02014396, 2.819183
KneeLeft: -0.2729154, -0.5392087, 2.729793
AnkleLeft: -0.2855456, -0.8293232, 2.639549
FootLeft: -0.2536638, -0.8588476, 2.535651
HipRight: -0.1872288, 0.03373649, 2.820414
KneeRight: -0.243122, -0.4318189, 2.74704
AnkleRight: -0.2350755, -0.8063481, 2.656984
FootRight: -0.2777259, -0.8575957, 2.5247
=========
HipCenter: -0.2731746, 0.09894913, 2.850741
Spine: -0.2834476, 0.1449066, 2.924342
ShoulderCenter: -0.3119056, 0.5095442, 3.024218
Head: -0.2909214, 0.6894298, 3.030437
ShoulderLeft: -0.4511053, 0.3672639, 2.961551
ElbowLeft: -0.4803305, 0.1486595, 2.892314
WristLeft: -0.4574442, -0.1039204, 2.745755
HandLeft: -0.4695645, -0.1601873, 2.726665
ShoulderRight: -0.1049564, 0.4314847, 3.017917
ElbowRight: 0.1623348, 0.4614216, 3.00077
WristRight: 0.3851367, 0.4597212, 2.982969
HandRight: 0.46061, 0.4503192, 2.981349
HipLeft: -0.3430324, 0.01921427, 2.818964
KneeLeft: -0.273105, -0.5467168, 2.727175
AnkleLeft: -0.2857701, -0.8347005, 2.638359
FootLeft: -0.2535776, -0.8589686, 2.534974
HipRight: -0.1870421, 0.03378168, 2.820511
KneeRight: -0.2431555, -0.4318962, 2.747058
AnkleRight: -0.2348766, -0.8062268, 2.657175
FootRight: -0.2779396, -0.8576775, 2.524502
=========
HipCenter: -0.2730753, 0.09888159, 2.850842
Spine: -0.2833565, 0.1448795, 2.924459
ShoulderCenter: -0.312178, 0.5096369, 3.024531
Head: -0.2907389, 0.6893761, 3.03051
ShoulderLeft: -0.4511334, 0.3674043, 2.961862
ElbowLeft: -0.4805995, 0.1491556, 2.893111
WristLeft: -0.4580003, -0.1033441, 2.746401
HandLeft: -0.4702147, -0.1588655, 2.727954
ShoulderRight: -0.1050748, 0.431359, 3.017835
ElbowRight: 0.1623123, 0.4614926, 3.000653
WristRight: 0.3850703, 0.459706, 2.982893
HandRight: 0.4605552, 0.4504649, 2.981185
HipLeft: -0.3428546, 0.01842155, 2.818843
KneeLeft: -0.2733059, -0.5517646, 2.725373
AnkleLeft: -0.2858906, -0.8378332, 2.637674
FootLeft: -0.2534954, -0.8590993, 2.534403
HipRight: -0.1869824, 0.03387104, 2.820576
KneeRight: -0.2431807, -0.4319528, 2.747072
AnkleRight: -0.2347248, -0.8060886, 2.65733
FootRight: -0.2780756, -0.8578054, 2.524382
=========
HipCenter: -0.2730024, 0.09880199, 2.850928
Spine: -0.2832956, 0.1448488, 2.924552
ShoulderCenter: -0.3125458, 0.5096991, 3.024641
Head: -0.2906431, 0.6893346, 3.030594
ShoulderLeft: -0.4512482, 0.367585, 2.962218
ElbowLeft: -0.4808697, 0.149714, 2.89383
WristLeft: -0.4585765, -0.102672, 2.747041
HandLeft: -0.4708997, -0.1575318, 2.729035
ShoulderRight: -0.1051394, 0.4313017, 3.017779
ElbowRight: 0.1613166, 0.4619015, 3.000034
WristRight: 0.3850359, 0.4597151, 2.982822
HandRight: 0.4605041, 0.4505964, 2.981064
HipLeft: -0.3427915, 0.01736813, 2.818705
KneeLeft: -0.2734673, -0.5556805, 2.724057
AnkleLeft: -0.2859696, -0.8400967, 2.637177
FootLeft: -0.2533529, -0.859249, 2.53382
HipRight: -0.1869447, 0.0339711, 2.82064
KneeRight: -0.2432014, -0.4319933, 2.747086
AnkleRight: -0.2346142, -0.805938, 2.65747
FootRight: -0.2782172, -0.8579603, 2.524358
=========
HipCenter: -0.272637, 0.09851364, 2.850914
Spine: -0.2830665, 0.1447084, 2.924593
ShoulderCenter: -0.3127516, 0.5098867, 3.02472
Head: -0.2906299, 0.6895182, 3.031277
ShoulderLeft: -0.4512185, 0.3676634, 2.962266
ElbowLeft: -0.4809832, 0.1500495, 2.894052
WristLeft: -0.4587193, -0.1019579, 2.747338
HandLeft: -0.470818, -0.1562261, 2.729508
ShoulderRight: -0.1057583, 0.4306368, 3.016859
ElbowRight: 0.1551009, 0.461284, 2.999039
WristRight: 0.3850711, 0.4603815, 2.983049
HandRight: 0.4603338, 0.4508106, 2.981066
HipLeft: -0.3421207, 0.01664321, 2.817842
KneeLeft: -0.2824556, -0.5445783, 2.724203
AnkleLeft: -0.2851761, -0.8245795, 2.640829
FootLeft: -0.2533945, -0.8592529, 2.533808
HipRight: -0.1866793, 0.03412206, 2.820846
KneeRight: -0.2432309, -0.4319842, 2.747083
AnkleRight: -0.234317, -0.8053485, 2.657866
FootRight: -0.2778276, -0.8572626, 2.525081
=========
HipCenter: -0.2722821, 0.09812057, 2.850818
Spine: -0.2828398, 0.1445084, 2.924588
ShoulderCenter: -0.3129279, 0.5100626, 3.024776
Head: -0.2905993, 0.6897275, 3.031976
ShoulderLeft: -0.4511438, 0.3677084, 2.962213
ElbowLeft: -0.4810733, 0.1503385, 2.894219
WristLeft: -0.4588915, -0.1012516, 2.747576
HandLeft: -0.4690575, -0.1628402, 2.724042
ShoulderRight: -0.1064958, 0.4298238, 3.015737
ElbowRight: 0.1532589, 0.4611184, 2.998176
WristRight: 0.385279, 0.461266, 2.983303
HandRight: 0.460156, 0.4513575, 2.981377
HipLeft: -0.3415176, 0.0159183, 2.816874
KneeLeft: -0.2879492, -0.5424763, 2.722913
AnkleLeft: -0.2846923, -0.8185471, 2.642344
FootLeft: -0.2534518, -0.8592305, 2.533887
HipRight: -0.1864907, 0.03421437, 2.820994
KneeRight: -0.2432585, -0.4319577, 2.747076
AnkleRight: -0.2340221, -0.8047327, 2.658274
FootRight: -0.277038, -0.8563201, 2.525871
=========
HipCenter: -0.271948, 0.09772354, 2.850683
Spine: -0.2826137, 0.1442947, 2.924549
ShoulderCenter: -0.3130339, 0.5101907, 3.024779
Head: -0.2905912, 0.6898496, 3.03223
ShoulderLeft: -0.4510793, 0.3677422, 2.962128
ElbowLeft: -0.4811716, 0.1506089, 2.894335
WristLeft: -0.4587536, -0.1003138, 2.747615
HandLeft: -0.4687824, -0.161548, 2.723815
ShoulderRight: -0.107154, 0.4291065, 3.014722
ElbowRight: 0.1522358, 0.4610515, 2.99764
WristRight: 0.3855855, 0.4622235, 2.983236
HandRight: 0.4599898, 0.4518905, 2.981757
HipLeft: -0.3410333, 0.01516727, 2.815886
KneeLeft: -0.2871842, -0.5471833, 2.721448
AnkleLeft: -0.2848654, -0.8225737, 2.641846
FootLeft: -0.2534666, -0.8592319, 2.533843
HipRight: -0.186323, 0.03430021, 2.821115
KneeRight: -0.243283, -0.4319203, 2.747066
AnkleRight: -0.233734, -0.804131, 2.658674
FootRight: -0.2766114, -0.8555967, 2.526767
=========
HipCenter: -0.271651, 0.09743375, 2.850567
Spine: -0.2824281, 0.1441435, 2.924511
ShoulderCenter: -0.3131373, 0.5103387, 3.02476
Head: -0.2906284, 0.6899647, 3.032479
ShoulderLeft: -0.4510393, 0.3677436, 2.96192
ElbowLeft: -0.4812492, 0.1508361, 2.894402
WristLeft: -0.4586858, -0.09957943, 2.747665
HandLeft: -0.4685259, -0.1600014, 2.723589
ShoulderRight: -0.1074277, 0.4288286, 3.014253
ElbowRight: 0.1516046, 0.4610206, 2.997187
WristRight: 0.3858976, 0.4631355, 2.983144
HandRight: 0.459827, 0.4525021, 2.982152
HipLeft: -0.3406286, 0.01455108, 2.81502
KneeLeft: -0.2857663, -0.5516543, 2.720312
AnkleLeft: -0.2850503, -0.8264289, 2.641224
FootLeft: -0.2534801, -0.8592196, 2.533829
HipRight: -0.1860773, 0.03446829, 2.821278
KneeRight: -0.2433047, -0.431871, 2.74705
AnkleRight: -0.2334588, -0.8035533, 2.659054
FootRight: -0.2761314, -0.8549049, 2.527626
=========
HipCenter: -0.2714032, 0.09709097, 2.850405
Spine: -0.2822612, 0.1439619, 2.924437
ShoulderCenter: -0.3132106, 0.510488, 3.024683
Head: -0.2906736, 0.6900702, 3.032692
ShoulderLeft: -0.4510127, 0.3677363, 2.961698
ElbowLeft: -0.4813164, 0.1510165, 2.89446
WristLeft: -0.4587527, -0.09896849, 2.747706
HandLeft: -0.4683088, -0.1584857, 2.723483
ShoulderRight: -0.1077489, 0.4285331, 3.013748
ElbowRight: 0.151199, 0.4610111, 2.996809
WristRight: 0.3861325, 0.4639719, 2.983173
HandRight: 0.4596775, 0.4530782, 2.982527
HipLeft: -0.3403623, 0.01386768, 2.814216
KneeLeft: -0.2842648, -0.5555066, 2.719478
AnkleLeft: -0.2852043, -0.8296718, 2.640694
FootLeft: -0.2535016, -0.8591935, 2.533852
HipRight: -0.1859355, 0.03456551, 2.821374
KneeRight: -0.2433217, -0.4318181, 2.747031
AnkleRight: -0.2332013, -0.8030251, 2.659401
FootRight: -0.275736, -0.8541127, 2.528413
=========
HipCenter: -0.2713767, 0.09653117, 2.849935
Spine: -0.2821926, 0.1436545, 2.924139
ShoulderCenter: -0.3132898, 0.510722, 3.02438
Head: -0.2911744, 0.6901605, 3.032889
ShoulderLeft: -0.451307, 0.3674113, 2.961213
ElbowLeft: -0.4814406, 0.1511791, 2.89451
WristLeft: -0.4590543, -0.09846933, 2.747874
HandLeft: -0.4691316, -0.156992, 2.724634
ShoulderRight: -0.1080077, 0.4285288, 3.013154
ElbowRight: 0.1510133, 0.4613546, 2.995728
WristRight: 0.386392, 0.4650756, 2.982485
HandRight: 0.4594127, 0.453487, 2.98245
HipLeft: -0.3406883, 0.01225951, 2.813289
KneeLeft: -0.2831121, -0.5610557, 2.718491
AnkleLeft: -0.2853481, -0.8346782, 2.639688
FootLeft: -0.2535017, -0.8591771, 2.533799
HipRight: -0.1859925, 0.03469822, 2.821134
KneeRight: -0.2433488, -0.4317331, 2.746986
AnkleRight: -0.2328654, -0.8021272, 2.659934
FootRight: -0.2755479, -0.8537678, 2.52952
=========
HipCenter: -0.2715158, 0.09591198, 2.849415
Spine: -0.2821874, 0.1433108, 2.923806
ShoulderCenter: -0.313355, 0.5109366, 3.024099
Head: -0.2924643, 0.690088, 3.032549
ShoulderLeft: -0.4516912, 0.3670462, 2.960701
ElbowLeft: -0.4815691, 0.151311, 2.894559
WristLeft: -0.4592279, -0.09807168, 2.748017
HandLeft: -0.4702137, -0.1554084, 2.726076
ShoulderRight: -0.1087985, 0.4283428, 3.011901
ElbowRight: 0.1507851, 0.4617371, 2.994619
WristRight: 0.3865174, 0.4662199, 2.981139
HandRight: 0.4591487, 0.4539498, 2.982117
HipLeft: -0.3411711, 0.01090583, 2.812377
KneeLeft: -0.2823748, -0.5639624, 2.717925
AnkleLeft: -0.2854018, -0.8364707, 2.639353
FootLeft: -0.2535087, -0.8591636, 2.533802
HipRight: -0.1862203, 0.03478156, 2.8209
KneeRight: -0.2433743, -0.4316661, 2.746945
AnkleRight: -0.2325569, -0.8012562, 2.660453
FootRight: -0.2755746, -0.8531516, 2.530583
=========
HipCenter: -0.2716573, 0.0955143, 2.849043
Spine: -0.2822172, 0.1430761, 2.923556
ShoulderCenter: -0.3134769, 0.5111323, 3.023868
Head: -0.2941856, 0.6899511, 3.032072
ShoulderLeft: -0.452072, 0.3667104, 2.960198
ElbowLeft: -0.481696, 0.1514262, 2.894587
WristLeft: -0.4593572, -0.09771606, 2.748091
HandLeft: -0.4713949, -0.1538673, 2.727765
ShoulderRight: -0.1093055, 0.4284084, 3.011064
ElbowRight: 0.1507839, 0.4620897, 2.993593
WristRight: 0.3866731, 0.4671896, 2.979968
HandRight: 0.4588928, 0.4543654, 2.981742
HipLeft: -0.341581, 0.009956735, 2.811683
KneeLeft: -0.2819109, -0.5657773, 2.717597
AnkleLeft: -0.2854251, -0.8374714, 2.639173
FootLeft: -0.2535233, -0.8591409, 2.53387
HipRight: -0.1864438, 0.0349014, 2.820719
KneeRight: -0.2433941, -0.4315838, 2.746896
AnkleRight: -0.2322589, -0.8003954, 2.660938
FootRight: -0.2753912, -0.852681, 2.531435
=========
HipCenter: -0.2718323, 0.09517463, 2.848706
Spine: -0.2822674, 0.1428728, 2.923325
ShoulderCenter: -0.313511, 0.5113404, 3.023645
Head: -0.2962192, 0.6897135, 3.030769
ShoulderLeft: -0.4524137, 0.3664215, 2.95975
ElbowLeft: -0.4818055, 0.1515086, 2.894587
WristLeft: -0.459499, -0.09745494, 2.748147
HandLeft: -0.4721917, -0.1527964, 2.728554
ShoulderRight: -0.1096791, 0.4285282, 3.010431
ElbowRight: 0.15096, 0.4624604, 2.992602
WristRight: 0.3867538, 0.4679932, 2.97892
HandRight: 0.458656, 0.4547393, 2.981352
HipLeft: -0.3420306, 0.009184958, 2.811156
KneeLeft: -0.28155, -0.5670803, 2.717366
AnkleLeft: -0.285445, -0.8381962, 2.639047
FootLeft: -0.2535532, -0.859104, 2.533993
HipRight: -0.1867732, 0.03503499, 2.820468
KneeRight: -0.243419, -0.4315151, 2.746847
AnkleRight: -0.2320136, -0.7996364, 2.661362
FootRight: -0.2752278, -0.8523044, 2.532157
=========
HipCenter: -0.2720644, 0.09480183, 2.848344
Spine: -0.2823608, 0.1426314, 2.923054
ShoulderCenter: -0.3135243, 0.5115134, 3.023366
Head: -0.2979554, 0.6894503, 3.02967
ShoulderLeft: -0.4527874, 0.3661439, 2.959298
ElbowLeft: -0.4819219, 0.1515907, 2.894567
WristLeft: -0.4595964, -0.09725036, 2.748212
HandLeft: -0.4731457, -0.1517008, 2.729225
ShoulderRight: -0.1101879, 0.4286309, 3.0098
ElbowRight: 0.1512701, 0.4628437, 2.991675
WristRight: 0.3867721, 0.4686201, 2.978103
HandRight: 0.4584395, 0.4550667, 2.980941
HipLeft: -0.3424918, 0.008473739, 2.810765
KneeLeft: -0.2812057, -0.5680251, 2.717204
AnkleLeft: -0.2854611, -0.8386703, 2.638964
FootLeft: -0.2535821, -0.8590469, 2.534195
HipRight: -0.1871961, 0.03512814, 2.820094
KneeRight: -0.2434376, -0.4314502, 2.746795
AnkleRight: -0.2317525, -0.7985743, 2.661897
FootRight: -0.275109, -0.852037, 2.53276
=========
HipCenter: -0.2722338, 0.09455662, 2.848067
Spine: -0.2824486, 0.1424487, 2.92282
ShoulderCenter: -0.3135445, 0.5116596, 3.023083
Head: -0.2995074, 0.6891146, 3.02848
ShoulderLeft: -0.4531122, 0.3658756, 2.958822
ElbowLeft: -0.4820413, 0.1516745, 2.89455
WristLeft: -0.4597323, -0.09702671, 2.748251
HandLeft: -0.4740981, -0.1506521, 2.729707
ShoulderRight: -0.11061, 0.4288101, 3.009352
ElbowRight: 0.1515986, 0.4631897, 2.990862
WristRight: 0.386761, 0.4691866, 2.977381
HandRight: 0.4582309, 0.4553418, 2.980535
HipLeft: -0.3428188, 0.007982075, 2.81049
KneeLeft: -0.2809057, -0.5687286, 2.717092
AnkleLeft: -0.2854795, -0.8389437, 2.638913
FootLeft: -0.2536412, -0.8589936, 2.53441
HipRight: -0.1874919, 0.03531432, 2.819801
KneeRight: -0.2434577, -0.4313886, 2.74674
AnkleRight: -0.2316664, -0.79795, 2.662183
FootRight: -0.275086, -0.8519081, 2.533281
=========
HipCenter: -0.2724004, 0.09437497, 2.84783
Spine: -0.2825515, 0.1423079, 2.922607
ShoulderCenter: -0.3136717, 0.5117851, 3.022692
Head: -0.3006015, 0.6889761, 3.027719
ShoulderLeft: -0.453619, 0.3656901, 2.958452
ElbowLeft: -0.482128, 0.1517174, 2.894529
WristLeft: -0.4599004, -0.09687145, 2.748272
HandLeft: -0.4747413, -0.1500083, 2.730063
ShoulderRight: -0.110937, 0.4290769, 3.009075
ElbowRight: 0.1519205, 0.463489, 2.990169
WristRight: 0.3867349, 0.4696735, 2.976726
HandRight: 0.4580176, 0.4556843, 2.980165
HipLeft: -0.3431164, 0.007594047, 2.810277
KneeLeft: -0.2806581, -0.5692439, 2.717018
AnkleLeft: -0.2854974, -0.8390367, 2.638892
FootLeft: -0.2536971, -0.8589491, 2.534615
HipRight: -0.1877517, 0.03549279, 2.819536
KneeRight: -0.2434763, -0.4313404, 2.746685
AnkleRight: -0.231643, -0.7974288, 2.662406
FootRight: -0.27509, -0.851845, 2.533671
=========
HipCenter: -0.2725537, 0.09422122, 2.847588
Spine: -0.2826594, 0.1421906, 2.922364
ShoulderCenter: -0.3140095, 0.5119661, 3.021889
Head: -0.3013503, 0.688952, 3.027234
ShoulderLeft: -0.4540882, 0.3655448, 2.958087
ElbowLeft: -0.4822029, 0.1517483, 2.894506
WristLeft: -0.4603312, -0.09669902, 2.748227
HandLeft: -0.4754192, -0.1494835, 2.730297
ShoulderRight: -0.1114853, 0.4292765, 3.008671
ElbowRight: 0.1522297, 0.4637254, 2.989589
WristRight: 0.3867043, 0.4700819, 2.976164
HandRight: 0.4578395, 0.4560957, 2.979844
HipLeft: -0.3433565, 0.007293892, 2.810114
KneeLeft: -0.2804783, -0.5696078, 2.716964
AnkleLeft: -0.2855024, -0.8389331, 2.638909
FootLeft: -0.2537517, -0.8589056, 2.534814
HipRight: -0.187969, 0.03568341, 2.81925
KneeRight: -0.243489, -0.4312942, 2.746625
AnkleRight: -0.2316476, -0.7969755, 2.662583
FootRight: -0.2748177, -0.8517787, 2.53389
=========
HipCenter: -0.2727231, 0.09412095, 2.847382
Spine: -0.2828243, 0.142114, 2.922135
ShoulderCenter: -0.3148912, 0.5121292, 3.020946
Head: -0.3019624, 0.6889702, 3.026842
ShoulderLeft: -0.4545725, 0.3654979, 2.95769
ElbowLeft: -0.4822707, 0.1517828, 2.89449
WristLeft: -0.4608268, -0.09648606, 2.748158
HandLeft: -0.4762098, -0.1489378, 2.73038
ShoulderRight: -0.1121593, 0.4294653, 3.008216
ElbowRight: 0.1523638, 0.4639266, 2.989166
WristRight: 0.3866333, 0.4704959, 2.975425
HandRight: 0.4574651, 0.4567275, 2.979671
HipLeft: -0.3435538, 0.007092776, 2.81
KneeLeft: -0.2803367, -0.5698555, 2.716924
AnkleLeft: -0.2854885, -0.8386385, 2.638969
FootLeft: -0.2538389, -0.8588574, 2.53501
HipRight: -0.1882078, 0.03591446, 2.81901
KneeRight: -0.2435019, -0.4312259, 2.746542
AnkleRight: -0.2316997, -0.7965336, 2.66271
FootRight: -0.2747585, -0.8517323, 2.534056
=========
HipCenter: -0.2729186, 0.09404036, 2.847187
Spine: -0.2830804, 0.1420475, 2.921883
ShoulderCenter: -0.3165693, 0.5121551, 3.019597
Head: -0.3024192, 0.6889902, 3.026521
ShoulderLeft: -0.4550408, 0.3655222, 2.957277
ElbowLeft: -0.4823422, 0.15182, 2.89447
WristLeft: -0.4612783, -0.09629235, 2.748105
HandLeft: -0.4764248, -0.1484477, 2.73011
ShoulderRight: -0.112872, 0.4296487, 3.007782
ElbowRight: 0.1524269, 0.4641265, 2.988756
WristRight: 0.3865951, 0.4708348, 2.974962
HandRight: 0.4571472, 0.4572304, 2.979647
HipLeft: -0.3437469, 0.006941029, 2.809938
KneeLeft: -0.2802188, -0.570015, 2.716897
AnkleLeft: -0.2854713, -0.8382304, 2.63905
FootLeft: -0.2539214, -0.8588132, 2.535192
HipRight: -0.1884421, 0.03614016, 2.818779
KneeRight: -0.2435119, -0.4311484, 2.746443
AnkleRight: -0.2317789, -0.7961209, 2.662796
FootRight: -0.2747101, -0.8517076, 2.534175
=========
HipCenter: -0.2730943, 0.09401198, 2.846997
Spine: -0.2833414, 0.14205, 2.921615
ShoulderCenter: -0.3181171, 0.5123557, 3.018224
Head: -0.3027599, 0.6890648, 3.02622
ShoulderLeft: -0.4554005, 0.3656693, 2.956844
ElbowLeft: -0.4824102, 0.1518614, 2.894449
WristLeft: -0.4616947, -0.09610682, 2.748054
HandLeft: -0.4766446, -0.1481086, 2.729998
ShoulderRight: -0.1137239, 0.4298045, 3.007235
ElbowRight: 0.1524579, 0.4642787, 2.98842
WristRight: 0.3865595, 0.4711293, 2.974598
HandRight: 0.4568592, 0.4577557, 2.979705
HipLeft: -0.343881, 0.006896609, 2.809863
KneeLeft: -0.2799134, -0.5697773, 2.716826
AnkleLeft: -0.2854598, -0.8369408, 2.639321
FootLeft: -0.2540407, -0.8587418, 2.53547
HipRight: -0.1886473, 0.03640931, 2.818597
KneeRight: -0.2435026, -0.4310415, 2.746301
AnkleRight: -0.2318712, -0.7957184, 2.662841
FootRight: -0.2746782, -0.851696, 2.534259
=========
HipCenter: -0.2732816, 0.09398327, 2.846794
Spine: -0.2836326, 0.1420503, 2.921319
ShoulderCenter: -0.3195942, 0.5125374, 3.016948
Head: -0.3030264, 0.68917, 3.02572
ShoulderLeft: -0.4557102, 0.365828, 2.956431
ElbowLeft: -0.4824584, 0.1518757, 2.894434
WristLeft: -0.4621049, -0.0959658, 2.747994
HandLeft: -0.4767869, -0.1477676, 2.729681
ShoulderRight: -0.1147832, 0.4298388, 3.006533
ElbowRight: 0.12289, 0.4597162, 2.990369
WristRight: 0.3831523, 0.4715601, 2.973986
HandRight: 0.4562983, 0.4585652, 2.980174
HipLeft: -0.3439942, 0.00686631, 2.809817
KneeLeft: -0.279561, -0.5694135, 2.716745
AnkleLeft: -0.2854259, -0.8356253, 2.639572
FootLeft: -0.2540952, -0.8586945, 2.535673
HipRight: -0.1888492, 0.03667683, 2.818366
KneeRight: -0.2435192, -0.4309278, 2.746144
AnkleRight: -0.2320406, -0.7953176, 2.662849
FootRight: -0.2746876, -0.8516695, 2.534299
=========
HipCenter: -0.2734705, 0.09397761, 2.846607
Spine: -0.2839458, 0.1420661, 2.921036
ShoulderCenter: -0.3209855, 0.5126252, 3.015937
Head: -0.3032287, 0.6892779, 3.025229
ShoulderLeft: -0.4560413, 0.3660147, 2.956079
ElbowLeft: -0.4824937, 0.1518774, 2.894416
WristLeft: -0.4625665, -0.0958343, 2.747892
HandLeft: -0.4770112, -0.1472725, 2.728914
ShoulderRight: -0.1153712, 0.4300701, 3.006223
ElbowRight: 0.1070434, 0.4571596, 2.991573
WristRight: 0.3804285, 0.4719489, 2.973737
HandRight: 0.4556625, 0.4594295, 2.980821
HipLeft: -0.3440963, 0.006860068, 2.809785
KneeLeft: -0.2793015, -0.5690928, 2.71668
AnkleLeft: -0.2854177, -0.8345904, 2.639809
FootLeft: -0.2541912, -0.8586581, 2.535947
HipRight: -0.1890267, 0.03692674, 2.818152
KneeRight: -0.2435449, -0.4307975, 2.745953
AnkleRight: -0.2322433, -0.794922, 2.662815
FootRight: -0.2747128, -0.8516834, 2.534327
=========
HipCenter: -0.2737218, 0.09397781, 2.846371
Spine: -0.284324, 0.1421123, 2.920687
ShoulderCenter: -0.3220647, 0.5127534, 3.014591
Head: -0.3036258, 0.6895624, 3.024617
ShoulderLeft: -0.4563275, 0.3661889, 2.955774
ElbowLeft: -0.4824456, 0.1516919, 2.894191
WristLeft: -0.4629859, -0.09590116, 2.747684
HandLeft: -0.4768441, -0.1469511, 2.727359
ShoulderRight: -0.115898, 0.4302878, 3.005926
ElbowRight: 0.09701712, 0.4557175, 2.991933
WristRight: 0.3777916, 0.472315, 2.973634
HandRight: 0.454979, 0.4602882, 2.981548
HipLeft: -0.3442277, 0.006865661, 2.809759
KneeLeft: -0.2790866, -0.5688079, 2.716626
AnkleLeft: -0.2854182, -0.8337834, 2.639999
FootLeft: -0.2542761, -0.8586276, 2.536277
HipRight: -0.1892596, 0.0371792, 2.817895
KneeRight: -0.2435694, -0.4306587, 2.74575
AnkleRight: -0.2324547, -0.7945383, 2.662761
FootRight: -0.2747604, -0.8519506, 2.534397
=========
HipCenter: -0.2740023, 0.09394519, 2.846128
Spine: -0.2847563, 0.1421048, 2.920321
ShoulderCenter: -0.3232553, 0.512669, 3.013307
Head: -0.3039593, 0.6897717, 3.024041
ShoulderLeft: -0.4567149, 0.3664259, 2.955359
ElbowLeft: -0.4823612, 0.1514663, 2.893915
WristLeft: -0.4633245, -0.09598161, 2.747496
HandLeft: -0.4767309, -0.1467188, 2.726064
ShoulderRight: -0.1165121, 0.4304669, 3.005516
ElbowRight: 0.0901015, 0.4547712, 2.992181
WristRight: 0.3750496, 0.4726188, 2.973618
HandRight: 0.4542912, 0.4610833, 2.982255
HipLeft: -0.3443637, 0.006860973, 2.809732
KneeLeft: -0.2789101, -0.5685419, 2.716581
AnkleLeft: -0.2854288, -0.8331184, 2.640142
FootLeft: -0.2543034, -0.8586134, 2.536442
HipRight: -0.1894695, 0.03735721, 2.817682
KneeRight: -0.2435714, -0.4305052, 2.74554
AnkleRight: -0.2326553, -0.7941623, 2.662693
FootRight: -0.2748014, -0.8522239, 2.534455
=========
HipCenter: -0.2742919, 0.093906, 2.84588
Spine: -0.2851715, 0.1420977, 2.919959
ShoulderCenter: -0.3240918, 0.5125545, 3.012058
Head: -0.3042607, 0.689959, 3.02338
ShoulderLeft: -0.4570954, 0.3666364, 2.954974
ElbowLeft: -0.4823037, 0.1511589, 2.893538
WristLeft: -0.4636849, -0.09611072, 2.747234
HandLeft: -0.4766171, -0.1465985, 2.724863
ShoulderRight: -0.1171589, 0.4306183, 3.005067
ElbowRight: 0.08531988, 0.4541375, 2.992285
WristRight: 0.3724368, 0.4728586, 2.973645
HandRight: 0.4536031, 0.4617321, 2.983003
HipLeft: -0.3445072, 0.006859628, 2.809706
KneeLeft: -0.2788221, -0.568215, 2.716549
AnkleLeft: -0.2854152, -0.8324125, 2.640285
FootLeft: -0.2543395, -0.8586057, 2.536696
HipRight: -0.1896873, 0.03749824, 2.817479
KneeRight: -0.2435623, -0.4303408, 2.745332
AnkleRight: -0.2328484, -0.7937941, 2.662618
FootRight: -0.2749091, -0.8525264, 2.534533
=========
HipCenter: -0.2746371, 0.09382088, 2.845597
Spine: -0.2856109, 0.1420433, 2.919585
ShoulderCenter: -0.3247617, 0.5124177, 3.011085
Head: -0.3046023, 0.6900463, 3.022365
ShoulderLeft: -0.4574309, 0.3668248, 2.954635
ElbowLeft: -0.4822484, 0.1507728, 2.893128
WristLeft: -0.4641255, -0.09633081, 2.746921
HandLeft: -0.4766044, -0.146668, 2.724058
ShoulderRight: -0.1178496, 0.430747, 3.004563
ElbowRight: 0.09768976, 0.4586995, 2.987956
WristRight: 0.3722263, 0.4731849, 2.973666
HandRight: 0.4529901, 0.4623444, 2.983655
HipLeft: -0.3446648, 0.006847585, 2.809686
KneeLeft: -0.2787586, -0.5679026, 2.716522
AnkleLeft: -0.2854074, -0.8318152, 2.640404
FootLeft: -0.2543759, -0.8585986, 2.536955
HipRight: -0.1899825, 0.03760254, 2.817209
KneeRight: -0.2435493, -0.4301788, 2.745128
AnkleRight: -0.2330339, -0.7934428, 2.662535
FootRight: -0.2748826, -0.8526984, 2.53452
=========
HipCenter: -0.2750318, 0.09372963, 2.845299
Spine: -0.2860841, 0.141981, 2.919202
ShoulderCenter: -0.3252986, 0.5122788, 3.01027
Head: -0.3048935, 0.6903981, 3.020922
ShoulderLeft: -0.4577385, 0.367024, 2.954325
ElbowLeft: -0.4822299, 0.1505001, 2.8928
WristLeft: -0.4644642, -0.09643959, 2.746653
HandLeft: -0.4766062, -0.1466694, 2.723476
ShoulderRight: -0.1184595, 0.4308439, 3.004111
ElbowRight: 0.09674158, 0.4605176, 2.986087
WristRight: 0.3713405, 0.4734158, 2.973649
HandRight: 0.45245, 0.4628943, 2.984211
HipLeft: -0.3448638, 0.006832692, 2.809671
KneeLeft: -0.2787178, -0.5676199, 2.716498
AnkleLeft: -0.2853982, -0.8313326, 2.640506
FootLeft: -0.2543987, -0.8585917, 2.537173
HipRight: -0.1903456, 0.03769739, 2.816905
KneeRight: -0.2435499, -0.4300337, 2.744925
AnkleRight: -0.2332315, -0.7931153, 2.662439
FootRight: -0.2748827, -0.8528149, 2.534498
=========
HipCenter: -0.2753826, 0.09367382, 2.845009
Spine: -0.2865103, 0.1419435, 2.918839
ShoulderCenter: -0.3259923, 0.5122097, 3.009596
Head: -0.3057371, 0.690717, 3.017101
ShoulderLeft: -0.4580266, 0.3672201, 2.954045
ElbowLeft: -0.4822621, 0.1502322, 2.892535
WristLeft: -0.4648553, -0.096528, 2.746364
HandLeft: -0.4766124, -0.146637, 2.722822
ShoulderRight: -0.1191787, 0.4308852, 3.003572
ElbowRight: 0.09503086, 0.4611213, 2.984777
WristRight: 0.3697143, 0.4736439, 2.973641
HandRight: 0.4519468, 0.4633893, 2.984709
HipLeft: -0.3450268, 0.006858135, 2.809651
KneeLeft: -0.2730587, -0.531357, 2.728629
AnkleLeft: -0.2851664, -0.8207489, 2.6424
FootLeft: -0.2543998, -0.8585837, 2.537278
HipRight: -0.190632, 0.03781542, 2.816597
KneeRight: -0.2435622, -0.4299026, 2.744723
AnkleRight: -0.2334311, -0.7928307, 2.662334
FootRight: -0.2752191, -0.8523852, 2.534164
=========
HipCenter: -0.2757289, 0.09359691, 2.844724
Spine: -0.2869213, 0.1418994, 2.918504
ShoulderCenter: -0.3266798, 0.5123631, 3.009156
Head: -0.3064539, 0.6910801, 3.01422
ShoulderLeft: -0.4582646, 0.3674356, 2.953743
ElbowLeft: -0.4824066, 0.1498955, 2.89216
WristLeft: -0.4651779, -0.09660392, 2.745974
HandLeft: -0.4767345, -0.1466407, 2.722238
ShoulderRight: -0.1198799, 0.4309068, 3.00307
ElbowRight: 0.09336797, 0.4614305, 2.983752
WristRight: 0.3681891, 0.4738376, 2.973573
HandRight: 0.4514965, 0.4637724, 2.9851
HipLeft: -0.3451816, 0.006882833, 2.809633
KneeLeft: -0.2723813, -0.5243731, 2.73114
AnkleLeft: -0.2850432, -0.8139179, 2.643604
FootLeft: -0.254401, -0.8585768, 2.537358
HipRight: -0.1909138, 0.03790621, 2.816303
KneeRight: -0.2435746, -0.4297708, 2.744525
AnkleRight: -0.2336201, -0.7925717, 2.662226
FootRight: -0.2756222, -0.8519444, 2.533864
=========
HipCenter: -0.2759569, 0.09334772, 2.844413
Spine: -0.2872001, 0.141747, 2.918178
ShoulderCenter: -0.3271001, 0.5124527, 3.008809
Head: -0.3067912, 0.6912611, 3.012085
ShoulderLeft: -0.4584867, 0.3676524, 2.953465
ElbowLeft: -0.4825879, 0.1495527, 2.891764
WristLeft: -0.4655815, -0.09671582, 2.745644
HandLeft: -0.4767749, -0.1466333, 2.721521
ShoulderRight: -0.1204863, 0.4309078, 3.002629
ElbowRight: 0.09163041, 0.4614719, 2.983188
WristRight: 0.3665973, 0.4740081, 2.973501
HandRight: 0.4509142, 0.4641483, 2.985164
HipLeft: -0.3451966, 0.00661691, 2.809535
KneeLeft: -0.2673625, -0.5382162, 2.728716
AnkleLeft: -0.2866921, -0.8226429, 2.641686
FootLeft: -0.2543524, -0.8585784, 2.53734
HipRight: -0.1911028, 0.03790123, 2.81608
KneeRight: -0.2436137, -0.4296649, 2.744334
AnkleRight: -0.2338343, -0.7923329, 2.662111
FootRight: -0.2759333, -0.8519141, 2.533784
=========
HipCenter: -0.2762668, 0.09304112, 2.844051
Spine: -0.2875269, 0.1415414, 2.917819
ShoulderCenter: -0.3274519, 0.5125071, 3.008541
Head: -0.3069254, 0.6913981, 3.010639
ShoulderLeft: -0.4587267, 0.3678353, 2.953214
ElbowLeft: -0.482771, 0.148707, 2.890791
WristLeft: -0.4660731, -0.09721781, 2.745038
HandLeft: -0.4767657, -0.147004, 2.720397
ShoulderRight: -0.1212112, 0.4307937, 3.00205
ElbowRight: 0.09004109, 0.4613758, 2.982813
WristRight: 0.3651504, 0.4741324, 2.973345
HandRight: 0.4502513, 0.4644783, 2.985091
HipLeft: -0.3452973, 0.006320214, 2.80944
KneeLeft: -0.2683945, -0.539519, 2.728394
AnkleLeft: -0.2868058, -0.8223242, 2.641675
FootLeft: -0.2543411, -0.8585767, 2.537374
HipRight: -0.1914324, 0.03783716, 2.815716
KneeRight: -0.2437259, -0.4295497, 2.744108
AnkleRight: -0.2341281, -0.7920828, 2.661965
FootRight: -0.2762009, -0.8519524, 2.533717
=========
HipCenter: -0.2766224, 0.09275156, 2.843701
Spine: -0.2879082, 0.1413268, 2.917476
ShoulderCenter: -0.3279335, 0.5125962, 3.008458
Head: -0.3070341, 0.6914727, 3.009681
ShoulderLeft: -0.458964, 0.3680435, 2.952984
ElbowLeft: -0.4829625, 0.1480102, 2.889992
WristLeft: -0.4665242, -0.09759486, 2.744486
HandLeft: -0.4767962, -0.1473003, 2.719519
ShoulderRight: -0.121861, 0.4306772, 3.001554
ElbowRight: 0.08861414, 0.4611969, 2.982473
WristRight: 0.3638284, 0.4742042, 2.973078
HandRight: 0.4496208, 0.4647606, 2.984963
HipLeft: -0.3454423, 0.006080229, 2.809354
KneeLeft: -0.2697755, -0.5405459, 2.728061
AnkleLeft: -0.2868235, -0.8213818, 2.641775
FootLeft: -0.2543264, -0.8585749, 2.537405
HipRight: -0.1918285, 0.0377731, 2.815321
KneeRight: -0.243848, -0.4294429, 2.743893
AnkleRight: -0.2344224, -0.79185, 2.661821
FootRight: -0.276485, -0.852044, 2.533693
=========
HipCenter: -0.277097, 0.09243284, 2.84333
Spine: -0.2883269, 0.1410948, 2.917145
ShoulderCenter: -0.3283282, 0.5126614, 3.008435
Head: -0.3071449, 0.6914799, 3.008886
ShoulderLeft: -0.4591773, 0.3682376, 2.95278
ElbowLeft: -0.4831904, 0.1473679, 2.889239
WristLeft: -0.4669399, -0.0979571, 2.743968
HandLeft: -0.4768457, -0.1476153, 2.71875
ShoulderRight: -0.122646, 0.4304276, 3.000856
ElbowRight: 0.1008959, 0.4640539, 2.979029
WristRight: 0.365015, 0.4744087, 2.972451
HandRight: 0.4490444, 0.4650012, 2.984806
HipLeft: -0.3457228, 0.005846665, 2.80924
KneeLeft: -0.2713199, -0.5413738, 2.72774
AnkleLeft: -0.2867481, -0.8200209, 2.642062
FootLeft: -0.2543134, -0.8585728, 2.53743
HipRight: -0.1924606, 0.03765264, 2.814878
KneeRight: -0.2439669, -0.4293472, 2.743695
AnkleRight: -0.2347014, -0.7916384, 2.661684
FootRight: -0.2766218, -0.8521279, 2.533651
=========
HipCenter: -0.277604, 0.09217545, 2.842994
Spine: -0.2887811, 0.1408964, 2.916841
ShoulderCenter: -0.3287064, 0.5127158, 3.008456
Head: -0.307226, 0.6914506, 3.008258
ShoulderLeft: -0.4593851, 0.3684081, 2.952591
ElbowLeft: -0.4830788, 0.1406817, 2.883437
WristLeft: -0.467681, -0.1042685, 2.739768
HandLeft: -0.4768938, -0.1541015, 2.71416
ShoulderRight: -0.1232405, 0.4302548, 3.00033
ElbowRight: 0.1105527, 0.4662713, 2.976646
WristRight: 0.3664169, 0.4745774, 2.971651
HandRight: 0.4483728, 0.4651412, 2.984503
HipLeft: -0.3460675, 0.005651664, 2.809127
KneeLeft: -0.2729581, -0.5420789, 2.727438
AnkleLeft: -0.2866105, -0.8185598, 2.642406
FootLeft: -0.2542656, -0.8585666, 2.537415
HipRight: -0.1930892, 0.0375439, 2.81447
KneeRight: -0.2440715, -0.4292666, 2.743511
AnkleRight: -0.2349531, -0.7914534, 2.661554
FootRight: -0.2767231, -0.852215, 2.533601
=========
HipCenter: -0.2780902, 0.09196811, 2.842676
Spine: -0.2892193, 0.1407334, 2.916554
ShoulderCenter: -0.3289476, 0.5127579, 3.008449
Head: -0.3072761, 0.6914636, 3.007852
ShoulderLeft: -0.4596, 0.3685746, 2.952351
ElbowLeft: -0.4832665, 0.1392572, 2.882021
WristLeft: -0.4680869, -0.1055104, 2.738717
HandLeft: -0.4769818, -0.1553805, 2.712972
ShoulderRight: -0.1237431, 0.4301043, 2.999878
ElbowRight: 0.1102927, 0.4673833, 2.974972
WristRight: 0.3664385, 0.4746682, 2.9711
HandRight: 0.4474533, 0.4653549, 2.983883
HipLeft: -0.3464429, 0.005513688, 2.80899
KneeLeft: -0.2745569, -0.5426711, 2.727177
AnkleLeft: -0.2863641, -0.8171648, 2.642781
FootLeft: -0.254229, -0.8585581, 2.5374
HipRight: -0.193697, 0.03744801, 2.814095
KneeRight: -0.2441673, -0.4291871, 2.74334
AnkleRight: -0.2351853, -0.7912799, 2.66143
FootRight: -0.2768346, -0.8522888, 2.53357
=========
HipCenter: -0.278642, 0.09172503, 2.842335
Spine: -0.2896876, 0.1405407, 2.916272
ShoulderCenter: -0.3291978, 0.5128088, 3.008548
Head: -0.3073264, 0.6914394, 3.007529
ShoulderLeft: -0.4597919, 0.3687188, 2.952134
ElbowLeft: -0.4834202, 0.138306, 2.881022
WristLeft: -0.4684104, -0.1063484, 2.738002
HandLeft: -0.4770503, -0.1562496, 2.712194
ShoulderRight: -0.1241693, 0.4299737, 2.99949
ElbowRight: 0.107516, 0.4674015, 2.97415
WristRight: 0.3660419, 0.4747232, 2.970446
HandRight: 0.4466001, 0.4655267, 2.983279
HipLeft: -0.3469093, 0.005359496, 2.808833
KneeLeft: -0.2760119, -0.543151, 2.726945
AnkleLeft: -0.2860061, -0.8158996, 2.643167
FootLeft: -0.2542112, -0.8585472, 2.537395
HipRight: -0.1944028, 0.03729251, 2.813631
KneeRight: -0.2443115, -0.4290927, 2.74314
AnkleRight: -0.2354571, -0.7910978, 2.661285
FootRight: -0.2769284, -0.8523537, 2.533532
=========
HipCenter: -0.2791659, 0.09150834, 2.842021
Spine: -0.2901357, 0.1403603, 2.916011
ShoulderCenter: -0.329397, 0.5128341, 3.008638
Head: -0.3073504, 0.6914459, 3.007323
ShoulderLeft: -0.4599476, 0.3688514, 2.95193
ElbowLeft: -0.4836515, 0.1368494, 2.879887
WristLeft: -0.4688095, -0.1076193, 2.73702
HandLeft: -0.4771943, -0.1576623, 2.711174
ShoulderRight: -0.1245195, 0.4298682, 2.999172
ElbowRight: 0.1039642, 0.4670857, 2.973692
WristRight: 0.3654976, 0.47475, 2.969795
HandRight: 0.4458527, 0.465671, 2.982724
HipLeft: -0.3473762, 0.005237665, 2.80867
KneeLeft: -0.2772903, -0.5435211, 2.726741
AnkleLeft: -0.2856607, -0.8147943, 2.643548
FootLeft: -0.2541987, -0.8585363, 2.537398
HipRight: -0.1950846, 0.03713938, 2.81321
KneeRight: -0.2444746, -0.429002, 2.742936
AnkleRight: -0.2357365, -0.7909262, 2.661136
FootRight: -0.2770098, -0.8524152, 2.533496
=========
HipCenter: -0.2796222, 0.09133153, 2.841728
Spine: -0.2905253, 0.1402111, 2.915767
ShoulderCenter: -0.3295401, 0.5128624, 3.008713
Head: -0.307312, 0.6915426, 3.007212
ShoulderLeft: -0.4600688, 0.3689786, 2.951741
ElbowLeft: -0.4838858, 0.1357214, 2.879041
WristLeft: -0.4689383, -0.1085036, 2.736126
HandLeft: -0.4773891, -0.1587329, 2.710615
ShoulderRight: -0.1248131, 0.4297711, 2.998887
ElbowRight: 0.1002777, 0.4664938, 2.973498
WristRight: 0.364852, 0.4747542, 2.96917
HandRight: 0.4451756, 0.4657434, 2.982213
HipLeft: -0.3478139, 0.005147542, 2.808505
KneeLeft: -0.2784146, -0.5438068, 2.726576
AnkleLeft: -0.285394, -0.8138684, 2.643862
FootLeft: -0.2541904, -0.8585255, 2.537398
HipRight: -0.1956549, 0.03702508, 2.812827
KneeRight: -0.2446338, -0.4289206, 2.742745
AnkleRight: -0.2360023, -0.7907708, 2.660995
FootRight: -0.2771042, -0.8525118, 2.533465
