=========
HipCenter: -0.2525966, 0.1193567, 2.726648
Spine: -0.2643813, 0.1673303, 2.806061
ShoulderCenter: -0.2966385, 0.5544488, 2.92
Head: -0.2752995, 0.7365198, 2.915147
ShoulderLeft: -0.430605, 0.4099213, 2.834296
ElbowLeft: -0.4656929, 0.1522881, 2.756186
WristLeft: -0.4513028, -0.03325628, 2.625093
HandLeft: -0.4523088, -0.117721, 2.57194
ShoulderRight: -0.09321027, 0.4590231, 2.888093
ElbowRight: 0.1523349, 0.5095075, 2.838843
WristRight: 0.3897327, 0.5315852, 2.798634
HandRight: 0.4894324, 0.5349807, 2.795635
HipLeft: -0.3215359, 0.03940663, 2.694834
KneeLeft: -0.2673492, -0.4601824, 2.618236
AnkleLeft: -0.2793841, -0.7579591, 2.523676
FootLeft: -0.2431571, -0.817229, 2.408509
HipRight: -0.1697083, 0.0615024, 2.692425
KneeRight: -0.26116, -0.4946414, 2.617372
AnkleRight: -0.2473973, -0.7632015, 2.52495
FootRight: -0.2612854, -0.8145784, 2.406811
=========
HipCenter: -0.2528949, 0.1191099, 2.726732
Spine: -0.2646066, 0.1672906, 2.806137
ShoulderCenter: -0.2966062, 0.5548139, 2.91915
Head: -0.276213, 0.7374082, 2.916556
ShoulderLeft: -0.4307548, 0.4098773, 2.834511
ElbowLeft: -0.4650476, 0.152439, 2.755276
WristLeft: -0.4475896, -0.05324452, 2.613753
HandLeft: -0.4533176, -0.1233451, 2.568426
ShoulderRight: -0.09323947, 0.4590537, 2.888232
ElbowRight: 0.1518801, 0.5095187, 2.839131
WristRight: 0.3893954, 0.5317792, 2.798568
HandRight: 0.4894543, 0.5352464, 2.795679
HipLeft: -0.3220587, 0.03889777, 2.695238
KneeLeft: -0.2674357, -0.4596751, 2.618325
AnkleLeft: -0.279359, -0.7578865, 2.52353
FootLeft: -0.2433268, -0.8171701, 2.408437
HipRight: -0.1700898, 0.06113661, 2.692343
KneeRight: -0.2489459, -0.4388551, 2.622628
AnkleRight: -0.2472597, -0.7594727, 2.525793
FootRight: -0.2612735, -0.8145641, 2.406895
=========
HipCenter: -0.2529617, 0.1191068, 2.726736
Spine: -0.2646509, 0.1673067, 2.806141
ShoulderCenter: -0.2966054, 0.5548756, 2.91901
Head: -0.2763674, 0.7375435, 2.916763
ShoulderLeft: -0.4307914, 0.4098843, 2.834569
ElbowLeft: -0.4649469, 0.1524628, 2.755133
WristLeft: -0.446674, -0.05823406, 2.610975
HandLeft: -0.4528795, -0.1246833, 2.567761
ShoulderRight: -0.09324668, 0.4590588, 2.888247
ElbowRight: 0.151749, 0.5094812, 2.839166
WristRight: 0.3893385, 0.5318167, 2.798542
HandRight: 0.4894848, 0.53499, 2.795525
HipLeft: -0.322171, 0.03887332, 2.695313
KneeLeft: -0.2674482, -0.4595955, 2.618335
AnkleLeft: -0.2793069, -0.7579014, 2.523471
FootLeft: -0.2433679, -0.8171574, 2.408416
HipRight: -0.170175, 0.06111818, 2.692296
KneeRight: -0.2404591, -0.4040886, 2.62507
AnkleRight: -0.2472308, -0.7589951, 2.525901
FootRight: -0.261274, -0.814562, 2.406901
=========
HipCenter: -0.2532352, 0.1189686, 2.726673
Spine: -0.2647739, 0.167273, 2.806113
ShoulderCenter: -0.2966013, 0.5549282, 2.918898
Head: -0.2765578, 0.7376507, 2.916934
ShoulderLeft: -0.4308332, 0.4098615, 2.83461
ElbowLeft: -0.4648714, 0.1524808, 2.755027
WristLeft: -0.4460692, -0.06154939, 2.609099
HandLeft: -0.4524621, -0.1256112, 2.567308
ShoulderRight: -0.09325179, 0.4590629, 2.888261
ElbowRight: 0.1515526, 0.509389, 2.839177
WristRight: 0.3892834, 0.5318568, 2.79849
HandRight: 0.4886962, 0.5337397, 2.79554
HipLeft: -0.3228465, 0.03840741, 2.695219
KneeLeft: -0.2674563, -0.4595361, 2.618345
AnkleLeft: -0.2792228, -0.7579207, 2.523412
FootLeft: -0.2433999, -0.817147, 2.408402
HipRight: -0.1705063, 0.06096461, 2.692201
KneeRight: -0.2374819, -0.3916774, 2.626051
AnkleRight: -0.2472122, -0.7587143, 2.525955
FootRight: -0.2612738, -0.8145604, 2.406906
=========
HipCenter: -0.2536881, 0.1187542, 2.726587
Spine: -0.265005, 0.1672017, 2.80608
ShoulderCenter: -0.2967265, 0.5551589, 2.91894
Head: -0.2767431, 0.7377547, 2.917121
ShoulderLeft: -0.4309459, 0.4098916, 2.834749
ElbowLeft: -0.4648149, 0.1524952, 2.754947
WristLeft: -0.4456499, -0.06384759, 2.607789
HandLeft: -0.4521046, -0.1262647, 2.566983
ShoulderRight: -0.0932606, 0.4590666, 2.888269
ElbowRight: 0.1513617, 0.5092894, 2.839179
WristRight: 0.3889834, 0.5319213, 2.797903
HandRight: 0.4877759, 0.532336, 2.795517
HipLeft: -0.3236618, 0.03792986, 2.695174
KneeLeft: -0.2674535, -0.4594872, 2.618355
AnkleLeft: -0.2791107, -0.7579431, 2.523345
FootLeft: -0.2434355, -0.8171279, 2.408397
HipRight: -0.1711298, 0.06066315, 2.691968
KneeRight: -0.2356042, -0.3837352, 2.626693
AnkleRight: -0.2471956, -0.7585815, 2.525974
FootRight: -0.2612807, -0.814557, 2.40688
=========
HipCenter: -0.2543885, 0.1180301, 2.726449
Spine: -0.2653899, 0.1669205, 2.806039
ShoulderCenter: -0.2970314, 0.5555477, 2.919063
Head: -0.2769498, 0.7378542, 2.917361
ShoulderLeft: -0.4311236, 0.409975, 2.83502
ElbowLeft: -0.464776, 0.1525077, 2.754889
WristLeft: -0.4453579, -0.06546539, 2.606872
HandLeft: -0.4517856, -0.1266992, 2.566756
ShoulderRight: -0.0932691, 0.4590703, 2.888277
ElbowRight: 0.1509624, 0.5091547, 2.8391
WristRight: 0.388673, 0.5320204, 2.797125
HandRight: 0.4865496, 0.5308031, 2.795569
HipLeft: -0.3246285, 0.03698958, 2.695219
KneeLeft: -0.2674434, -0.4594475, 2.61837
AnkleLeft: -0.2789546, -0.7579924, 2.523266
FootLeft: -0.2434716, -0.8171057, 2.408407
HipRight: -0.1719798, 0.05964782, 2.691569
KneeRight: -0.2345861, -0.3798795, 2.627011
AnkleRight: -0.2471686, -0.7585595, 2.525981
FootRight: -0.2612849, -0.8145554, 2.406854
=========
HipCenter: -0.2551272, 0.1173074, 2.726321
Spine: -0.2658233, 0.166609, 2.806006
ShoulderCenter: -0.2973276, 0.5559304, 2.919216
Head: -0.2771343, 0.737933, 2.917581
ShoulderLeft: -0.4313028, 0.4100551, 2.835294
ElbowLeft: -0.4647502, 0.1525204, 2.75485
WristLeft: -0.4451433, -0.06664637, 2.606201
HandLeft: -0.4514661, -0.1269208, 2.566516
ShoulderRight: -0.09327678, 0.4590749, 2.888284
ElbowRight: 0.1501604, 0.5088347, 2.83892
WristRight: 0.388371, 0.532121, 2.796327
HandRight: 0.4855262, 0.5295729, 2.795512
HipLeft: -0.3256258, 0.03607135, 2.695288
KneeLeft: -0.2674228, -0.4594113, 2.618386
AnkleLeft: -0.2787938, -0.7580429, 2.523193
FootLeft: -0.2435057, -0.8170845, 2.408404
HipRight: -0.1728558, 0.05868224, 2.691175
KneeRight: -0.2345603, -0.380292, 2.626949
AnkleRight: -0.2471206, -0.7586122, 2.525982
FootRight: -0.2612914, -0.8145507, 2.40685
=========
HipCenter: -0.255412, 0.1169504, 2.726146
Spine: -0.2659932, 0.1664292, 2.805917
ShoulderCenter: -0.2974885, 0.5562068, 2.919175
Head: -0.2771417, 0.7378429, 2.917771
ShoulderLeft: -0.4313616, 0.4100242, 2.835479
ElbowLeft: -0.4647308, 0.15252, 2.754826
WristLeft: -0.4450786, -0.06739341, 2.605883
HandLeft: -0.4511769, -0.1267364, 2.567247
ShoulderRight: -0.09325968, 0.4590873, 2.888273
ElbowRight: 0.1498945, 0.5087256, 2.83883
WristRight: 0.3883219, 0.532309, 2.79601
HandRight: 0.4841492, 0.5281911, 2.795755
HipLeft: -0.3260264, 0.03596892, 2.69515
KneeLeft: -0.2680566, -0.4572501, 2.618198
AnkleLeft: -0.2786954, -0.7580094, 2.523161
FootLeft: -0.2436841, -0.8169574, 2.408508
HipRight: -0.1730717, 0.05712175, 2.690833
KneeRight: -0.2351414, -0.3831779, 2.626615
AnkleRight: -0.2469324, -0.7587488, 2.526001
FootRight: -0.2612341, -0.8145688, 2.406818
=========
HipCenter: -0.2556362, 0.1166311, 2.725968
Spine: -0.2661358, 0.1662533, 2.805817
ShoulderCenter: -0.2974762, 0.5564341, 2.919065
Head: -0.2770355, 0.737744, 2.917995
ShoulderLeft: -0.4313812, 0.409989, 2.8356
ElbowLeft: -0.4647157, 0.1525169, 2.754813
WristLeft: -0.4451144, -0.06778403, 2.605848
HandLeft: -0.4509395, -0.1263763, 2.568215
ShoulderRight: -0.09322084, 0.4590999, 2.888259
ElbowRight: 0.1496878, 0.5086342, 2.838748
WristRight: 0.3883124, 0.5324872, 2.795727
HandRight: 0.4828503, 0.5272107, 2.795865
HipLeft: -0.326348, 0.0359933, 2.694959
KneeLeft: -0.2686943, -0.4551183, 2.618011
AnkleLeft: -0.2786091, -0.7579674, 2.52314
FootLeft: -0.2438888, -0.8168322, 2.408592
HipRight: -0.1732599, 0.05545202, 2.690549
KneeRight: -0.2359266, -0.3869226, 2.626226
AnkleRight: -0.2467316, -0.7589229, 2.526011
FootRight: -0.2611776, -0.8145831, 2.406795
=========
HipCenter: -0.2558746, 0.1164197, 2.725788
Spine: -0.2663093, 0.166136, 2.8057
ShoulderCenter: -0.2975028, 0.5566964, 2.918896
Head: -0.2769224, 0.7376624, 2.91818
ShoulderLeft: -0.4313763, 0.4099758, 2.835725
ElbowLeft: -0.464706, 0.1525196, 2.754808
WristLeft: -0.4451947, -0.06790014, 2.605947
HandLeft: -0.4507398, -0.1259655, 2.568938
ShoulderRight: -0.09318081, 0.4591148, 2.888239
ElbowRight: 0.1423291, 0.5061036, 2.839946
WristRight: 0.3883303, 0.5326568, 2.795525
HandRight: 0.4818068, 0.5263219, 2.796307
HipLeft: -0.326689, 0.03622847, 2.694775
KneeLeft: -0.269282, -0.4531479, 2.617812
AnkleLeft: -0.2785281, -0.7579203, 2.523127
FootLeft: -0.2440602, -0.8167258, 2.408675
HipRight: -0.1735862, 0.05449927, 2.690223
KneeRight: -0.2367073, -0.3904861, 2.625817
AnkleRight: -0.2465332, -0.7591439, 2.525997
FootRight: -0.261124, -0.8145937, 2.406766
=========
HipCenter: -0.2551691, 0.116634, 2.724969
Spine: -0.2658425, 0.1662733, 2.804995
ShoulderCenter: -0.2968113, 0.5571626, 2.917822
Head: -0.2765977, 0.7374514, 2.917704
ShoulderLeft: -0.4308209, 0.4097174, 2.835031
ElbowLeft: -0.4644138, 0.1523934, 2.754401
WristLeft: -0.4449858, -0.0679731, 2.605731
HandLeft: -0.4506083, -0.1258272, 2.569221
ShoulderRight: -0.09301131, 0.4592408, 2.888125
ElbowRight: 0.1412027, 0.5057769, 2.839922
WristRight: 0.3885887, 0.5331729, 2.796022
HandRight: 0.4765083, 0.5255649, 2.801925
HipLeft: -0.3251533, 0.0381714, 2.691942
KneeLeft: -0.2697314, -0.4512717, 2.617195
AnkleLeft: -0.278339, -0.7578413, 2.522953
FootLeft: -0.2442468, -0.8166338, 2.408659
HipRight: -0.172346, 0.05401087, 2.689926
KneeRight: -0.2373182, -0.3935555, 2.62517
AnkleRight: -0.2463221, -0.7593196, 2.525941
FootRight: -0.2612902, -0.8145617, 2.40618
=========
HipCenter: -0.2543205, 0.1168281, 2.724052
Spine: -0.2652816, 0.1663853, 2.80421
ShoulderCenter: -0.2961622, 0.557539, 2.916853
Head: -0.2762146, 0.7372175, 2.917197
ShoulderLeft: -0.4300584, 0.4093416, 2.833906
ElbowLeft: -0.4640434, 0.1522777, 2.7538
WristLeft: -0.4448253, -0.06786023, 2.605547
HandLeft: -0.4504739, -0.1256385, 2.569498
ShoulderRight: -0.09278638, 0.4593803, 2.887871
ElbowRight: 0.1403883, 0.5055746, 2.839844
WristRight: 0.3888865, 0.5337696, 2.79677
HandRight: 0.4745296, 0.5249971, 2.805999
HipLeft: -0.3237003, 0.03972524, 2.689348
KneeLeft: -0.2701177, -0.4501243, 2.61635
AnkleLeft: -0.278208, -0.7577769, 2.522803
FootLeft: -0.2444408, -0.8165433, 2.40863
HipRight: -0.171034, 0.05366465, 2.689648
KneeRight: -0.2377713, -0.396074, 2.624583
AnkleRight: -0.2459845, -0.7596186, 2.525793
FootRight: -0.2613902, -0.8145064, 2.405696
=========
HipCenter: -0.2534978, 0.1170559, 2.723219
Spine: -0.2647227, 0.1665219, 2.803474
ShoulderCenter: -0.2956057, 0.5578702, 2.916051
Head: -0.27584, 0.7369947, 2.91669
ShoulderLeft: -0.42944, 0.4091218, 2.832942
ElbowLeft: -0.4636634, 0.1521603, 2.753146
WristLeft: -0.4446373, -0.06774144, 2.605339
HandLeft: -0.4503539, -0.1254681, 2.569602
ShoulderRight: -0.0925268, 0.4595206, 2.887574
ElbowRight: 0.1399033, 0.5055739, 2.83973
WristRight: 0.3892533, 0.5344573, 2.797866
HandRight: 0.4748628, 0.5269503, 2.807518
HipLeft: -0.3224995, 0.04099017, 2.687263
KneeLeft: -0.270465, -0.4493143, 2.615473
AnkleLeft: -0.2780724, -0.7577045, 2.522616
FootLeft: -0.244597, -0.8164703, 2.408581
HipRight: -0.1698003, 0.05346475, 2.689439
KneeRight: -0.2381217, -0.3980152, 2.624112
AnkleRight: -0.2456617, -0.7599008, 2.525639
FootRight: -0.2614783, -0.8144442, 2.40523
=========
HipCenter: -0.2526615, 0.1173265, 2.722423
Spine: -0.2641492, 0.1667025, 2.802736
ShoulderCenter: -0.2949219, 0.5581977, 2.915201
Head: -0.275469, 0.7368014, 2.916206
ShoulderLeft: -0.4284603, 0.4088198, 2.831365
ElbowLeft: -0.4633181, 0.1520623, 2.752519
WristLeft: -0.4443774, -0.06756496, 2.605027
HandLeft: -0.4502393, -0.125317, 2.569604
ShoulderRight: -0.09222918, 0.4596683, 2.887229
ElbowRight: 0.1395712, 0.5056038, 2.839633
WristRight: 0.3896016, 0.5351637, 2.799073
HandRight: 0.47577, 0.5302485, 2.807671
HipLeft: -0.3214883, 0.04197367, 2.68575
KneeLeft: -0.2707361, -0.4487438, 2.614584
AnkleLeft: -0.2778319, -0.7575958, 2.522235
FootLeft: -0.2447246, -0.8164054, 2.408522
HipRight: -0.1686355, 0.05349437, 2.689134
KneeRight: -0.2383723, -0.3994767, 2.623722
AnkleRight: -0.245445, -0.7600694, 2.525531
FootRight: -0.2615015, -0.8143657, 2.404699
=========
HipCenter: -0.2508485, 0.1187625, 2.721408
Spine: -0.2628305, 0.1676516, 2.801684
ShoulderCenter: -0.293845, 0.5583458, 2.914158
Head: -0.2749405, 0.736652, 2.915785
ShoulderLeft: -0.4274023, 0.4081838, 2.828848
ElbowLeft: -0.462431, 0.1519635, 2.750702
WristLeft: -0.443591, -0.06727103, 2.604124
HandLeft: -0.449751, -0.1250726, 2.569016
ShoulderRight: -0.09181466, 0.4598967, 2.886362
ElbowRight: 0.1420929, 0.5071983, 2.83917
WristRight: 0.3901122, 0.5367604, 2.800635
HandRight: 0.4756324, 0.5308428, 2.80831
HipLeft: -0.3195725, 0.04476338, 2.684775
KneeLeft: -0.2695542, -0.4484545, 2.614164
AnkleLeft: -0.2774594, -0.757502, 2.521805
FootLeft: -0.2448047, -0.8162895, 2.408304
HipRight: -0.1662361, 0.05461938, 2.688514
KneeRight: -0.2385139, -0.4003154, 2.623444
AnkleRight: -0.2444007, -0.7611264, 2.52486
FootRight: -0.2614932, -0.8142569, 2.403684
=========
HipCenter: -0.2493054, 0.1200679, 2.720574
Spine: -0.2616425, 0.168598, 2.800752
ShoulderCenter: -0.2927746, 0.5584944, 2.912991
Head: -0.2743959, 0.7364744, 2.915137
ShoulderLeft: -0.4265638, 0.4075931, 2.826717
ElbowLeft: -0.4616411, 0.1519035, 2.749089
WristLeft: -0.4428547, -0.06697951, 2.603263
HandLeft: -0.4493001, -0.1248685, 2.568483
ShoulderRight: -0.09144382, 0.4601032, 2.885547
ElbowRight: 0.1445772, 0.5087224, 2.838738
WristRight: 0.390577, 0.5382038, 2.802018
HandRight: 0.4734862, 0.5309114, 2.809771
HipLeft: -0.3180649, 0.0471022, 2.684094
KneeLeft: -0.2683315, -0.4483484, 2.613874
AnkleLeft: -0.2770976, -0.7574128, 2.521393
FootLeft: -0.2448652, -0.8161753, 2.408089
HipRight: -0.1642712, 0.05562865, 2.688015
KneeRight: -0.2386141, -0.4009469, 2.623218
AnkleRight: -0.2433879, -0.7621646, 2.524203
FootRight: -0.2614453, -0.8141406, 2.402887
=========
HipCenter: -0.2479829, 0.121373, 2.71996
Spine: -0.2606145, 0.1695537, 2.800015
ShoulderCenter: -0.2920519, 0.5586265, 2.912163
Head: -0.2738532, 0.7363293, 2.914549
ShoulderLeft: -0.4259773, 0.4071525, 2.825084
ElbowLeft: -0.4609008, 0.1518659, 2.74769
WristLeft: -0.4420955, -0.06674734, 2.602407
HandLeft: -0.4488707, -0.1247064, 2.567927
ShoulderRight: -0.09110566, 0.4602816, 2.884795
ElbowRight: 0.1404558, 0.5086561, 2.838504
WristRight: 0.3909657, 0.5393981, 2.80316
HandRight: 0.4717087, 0.5308894, 2.810801
HipLeft: -0.316873, 0.04917746, 2.68364
KneeLeft: -0.2671042, -0.4485155, 2.61364
AnkleLeft: -0.2767633, -0.7573345, 2.521009
FootLeft: -0.2449123, -0.8160668, 2.407876
HipRight: -0.1626066, 0.05659042, 2.687685
KneeRight: -0.2386902, -0.4014766, 2.62296
AnkleRight: -0.2424814, -0.7631176, 2.523586
FootRight: -0.2613825, -0.8140375, 2.40223
=========
HipCenter: -0.2468299, 0.1223306, 2.719551
Spine: -0.2597087, 0.170263, 2.799484
ShoulderCenter: -0.2916035, 0.5586767, 2.911677
Head: -0.2734301, 0.7362134, 2.914091
ShoulderLeft: -0.4255169, 0.4068016, 2.823836
ElbowLeft: -0.4604191, 0.1518047, 2.746659
WristLeft: -0.4415269, -0.06650668, 2.601689
HandLeft: -0.4484974, -0.1245399, 2.567418
ShoulderRight: -0.09082308, 0.4604271, 2.884123
ElbowRight: 0.155905, 0.5145048, 2.835747
WristRight: 0.3918715, 0.540468, 2.804034
HandRight: 0.4719898, 0.5308995, 2.811393
HipLeft: -0.3157468, 0.05054029, 2.683421
KneeLeft: -0.2661617, -0.448745, 2.613417
AnkleLeft: -0.2764631, -0.757251, 2.520658
FootLeft: -0.2449334, -0.8159636, 2.407662
HipRight: -0.161233, 0.05739535, 2.687498
KneeRight: -0.2387279, -0.401898, 2.622707
AnkleRight: -0.2416366, -0.7640592, 2.52297
FootRight: -0.2614392, -0.8138801, 2.400937
=========
HipCenter: -0.2456666, 0.1239942, 2.71948
Spine: -0.2587478, 0.171427, 2.799166
ShoulderCenter: -0.2913439, 0.5587218, 2.911301
Head: -0.2730943, 0.7360919, 2.913604
ShoulderLeft: -0.4254084, 0.406991, 2.823498
ElbowLeft: -0.4600922, 0.1518075, 2.745905
WristLeft: -0.440995, -0.06633715, 2.601031
HandLeft: -0.4481725, -0.1244068, 2.566902
ShoulderRight: -0.09055953, 0.460563, 2.883531
ElbowRight: 0.1542093, 0.5159802, 2.836273
WristRight: 0.392155, 0.541139, 2.804626
HandRight: 0.4717982, 0.5313214, 2.811301
HipLeft: -0.3144794, 0.05263924, 2.683925
KneeLeft: -0.2669635, -0.4459254, 2.61343
AnkleLeft: -0.2761845, -0.757185, 2.520337
FootLeft: -0.2449753, -0.815865, 2.407458
HipRight: -0.1599929, 0.0586732, 2.687353
KneeRight: -0.2387445, -0.402219, 2.622483
AnkleRight: -0.2408995, -0.7648972, 2.522422
FootRight: -0.2613778, -0.8137941, 2.400475
=========
HipCenter: -0.2450799, 0.125691, 2.719583
Spine: -0.2581484, 0.1726054, 2.798999
ShoulderCenter: -0.2911571, 0.5587535, 2.911006
Head: -0.2728125, 0.7359858, 2.913173
ShoulderLeft: -0.4254552, 0.4072702, 2.823409
ElbowLeft: -0.459852, 0.1517931, 2.745266
WristLeft: -0.440628, -0.06616905, 2.600532
HandLeft: -0.4479916, -0.1243131, 2.5666
ShoulderRight: -0.09031726, 0.4606911, 2.883065
ElbowRight: 0.153456, 0.5171404, 2.836561
WristRight: 0.3925957, 0.5423149, 2.805356
HandRight: 0.4745888, 0.5375387, 2.805873
HipLeft: -0.3141334, 0.05458647, 2.684784
KneeLeft: -0.2678854, -0.4431795, 2.613478
AnkleLeft: -0.2759417, -0.7571279, 2.520052
FootLeft: -0.245014, -0.8157794, 2.407303
HipRight: -0.159324, 0.05991013, 2.68718
KneeRight: -0.2387483, -0.402465, 2.622284
AnkleRight: -0.2402695, -0.7656363, 2.521937
FootRight: -0.2612778, -0.8137264, 2.400166
=========
HipCenter: -0.2449133, 0.1271426, 2.719756
Spine: -0.2578541, 0.1736138, 2.79893
ShoulderCenter: -0.2910314, 0.5587685, 2.910789
Head: -0.2725419, 0.7358678, 2.912678
ShoulderLeft: -0.4255397, 0.4075815, 2.823461
ElbowLeft: -0.459664, 0.1517825, 2.74474
WristLeft: -0.4402885, -0.06601363, 2.600083
HandLeft: -0.4478458, -0.1242341, 2.56634
ShoulderRight: -0.09007661, 0.4608203, 2.882684
ElbowRight: 0.1528771, 0.5180599, 2.836822
WristRight: 0.3929402, 0.5431399, 2.805765
HandRight: 0.4770764, 0.5429608, 2.800815
HipLeft: -0.3142928, 0.05622826, 2.685802
KneeLeft: -0.2688995, -0.440608, 2.61356
AnkleLeft: -0.2757283, -0.7570755, 2.519808
FootLeft: -0.2450447, -0.8157075, 2.407179
HipRight: -0.1591728, 0.06106894, 2.686941
KneeRight: -0.2387453, -0.4026547, 2.622103
AnkleRight: -0.2397444, -0.766285, 2.521509
FootRight: -0.2611731, -0.8136688, 2.399931
=========
HipCenter: -0.244916, 0.1280813, 2.719772
Spine: -0.2577573, 0.1743753, 2.798793
ShoulderCenter: -0.2910737, 0.5587416, 2.910405
Head: -0.2723645, 0.7358087, 2.912087
ShoulderLeft: -0.4255674, 0.4076979, 2.823365
ElbowLeft: -0.4595464, 0.1508525, 2.743394
WristLeft: -0.4401343, -0.06575303, 2.599847
HandLeft: -0.447735, -0.1240694, 2.566149
ShoulderRight: -0.08990681, 0.4609499, 2.882351
ElbowRight: 0.152118, 0.5184241, 2.836831
WristRight: 0.39312, 0.5438894, 2.805936
HandRight: 0.4779727, 0.5474911, 2.796692
HipLeft: -0.3146305, 0.05717864, 2.686072
KneeLeft: -0.2702623, -0.4390054, 2.613318
AnkleLeft: -0.2755071, -0.7570221, 2.519566
FootLeft: -0.2449734, -0.8156584, 2.407005
HipRight: -0.1592268, 0.06183409, 2.686755
KneeRight: -0.2387412, -0.402805, 2.621904
AnkleRight: -0.2393244, -0.7668748, 2.521104
FootRight: -0.2611093, -0.8136075, 2.399433
=========
HipCenter: -0.2450395, 0.1287523, 2.719791
Spine: -0.2577765, 0.1749444, 2.798684
ShoulderCenter: -0.2911851, 0.5586924, 2.910023
Head: -0.2722384, 0.7357334, 2.911617
ShoulderLeft: -0.4255874, 0.4077637, 2.823277
ElbowLeft: -0.459521, 0.1503465, 2.742678
WristLeft: -0.440039, -0.06549799, 2.599671
HandLeft: -0.4476526, -0.1238857, 2.565875
ShoulderRight: -0.08978213, 0.4610634, 2.882069
ElbowRight: 0.1515407, 0.5188189, 2.836871
WristRight: 0.3932627, 0.5445248, 2.80601
HandRight: 0.4787139, 0.5504595, 2.793655
HipLeft: -0.3150434, 0.05787233, 2.686272
KneeLeft: -0.2715751, -0.4375353, 2.613118
AnkleLeft: -0.2753093, -0.7569677, 2.519353
FootLeft: -0.2448745, -0.8156272, 2.406832
HipRight: -0.1595128, 0.06234533, 2.686654
KneeRight: -0.2387345, -0.4029221, 2.621725
AnkleRight: -0.23898, -0.7673902, 2.520754
FootRight: -0.2610631, -0.8135638, 2.399086
=========
HipCenter: -0.2454116, 0.1293363, 2.719856
Spine: -0.25793, 0.1754524, 2.798611
ShoulderCenter: -0.2913257, 0.5586249, 2.909621
Head: -0.2721506, 0.7356593, 2.911187
ShoulderLeft: -0.4256996, 0.4077994, 2.823262
ElbowLeft: -0.4595439, 0.1500024, 2.742283
WristLeft: -0.4400105, -0.06521685, 2.599537
HandLeft: -0.447599, -0.1236997, 2.565605
ShoulderRight: -0.08968075, 0.4611599, 2.88183
ElbowRight: 0.1509471, 0.5190962, 2.836913
WristRight: 0.3933838, 0.544995, 2.80593
HandRight: 0.4792395, 0.5524985, 2.791449
HipLeft: -0.3159617, 0.05838244, 2.686757
KneeLeft: -0.2729344, -0.4360999, 2.612992
AnkleLeft: -0.2751253, -0.7569297, 2.519165
FootLeft: -0.2447333, -0.8156502, 2.406648
HipRight: -0.1601746, 0.06277028, 2.686503
KneeRight: -0.2387265, -0.4030312, 2.621558
AnkleRight: -0.2386945, -0.767879, 2.520441
FootRight: -0.260917, -0.8135706, 2.398896
=========
HipCenter: -0.2459285, 0.1298347, 2.719944
Spine: -0.258249, 0.1759099, 2.798572
ShoulderCenter: -0.2917245, 0.5585752, 2.909292
Head: -0.2720998, 0.7355939, 2.91094
ShoulderLeft: -0.4258156, 0.4078353, 2.823262
ElbowLeft: -0.4595736, 0.1497833, 2.741975
WristLeft: -0.4401123, -0.06482765, 2.599517
HandLeft: -0.4476123, -0.1233713, 2.56553
ShoulderRight: -0.08961752, 0.4612313, 2.881617
ElbowRight: 0.1505853, 0.5193329, 2.83695
WristRight: 0.393521, 0.5459179, 2.805649
HandRight: 0.4798992, 0.5544231, 2.789514
HipLeft: -0.3168017, 0.05875586, 2.687317
KneeLeft: -0.2742881, -0.4347375, 2.612904
AnkleLeft: -0.2749328, -0.7569114, 2.518989
FootLeft: -0.2446268, -0.8156607, 2.406555
HipRight: -0.1610399, 0.06323951, 2.686255
KneeRight: -0.2387076, -0.4031055, 2.621406
AnkleRight: -0.2384557, -0.7682898, 2.52017
FootRight: -0.2608052, -0.8135788, 2.398771
=========
HipCenter: -0.2464437, 0.1302379, 2.720019
Spine: -0.258596, 0.1762986, 2.798542
ShoulderCenter: -0.2923285, 0.5585354, 2.909017
Head: -0.2721277, 0.7354439, 2.910577
ShoulderLeft: -0.4259475, 0.4078638, 2.823284
ElbowLeft: -0.4596204, 0.1496125, 2.74172
WristLeft: -0.4402315, -0.06448923, 2.599524
HandLeft: -0.4476405, -0.1230729, 2.565484
ShoulderRight: -0.08957589, 0.4612826, 2.881415
ElbowRight: 0.1502536, 0.5195097, 2.836984
WristRight: 0.3935973, 0.5466971, 2.805205
HandRight: 0.4794523, 0.5559048, 2.787917
HipLeft: -0.3175455, 0.05901119, 2.687809
KneeLeft: -0.2754273, -0.4335822, 2.612845
AnkleLeft: -0.2747765, -0.7568892, 2.518861
FootLeft: -0.2445623, -0.8156605, 2.406483
HipRight: -0.1618203, 0.06369468, 2.685941
KneeRight: -0.2386867, -0.40315, 2.621258
AnkleRight: -0.2382628, -0.7686256, 2.519936
FootRight: -0.260673, -0.8135899, 2.398673
=========
HipCenter: -0.2473366, 0.1304756, 2.720165
Spine: -0.2591544, 0.1765688, 2.798582
ShoulderCenter: -0.292897, 0.5584257, 2.908927
Head: -0.2722578, 0.7351934, 2.910197
ShoulderLeft: -0.4263155, 0.4080388, 2.823535
ElbowLeft: -0.4596853, 0.1495128, 2.741567
WristLeft: -0.4404313, -0.06409176, 2.599624
HandLeft: -0.4477018, -0.1226883, 2.565502
ShoulderRight: -0.08958613, 0.4613244, 2.881198
ElbowRight: 0.1420302, 0.518204, 2.838371
WristRight: 0.3936225, 0.5472027, 2.804807
HandRight: 0.4788523, 0.5562657, 2.787091
HipLeft: -0.3186613, 0.05897449, 2.68863
KneeLeft: -0.2764658, -0.4328471, 2.612731
AnkleLeft: -0.2746241, -0.7568646, 2.518739
FootLeft: -0.2445074, -0.8156599, 2.40643
HipRight: -0.1633126, 0.06400545, 2.685395
KneeRight: -0.2386627, -0.4031692, 2.621113
AnkleRight: -0.2381056, -0.7689006, 2.519732
FootRight: -0.2605543, -0.8136013, 2.398594
=========
HipCenter: -0.2483888, 0.1304674, 2.720293
Spine: -0.2598097, 0.1767026, 2.798628
ShoulderCenter: -0.2933929, 0.5583299, 2.908875
Head: -0.2724639, 0.7349114, 2.909756
ShoulderLeft: -0.4267457, 0.4082523, 2.823848
ElbowLeft: -0.4597743, 0.1494537, 2.741463
WristLeft: -0.4406635, -0.0637408, 2.599734
HandLeft: -0.4477525, -0.1223536, 2.565527
ShoulderRight: -0.08960406, 0.4613596, 2.881022
ElbowRight: 0.1352466, 0.517243, 2.839502
WristRight: 0.3935356, 0.5475324, 2.804526
HandRight: 0.478567, 0.5566244, 2.786607
HipLeft: -0.3199556, 0.05861102, 2.68905
KneeLeft: -0.2776333, -0.4325241, 2.612544
AnkleLeft: -0.2745211, -0.7568275, 2.518641
FootLeft: -0.2444704, -0.8156571, 2.40639
HipRight: -0.1650009, 0.06375523, 2.685212
KneeRight: -0.2386379, -0.4031717, 2.62098
AnkleRight: -0.2379768, -0.7691278, 2.519556
FootRight: -0.260443, -0.8136127, 2.398536
=========
HipCenter: -0.2493698, 0.1304232, 2.720425
Spine: -0.260461, 0.1768027, 2.798691
ShoulderCenter: -0.2939002, 0.5582464, 2.908828
Head: -0.2726663, 0.7346513, 2.909367
ShoulderLeft: -0.4272901, 0.4084943, 2.824257
ElbowLeft: -0.4598668, 0.1494156, 2.741388
WristLeft: -0.4409291, -0.06336942, 2.599879
HandLeft: -0.4478105, -0.1220039, 2.565596
ShoulderRight: -0.08962562, 0.4613933, 2.880881
ElbowRight: 0.1323612, 0.5167025, 2.840134
WristRight: 0.3934467, 0.5477909, 2.804271
HandRight: 0.4783633, 0.5568386, 2.786286
HipLeft: -0.3210657, 0.05824415, 2.689384
KneeLeft: -0.2786904, -0.4323983, 2.612327
AnkleLeft: -0.2744373, -0.7567917, 2.518556
FootLeft: -0.2444409, -0.8156535, 2.406357
HipRight: -0.1664439, 0.06350863, 2.685115
KneeRight: -0.2386122, -0.4031601, 2.62085
AnkleRight: -0.2378705, -0.7693172, 2.5194
FootRight: -0.2603531, -0.8136202, 2.398499
=========
HipCenter: -0.250076, 0.1303938, 2.720543
Spine: -0.2609538, 0.1768759, 2.798759
ShoulderCenter: -0.2942635, 0.5581621, 2.908818
Head: -0.2728676, 0.7343677, 2.909043
ShoulderLeft: -0.4278116, 0.4087141, 2.824662
ElbowLeft: -0.4599754, 0.1494139, 2.741352
WristLeft: -0.4411888, -0.06302444, 2.600024
HandLeft: -0.4478562, -0.1216654, 2.565663
ShoulderRight: -0.08965414, 0.4614224, 2.880763
ElbowRight: 0.1307641, 0.5164776, 2.840594
WristRight: 0.3933474, 0.5479785, 2.804052
HandRight: 0.4781832, 0.5569127, 2.786114
HipLeft: -0.3217801, 0.05796621, 2.689676
KneeLeft: -0.2796303, -0.4324244, 2.612107
AnkleLeft: -0.274365, -0.7567667, 2.518476
FootLeft: -0.2444241, -0.8156505, 2.406333
HipRight: -0.1673464, 0.06341926, 2.685033
KneeRight: -0.2385875, -0.4031442, 2.620731
AnkleRight: -0.2377821, -0.7694798, 2.519264
FootRight: -0.260305, -0.8136262, 2.398425
=========
HipCenter: -0.2506362, 0.130382, 2.720617
Spine: -0.2614075, 0.1769367, 2.798802
ShoulderCenter: -0.2945791, 0.5580761, 2.908798
Head: -0.2729664, 0.7342462, 2.908897
ShoulderLeft: -0.4281655, 0.4088406, 2.824823
ElbowLeft: -0.46009, 0.1494305, 2.741333
WristLeft: -0.4414896, -0.06271666, 2.600181
HandLeft: -0.4478973, -0.1213743, 2.565731
ShoulderRight: -0.08968382, 0.4614465, 2.880662
ElbowRight: 0.1305177, 0.516418, 2.840914
WristRight: 0.3932121, 0.5480916, 2.803818
HandRight: 0.4779611, 0.5567951, 2.786161
HipLeft: -0.3223138, 0.05776831, 2.689866
KneeLeft: -0.2804455, -0.432517, 2.611901
AnkleLeft: -0.2743021, -0.7567446, 2.518404
FootLeft: -0.2444137, -0.8156437, 2.406321
HipRight: -0.1679779, 0.06339139, 2.684958
KneeRight: -0.2385592, -0.4031195, 2.620617
AnkleRight: -0.2377058, -0.7696166, 2.519144
FootRight: -0.2602697, -0.8136321, 2.398359
=========
HipCenter: -0.2510711, 0.1303922, 2.720665
Spine: -0.2617837, 0.1770067, 2.798825
ShoulderCenter: -0.2948023, 0.5580024, 2.908722
Head: -0.2730662, 0.7341551, 2.908804
ShoulderLeft: -0.428479, 0.4089394, 2.82494
ElbowLeft: -0.460217, 0.1494735, 2.741309
WristLeft: -0.4417499, -0.06245944, 2.60032
HandLeft: -0.4479161, -0.1211787, 2.565737
ShoulderRight: -0.08971154, 0.4614713, 2.880578
ElbowRight: 0.1308254, 0.5164081, 2.841133
WristRight: 0.3930752, 0.5481619, 2.803598
HandRight: 0.4777744, 0.5567865, 2.786162
HipLeft: -0.3227197, 0.05761965, 2.690016
KneeLeft: -0.2810933, -0.4324557, 2.611776
AnkleLeft: -0.2742475, -0.7567248, 2.518337
FootLeft: -0.2444071, -0.8156361, 2.406313
HipRight: -0.1684287, 0.06339799, 2.684874
KneeRight: -0.2385295, -0.4030887, 2.620512
AnkleRight: -0.2376402, -0.7697315, 2.519038
FootRight: -0.260242, -0.8136382, 2.398297
=========
HipCenter: -0.2515636, 0.130418, 2.720703
Spine: -0.2622735, 0.177092, 2.798851
ShoulderCenter: -0.295096, 0.5579592, 2.90869
Head: -0.2732134, 0.7341318, 2.909066
ShoulderLeft: -0.4287745, 0.4090173, 2.825009
ElbowLeft: -0.4603477, 0.1495323, 2.741296
WristLeft: -0.4419947, -0.06224335, 2.600452
HandLeft: -0.4479515, -0.1210636, 2.565735
ShoulderRight: -0.08974625, 0.4615078, 2.880508
ElbowRight: 0.1285563, 0.5161132, 2.8418
WristRight: 0.3928876, 0.5481319, 2.803336
HandRight: 0.4776024, 0.556596, 2.786385
HipLeft: -0.3231146, 0.05749312, 2.690149
KneeLeft: -0.281644, -0.4324255, 2.61167
AnkleLeft: -0.2742059, -0.7567069, 2.518284
FootLeft: -0.2444026, -0.8156285, 2.40631
HipRight: -0.1688978, 0.06344411, 2.68476
KneeRight: -0.2385009, -0.4030539, 2.620416
AnkleRight: -0.2375845, -0.7698279, 2.518946
FootRight: -0.2602192, -0.8136436, 2.398251
=========
HipCenter: -0.2519817, 0.1304374, 2.720726
Spine: -0.2627323, 0.1771654, 2.798867
ShoulderCenter: -0.2953807, 0.5579335, 2.908661
Head: -0.2733652, 0.7341937, 2.909405
ShoulderLeft: -0.4290769, 0.4090388, 2.824968
ElbowLeft: -0.4604953, 0.149614, 2.741287
WristLeft: -0.442218, -0.06205587, 2.600573
HandLeft: -0.4479806, -0.1209948, 2.565711
ShoulderRight: -0.08978481, 0.4615416, 2.880445
ElbowRight: 0.1283754, 0.5161374, 2.841933
WristRight: 0.3926378, 0.5480121, 2.803039
HandRight: 0.4755766, 0.5512036, 2.789546
HipLeft: -0.3234342, 0.05738269, 2.690253
KneeLeft: -0.2821497, -0.4324258, 2.611575
AnkleLeft: -0.274171, -0.7566905, 2.518236
FootLeft: -0.2443972, -0.8156219, 2.406314
HipRight: -0.1692712, 0.06349228, 2.684654
KneeRight: -0.2384701, -0.4030253, 2.620336
AnkleRight: -0.2375324, -0.7699163, 2.518866
FootRight: -0.2602006, -0.8136481, 2.398211
=========
HipCenter: -0.2523238, 0.1304598, 2.720744
Spine: -0.263132, 0.1772353, 2.798879
ShoulderCenter: -0.2956526, 0.5579239, 2.908625
Head: -0.2735664, 0.7343176, 2.909842
ShoulderLeft: -0.4293397, 0.4090839, 2.82494
ElbowLeft: -0.460645, 0.1497084, 2.741278
WristLeft: -0.4424177, -0.06189106, 2.600683
HandLeft: -0.4480121, -0.1209491, 2.565678
ShoulderRight: -0.08984215, 0.461573, 2.880389
ElbowRight: 0.1284425, 0.516204, 2.841996
WristRight: 0.3923626, 0.5478548, 2.80275
HandRight: 0.4729859, 0.5454156, 2.793267
HipLeft: -0.3236624, 0.0573087, 2.69033
KneeLeft: -0.282588, -0.4324617, 2.611487
AnkleLeft: -0.2741428, -0.7566751, 2.518194
FootLeft: -0.2443929, -0.8156157, 2.406318
HipRight: -0.1695556, 0.06355302, 2.684584
KneeRight: -0.2384458, -0.4029987, 2.620263
AnkleRight: -0.2374906, -0.7699947, 2.518793
FootRight: -0.2601897, -0.8136507, 2.398184
=========
HipCenter: -0.2528194, 0.1304376, 2.720771
Spine: -0.2636699, 0.1772723, 2.798902
ShoulderCenter: -0.2959124, 0.5579181, 2.908592
Head: -0.2737973, 0.7344716, 2.910283
ShoulderLeft: -0.4296089, 0.4091142, 2.824886
ElbowLeft: -0.4607841, 0.149818, 2.741239
WristLeft: -0.442597, -0.06174751, 2.600779
HandLeft: -0.4480638, -0.1209387, 2.5656
ShoulderRight: -0.08992564, 0.4616036, 2.88033
ElbowRight: 0.1264627, 0.5161568, 2.841586
WristRight: 0.3920801, 0.5476592, 2.802543
HandRight: 0.4693297, 0.5396801, 2.796796
HipLeft: -0.3240148, 0.05717615, 2.690466
KneeLeft: -0.2830556, -0.4325408, 2.611402
AnkleLeft: -0.2741153, -0.7566613, 2.518156
FootLeft: -0.2443906, -0.815597, 2.406356
HipRight: -0.1700387, 0.06359975, 2.684481
KneeRight: -0.2384238, -0.4029682, 2.620195
AnkleRight: -0.2374558, -0.7700603, 2.518728
FootRight: -0.2601776, -0.8136556, 2.398166
=========
HipCenter: -0.2531469, 0.1304193, 2.720757
Spine: -0.264094, 0.1772941, 2.798876
ShoulderCenter: -0.2961613, 0.5578955, 2.908513
Head: -0.2740556, 0.7346866, 2.910789
ShoulderLeft: -0.4299683, 0.4090813, 2.824659
ElbowLeft: -0.4609151, 0.1499299, 2.741188
WristLeft: -0.4427664, -0.06161687, 2.600874
HandLeft: -0.4481046, -0.120936, 2.565543
ShoulderRight: -0.09005203, 0.4616386, 2.880282
ElbowRight: 0.1268443, 0.5161307, 2.841132
WristRight: 0.3916335, 0.5473477, 2.802351
HandRight: 0.4666443, 0.5352443, 2.799936
HipLeft: -0.3242082, 0.057104, 2.690463
KneeLeft: -0.2833955, -0.4325192, 2.61135
AnkleLeft: -0.2740932, -0.7566516, 2.518123
FootLeft: -0.2443902, -0.8155809, 2.406371
HipRight: -0.170257, 0.06361734, 2.684439
KneeRight: -0.238401, -0.4029368, 2.620134
AnkleRight: -0.2374241, -0.7701165, 2.518672
FootRight: -0.260126, -0.8136653, 2.398102
=========
HipCenter: -0.2535531, 0.1302786, 2.720757
Spine: -0.2646302, 0.177206, 2.798879
ShoulderCenter: -0.2970388, 0.5579891, 2.908633
Head: -0.274616, 0.734881, 2.911276
ShoulderLeft: -0.430362, 0.4090153, 2.824373
ElbowLeft: -0.4610461, 0.1500417, 2.741115
WristLeft: -0.4429331, -0.06151573, 2.600954
HandLeft: -0.4481575, -0.1209557, 2.565476
ShoulderRight: -0.09034814, 0.4616741, 2.880192
ElbowRight: 0.1290333, 0.5160555, 2.840314
WristRight: 0.3911451, 0.5470091, 2.802161
HandRight: 0.465545, 0.5336961, 2.800783
HipLeft: -0.3244031, 0.05691488, 2.690469
KneeLeft: -0.2837773, -0.43409, 2.611097
AnkleLeft: -0.2740732, -0.7566383, 2.518086
FootLeft: -0.2443829, -0.8155704, 2.406381
HipRight: -0.1705236, 0.06359299, 2.684418
KneeRight: -0.2383997, -0.4029157, 2.620086
AnkleRight: -0.2374119, -0.7701725, 2.518622
FootRight: -0.260075, -0.8136813, 2.398005
=========
HipCenter: -0.253808, 0.1302314, 2.720749
Spine: -0.2650153, 0.1771891, 2.798862
ShoulderCenter: -0.2975465, 0.5579585, 2.908454
Head: -0.2751358, 0.7351157, 2.911791
ShoulderLeft: -0.4307181, 0.408954, 2.824099
ElbowLeft: -0.4611676, 0.1501673, 2.741043
WristLeft: -0.4430686, -0.06148167, 2.601002
HandLeft: -0.4481978, -0.1210688, 2.56532
ShoulderRight: -0.0906457, 0.4617048, 2.880111
ElbowRight: 0.1307663, 0.5158795, 2.839664
WristRight: 0.3906853, 0.5466867, 2.80201
HandRight: 0.4649262, 0.5342033, 2.799982
HipLeft: -0.3245153, 0.05683858, 2.690469
KneeLeft: -0.2840433, -0.4344102, 2.611038
AnkleLeft: -0.2740687, -0.7566205, 2.518049
FootLeft: -0.2443704, -0.8155589, 2.406392
HipRight: -0.1706855, 0.06360593, 2.684415
KneeRight: -0.238399, -0.4028956, 2.620041
AnkleRight: -0.237402, -0.7702233, 2.518576
FootRight: -0.2600063, -0.8137097, 2.39785
=========
HipCenter: -0.2540201, 0.1301911, 2.72074
Spine: -0.2653472, 0.1771818, 2.798842
ShoulderCenter: -0.2980368, 0.5578951, 2.908097
Head: -0.2756365, 0.7353084, 2.912246
ShoulderLeft: -0.4310598, 0.4088919, 2.823845
ElbowLeft: -0.4612808, 0.1502946, 2.74096
WristLeft: -0.4432684, -0.06146532, 2.601053
HandLeft: -0.4482442, -0.1212312, 2.565087
ShoulderRight: -0.09093506, 0.4617322, 2.880042
ElbowRight: 0.1323788, 0.5157598, 2.839141
WristRight: 0.3903031, 0.5463988, 2.801874
HandRight: 0.4633201, 0.5336396, 2.799099
HipLeft: -0.3246036, 0.05677142, 2.690467
KneeLeft: -0.2844306, -0.4348127, 2.610945
AnkleLeft: -0.2740756, -0.756602, 2.518006
FootLeft: -0.2443606, -0.815551, 2.406399
HipRight: -0.1708129, 0.06362054, 2.684414
KneeRight: -0.2384051, -0.4028796, 2.619996
AnkleRight: -0.2373993, -0.7702758, 2.518529
FootRight: -0.2599636, -0.8137339, 2.397703
=========
HipCenter: -0.2541895, 0.1301684, 2.720726
Spine: -0.2656228, 0.1772044, 2.798809
ShoulderCenter: -0.2982957, 0.5578241, 2.907367
Head: -0.2762043, 0.7355483, 2.912611
ShoulderLeft: -0.4314264, 0.4088033, 2.823555
ElbowLeft: -0.4613841, 0.1504073, 2.740892
WristLeft: -0.4434577, -0.06153273, 2.601067
HandLeft: -0.4483003, -0.1213777, 2.564872
ShoulderRight: -0.09123895, 0.4617532, 2.879983
ElbowRight: 0.1337648, 0.5156523, 2.838737
WristRight: 0.3899445, 0.5461257, 2.80177
HandRight: 0.4614561, 0.5325027, 2.798346
HipLeft: -0.324672, 0.05671978, 2.690458
KneeLeft: -0.2848181, -0.4351524, 2.610861
AnkleLeft: -0.2740871, -0.7565852, 2.517966
FootLeft: -0.2443577, -0.8155399, 2.406396
HipRight: -0.1709177, 0.06364138, 2.684419
KneeRight: -0.2384118, -0.4028704, 2.619956
AnkleRight: -0.2373992, -0.7703327, 2.518484
FootRight: -0.2599524, -0.8137413, 2.397595
=========
HipCenter: -0.2544217, 0.1301489, 2.72068
Spine: -0.2659619, 0.177235, 2.798731
ShoulderCenter: -0.2985435, 0.5577175, 2.906552
Head: -0.2766914, 0.7357377, 2.91286
ShoulderLeft: -0.4317823, 0.408688, 2.823256
ElbowLeft: -0.4614789, 0.1505122, 2.740827
WristLeft: -0.44377, -0.06158654, 2.601154
HandLeft: -0.4483786, -0.121547, 2.564713
ShoulderRight: -0.091537, 0.4617815, 2.879935
ElbowRight: 0.1343287, 0.5154888, 2.838439
WristRight: 0.38952, 0.5458285, 2.801684
HandRight: 0.4605376, 0.5319934, 2.797934
HipLeft: -0.324794, 0.05666129, 2.690406
KneeLeft: -0.285202, -0.4354644, 2.610777
AnkleLeft: -0.2741021, -0.75657, 2.517927
FootLeft: -0.2443551, -0.8155299, 2.406392
HipRight: -0.1710847, 0.06366982, 2.684433
KneeRight: -0.2384152, -0.4028624, 2.619915
AnkleRight: -0.2373967, -0.7703878, 2.518437
FootRight: -0.2599434, -0.8137482, 2.397548
=========
HipCenter: -0.2545996, 0.1301073, 2.720635
Spine: -0.2662364, 0.1772402, 2.798651
ShoulderCenter: -0.2987341, 0.5576175, 2.905799
Head: -0.2771936, 0.7358482, 2.9129
ShoulderLeft: -0.4323038, 0.4084684, 2.822819
ElbowLeft: -0.4615711, 0.150613, 2.740767
WristLeft: -0.4440942, -0.06164973, 2.601241
HandLeft: -0.4484496, -0.1217135, 2.564565
ShoulderRight: -0.09185848, 0.4617926, 2.87988
ElbowRight: 0.1347462, 0.5153396, 2.838195
WristRight: 0.3890699, 0.5455233, 2.801607
HandRight: 0.4589052, 0.531602, 2.797105
HipLeft: -0.3248864, 0.05648278, 2.690355
KneeLeft: -0.2856467, -0.4370684, 2.610423
AnkleLeft: -0.2741407, -0.7565459, 2.517889
FootLeft: -0.2443558, -0.8155198, 2.406388
HipRight: -0.1712081, 0.06368764, 2.68444
KneeRight: -0.2384233, -0.4028565, 2.619877
AnkleRight: -0.2373994, -0.7704418, 2.518393
FootRight: -0.2599284, -0.8137549, 2.397527
=========
HipCenter: -0.2547451, 0.1300775, 2.720589
Spine: -0.266467, 0.1772505, 2.798569
ShoulderCenter: -0.2988727, 0.5575246, 2.905118
Head: -0.2776465, 0.7359361, 2.91289
ShoulderLeft: -0.4327925, 0.4082446, 2.822417
ElbowLeft: -0.461654, 0.1507048, 2.740712
WristLeft: -0.4443195, -0.06177234, 2.601293
HandLeft: -0.4485263, -0.1218931, 2.564433
ShoulderRight: -0.09215321, 0.4617921, 2.879839
ElbowRight: 0.1350555, 0.5152006, 2.83799
WristRight: 0.3885362, 0.5451871, 2.801502
HandRight: 0.4570024, 0.5307328, 2.796096
HipLeft: -0.3249661, 0.05633351, 2.6903
KneeLeft: -0.2859558, -0.4374384, 2.610317
AnkleLeft: -0.2741871, -0.7565206, 2.517853
FootLeft: -0.2443527, -0.8155051, 2.406388
HipRight: -0.1712968, 0.06370601, 2.684445
KneeRight: -0.2384338, -0.4028499, 2.619835
AnkleRight: -0.2374042, -0.7704926, 2.518348
FootRight: -0.2599142, -0.8137599, 2.397513
=========
HipCenter: -0.254887, 0.1300434, 2.720541
Spine: -0.2666905, 0.1772571, 2.798484
ShoulderCenter: -0.2990064, 0.5574443, 2.90447
Head: -0.2781216, 0.7360186, 2.912871
ShoulderLeft: -0.4332682, 0.4080158, 2.821995
ElbowLeft: -0.4617352, 0.1507908, 2.740666
WristLeft: -0.4445344, -0.06188862, 2.601338
HandLeft: -0.4486075, -0.1220503, 2.564323
ShoulderRight: -0.092434, 0.4618021, 2.879807
ElbowRight: 0.1363366, 0.5149562, 2.837502
WristRight: 0.3882412, 0.5451138, 2.801369
HandRight: 0.4564354, 0.5299408, 2.795963
HipLeft: -0.32505, 0.05616782, 2.690241
KneeLeft: -0.2861938, -0.4382716, 2.610161
AnkleLeft: -0.2742366, -0.7564951, 2.517819
FootLeft: -0.2443491, -0.8154901, 2.406385
HipRight: -0.1713968, 0.06372179, 2.68446
KneeRight: -0.2384498, -0.4028438, 2.619787
AnkleRight: -0.2374133, -0.7705436, 2.518299
FootRight: -0.2599069, -0.8137615, 2.397504
=========
HipCenter: -0.2550712, 0.1299662, 2.720487
Spine: -0.2669845, 0.1772036, 2.79839
ShoulderCenter: -0.2995158, 0.5573741, 2.904129
Head: -0.2786679, 0.7361996, 2.912976
ShoulderLeft: -0.4336969, 0.4077959, 2.821524
ElbowLeft: -0.4618152, 0.150876, 2.740617
WristLeft: -0.4447277, -0.06203183, 2.601383
HandLeft: -0.448692, -0.1222029, 2.564226
ShoulderRight: -0.09271772, 0.4618214, 2.879779
ElbowRight: 0.1373395, 0.5147848, 2.83709
WristRight: 0.3879125, 0.5450299, 2.801253
HandRight: 0.4557954, 0.5289779, 2.795989
HipLeft: -0.3251579, 0.05594037, 2.690176
KneeLeft: -0.2863987, -0.4396188, 2.609936
AnkleLeft: -0.2743212, -0.7564545, 2.517767
FootLeft: -0.2443465, -0.8154762, 2.406381
HipRight: -0.1715145, 0.06373102, 2.684479
KneeRight: -0.2384663, -0.4028381, 2.619738
AnkleRight: -0.2374231, -0.7705926, 2.51825
FootRight: -0.2599015, -0.8137624, 2.3975
=========
HipCenter: -0.255204, 0.1299283, 2.720431
Spine: -0.2672297, 0.177183, 2.798288
ShoulderCenter: -0.2999189, 0.5573403, 2.90385
Head: -0.2790658, 0.7363605, 2.913021
ShoulderLeft: -0.4340822, 0.4075771, 2.820923
ElbowLeft: -0.4619072, 0.1509605, 2.740556
WristLeft: -0.4448999, -0.06214954, 2.601427
HandLeft: -0.448788, -0.1223433, 2.564149
ShoulderRight: -0.09300552, 0.461849, 2.879749
ElbowRight: 0.1325927, 0.5144981, 2.836426
WristRight: 0.3876263, 0.54494, 2.801132
HandRight: 0.455305, 0.5281425, 2.796064
HipLeft: -0.3252164, 0.05584515, 2.690082
KneeLeft: -0.286534, -0.4399147, 2.609879
AnkleLeft: -0.2744183, -0.7564104, 2.517717
FootLeft: -0.2443719, -0.8154486, 2.40637
HipRight: -0.1716017, 0.06375042, 2.684502
KneeRight: -0.2385042, -0.4028361, 2.619669
AnkleRight: -0.237447, -0.7706481, 2.518191
FootRight: -0.2598984, -0.813763, 2.3975
=========
HipCenter: -0.2554798, 0.1299093, 2.72034
Spine: -0.2676443, 0.1771868, 2.798139
ShoulderCenter: -0.3004054, 0.5573186, 2.90358
Head: -0.2794471, 0.7365553, 2.913104
ShoulderLeft: -0.4344144, 0.407382, 2.820389
ElbowLeft: -0.4620152, 0.1510516, 2.740493
WristLeft: -0.4451588, -0.06223324, 2.601539
HandLeft: -0.4488784, -0.1225348, 2.56406
ShoulderRight: -0.09331781, 0.4618805, 2.879728
ElbowRight: 0.1321737, 0.5144745, 2.836198
WristRight: 0.3873763, 0.5448352, 2.801004
HandRight: 0.4547288, 0.527247, 2.7962
HipLeft: -0.325382, 0.0557905, 2.689952
KneeLeft: -0.2867234, -0.4400893, 2.609839
AnkleLeft: -0.2745038, -0.7563717, 2.517674
FootLeft: -0.2443874, -0.8154297, 2.406366
HipRight: -0.1718443, 0.06380364, 2.684542
KneeRight: -0.238546, -0.4028343, 2.619598
AnkleRight: -0.2374736, -0.7707022, 2.51813
FootRight: -0.2598854, -0.8137692, 2.39752
=========
HipCenter: -0.2557701, 0.1299084, 2.720235
Spine: -0.2680495, 0.177204, 2.797982
ShoulderCenter: -0.3007844, 0.5572619, 2.903307
Head: -0.279776, 0.7367353, 2.913171
ShoulderLeft: -0.4346951, 0.4072084, 2.819894
ElbowLeft: -0.4621306, 0.1511274, 2.740388
WristLeft: -0.4453985, -0.06230931, 2.601641
HandLeft: -0.4489616, -0.1226814, 2.563962
ShoulderRight: -0.09378511, 0.4619651, 2.879696
ElbowRight: 0.1319387, 0.5144771, 2.836018
WristRight: 0.3871717, 0.5447398, 2.8009
HandRight: 0.4542233, 0.5265699, 2.79632
HipLeft: -0.3255865, 0.05578813, 2.6898
KneeLeft: -0.2869447, -0.4399699, 2.609838
AnkleLeft: -0.2745856, -0.7563394, 2.51763
FootLeft: -0.2443989, -0.8154111, 2.406364
HipRight: -0.1721174, 0.06387367, 2.684577
KneeRight: -0.2385893, -0.402828, 2.619523
AnkleRight: -0.2375008, -0.7707512, 2.518069
FootRight: -0.2598821, -0.8137717, 2.397526
=========
HipCenter: -0.2560382, 0.1299129, 2.720135
Spine: -0.2684097, 0.177216, 2.797836
ShoulderCenter: -0.3014246, 0.5572842, 2.903171
Head: -0.2800655, 0.7368932, 2.913209
ShoulderLeft: -0.4349405, 0.4070594, 2.81944
ElbowLeft: -0.4654466, 0.1587706, 2.743939
WristLeft: -0.4457244, -0.06232203, 2.601784
HandLeft: -0.4490667, -0.1228518, 2.563895
ShoulderRight: -0.09447324, 0.4622639, 2.879667
ElbowRight: 0.1272168, 0.5142138, 2.836837
WristRight: 0.386949, 0.5446192, 2.800747
HandRight: 0.4537758, 0.5260665, 2.796438
HipLeft: -0.3257519, 0.05578819, 2.689679
KneeLeft: -0.2871898, -0.439862, 2.609824
AnkleLeft: -0.2746678, -0.7563096, 2.517587
FootLeft: -0.2444098, -0.8153927, 2.406363
HipRight: -0.1723447, 0.0639644, 2.68459
KneeRight: -0.2386377, -0.4028152, 2.619444
AnkleRight: -0.2375302, -0.7707936, 2.518009
FootRight: -0.2598796, -0.8137732, 2.397527
=========
HipCenter: -0.2562701, 0.1299239, 2.720049
Spine: -0.2687258, 0.1772298, 2.79771
ShoulderCenter: -0.3023574, 0.5574415, 2.903236
Head: -0.2803612, 0.7370605, 2.913249
ShoulderLeft: -0.4351539, 0.4069395, 2.819038
ElbowLeft: -0.4661416, 0.1599324, 2.744241
WristLeft: -0.4460194, -0.06238009, 2.60193
HandLeft: -0.4490886, -0.1230874, 2.563776
ShoulderRight: -0.0951447, 0.4626182, 2.879653
ElbowRight: 0.1262946, 0.5140012, 2.836792
WristRight: 0.3866901, 0.5444611, 2.800501
HandRight: 0.4534618, 0.5256979, 2.796531
HipLeft: -0.3258947, 0.05579647, 2.689566
KneeLeft: -0.287456, -0.4397377, 2.609814
AnkleLeft: -0.2747261, -0.7562863, 2.517562
FootLeft: -0.244477, -0.815295, 2.40652
HipRight: -0.1725094, 0.06405771, 2.684615
KneeRight: -0.2387038, -0.4027984, 2.619357
AnkleRight: -0.2375696, -0.7708344, 2.517944
FootRight: -0.2598818, -0.8137718, 2.397536
=========
HipCenter: -0.2564825, 0.1299381, 2.719962
Spine: -0.2690079, 0.1772428, 2.797591
ShoulderCenter: -0.3041535, 0.5578629, 2.903603
Head: -0.2806313, 0.7372239, 2.913269
ShoulderLeft: -0.4354426, 0.4069918, 2.818791
ElbowLeft: -0.4667087, 0.1607437, 2.744398
WristLeft: -0.4463018, -0.06242394, 2.602068
HandLeft: -0.449151, -0.1234112, 2.563597
ShoulderRight: -0.09591237, 0.4629982, 2.879608
ElbowRight: 0.1256424, 0.5138431, 2.836768
WristRight: 0.3863461, 0.5442734, 2.80026
HandRight: 0.4532215, 0.5254407, 2.796629
HipLeft: -0.3260517, 0.05584362, 2.689389
KneeLeft: -0.287787, -0.4392671, 2.609876
AnkleLeft: -0.2747855, -0.7562641, 2.51754
FootLeft: -0.2445442, -0.8151998, 2.406643
HipRight: -0.1726344, 0.06413656, 2.684638
KneeRight: -0.2387711, -0.4027807, 2.61927
AnkleRight: -0.2376102, -0.7708728, 2.517881
FootRight: -0.2598867, -0.8137697, 2.397542
=========
HipCenter: -0.2567027, 0.1299822, 2.719877
Spine: -0.2693182, 0.1772912, 2.797479
ShoulderCenter: -0.3065273, 0.558383, 2.90415
Head: -0.2808851, 0.7373811, 2.913282
ShoulderLeft: -0.4359774, 0.4072427, 2.818639
ElbowLeft: -0.4671407, 0.1611933, 2.744271
WristLeft: -0.4466007, -0.06247134, 2.602196
HandLeft: -0.44927, -0.1237415, 2.563571
ShoulderRight: -0.09668585, 0.4633353, 2.879526
ElbowRight: 0.1251764, 0.5137051, 2.836733
WristRight: 0.3859943, 0.5442718, 2.799944
HandRight: 0.4530152, 0.5252761, 2.796697
HipLeft: -0.3262275, 0.05593967, 2.689193
KneeLeft: -0.2881601, -0.4385967, 2.609974
AnkleLeft: -0.2748671, -0.7562372, 2.517526
FootLeft: -0.2446262, -0.8151023, 2.40675
HipRight: -0.172742, 0.06422569, 2.684661
KneeRight: -0.238838, -0.4027623, 2.619185
AnkleRight: -0.2376512, -0.7709084, 2.517818
FootRight: -0.2598962, -0.8137634, 2.397558
=========
HipCenter: -0.257208, 0.1301207, 2.719776
Spine: -0.2698328, 0.1774073, 2.797379
ShoulderCenter: -0.308527, 0.5587962, 2.904645
Head: -0.2814882, 0.7373645, 2.912921
ShoulderLeft: -0.4372181, 0.4077231, 2.818909
ElbowLeft: -0.467432, 0.1611682, 2.743602
WristLeft: -0.4468872, -0.0625387, 2.602287
HandLeft: -0.4493576, -0.1242022, 2.563465
ShoulderRight: -0.09745645, 0.4637331, 2.879431
ElbowRight: 0.1250065, 0.5136284, 2.83674
WristRight: 0.3856851, 0.5442719, 2.799647
HandRight: 0.4531817, 0.5252962, 2.79684
HipLeft: -0.3267335, 0.05610692, 2.688909
KneeLeft: -0.2885323, -0.4381803, 2.610014
AnkleLeft: -0.2749446, -0.7562166, 2.517514
FootLeft: -0.2446914, -0.8150175, 2.406833
HipRight: -0.1729909, 0.06437691, 2.684688
KneeRight: -0.2389039, -0.4027395, 2.619103
AnkleRight: -0.2376916, -0.770939, 2.517758
FootRight: -0.2599058, -0.8137559, 2.397571
=========
HipCenter: -0.2574183, 0.1301689, 2.719728
Spine: -0.2701843, 0.1774798, 2.797318
ShoulderCenter: -0.3101268, 0.5591412, 2.905053
Head: -0.2819851, 0.7373586, 2.912645
ShoulderLeft: -0.4377961, 0.4079826, 2.818902
ElbowLeft: -0.4676275, 0.1609528, 2.74288
WristLeft: -0.4470924, -0.06260511, 2.60234
HandLeft: -0.449447, -0.1246984, 2.56305
ShoulderRight: -0.09811576, 0.464094, 2.879355
ElbowRight: 0.1249722, 0.5135809, 2.836752
WristRight: 0.3854254, 0.5442744, 2.799414
HandRight: 0.4535189, 0.5254148, 2.797018
HipLeft: -0.3268439, 0.05614167, 2.688768
KneeLeft: -0.2885411, -0.4383573, 2.609959
AnkleLeft: -0.2750194, -0.7561992, 2.517504
FootLeft: -0.2447466, -0.8149391, 2.406905
HipRight: -0.1730852, 0.06448863, 2.684758
KneeRight: -0.2389678, -0.402712, 2.619017
AnkleRight: -0.2377311, -0.7709653, 2.517697
FootRight: -0.2599148, -0.8137482, 2.397584
=========
HipCenter: -0.257666, 0.1302552, 2.719671
Spine: -0.2705222, 0.1775887, 2.797254
ShoulderCenter: -0.311118, 0.5592747, 2.90505
Head: -0.2824895, 0.7373598, 2.912319
ShoulderLeft: -0.438712, 0.4082594, 2.8191
ElbowLeft: -0.4677553, 0.1606116, 2.742121
WristLeft: -0.4473507, -0.06268262, 2.60235
HandLeft: -0.4495303, -0.1251044, 2.562675
ShoulderRight: -0.09871247, 0.4644817, 2.879295
ElbowRight: 0.1250804, 0.5135608, 2.836734
WristRight: 0.3850723, 0.5442477, 2.799153
HandRight: 0.4534507, 0.5253473, 2.797062
HipLeft: -0.3270972, 0.05626087, 2.688475
KneeLeft: -0.2886116, -0.4382645, 2.609956
AnkleLeft: -0.2751181, -0.7561783, 2.517486
FootLeft: -0.2448079, -0.8148611, 2.406872
HipRight: -0.1731719, 0.06458966, 2.684836
KneeRight: -0.2390349, -0.4026773, 2.618934
AnkleRight: -0.2377719, -0.7709857, 2.517638
FootRight: -0.2600073, -0.8137292, 2.397548
=========
HipCenter: -0.2579799, 0.1303937, 2.719635
Spine: -0.2708834, 0.1777311, 2.797211
ShoulderCenter: -0.3118745, 0.5593626, 2.905014
Head: -0.2831888, 0.737254, 2.91167
ShoulderLeft: -0.4396878, 0.4085095, 2.819362
ElbowLeft: -0.467914, 0.160662, 2.741903
WristLeft: -0.4476143, -0.0627615, 2.602353
HandLeft: -0.4496052, -0.1254841, 2.562311
ShoulderRight: -0.09930101, 0.4650249, 2.879298
ElbowRight: 0.1252433, 0.5135708, 2.836704
WristRight: 0.3846886, 0.5442019, 2.798919
HandRight: 0.4534718, 0.5253268, 2.797115
HipLeft: -0.3274209, 0.05640297, 2.688194
KneeLeft: -0.2886774, -0.4381973, 2.609952
AnkleLeft: -0.2752175, -0.7561594, 2.517464
FootLeft: -0.2448733, -0.8147901, 2.406797
HipRight: -0.1732837, 0.06471001, 2.684939
KneeRight: -0.2391042, -0.4026442, 2.618857
AnkleRight: -0.2378152, -0.7710051, 2.517581
FootRight: -0.2605716, -0.8138228, 2.396489
=========
HipCenter: -0.2582949, 0.1304668, 2.719599
Spine: -0.2712456, 0.1778195, 2.797162
ShoulderCenter: -0.3126219, 0.5593265, 2.904746
Head: -0.2841098, 0.737074, 2.91108
ShoulderLeft: -0.4405209, 0.4086719, 2.819573
ElbowLeft: -0.4680587, 0.1606601, 2.741687
WristLeft: -0.447869, -0.06284227, 2.602346
HandLeft: -0.4496748, -0.1258452, 2.56197
ShoulderRight: -0.09995166, 0.4656326, 2.879287
ElbowRight: 0.125412, 0.5135865, 2.836678
WristRight: 0.3843523, 0.5441584, 2.79872
HandRight: 0.4547428, 0.5287642, 2.796192
HipLeft: -0.3277566, 0.05642761, 2.687807
KneeLeft: -0.2888239, -0.4393436, 2.609736
AnkleLeft: -0.2753353, -0.7561431, 2.517434
FootLeft: -0.2449363, -0.8147243, 2.406711
HipRight: -0.1735026, 0.0647291, 2.685231
KneeRight: -0.2391631, -0.4026094, 2.618787
AnkleRight: -0.2378528, -0.7710201, 2.517529
FootRight: -0.2608961, -0.8138879, 2.395863
=========
HipCenter: -0.2586319, 0.1305233, 2.719543
Spine: -0.2716548, 0.1778919, 2.797084
ShoulderCenter: -0.3132496, 0.5592258, 2.904376
Head: -0.2850628, 0.7368408, 2.910481
ShoulderLeft: -0.4412235, 0.4086388, 2.819527
ElbowLeft: -0.4682087, 0.160616, 2.741467
WristLeft: -0.4481159, -0.06293127, 2.602326
HandLeft: -0.4497214, -0.1262023, 2.56161
ShoulderRight: -0.1005423, 0.4661536, 2.879279
ElbowRight: 0.1256991, 0.5136504, 2.836662
WristRight: 0.3840656, 0.5441157, 2.798546
HandRight: 0.4549596, 0.5305153, 2.7957
HipLeft: -0.3281215, 0.05643627, 2.687411
KneeLeft: -0.2889246, -0.4394607, 2.609699
AnkleLeft: -0.2754613, -0.7561301, 2.517397
FootLeft: -0.2449939, -0.8146785, 2.406665
HipRight: -0.1737341, 0.06472237, 2.685488
KneeRight: -0.239241, -0.4025813, 2.618713
AnkleRight: -0.2379039, -0.7710403, 2.517472
FootRight: -0.2610908, -0.8139681, 2.395401
=========
HipCenter: -0.2589831, 0.1305487, 2.719473
Spine: -0.2720602, 0.1779297, 2.79699
ShoulderCenter: -0.3137502, 0.5590664, 2.903975
Head: -0.2863665, 0.7363179, 2.909408
ShoulderLeft: -0.4418874, 0.4084765, 2.819411
ElbowLeft: -0.4683421, 0.160544, 2.741256
WristLeft: -0.4483906, -0.06300078, 2.602313
HandLeft: -0.4497845, -0.1264433, 2.561375
ShoulderRight: -0.1011518, 0.4666894, 2.879285
ElbowRight: 0.1261044, 0.513774, 2.836625
WristRight: 0.3838237, 0.5440651, 2.798366
HandRight: 0.4550857, 0.531998, 2.795198
HipLeft: -0.3285838, 0.05641421, 2.686906
KneeLeft: -0.2891352, -0.4393748, 2.609705
AnkleLeft: -0.2756531, -0.7560579, 2.517386
FootLeft: -0.2450379, -0.8146287, 2.406662
HipRight: -0.1739874, 0.06464809, 2.685758
KneeRight: -0.2393163, -0.4025529, 2.618644
AnkleRight: -0.2379544, -0.7710581, 2.517417
FootRight: -0.261253, -0.814028, 2.395051
=========
HipCenter: -0.2593463, 0.1305567, 2.719369
Spine: -0.2724688, 0.1779531, 2.796858
ShoulderCenter: -0.3141196, 0.5588558, 2.903428
Head: -0.2874599, 0.7358581, 2.908491
ShoulderLeft: -0.4424777, 0.4081907, 2.819198
ElbowLeft: -0.4685115, 0.1602267, 2.740829
WristLeft: -0.4486791, -0.06307166, 2.602261
HandLeft: -0.4498446, -0.1266571, 2.561156
ShoulderRight: -0.1016836, 0.467166, 2.879298
ElbowRight: 0.1266009, 0.5139558, 2.836593
WristRight: 0.3836088, 0.5440149, 2.798192
HandRight: 0.4551682, 0.5332429, 2.794717
HipLeft: -0.3291195, 0.05638025, 2.686324
KneeLeft: -0.2894314, -0.4390593, 2.609737
AnkleLeft: -0.275839, -0.7559854, 2.517376
FootLeft: -0.2450669, -0.8145885, 2.406664
HipRight: -0.1742326, 0.06455202, 2.685993
KneeRight: -0.2393856, -0.4025199, 2.618578
AnkleRight: -0.2380013, -0.771071, 2.517365
FootRight: -0.2613356, -0.8140593, 2.394854
=========
HipCenter: -0.2596517, 0.1304412, 2.719263
Spine: -0.2728241, 0.1778927, 2.796726
ShoulderCenter: -0.3144011, 0.55865, 2.902892
Head: -0.2885607, 0.7354665, 2.907518
ShoulderLeft: -0.4430393, 0.4077553, 2.818815
ElbowLeft: -0.4686583, 0.1598919, 2.740417
WristLeft: -0.4489465, -0.06313909, 2.602196
HandLeft: -0.4498621, -0.1268775, 2.560893
ShoulderRight: -0.1023867, 0.4678014, 2.87935
ElbowRight: 0.1271834, 0.5141776, 2.836554
WristRight: 0.3834118, 0.543964, 2.798009
HandRight: 0.4552098, 0.5342573, 2.794159
HipLeft: -0.3294874, 0.05599332, 2.68556
KneeLeft: -0.2895359, -0.4402044, 2.609423
AnkleLeft: -0.2760259, -0.7559156, 2.517368
FootLeft: -0.2450818, -0.8145652, 2.406649
HipRight: -0.174519, 0.06424502, 2.686419
KneeRight: -0.2394498, -0.4024886, 2.618517
AnkleRight: -0.2380461, -0.7710825, 2.517315
FootRight: -0.2613973, -0.8140823, 2.394721
=========
HipCenter: -0.2601152, 0.1302964, 2.719122
Spine: -0.2733851, 0.1778088, 2.796549
ShoulderCenter: -0.3153187, 0.5584874, 2.902324
Head: -0.2896402, 0.735075, 2.906467
ShoulderLeft: -0.4436623, 0.4074029, 2.818595
ElbowLeft: -0.4689122, 0.1593967, 2.739897
WristLeft: -0.4492028, -0.0632074, 2.602129
HandLeft: -0.4498777, -0.1270779, 2.560688
ShoulderRight: -0.1030422, 0.4683402, 2.879362
ElbowRight: 0.1277515, 0.5143998, 2.836498
WristRight: 0.3827169, 0.5438643, 2.797629
HandRight: 0.4564739, 0.5375912, 2.791864
HipLeft: -0.3300412, 0.05570158, 2.684904
KneeLeft: -0.2898326, -0.4400541, 2.609504
AnkleLeft: -0.2762036, -0.7558509, 2.51736
FootLeft: -0.2450935, -0.8145462, 2.406636
HipRight: -0.1748333, 0.06395092, 2.68676
KneeRight: -0.2395079, -0.4024676, 2.618453
AnkleRight: -0.23809, -0.7710993, 2.517261
FootRight: -0.2614419, -0.8141001, 2.394638
=========
HipCenter: -0.2606367, 0.1301645, 2.718975
Spine: -0.2739987, 0.1777291, 2.796378
ShoulderCenter: -0.316233, 0.5583766, 2.901946
Head: -0.290878, 0.7346349, 2.90534
ShoulderLeft: -0.4443707, 0.4069963, 2.818279
ElbowLeft: -0.4691454, 0.1589519, 2.739502
WristLeft: -0.4494394, -0.0632642, 2.602091
HandLeft: -0.4499068, -0.1272267, 2.560574
ShoulderRight: -0.1039145, 0.4687839, 2.879235
ElbowRight: 0.1283006, 0.5146215, 2.836442
WristRight: 0.3822699, 0.5440941, 2.79705
HandRight: 0.457955, 0.5407885, 2.789588
HipLeft: -0.330597, 0.0555011, 2.684403
KneeLeft: -0.290278, -0.4395675, 2.609681
AnkleLeft: -0.2763674, -0.7557908, 2.517353
FootLeft: -0.2451025, -0.8145306, 2.406622
HipRight: -0.1751874, 0.06374231, 2.686983
KneeRight: -0.2395668, -0.4024525, 2.618383
AnkleRight: -0.238136, -0.77112, 2.5172
FootRight: -0.26148, -0.8141139, 2.394584
