=========
HipCenter: -0.2980678, 0.1382083, 2.658285
Spine: -0.3152709, 0.1876368, 2.733437
ShoulderCenter: -0.3425467, 0.5700933, 2.833585
Head: -0.3032683, 0.7464115, 2.841495
ShoulderLeft: -0.4586678, 0.4343694, 2.748058
ElbowLeft: -0.5014414, 0.1596126, 2.65831
WristLeft: -0.5055659, -0.03993624, 2.557582
HandLeft: -0.506636, -0.1314606, 2.531708
ShoulderRight: -0.133856, 0.4588804, 2.824316
ElbowRight: 0.08631385, 0.4631657, 2.813849
WristRight: 0.2588455, 0.6481641, 2.797647
HandRight: 0.2895946, 0.7254516, 2.8146
HipLeft: -0.3642248, 0.06544581, 2.62004
KneeLeft: -0.2738256, -0.4188521, 2.49915
AnkleLeft: -0.2983197, -0.7425051, 2.435943
FootLeft: -0.2818948, -0.7895553, 2.345355
HipRight: -0.2180595, 0.07647578, 2.637333
KneeRight: -0.2793944, -0.4617009, 2.496813
AnkleRight: -0.2705654, -0.7344697, 2.430687
FootRight: -0.2708147, -0.78756, 2.328922
=========
HipCenter: -0.2979412, 0.1402766, 2.657635
Spine: -0.3150359, 0.1892342, 2.732682
ShoulderCenter: -0.3418486, 0.5704355, 2.832582
Head: -0.303719, 0.7474613, 2.837595
ShoulderLeft: -0.458516, 0.4342578, 2.74694
ElbowLeft: -0.5032784, 0.1713678, 2.662112
WristLeft: -0.5053174, -0.04009698, 2.556945
HandLeft: -0.5061409, -0.1309143, 2.531374
ShoulderRight: -0.1337327, 0.4589332, 2.823422
ElbowRight: 0.085893, 0.4639725, 2.812459
WristRight: 0.2591117, 0.6479814, 2.795656
HandRight: 0.2898007, 0.7233303, 2.811545
HipLeft: -0.3642198, 0.06744094, 2.619807
KneeLeft: -0.2736003, -0.4184644, 2.497976
AnkleLeft: -0.2980351, -0.7420459, 2.43551
FootLeft: -0.2816949, -0.7892796, 2.344549
HipRight: -0.2180538, 0.0787778, 2.636258
KneeRight: -0.2799957, -0.4619947, 2.495476
AnkleRight: -0.2703342, -0.7343227, 2.430163
FootRight: -0.2712899, -0.7876054, 2.3274
=========
HipCenter: -0.2978693, 0.1407145, 2.657431
Spine: -0.3149442, 0.1895872, 2.732465
ShoulderCenter: -0.3416957, 0.5705651, 2.832358
Head: -0.3041014, 0.7478328, 2.835867
ShoulderLeft: -0.4584724, 0.434237, 2.746659
ElbowLeft: -0.5036, 0.1737329, 2.662781
WristLeft: -0.5052768, -0.0401207, 2.556842
HandLeft: -0.5060354, -0.1307901, 2.53129
ShoulderRight: -0.1337544, 0.459021, 2.823165
ElbowRight: 0.08706539, 0.4645698, 2.81065
WristRight: 0.2603326, 0.6489971, 2.794841
HandRight: 0.2898163, 0.7231342, 2.810966
HipLeft: -0.3641649, 0.06784707, 2.619707
KneeLeft: -0.2735233, -0.418287, 2.497583
AnkleLeft: -0.2979785, -0.7417103, 2.435281
FootLeft: -0.2814043, -0.7890006, 2.344003
HipRight: -0.2179988, 0.07935873, 2.635901
KneeRight: -0.2710041, -0.5058623, 2.490735
AnkleRight: -0.269032, -0.7552506, 2.425416
FootRight: -0.2716188, -0.78761, 2.326917
=========
HipCenter: -0.297541, 0.1415568, 2.656871
Spine: -0.314723, 0.1902776, 2.731938
ShoulderCenter: -0.3416279, 0.5709453, 2.831993
Head: -0.3047737, 0.7486762, 2.832546
ShoulderLeft: -0.4582465, 0.4344087, 2.745668
ElbowLeft: -0.5037853, 0.1755183, 2.663137
WristLeft: -0.5035459, -0.04170239, 2.554018
HandLeft: -0.5054269, -0.1304275, 2.530676
ShoulderRight: -0.1337925, 0.4593424, 2.822682
ElbowRight: 0.08872371, 0.4653426, 2.807661
WristRight: 0.2608922, 0.6495914, 2.791476
HandRight: 0.289657, 0.7235768, 2.809636
HipLeft: -0.3634867, 0.06899463, 2.61867
KneeLeft: -0.2732956, -0.4179806, 2.496928
AnkleLeft: -0.2970826, -0.7395557, 2.432839
FootLeft: -0.2793165, -0.7870314, 2.338712
HipRight: -0.2176916, 0.08032484, 2.635396
KneeRight: -0.2526386, -0.4044453, 2.494338
AnkleRight: -0.266705, -0.7366216, 2.425615
FootRight: -0.2720825, -0.7873048, 2.326387
=========
HipCenter: -0.2969416, 0.1423414, 2.655361
Spine: -0.3142386, 0.190991, 2.730612
ShoulderCenter: -0.3415686, 0.5715667, 2.831341
Head: -0.3054222, 0.7499167, 2.827199
ShoulderLeft: -0.4580881, 0.4346094, 2.744314
ElbowLeft: -0.5038078, 0.1772494, 2.663139
WristLeft: -0.50128, -0.04357513, 2.550609
HandLeft: -0.5040573, -0.1296436, 2.529069
ShoulderRight: -0.1338116, 0.460133, 2.821419
ElbowRight: 0.08991567, 0.4661154, 2.804958
WristRight: 0.2613952, 0.6499329, 2.787601
HandRight: 0.2890715, 0.7248424, 2.805724
HipLeft: -0.3623551, 0.06974886, 2.61534
KneeLeft: -0.273014, -0.4174622, 2.495847
AnkleLeft: -0.2952996, -0.7344571, 2.425644
FootLeft: -0.274736, -0.7830731, 2.325092
HipRight: -0.217181, 0.08115692, 2.634461
KneeRight: -0.2612402, -0.4300124, 2.485861
AnkleRight: -0.265618, -0.7329744, 2.424189
FootRight: -0.2735991, -0.7859384, 2.321325
=========
HipCenter: -0.2957356, 0.1421719, 2.651158
Spine: -0.3132894, 0.1911224, 2.727158
ShoulderCenter: -0.3411201, 0.5725672, 2.830096
Head: -0.3059208, 0.7509429, 2.822811
ShoulderLeft: -0.4573142, 0.4350405, 2.740877
ElbowLeft: -0.5030278, 0.1797785, 2.661131
WristLeft: -0.4944616, -0.04734781, 2.539956
HandLeft: -0.4951779, -0.1217099, 2.509893
ShoulderRight: -0.1335582, 0.4613145, 2.819543
ElbowRight: 0.09078747, 0.4669188, 2.801675
WristRight: 0.261694, 0.6501372, 2.78172
HandRight: 0.2882596, 0.7270244, 2.798873
HipLeft: -0.3608949, 0.06918015, 2.609551
KneeLeft: -0.272798, -0.4169639, 2.494557
AnkleLeft: -0.2942038, -0.7297518, 2.418559
FootLeft: -0.2713272, -0.7803956, 2.315167
HipRight: -0.2161949, 0.08131479, 2.631291
KneeRight: -0.2674137, -0.4340885, 2.480862
AnkleRight: -0.2647436, -0.7298054, 2.422525
FootRight: -0.2752856, -0.7845311, 2.315624
=========
HipCenter: -0.2943658, 0.1420393, 2.646083
Spine: -0.3120662, 0.1912692, 2.722591
ShoulderCenter: -0.340331, 0.5738642, 2.828039
Head: -0.3063004, 0.7517033, 2.819717
ShoulderLeft: -0.4562144, 0.4354031, 2.736501
ElbowLeft: -0.5004831, 0.1820083, 2.65448
WristLeft: -0.4879274, -0.04992811, 2.529326
HandLeft: -0.489288, -0.1171364, 2.496929
ShoulderRight: -0.1331592, 0.4629522, 2.816766
ElbowRight: 0.09871591, 0.4754823, 2.791445
WristRight: 0.2614731, 0.6505215, 2.775031
HandRight: 0.2871069, 0.7297823, 2.788798
HipLeft: -0.3593883, 0.06866043, 2.603412
KneeLeft: -0.272722, -0.4164721, 2.493148
AnkleLeft: -0.2935633, -0.7267427, 2.413874
FootLeft: -0.269212, -0.7788249, 2.309038
HipRight: -0.2150435, 0.08161014, 2.627064
KneeRight: -0.2723925, -0.4389392, 2.477741
AnkleRight: -0.2643672, -0.7273172, 2.421003
FootRight: -0.2771373, -0.7833616, 2.310518
=========
HipCenter: -0.2930963, 0.1422347, 2.640801
Spine: -0.3108718, 0.1916158, 2.717869
ShoulderCenter: -0.3397059, 0.5753064, 2.826023
Head: -0.3066124, 0.75227, 2.817424
ShoulderLeft: -0.4556341, 0.4356585, 2.732544
ElbowLeft: -0.4979077, 0.1836427, 2.647013
WristLeft: -0.4835917, -0.05149574, 2.521453
HandLeft: -0.4863751, -0.1149921, 2.490051
ShoulderRight: -0.1326137, 0.4646648, 2.813335
ElbowRight: 0.103985, 0.4809963, 2.784814
WristRight: 0.2612689, 0.6508386, 2.769889
HandRight: 0.2864025, 0.7317247, 2.782184
HipLeft: -0.3582163, 0.06843031, 2.597809
KneeLeft: -0.2726946, -0.4160481, 2.491953
AnkleLeft: -0.2932465, -0.724771, 2.410698
FootLeft: -0.2678421, -0.7778688, 2.305205
HipRight: -0.2134423, 0.08228369, 2.621049
KneeRight: -0.276009, -0.4433184, 2.476013
AnkleRight: -0.2640569, -0.7255229, 2.419844
FootRight: -0.2784619, -0.7825447, 2.306942
=========
HipCenter: -0.2915367, 0.1431987, 2.634671
Spine: -0.3094226, 0.1925401, 2.712077
ShoulderCenter: -0.338959, 0.5770357, 2.822981
Head: -0.3066095, 0.7530954, 2.814837
ShoulderLeft: -0.4554781, 0.4358679, 2.728423
ElbowLeft: -0.4942046, 0.1844806, 2.634665
WristLeft: -0.4798275, -0.05360094, 2.511279
HandLeft: -0.4843117, -0.1144901, 2.483139
ShoulderRight: -0.1320271, 0.4662748, 2.810262
ElbowRight: 0.1053574, 0.4827612, 2.780928
WristRight: 0.2608612, 0.6509905, 2.765695
HandRight: 0.2858921, 0.7331959, 2.776994
HipLeft: -0.3563507, 0.06896679, 2.587348
KneeLeft: -0.2727147, -0.415696, 2.490956
AnkleLeft: -0.2930917, -0.7234316, 2.408534
FootLeft: -0.2669431, -0.7772393, 2.302706
HipRight: -0.211783, 0.08316478, 2.615946
KneeRight: -0.2784632, -0.4469572, 2.475246
AnkleRight: -0.2638392, -0.7242079, 2.418984
FootRight: -0.2793588, -0.7819813, 2.304519
=========
HipCenter: -0.2899884, 0.1444734, 2.62857
Spine: -0.3079774, 0.1936652, 2.70625
ShoulderCenter: -0.3383201, 0.5787911, 2.819676
Head: -0.3066368, 0.7538067, 2.812913
ShoulderLeft: -0.4555411, 0.4360816, 2.724174
ElbowLeft: -0.4920626, 0.1856202, 2.626545
WristLeft: -0.4779055, -0.05473031, 2.504386
HandLeft: -0.4832506, -0.114238, 2.478264
ShoulderRight: -0.1315951, 0.4679285, 2.806723
ElbowRight: 0.1057817, 0.483621, 2.778052
WristRight: 0.2604278, 0.6509909, 2.762286
HandRight: 0.2855606, 0.7342297, 2.773542
HipLeft: -0.3547818, 0.0711211, 2.579191
KneeLeft: -0.2727568, -0.4154085, 2.49016
AnkleLeft: -0.293027, -0.7224908, 2.407015
FootLeft: -0.2663157, -0.776789, 2.300975
HipRight: -0.209702, 0.08347183, 2.609636
KneeRight: -0.2801199, -0.4498524, 2.475069
AnkleRight: -0.2637027, -0.7232379, 2.418324
FootRight: -0.2812403, -0.781471, 2.300812
=========
HipCenter: -0.2886588, 0.1462783, 2.623285
Spine: -0.3067251, 0.1952132, 2.701074
ShoulderCenter: -0.33786, 0.5805581, 2.815501
Head: -0.3070876, 0.7547667, 2.811101
ShoulderLeft: -0.4559468, 0.4363808, 2.719483
ElbowLeft: -0.4902711, 0.1849763, 2.616293
WristLeft: -0.483069, -0.02548718, 2.493551
HandLeft: -0.483244, -0.1081031, 2.470759
ShoulderRight: -0.1314969, 0.4695976, 2.802153
ElbowRight: 0.1050871, 0.4836634, 2.775555
WristRight: 0.2600043, 0.6509648, 2.759436
HandRight: 0.2853264, 0.7349399, 2.770957
HipLeft: -0.3530671, 0.07562009, 2.571
KneeLeft: -0.2728673, -0.415172, 2.489566
AnkleLeft: -0.2930303, -0.7217959, 2.405895
FootLeft: -0.265852, -0.776461, 2.299706
HipRight: -0.2082611, 0.08365753, 2.605376
KneeRight: -0.2812355, -0.4522941, 2.475333
AnkleRight: -0.2637256, -0.7224881, 2.417631
FootRight: -0.2826307, -0.7811449, 2.298035
=========
HipCenter: -0.2875144, 0.1478304, 2.61887
Spine: -0.3056875, 0.1965211, 2.696697
ShoulderCenter: -0.3376198, 0.5819742, 2.811701
Head: -0.3076832, 0.7559345, 2.809211
ShoulderLeft: -0.4563491, 0.4368457, 2.715026
ElbowLeft: -0.4892316, 0.1844341, 2.609785
WristLeft: -0.4835346, -0.01852982, 2.486868
HandLeft: -0.4834261, -0.1059175, 2.463994
ShoulderRight: -0.1316711, 0.4712254, 2.797828
ElbowRight: 0.1039446, 0.4833047, 2.773658
WristRight: 0.2595148, 0.6508202, 2.757129
HandRight: 0.2851601, 0.7354434, 2.769198
HipLeft: -0.3518023, 0.07884952, 2.565621
KneeLeft: -0.2730629, -0.4149419, 2.488928
AnkleLeft: -0.2930812, -0.721276, 2.405064
FootLeft: -0.2655142, -0.7762421, 2.298824
HipRight: -0.2069831, 0.08370712, 2.60165
KneeRight: -0.2819777, -0.4541893, 2.475755
AnkleRight: -0.2638152, -0.7219316, 2.417039
FootRight: -0.2835434, -0.7809061, 2.296149
=========
HipCenter: -0.2867936, 0.1490004, 2.614405
Spine: -0.3050712, 0.1975314, 2.692187
ShoulderCenter: -0.3377582, 0.5832999, 2.807388
Head: -0.3086922, 0.7571626, 2.806733
ShoulderLeft: -0.4568597, 0.437241, 2.710408
ElbowLeft: -0.4887077, 0.1839751, 2.60511
WristLeft: -0.4838548, -0.01426445, 2.482185
HandLeft: -0.48354, -0.1038394, 2.456517
ShoulderRight: -0.1320487, 0.4727539, 2.793562
ElbowRight: 0.103965, 0.4840333, 2.771743
WristRight: 0.2589872, 0.6506609, 2.755037
HandRight: 0.2850398, 0.7358122, 2.767901
HipLeft: -0.3511238, 0.08107671, 2.561791
KneeLeft: -0.2734076, -0.4146872, 2.488162
AnkleLeft: -0.2931361, -0.7208918, 2.404457
FootLeft: -0.2652898, -0.7761241, 2.298299
HipRight: -0.2059194, 0.08322606, 2.59682
KneeRight: -0.2824908, -0.4556376, 2.476224
AnkleRight: -0.2639459, -0.7215159, 2.416531
FootRight: -0.2842342, -0.7807426, 2.294698
=========
HipCenter: -0.2862339, 0.1500861, 2.610921
Spine: -0.3045467, 0.1985563, 2.688577
ShoulderCenter: -0.3370878, 0.584586, 2.802639
Head: -0.3098715, 0.7581457, 2.803731
ShoulderLeft: -0.4572139, 0.4376491, 2.706314
ElbowLeft: -0.4884774, 0.183388, 2.601059
WristLeft: -0.4838327, -0.01264903, 2.476004
HandLeft: -0.4832544, -0.09873818, 2.447972
ShoulderRight: -0.1322701, 0.4740055, 2.789935
ElbowRight: 0.099793, 0.4832503, 2.76906
WristRight: 0.2584935, 0.6505296, 2.753141
HandRight: 0.2849414, 0.7361608, 2.766633
HipLeft: -0.3506181, 0.08346888, 2.558134
KneeLeft: -0.2738738, -0.4143835, 2.487214
AnkleLeft: -0.2932392, -0.7205899, 2.403981
FootLeft: -0.2651558, -0.7760835, 2.29806
HipRight: -0.2052221, 0.08285205, 2.593558
KneeRight: -0.2828649, -0.4567734, 2.476707
AnkleRight: -0.2641008, -0.7212191, 2.416089
FootRight: -0.2847505, -0.7806337, 2.293572
=========
HipCenter: -0.2858276, 0.1511656, 2.607751
Spine: -0.3040761, 0.1996444, 2.685199
ShoulderCenter: -0.3355495, 0.585831, 2.797135
Head: -0.3110842, 0.7593985, 2.800096
ShoulderLeft: -0.4575644, 0.4380869, 2.702385
ElbowLeft: -0.4886088, 0.1829676, 2.596077
WristLeft: -0.4833295, -0.01277177, 2.468471
HandLeft: -0.4823076, -0.09185297, 2.435455
ShoulderRight: -0.1325349, 0.4750985, 2.786199
ElbowRight: 0.09970934, 0.4850826, 2.766355
WristRight: 0.2580732, 0.65038, 2.751524
HandRight: 0.2848735, 0.736424, 2.765693
HipLeft: -0.3503088, 0.08516856, 2.55567
KneeLeft: -0.2744662, -0.4140463, 2.485836
AnkleLeft: -0.2934808, -0.7203366, 2.403614
FootLeft: -0.2650944, -0.7760978, 2.298081
HipRight: -0.2048441, 0.08279169, 2.589934
KneeRight: -0.2831077, -0.4576435, 2.477173
AnkleRight: -0.2641895, -0.7210086, 2.415796
FootRight: -0.2851217, -0.7805564, 2.292761
=========
HipCenter: -0.2854193, 0.1521816, 2.605014
Spine: -0.3035719, 0.2006714, 2.682259
ShoulderCenter: -0.3340993, 0.5868142, 2.792552
Head: -0.3120984, 0.7604871, 2.797098
ShoulderLeft: -0.4578201, 0.4386209, 2.698839
ElbowLeft: -0.4886664, 0.182205, 2.590103
WristLeft: -0.4831781, -0.0120992, 2.462617
HandLeft: -0.4814481, -0.08462855, 2.425412
ShoulderRight: -0.132668, 0.4760379, 2.782646
ElbowRight: 0.100712, 0.4875495, 2.763819
WristRight: 0.2594217, 0.6523183, 2.749737
HandRight: 0.2848267, 0.7367808, 2.764605
HipLeft: -0.3500658, 0.08644369, 2.553922
KneeLeft: -0.2750249, -0.4136914, 2.484239
AnkleLeft: -0.2937957, -0.7201293, 2.403365
FootLeft: -0.2650919, -0.7761362, 2.298325
HipRight: -0.2044818, 0.08296039, 2.586664
KneeRight: -0.2832523, -0.4583017, 2.477609
AnkleRight: -0.2643462, -0.7208547, 2.415495
FootRight: -0.2853459, -0.7804787, 2.292279
=========
HipCenter: -0.2851203, 0.1530726, 2.602702
Spine: -0.3032168, 0.2015642, 2.679824
ShoulderCenter: -0.3332728, 0.5876761, 2.789166
Head: -0.3130201, 0.7613969, 2.794728
ShoulderLeft: -0.4580167, 0.4391596, 2.695715
ElbowLeft: -0.4884544, 0.1811738, 2.582963
WristLeft: -0.4828989, -0.01144294, 2.457715
HandLeft: -0.4807121, -0.08034257, 2.419095
ShoulderRight: -0.1328535, 0.4767222, 2.77943
ElbowRight: 0.1016241, 0.4895054, 2.76197
WristRight: 0.261751, 0.6556023, 2.74807
HandRight: 0.2848068, 0.7372863, 2.763221
HipLeft: -0.3498922, 0.08738052, 2.5527
KneeLeft: -0.2754988, -0.4133328, 2.48235
AnkleLeft: -0.294011, -0.7199803, 2.403193
FootLeft: -0.2651152, -0.7761959, 2.298657
HipRight: -0.2042723, 0.08348932, 2.583266
KneeRight: -0.2833227, -0.4587968, 2.478017
AnkleRight: -0.2645113, -0.7207448, 2.415235
FootRight: -0.2854573, -0.780399, 2.292035
=========
HipCenter: -0.2848485, 0.1538565, 2.600784
Spine: -0.3029536, 0.2023689, 2.67778
ShoulderCenter: -0.3325236, 0.5884485, 2.786412
Head: -0.3137661, 0.7622699, 2.79286
ShoulderLeft: -0.4580509, 0.4396666, 2.692258
ElbowLeft: -0.4882634, 0.1806785, 2.578048
WristLeft: -0.4825118, -0.01154716, 2.453568
HandLeft: -0.4801392, -0.07761537, 2.414782
ShoulderRight: -0.1329876, 0.4772043, 2.777053
ElbowRight: 0.1043342, 0.4923145, 2.75977
WristRight: 0.2641872, 0.6589615, 2.746823
HandRight: 0.2847789, 0.7378179, 2.761586
HipLeft: -0.3497197, 0.08820953, 2.551695
KneeLeft: -0.2758666, -0.4130169, 2.480364
AnkleLeft: -0.2942939, -0.719842, 2.4031
FootLeft: -0.2651598, -0.7762671, 2.299038
HipRight: -0.2041407, 0.08392193, 2.580827
KneeRight: -0.2833465, -0.4591697, 2.478393
AnkleRight: -0.2646574, -0.7206516, 2.415037
FootRight: -0.2855541, -0.780354, 2.291751
=========
HipCenter: -0.2846599, 0.1545412, 2.599184
Spine: -0.3027973, 0.2030609, 2.676108
ShoulderCenter: -0.3321287, 0.5890981, 2.784361
Head: -0.3142518, 0.7629738, 2.791446
ShoulderLeft: -0.4579925, 0.4400559, 2.689449
ElbowLeft: -0.4880299, 0.1807022, 2.574492
WristLeft: -0.4818078, -0.01205685, 2.450173
HandLeft: -0.4796153, -0.07589158, 2.411796
ShoulderRight: -0.1330395, 0.4775234, 2.775105
ElbowRight: 0.1065866, 0.4944953, 2.758169
WristRight: 0.2654715, 0.6608262, 2.745869
HandRight: 0.2847558, 0.738273, 2.760215
HipLeft: -0.349587, 0.08895984, 2.550863
KneeLeft: -0.2762015, -0.4125723, 2.478348
AnkleLeft: -0.2947458, -0.7197088, 2.403101
FootLeft: -0.2652158, -0.7763378, 2.29942
HipRight: -0.2040661, 0.08428346, 2.578987
KneeRight: -0.2835128, -0.4587989, 2.478882
AnkleRight: -0.2647846, -0.7205513, 2.414897
FootRight: -0.2855983, -0.7803177, 2.291541
=========
HipCenter: -0.2845138, 0.1550781, 2.597745
Spine: -0.3026784, 0.2036092, 2.674649
ShoulderCenter: -0.3318845, 0.5896487, 2.78275
Head: -0.3146136, 0.7636242, 2.790154
ShoulderLeft: -0.4579031, 0.440339, 2.687233
ElbowLeft: -0.487787, 0.1808034, 2.571687
WristLeft: -0.4811914, -0.01209316, 2.447909
HandLeft: -0.4788416, -0.07457028, 2.409554
ShoulderRight: -0.1330829, 0.4777338, 2.773302
ElbowRight: 0.108484, 0.4961516, 2.757001
WristRight: 0.2661671, 0.6618508, 2.745143
HandRight: 0.2847323, 0.7386333, 2.759068
HipLeft: -0.3494884, 0.08952663, 2.550247
KneeLeft: -0.2764437, -0.4121027, 2.476469
AnkleLeft: -0.2951535, -0.7196103, 2.40313
FootLeft: -0.2652634, -0.7764044, 2.299747
HipRight: -0.2040261, 0.08463015, 2.577207
KneeRight: -0.2836702, -0.4584561, 2.479331
AnkleRight: -0.2648716, -0.7204732, 2.414803
FootRight: -0.2856119, -0.7802884, 2.291394
=========
HipCenter: -0.2844033, 0.155577, 2.596516
Spine: -0.3026246, 0.2041181, 2.673422
ShoulderCenter: -0.3319724, 0.5902702, 2.781385
Head: -0.3148638, 0.7642738, 2.789042
ShoulderLeft: -0.4578017, 0.4405583, 2.685493
ElbowLeft: -0.4875224, 0.1811109, 2.569611
WristLeft: -0.4804813, -0.01203429, 2.446244
HandLeft: -0.4779604, -0.07367205, 2.407972
ShoulderRight: -0.1330834, 0.4779091, 2.771955
ElbowRight: 0.1098906, 0.4973397, 2.756204
WristRight: 0.2668725, 0.6628554, 2.744568
HandRight: 0.2847189, 0.738915, 2.758023
HipLeft: -0.3494001, 0.0901097, 2.549691
KneeLeft: -0.2765642, -0.4109839, 2.4745
AnkleLeft: -0.295536, -0.7195296, 2.403187
FootLeft: -0.2653095, -0.7764661, 2.30004
HipRight: -0.2039818, 0.08492902, 2.575827
KneeRight: -0.2837973, -0.4581406, 2.47973
AnkleRight: -0.264954, -0.7203906, 2.414739
FootRight: -0.2856182, -0.7802674, 2.291295
=========
HipCenter: -0.284263, 0.1559068, 2.595429
Spine: -0.3025552, 0.2044616, 2.672395
ShoulderCenter: -0.3321031, 0.5907536, 2.780375
Head: -0.3150176, 0.7648086, 2.788188
ShoulderLeft: -0.4577085, 0.4406965, 2.683993
ElbowLeft: -0.4873007, 0.1813493, 2.568125
WristLeft: -0.4781527, -0.01336219, 2.444515
HandLeft: -0.476758, -0.07342797, 2.406803
ShoulderRight: -0.1331056, 0.4780485, 2.770698
ElbowRight: 0.1108767, 0.4981647, 2.755613
WristRight: 0.2675123, 0.6637627, 2.744149
HandRight: 0.284681, 0.7391615, 2.757015
HipLeft: -0.3492665, 0.09051774, 2.549076
KneeLeft: -0.2766379, -0.4099973, 2.472823
AnkleLeft: -0.2958398, -0.7194713, 2.403257
FootLeft: -0.2653345, -0.7765208, 2.300294
HipRight: -0.2038826, 0.08510649, 2.574768
KneeRight: -0.2838655, -0.4579398, 2.480083
AnkleRight: -0.2650341, -0.7202984, 2.414702
FootRight: -0.2855539, -0.7802469, 2.291291
=========
HipCenter: -0.2841306, 0.1561764, 2.594476
Spine: -0.3024876, 0.2047334, 2.671541
ShoulderCenter: -0.3322521, 0.5911513, 2.779634
Head: -0.3150877, 0.7653759, 2.787297
ShoulderLeft: -0.4575955, 0.4407985, 2.682803
ElbowLeft: -0.4870309, 0.1815355, 2.566937
WristLeft: -0.4758114, -0.01442163, 2.443322
HandLeft: -0.4745896, -0.07355925, 2.406354
ShoulderRight: -0.1331303, 0.4781536, 2.769522
ElbowRight: 0.1116448, 0.4987743, 2.755191
WristRight: 0.268147, 0.6647862, 2.74385
HandRight: 0.28462, 0.7393904, 2.756068
HipLeft: -0.3491474, 0.09084894, 2.54859
KneeLeft: -0.2766109, -0.4086733, 2.471241
AnkleLeft: -0.2960953, -0.7194233, 2.403337
FootLeft: -0.265358, -0.7765718, 2.300527
HipRight: -0.203733, 0.08537664, 2.573525
KneeRight: -0.2839196, -0.4577731, 2.480402
AnkleRight: -0.2651092, -0.7201981, 2.41469
FootRight: -0.2854695, -0.7802224, 2.291338
=========
HipCenter: -0.2839705, 0.1563149, 2.59345
Spine: -0.3023971, 0.2049019, 2.670686
ShoulderCenter: -0.3323883, 0.591489, 2.77907
Head: -0.3150082, 0.7659886, 2.786463
ShoulderLeft: -0.4573849, 0.4408973, 2.681774
ElbowLeft: -0.486806, 0.1816929, 2.56608
WristLeft: -0.4734916, -0.01496879, 2.442853
HandLeft: -0.4715891, -0.07376718, 2.406464
ShoulderRight: -0.1331244, 0.4782069, 2.768348
ElbowRight: 0.1121123, 0.4991786, 2.754887
WristRight: 0.2680334, 0.6653297, 2.743456
HandRight: 0.2845382, 0.7395984, 2.755333
HipLeft: -0.3490485, 0.09109591, 2.548213
KneeLeft: -0.2765073, -0.4071028, 2.469797
AnkleLeft: -0.2962854, -0.7193983, 2.403413
FootLeft: -0.2653791, -0.7766178, 2.300735
HipRight: -0.2034474, 0.08561394, 2.571535
KneeRight: -0.2839627, -0.4576377, 2.480695
AnkleRight: -0.2651803, -0.7200546, 2.414705
FootRight: -0.2853377, -0.7801963, 2.291448
=========
HipCenter: -0.2838073, 0.1564407, 2.592575
Spine: -0.3023056, 0.205037, 2.669976
ShoulderCenter: -0.3325931, 0.5918016, 2.778654
Head: -0.3149008, 0.7665182, 2.785794
ShoulderLeft: -0.4571656, 0.4409809, 2.680933
ElbowLeft: -0.4864427, 0.1821536, 2.5655
WristLeft: -0.4713598, -0.01522757, 2.442748
HandLeft: -0.4686114, -0.07394762, 2.407105
ShoulderRight: -0.1331075, 0.4782269, 2.767213
ElbowRight: 0.1141235, 0.5014507, 2.754412
WristRight: 0.2677549, 0.6662487, 2.742979
HandRight: 0.2844177, 0.7398273, 2.754722
HipLeft: -0.3489111, 0.09135942, 2.54786
KneeLeft: -0.2763152, -0.405418, 2.468535
AnkleLeft: -0.2964273, -0.7193816, 2.403491
FootLeft: -0.2654021, -0.7766625, 2.300929
HipRight: -0.2031627, 0.08584284, 2.56995
KneeRight: -0.2840205, -0.4575306, 2.480981
AnkleRight: -0.2652478, -0.7198936, 2.414738
FootRight: -0.2851214, -0.7801703, 2.291762
=========
HipCenter: -0.2836674, 0.1565301, 2.591866
Spine: -0.3022249, 0.2051353, 2.669406
ShoulderCenter: -0.3327939, 0.5920689, 2.778351
Head: -0.3145353, 0.7672946, 2.785178
ShoulderLeft: -0.4569626, 0.4410551, 2.680248
ElbowLeft: -0.4860613, 0.1825885, 2.565125
WristLeft: -0.4693587, -0.01523929, 2.442853
HandLeft: -0.4650635, -0.07511822, 2.408249
ShoulderRight: -0.1330271, 0.4782698, 2.766255
ElbowRight: 0.1152601, 0.5028827, 2.754088
WristRight: 0.262969, 0.6702362, 2.74253
HandRight: 0.2815411, 0.7443237, 2.755693
HipLeft: -0.3487899, 0.09157301, 2.547577
KneeLeft: -0.2761158, -0.4040647, 2.467525
AnkleLeft: -0.2965412, -0.7193694, 2.40357
FootLeft: -0.265421, -0.7767023, 2.301101
HipRight: -0.2029212, 0.08602427, 2.568698
KneeRight: -0.2840821, -0.4574795, 2.481316
AnkleRight: -0.2653005, -0.7197296, 2.414793
FootRight: -0.2848996, -0.7801427, 2.292092
=========
HipCenter: -0.2835254, 0.1565712, 2.591254
Spine: -0.3021637, 0.2051931, 2.668922
ShoulderCenter: -0.3329853, 0.5923015, 2.778141
Head: -0.3138074, 0.7683975, 2.784791
ShoulderLeft: -0.4563794, 0.4412797, 2.679373
ElbowLeft: -0.4856061, 0.1831085, 2.564992
WristLeft: -0.4674589, -0.01499531, 2.443635
HandLeft: -0.4603863, -0.0798059, 2.409922
ShoulderRight: -0.132881, 0.4783174, 2.765455
ElbowRight: 0.1160268, 0.503958, 2.753829
WristRight: 0.2527534, 0.6777118, 2.742202
HandRight: 0.2736309, 0.7575522, 2.75952
HipLeft: -0.3484921, 0.09183948, 2.546611
KneeLeft: -0.2759565, -0.4030492, 2.466712
AnkleLeft: -0.2966227, -0.719367, 2.403642
FootLeft: -0.2654436, -0.7767391, 2.301263
HipRight: -0.2026704, 0.0859418, 2.568032
KneeRight: -0.2842578, -0.4574712, 2.481738
AnkleRight: -0.2653724, -0.7195384, 2.414875
FootRight: -0.2846746, -0.7801147, 2.292437
=========
HipCenter: -0.2833702, 0.1565863, 2.590704
Spine: -0.3020976, 0.2052241, 2.668463
ShoulderCenter: -0.3330871, 0.5924345, 2.777918
Head: -0.3130548, 0.7693748, 2.784515
ShoulderLeft: -0.4554431, 0.4414683, 2.678203
ElbowLeft: -0.4851117, 0.1837562, 2.565044
WristLeft: -0.4660349, -0.01452131, 2.444851
HandLeft: -0.4571303, -0.08465241, 2.411933
ShoulderRight: -0.1326891, 0.4783582, 2.764787
ElbowRight: 0.1163999, 0.5044748, 2.753688
WristRight: 0.2318915, 0.6887013, 2.740615
HandRight: 0.2576633, 0.7718372, 2.763437
HipLeft: -0.348113, 0.09212335, 2.545281
KneeLeft: -0.2758113, -0.402214, 2.466058
AnkleLeft: -0.296687, -0.7193691, 2.40371
FootLeft: -0.2654686, -0.7767707, 2.301393
HipRight: -0.2023622, 0.08573652, 2.567598
KneeRight: -0.2844833, -0.4574936, 2.482191
AnkleRight: -0.2654423, -0.7193537, 2.414966
FootRight: -0.284443, -0.7800807, 2.292809
=========
HipCenter: -0.2832233, 0.1565966, 2.590237
Spine: -0.3020271, 0.2052576, 2.668056
ShoulderCenter: -0.3331023, 0.5925595, 2.777631
Head: -0.3120944, 0.7703097, 2.783984
ShoulderLeft: -0.4545213, 0.4416525, 2.677112
ElbowLeft: -0.484661, 0.1845269, 2.565311
WristLeft: -0.4649738, -0.01408591, 2.445982
HandLeft: -0.4553987, -0.08876465, 2.413917
ShoulderRight: -0.1324807, 0.478377, 2.76418
ElbowRight: 0.1166198, 0.5053041, 2.753699
WristRight: 0.2143634, 0.6999286, 2.737488
HandRight: 0.2398666, 0.7869694, 2.763886
HipLeft: -0.3477764, 0.09239946, 2.544225
KneeLeft: -0.2756831, -0.4015751, 2.465531
AnkleLeft: -0.2967348, -0.7193713, 2.403783
FootLeft: -0.2655024, -0.7767944, 2.301519
HipRight: -0.2021057, 0.08555631, 2.567293
KneeRight: -0.2848302, -0.457525, 2.482676
AnkleRight: -0.2655143, -0.7191577, 2.415066
FootRight: -0.2842346, -0.7800458, 2.293155
=========
HipCenter: -0.2830857, 0.1566055, 2.589832
Spine: -0.3019606, 0.2052902, 2.667686
ShoulderCenter: -0.3329599, 0.5926448, 2.777246
Head: -0.3105434, 0.7710217, 2.782906
ShoulderLeft: -0.4534157, 0.4417601, 2.675875
ElbowLeft: -0.4842842, 0.1851524, 2.56558
WristLeft: -0.4644396, -0.01358348, 2.447226
HandLeft: -0.4544979, -0.09179849, 2.415514
ShoulderRight: -0.1321195, 0.4783979, 2.763654
ElbowRight: 0.1166952, 0.5059597, 2.753736
WristRight: 0.1894744, 0.7125252, 2.730763
HandRight: 0.2009459, 0.8070779, 2.74965
HipLeft: -0.3475442, 0.09262873, 2.543546
KneeLeft: -0.2755702, -0.4010238, 2.465099
AnkleLeft: -0.2967728, -0.7193767, 2.403852
FootLeft: -0.2655453, -0.7768135, 2.301627
HipRight: -0.201903, 0.08543925, 2.567021
KneeRight: -0.2852092, -0.4575705, 2.483142
AnkleRight: -0.2655816, -0.7189479, 2.415179
FootRight: -0.2840689, -0.7800164, 2.293469
=========
HipCenter: -0.2829332, 0.1565669, 2.589428
Spine: -0.3018717, 0.2052876, 2.667308
ShoulderCenter: -0.332723, 0.5927299, 2.776837
Head: -0.3089364, 0.7715896, 2.781895
ShoulderLeft: -0.452486, 0.4418458, 2.674863
ElbowLeft: -0.4839869, 0.1856946, 2.565866
WristLeft: -0.4641271, -0.01313099, 2.448346
HandLeft: -0.4558193, -0.09513837, 2.418366
ShoulderRight: -0.1317023, 0.4783921, 2.763183
ElbowRight: 0.1166019, 0.5065212, 2.75378
WristRight: 0.1426631, 0.7255427, 2.715664
HandRight: 0.140828, 0.8231988, 2.72929
HipLeft: -0.3474045, 0.09273939, 2.543169
KneeLeft: -0.2754749, -0.4005506, 2.464749
AnkleLeft: -0.2968002, -0.7193826, 2.403924
FootLeft: -0.2655869, -0.776829, 2.301721
HipRight: -0.2016337, 0.08522794, 2.566582
KneeRight: -0.2856187, -0.4576444, 2.483641
AnkleRight: -0.2656347, -0.7187169, 2.415337
FootRight: -0.2838889, -0.7799712, 2.293787
=========
HipCenter: -0.2827049, 0.1566033, 2.589079
Spine: -0.3017223, 0.2053344, 2.666956
ShoulderCenter: -0.3322713, 0.592777, 2.77632
Head: -0.3074933, 0.7719373, 2.781117
ShoulderLeft: -0.4516869, 0.4419189, 2.674015
ElbowLeft: -0.4837181, 0.186158, 2.566124
WristLeft: -0.464678, -0.01237947, 2.450094
HandLeft: -0.4579038, -0.097734, 2.420955
ShoulderRight: -0.1306162, 0.4783985, 2.763005
ElbowRight: 0.1160095, 0.5069999, 2.753723
WristRight: 0.1150896, 0.7303645, 2.705494
HandRight: 0.08863096, 0.8279915, 2.711273
HipLeft: -0.3472386, 0.09288098, 2.542848
KneeLeft: -0.2753834, -0.4001462, 2.464465
AnkleLeft: -0.2968198, -0.7193871, 2.403995
FootLeft: -0.2656229, -0.7768427, 2.301803
HipRight: -0.2013061, 0.08506326, 2.566303
KneeRight: -0.2860129, -0.4577279, 2.484104
AnkleRight: -0.2656769, -0.718483, 2.415508
FootRight: -0.2836882, -0.7799238, 2.294064
=========
HipCenter: -0.2824585, 0.1566432, 2.588764
Spine: -0.301558, 0.2053805, 2.666624
ShoulderCenter: -0.331787, 0.592801, 2.775808
Head: -0.3058458, 0.7721248, 2.780433
ShoulderLeft: -0.4508427, 0.4419833, 2.673194
ElbowLeft: -0.483471, 0.1867731, 2.566512
WristLeft: -0.4654979, -0.0123282, 2.451659
HandLeft: -0.4601063, -0.09987052, 2.423098
ShoulderRight: -0.1295413, 0.4783704, 2.76291
ElbowRight: 0.1146329, 0.5071031, 2.753396
WristRight: 0.06946786, 0.7232744, 2.679479
HandRight: 0.02056526, 0.8140563, 2.683483
HipLeft: -0.3470379, 0.09304056, 2.542544
KneeLeft: -0.2752947, -0.3998012, 2.464233
AnkleLeft: -0.2968289, -0.7193927, 2.404072
FootLeft: -0.2656569, -0.7768548, 2.301875
HipRight: -0.200975, 0.08488791, 2.566115
KneeRight: -0.2863821, -0.45782, 2.484519
AnkleRight: -0.2657159, -0.7182517, 2.415678
FootRight: -0.2836142, -0.7799102, 2.294176
=========
HipCenter: -0.2821759, 0.1566594, 2.588464
Spine: -0.3013666, 0.2054002, 2.666294
ShoulderCenter: -0.3312302, 0.5927758, 2.775289
Head: -0.3032888, 0.7718011, 2.780287
ShoulderLeft: -0.4500068, 0.4420555, 2.672435
ElbowLeft: -0.4833221, 0.1880783, 2.567449
WristLeft: -0.466551, -0.01206263, 2.453312
HandLeft: -0.4618621, -0.101378, 2.424649
ShoulderRight: -0.1279248, 0.4782895, 2.763083
ElbowRight: 0.1113267, 0.5083446, 2.75167
WristRight: 0.03984483, 0.7200663, 2.666124
HandRight: -0.02776628, 0.8033985, 2.666973
HipLeft: -0.3468585, 0.09313946, 2.542351
KneeLeft: -0.2751896, -0.3995264, 2.464039
AnkleLeft: -0.2968313, -0.719398, 2.404151
FootLeft: -0.2656884, -0.7768643, 2.301938
HipRight: -0.2005733, 0.08468682, 2.565895
KneeRight: -0.2866929, -0.4579044, 2.484876
AnkleRight: -0.2657495, -0.7180251, 2.415844
FootRight: -0.2835584, -0.7799007, 2.294258
=========
HipCenter: -0.279794, 0.1569835, 2.588318
Spine: -0.2997857, 0.2056165, 2.665964
ShoulderCenter: -0.3304443, 0.5927659, 2.774781
Head: -0.2980123, 0.7700016, 2.78034
ShoulderLeft: -0.4492475, 0.4421026, 2.671766
ElbowLeft: -0.4832773, 0.1895969, 2.56858
WristLeft: -0.4675605, -0.01172186, 2.45479
HandLeft: -0.4635213, -0.1012135, 2.425943
ShoulderRight: -0.1259004, 0.4780658, 2.763306
ElbowRight: 0.1047144, 0.5125325, 2.745559
WristRight: -0.006732311, 0.7093014, 2.650037
HandRight: -0.07698075, 0.7674901, 2.651018
HipLeft: -0.3444978, 0.09341465, 2.542344
KneeLeft: -0.2750148, -0.3993729, 2.463851
AnkleLeft: -0.2968296, -0.7194055, 2.404231
FootLeft: -0.2657152, -0.7768728, 2.301992
HipRight: -0.1971455, 0.0845746, 2.566554
KneeRight: -0.2869285, -0.4579924, 2.485184
AnkleRight: -0.2657789, -0.7178133, 2.416
FootRight: -0.2835163, -0.7798943, 2.294318
=========
HipCenter: -0.2779814, 0.1572622, 2.58821
Spine: -0.29845, 0.2058091, 2.665708
ShoulderCenter: -0.3296727, 0.5927802, 2.774428
Head: -0.2936845, 0.7685235, 2.780481
ShoulderLeft: -0.4485303, 0.4421349, 2.671183
ElbowLeft: -0.4832642, 0.1911194, 2.569686
WristLeft: -0.4683736, -0.01144137, 2.45595
HandLeft: -0.4652689, -0.09903615, 2.426935
ShoulderRight: -0.1239442, 0.4776393, 2.763483
ElbowRight: 0.09973586, 0.515826, 2.740593
WristRight: -0.02637365, 0.704502, 2.643324
HandRight: -0.1011441, 0.7552031, 2.645001
HipLeft: -0.3428705, 0.09371141, 2.542195
KneeLeft: -0.2748349, -0.3992688, 2.463688
AnkleLeft: -0.2968277, -0.719412, 2.404308
FootLeft: -0.2657389, -0.7768799, 2.302038
HipRight: -0.1950463, 0.08441048, 2.567127
KneeRight: -0.2871132, -0.4580704, 2.485443
AnkleRight: -0.2658038, -0.7176149, 2.416142
FootRight: -0.2834875, -0.7798873, 2.294368
=========
HipCenter: -0.2764395, 0.157391, 2.58814
Spine: -0.2972381, 0.205924, 2.665517
ShoulderCenter: -0.3288673, 0.5928349, 2.774177
Head: -0.2899693, 0.7674128, 2.780724
ShoulderLeft: -0.4476871, 0.4423672, 2.670807
ElbowLeft: -0.4832375, 0.1922724, 2.570544
WristLeft: -0.468963, -0.01126025, 2.456828
HandLeft: -0.4660472, -0.09826174, 2.427436
ShoulderRight: -0.1213079, 0.4769074, 2.763706
ElbowRight: 0.09679992, 0.5188196, 2.736331
WristRight: -0.0713367, 0.7043257, 2.634753
HandRight: -0.1212039, 0.7444574, 2.640772
HipLeft: -0.3415045, 0.09387355, 2.542003
KneeLeft: -0.2745623, -0.3992125, 2.463544
AnkleLeft: -0.2968128, -0.7194268, 2.404382
FootLeft: -0.2657543, -0.7768856, 2.302071
HipRight: -0.1931783, 0.08384158, 2.567795
KneeRight: -0.2872568, -0.4581474, 2.485667
AnkleRight: -0.2658272, -0.7174404, 2.41627
FootRight: -0.2834645, -0.7798821, 2.294402
=========
HipCenter: -0.2749951, 0.1574477, 2.588118
Spine: -0.2962199, 0.2059886, 2.665377
ShoulderCenter: -0.3279699, 0.592953, 2.774069
Head: -0.2870714, 0.7669466, 2.780899
ShoulderLeft: -0.4463848, 0.4427248, 2.670414
ElbowLeft: -0.4831491, 0.1930553, 2.57109
WristLeft: -0.4692475, -0.01117446, 2.457331
HandLeft: -0.4665411, -0.09775916, 2.427843
ShoulderRight: -0.1129396, 0.4769518, 2.767729
ElbowRight: 0.09749571, 0.5222996, 2.731575
WristRight: -0.09426639, 0.6991808, 2.630512
HandRight: -0.1333729, 0.7405078, 2.637937
HipLeft: -0.3402041, 0.09393562, 2.541791
KneeLeft: -0.2741059, -0.3996135, 2.463722
AnkleLeft: -0.296769, -0.7194652, 2.404465
FootLeft: -0.265771, -0.7768909, 2.302104
HipRight: -0.191354, 0.08313246, 2.568499
KneeRight: -0.2873161, -0.4582297, 2.485881
AnkleRight: -0.265835, -0.7172869, 2.416387
FootRight: -0.2834476, -0.7798786, 2.294427
=========
HipCenter: -0.2739283, 0.1572918, 2.587972
Spine: -0.2953883, 0.2059099, 2.665182
ShoulderCenter: -0.3271344, 0.5930609, 2.773994
Head: -0.2845946, 0.7665808, 2.780717
ShoulderLeft: -0.4444329, 0.4434519, 2.670169
ElbowLeft: -0.4830399, 0.1935866, 2.571453
WristLeft: -0.4693789, -0.01111675, 2.457716
HandLeft: -0.4667293, -0.09753602, 2.42815
ShoulderRight: -0.1086166, 0.4768485, 2.769419
ElbowRight: 0.09791085, 0.5241165, 2.728246
WristRight: -0.1076265, 0.691291, 2.627048
HandRight: -0.1412691, 0.7369961, 2.635292
HipLeft: -0.339201, 0.09386446, 2.541469
KneeLeft: -0.2735122, -0.4007154, 2.464213
AnkleLeft: -0.2967188, -0.7195054, 2.404551
FootLeft: -0.265786, -0.7768962, 2.302132
HipRight: -0.1901556, 0.08238512, 2.568954
KneeRight: -0.2873415, -0.4583263, 2.486083
AnkleRight: -0.2658265, -0.7171676, 2.416501
FootRight: -0.283435, -0.7798758, 2.294446
=========
HipCenter: -0.2707514, 0.1561351, 2.587463
Spine: -0.2931345, 0.2051869, 2.664692
ShoulderCenter: -0.3263327, 0.5931494, 2.773917
Head: -0.2806167, 0.7664027, 2.78032
ShoulderLeft: -0.4416805, 0.4444508, 2.669828
ElbowLeft: -0.4828399, 0.193929, 2.57162
WristLeft: -0.4693713, -0.01103228, 2.458046
HandLeft: -0.4663591, -0.09761374, 2.428364
ShoulderRight: -0.1065589, 0.4767146, 2.770037
ElbowRight: 0.09799981, 0.5247568, 2.725341
WristRight: -0.1143118, 0.679223, 2.624159
HandRight: -0.1450027, 0.7333668, 2.632694
HipLeft: -0.3350734, 0.09285663, 2.540335
KneeLeft: -0.2729686, -0.4023151, 2.464885
AnkleLeft: -0.2966611, -0.7195511, 2.404631
FootLeft: -0.2658015, -0.7769014, 2.302155
HipRight: -0.1875297, 0.08113029, 2.569683
KneeRight: -0.2873544, -0.4584185, 2.486259
AnkleRight: -0.2658154, -0.7170638, 2.416607
FootRight: -0.283417, -0.7798745, 2.294461
=========
HipCenter: -0.2682322, 0.1553147, 2.587077
Spine: -0.2912624, 0.2046146, 2.664292
ShoulderCenter: -0.3253267, 0.5931816, 2.773891
Head: -0.2758067, 0.7650621, 2.778934
ShoulderLeft: -0.4387319, 0.4452735, 2.669191
ElbowLeft: -0.4825553, 0.1941486, 2.571637
WristLeft: -0.4692734, -0.01094996, 2.458295
HandLeft: -0.4658593, -0.09776408, 2.428498
ShoulderRight: -0.1051239, 0.4766291, 2.770469
ElbowRight: 0.09814876, 0.5250354, 2.723052
WristRight: -0.1161708, 0.6639695, 2.621598
HandRight: -0.1456935, 0.7285235, 2.629958
HipLeft: -0.3316706, 0.09232451, 2.538722
KneeLeft: -0.272481, -0.4039605, 2.465565
AnkleLeft: -0.2965994, -0.7195985, 2.404712
FootLeft: -0.2658155, -0.776906, 2.302181
HipRight: -0.1853657, 0.08009307, 2.57055
KneeRight: -0.2873551, -0.4585069, 2.486419
AnkleRight: -0.2658014, -0.7169723, 2.416706
FootRight: -0.2833991, -0.7798729, 2.294475
=========
HipCenter: -0.2663157, 0.1546749, 2.586764
Spine: -0.2897928, 0.2041445, 2.663956
ShoulderCenter: -0.3241939, 0.5930964, 2.773807
Head: -0.2727636, 0.7633567, 2.777412
ShoulderLeft: -0.4360756, 0.4460094, 2.668596
ElbowLeft: -0.4822586, 0.1942707, 2.571558
WristLeft: -0.4691428, -0.01088553, 2.458482
HandLeft: -0.4653078, -0.0979497, 2.428565
ShoulderRight: -0.1040435, 0.4766262, 2.770822
ElbowRight: 0.0987017, 0.524391, 2.721051
WristRight: -0.1170025, 0.6521358, 2.619946
HandRight: -0.1453068, 0.723498, 2.627596
HipLeft: -0.3292292, 0.09193769, 2.537454
KneeLeft: -0.2721298, -0.4057647, 2.466226
AnkleLeft: -0.2965409, -0.7196428, 2.404788
FootLeft: -0.2658354, -0.7769086, 2.302208
HipRight: -0.1837346, 0.07929575, 2.571217
KneeRight: -0.2873555, -0.4585719, 2.486552
AnkleRight: -0.2657875, -0.7168869, 2.4168
FootRight: -0.2833907, -0.7798631, 2.294513
=========
HipCenter: -0.2641934, 0.1544342, 2.5866
Spine: -0.288067, 0.2038952, 2.663695
ShoulderCenter: -0.3227276, 0.5928753, 2.773625
Head: -0.2701357, 0.7616174, 2.776051
ShoulderLeft: -0.4336369, 0.4466527, 2.667958
ElbowLeft: -0.4819707, 0.1943283, 2.571436
WristLeft: -0.4689969, -0.01082474, 2.458618
HandLeft: -0.4647886, -0.09813733, 2.428543
ShoulderRight: -0.1032242, 0.4766571, 2.7711
ElbowRight: 0.09935814, 0.5234855, 2.719505
WristRight: -0.1162967, 0.6442371, 2.619103
HandRight: -0.1435944, 0.7190285, 2.625779
HipLeft: -0.3265703, 0.09195849, 2.53598
KneeLeft: -0.271854, -0.4073035, 2.466806
AnkleLeft: -0.2964804, -0.7196875, 2.40486
FootLeft: -0.2658682, -0.776911, 2.30224
HipRight: -0.1815545, 0.07866303, 2.572412
KneeRight: -0.287355, -0.4586255, 2.486663
AnkleRight: -0.2657757, -0.7168137, 2.41688
FootRight: -0.2833708, -0.779853, 2.294562
=========
HipCenter: -0.2620181, 0.1548118, 2.586818
Spine: -0.2863607, 0.2040341, 2.663674
ShoulderCenter: -0.3214607, 0.5926788, 2.773452
Head: -0.2683822, 0.7603668, 2.775074
ShoulderLeft: -0.4317368, 0.4470922, 2.66741
ElbowLeft: -0.4817095, 0.1943399, 2.571282
WristLeft: -0.4689018, -0.01077066, 2.458707
HandLeft: -0.4642736, -0.09831118, 2.428138
ShoulderRight: -0.1016372, 0.4774001, 2.771983
ElbowRight: 0.1012545, 0.5221903, 2.717703
WristRight: -0.1148942, 0.6390936, 2.618697
HandRight: -0.1413468, 0.7154551, 2.624441
HipLeft: -0.3244549, 0.09221517, 2.535266
KneeLeft: -0.2717808, -0.4089005, 2.46729
AnkleLeft: -0.296419, -0.7197298, 2.404927
FootLeft: -0.2659032, -0.7769119, 2.302262
HipRight: -0.1791062, 0.07881089, 2.573753
KneeRight: -0.2873639, -0.4586741, 2.486758
AnkleRight: -0.2657728, -0.7167425, 2.416947
FootRight: -0.2833415, -0.7798411, 2.294616
=========
HipCenter: -0.2609161, 0.1548907, 2.586834
Spine: -0.2853185, 0.2040635, 2.663574
ShoulderCenter: -0.3196825, 0.5921439, 2.7727
Head: -0.2670901, 0.7593331, 2.7743
ShoulderLeft: -0.4301987, 0.4474306, 2.66689
ElbowLeft: -0.4817131, 0.1951339, 2.571443
WristLeft: -0.4687418, -0.0109297, 2.45858
HandLeft: -0.4639787, -0.0985242, 2.427857
ShoulderRight: -0.1004692, 0.4780381, 2.772595
ElbowRight: 0.1027232, 0.5210748, 2.716438
WristRight: -0.1130769, 0.6357689, 2.618654
HandRight: -0.1390003, 0.7126718, 2.623537
HipLeft: -0.3234577, 0.09223913, 2.534806
KneeLeft: -0.2718773, -0.4105099, 2.467681
AnkleLeft: -0.2963617, -0.7197683, 2.40499
FootLeft: -0.265947, -0.7769098, 2.302291
HipRight: -0.1781005, 0.07866337, 2.574328
KneeRight: -0.2873753, -0.4587182, 2.486839
AnkleRight: -0.265769, -0.7166666, 2.417012
FootRight: -0.2832882, -0.7798206, 2.294692
=========
HipCenter: -0.2621888, 0.1560162, 2.585324
Spine: -0.2855587, 0.2048667, 2.662343
ShoulderCenter: -0.3190154, 0.5925145, 2.770452
Head: -0.2715299, 0.761767, 2.773095
ShoulderLeft: -0.4299937, 0.4475198, 2.666108
ElbowLeft: -0.4816343, 0.195775, 2.57148
WristLeft: -0.4678919, -0.01106352, 2.457875
HandLeft: -0.4632208, -0.09693445, 2.426395
ShoulderRight: -0.1035765, 0.4783803, 2.766304
ElbowRight: 0.1034456, 0.5207123, 2.716237
WristRight: 0.1340091, 0.7184641, 2.666881
HandRight: 0.1514043, 0.810173, 2.685333
HipLeft: -0.325427, 0.09355304, 2.534218
KneeLeft: -0.2722669, -0.4106947, 2.467847
AnkleLeft: -0.2974232, -0.7196164, 2.404451
FootLeft: -0.2659584, -0.7769135, 2.302295
HipRight: -0.1811822, 0.08093897, 2.57079
KneeRight: -0.2874134, -0.4587734, 2.486906
AnkleRight: -0.265795, -0.7167494, 2.416911
FootRight: -0.2832506, -0.7797961, 2.294737
=========
HipCenter: -0.2635516, 0.156935, 2.583909
Spine: -0.285977, 0.2056076, 2.661147
ShoulderCenter: -0.3185773, 0.5929741, 2.768358
Head: -0.2754649, 0.7641194, 2.772206
ShoulderLeft: -0.4301012, 0.4475149, 2.665322
ElbowLeft: -0.4815229, 0.1962842, 2.571433
WristLeft: -0.4670523, -0.01123737, 2.457152
HandLeft: -0.4627388, -0.09612041, 2.425503
ShoulderRight: -0.1061748, 0.4786726, 2.761441
ElbowRight: 0.1043329, 0.5203241, 2.716599
WristRight: 0.1980203, 0.7105861, 2.676111
HandRight: 0.2120305, 0.8074461, 2.693277
HipLeft: -0.327358, 0.09459356, 2.533846
KneeLeft: -0.2727322, -0.4106701, 2.467933
AnkleLeft: -0.2985645, -0.7194905, 2.403848
FootLeft: -0.2659668, -0.7769185, 2.302298
HipRight: -0.1838235, 0.08271544, 2.567819
KneeRight: -0.2874534, -0.4588261, 2.486964
AnkleRight: -0.265763, -0.7169884, 2.416675
FootRight: -0.2832283, -0.7797838, 2.294765
=========
HipCenter: -0.2649301, 0.1577267, 2.582683
Spine: -0.2865015, 0.2062802, 2.660086
ShoulderCenter: -0.3183163, 0.5934631, 2.766813
Head: -0.2788801, 0.7662773, 2.771812
ShoulderLeft: -0.4304062, 0.4474567, 2.664602
ElbowLeft: -0.4813763, 0.1966032, 2.571331
WristLeft: -0.4662981, -0.01130807, 2.456529
HandLeft: -0.4618759, -0.09595235, 2.424762
ShoulderRight: -0.1081575, 0.4789011, 2.757865
ElbowRight: 0.1050744, 0.5197471, 2.71724
WristRight: 0.2443509, 0.7066156, 2.683818
HandRight: 0.2750116, 0.8006691, 2.70645
HipLeft: -0.3292649, 0.0954743, 2.533678
KneeLeft: -0.2732607, -0.4105423, 2.467953
AnkleLeft: -0.2997645, -0.7194395, 2.403213
FootLeft: -0.2659722, -0.7769242, 2.302297
HipRight: -0.1861311, 0.08417694, 2.565362
KneeRight: -0.2874938, -0.4588757, 2.487015
AnkleRight: -0.265724, -0.7172359, 2.416429
FootRight: -0.283206, -0.779772, 2.294791
