=========
HipCenter: -0.2689596, 0.1753971, 2.559807
Spine: -0.285008, 0.2251013, 2.634342
ShoulderCenter: -0.297743, 0.6055675, 2.732208
Head: -0.2772889, 0.8266934, 2.72042
ShoulderLeft: -0.4285069, 0.4551085, 2.636377
ElbowLeft: -0.488311, 0.2100546, 2.581809
WristLeft: -0.4859569, 0.001693118, 2.455635
HandLeft: -0.4968087, -0.08174157, 2.428195
ShoulderRight: -0.1045126, 0.5080415, 2.734907
ElbowRight: 0.1286447, 0.5490303, 2.743753
WristRight: 0.313251, 0.6716484, 2.747845
HandRight: 0.402849, 0.7422057, 2.784315
HipLeft: -0.3371401, 0.09297254, 2.507219
KneeLeft: -0.2721649, -0.4011783, 2.421654
AnkleLeft: -0.2832746, -0.7055342, 2.347162
FootLeft: -0.2534875, -0.7615638, 2.235233
HipRight: -0.1913427, 0.1167924, 2.551031
KneeRight: -0.2706193, -0.4236157, 2.419482
AnkleRight: -0.2578615, -0.7014626, 2.3492
FootRight: -0.2733567, -0.7586862, 2.234506
=========
HipCenter: -0.2673692, 0.1763962, 2.55938
Spine: -0.2838968, 0.2257345, 2.633888
ShoulderCenter: -0.2978791, 0.6056319, 2.731832
Head: -0.2772483, 0.8267286, 2.720241
ShoulderLeft: -0.4285989, 0.455318, 2.636192
ElbowLeft: -0.4884302, 0.2103974, 2.581577
WristLeft: -0.4852222, 0.005785084, 2.454971
HandLeft: -0.4960829, -0.07834773, 2.428196
ShoulderRight: -0.1046851, 0.5079701, 2.734159
ElbowRight: 0.1291878, 0.5492616, 2.74377
WristRight: 0.3134131, 0.6716546, 2.74726
HandRight: 0.4034119, 0.7426986, 2.783845
HipLeft: -0.3347342, 0.09460821, 2.507268
KneeLeft: -0.2877046, -0.470316, 2.418861
AnkleLeft: -0.2805356, -0.7393368, 2.339638
FootLeft: -0.2521855, -0.7616007, 2.231479
HipRight: -0.1891301, 0.1179373, 2.550228
KneeRight: -0.309395, -0.3340519, 2.424496
AnkleRight: -0.2691869, -0.6619354, 2.352553
FootRight: -0.2732122, -0.7489977, 2.244317
=========
HipCenter: -0.2670454, 0.1765644, 2.559276
Spine: -0.2836653, 0.2258416, 2.633785
ShoulderCenter: -0.297898, 0.6056473, 2.731758
Head: -0.27724, 0.8267391, 2.720218
ShoulderLeft: -0.4286143, 0.4553646, 2.636169
ElbowLeft: -0.4883667, 0.2105306, 2.581236
WristLeft: -0.4851108, 0.006669564, 2.454705
HandLeft: -0.4952659, -0.07595352, 2.426481
ShoulderRight: -0.1047112, 0.5079679, 2.734021
ElbowRight: 0.1294063, 0.54934, 2.743728
WristRight: 0.3134422, 0.6716601, 2.747161
HandRight: 0.4031475, 0.7419124, 2.78466
HipLeft: -0.334269, 0.0948984, 2.507277
KneeLeft: -0.2805769, -0.4403062, 2.425033
AnkleLeft: -0.2806129, -0.7341382, 2.341105
FootLeft: -0.2520151, -0.7616083, 2.23101
HipRight: -0.1886257, 0.1181359, 2.54999
KneeRight: -0.309231, -0.3315094, 2.425715
AnkleRight: -0.2671453, -0.6697372, 2.351893
FootRight: -0.2731412, -0.7485932, 2.244914
=========
HipCenter: -0.2666715, 0.1766795, 2.559086
Spine: -0.2833942, 0.2259154, 2.633634
ShoulderCenter: -0.2979165, 0.6056675, 2.731698
Head: -0.2772115, 0.8267499, 2.72018
ShoulderLeft: -0.4286233, 0.4554208, 2.636153
ElbowLeft: -0.4881128, 0.2106478, 2.580336
WristLeft: -0.4836365, 0.009290573, 2.451775
HandLeft: -0.4945229, -0.07349325, 2.424406
ShoulderRight: -0.1047224, 0.5079986, 2.733834
ElbowRight: 0.1297414, 0.5494758, 2.74368
WristRight: 0.3134485, 0.6716483, 2.747074
HandRight: 0.4029808, 0.7417918, 2.784837
HipLeft: -0.3336847, 0.09510927, 2.507063
KneeLeft: -0.290398, -0.4826587, 2.421595
AnkleLeft: -0.279882, -0.7452679, 2.338923
FootLeft: -0.2518688, -0.761617, 2.23059
HipRight: -0.1880926, 0.118263, 2.549695
KneeRight: -0.3238554, -0.2886454, 2.429424
AnkleRight: -0.2695343, -0.6555224, 2.353914
FootRight: -0.2730646, -0.7472763, 2.246483
=========
HipCenter: -0.2660695, 0.1768184, 2.558282
Spine: -0.2828077, 0.2260805, 2.632868
ShoulderCenter: -0.2977503, 0.6059009, 2.730812
Head: -0.2769486, 0.8269408, 2.719947
ShoulderLeft: -0.4285819, 0.4556378, 2.636042
ElbowLeft: -0.4868751, 0.2107913, 2.577776
WristLeft: -0.4813956, 0.01281743, 2.447289
HandLeft: -0.4914051, -0.06539977, 2.412149
ShoulderRight: -0.1044987, 0.5084049, 2.733056
ElbowRight: 0.132763, 0.5517092, 2.742906
WristRight: 0.314734, 0.672429, 2.746906
HandRight: 0.4039624, 0.7422765, 2.784782
HipLeft: -0.3329222, 0.09529191, 2.506078
KneeLeft: -0.2928035, -0.4949337, 2.421192
AnkleLeft: -0.2794993, -0.7510339, 2.337629
FootLeft: -0.251754, -0.7616269, 2.230273
HipRight: -0.1874056, 0.1183215, 2.548901
KneeRight: -0.328492, -0.2724906, 2.429402
AnkleRight: -0.2704566, -0.6486223, 2.354815
FootRight: -0.2728197, -0.7465013, 2.247622
=========
HipCenter: -0.2653452, 0.1768876, 2.557189
Spine: -0.2820863, 0.2262149, 2.631839
ShoulderCenter: -0.2975531, 0.606223, 2.729775
Head: -0.2764026, 0.8272412, 2.71944
ShoulderLeft: -0.4284626, 0.4560065, 2.635799
ElbowLeft: -0.4848618, 0.2109596, 2.574033
WristLeft: -0.479632, 0.01586042, 2.443377
HandLeft: -0.488488, -0.05841639, 2.400783
ShoulderRight: -0.1040836, 0.5090135, 2.731953
ElbowRight: 0.1336198, 0.5522949, 2.741902
WristRight: 0.314869, 0.6725443, 2.746705
HandRight: 0.4040292, 0.7422626, 2.784402
HipLeft: -0.3321208, 0.09536279, 2.504873
KneeLeft: -0.2740477, -0.4384895, 2.42959
AnkleLeft: -0.280249, -0.7274824, 2.343561
FootLeft: -0.2517014, -0.7616462, 2.230304
HipRight: -0.1865742, 0.1182888, 2.547795
KneeRight: -0.2642928, -0.3310419, 2.433515
AnkleRight: -0.2632439, -0.6767176, 2.353091
FootRight: -0.2722729, -0.7482321, 2.246739
=========
HipCenter: -0.2642001, 0.1771986, 2.555738
Spine: -0.2809056, 0.2265919, 2.630455
ShoulderCenter: -0.2971641, 0.6067497, 2.728609
Head: -0.2753785, 0.8236399, 2.71774
ShoulderLeft: -0.4282227, 0.4565486, 2.635308
ElbowLeft: -0.4821306, 0.2110219, 2.568992
WristLeft: -0.4746318, 0.01444026, 2.430893
HandLeft: -0.4876502, -0.05806247, 2.387313
ShoulderRight: -0.1034052, 0.5098033, 2.730309
ElbowRight: 0.1363478, 0.5541158, 2.740152
WristRight: 0.3159886, 0.6734245, 2.74636
HandRight: 0.4050947, 0.7429526, 2.783771
HipLeft: -0.3309489, 0.09563009, 2.503277
KneeLeft: -0.2650727, -0.411485, 2.433587
AnkleLeft: -0.2800885, -0.7159855, 2.346399
FootLeft: -0.2516757, -0.7616684, 2.230431
HipRight: -0.1853049, 0.1184809, 2.546368
KneeRight: -0.2931491, -0.2910762, 2.428231
AnkleRight: -0.2629492, -0.6679894, 2.35446
FootRight: -0.271965, -0.7481125, 2.247309
=========
HipCenter: -0.2627781, 0.1772821, 2.554016
Spine: -0.2796035, 0.2267877, 2.628896
ShoulderCenter: -0.2967756, 0.6072544, 2.727537
Head: -0.2745396, 0.8158647, 2.716609
ShoulderLeft: -0.4273594, 0.4574392, 2.634259
ElbowLeft: -0.4794427, 0.2113291, 2.564297
WristLeft: -0.4704517, 0.01253966, 2.421435
HandLeft: -0.4860205, -0.05862431, 2.376802
ShoulderRight: -0.1026795, 0.5105968, 2.728749
ElbowRight: 0.1383884, 0.5554339, 2.738573
WristRight: 0.3170004, 0.6741514, 2.745697
HandRight: 0.4059254, 0.7434009, 2.783039
HipLeft: -0.3292158, 0.09558475, 2.50103
KneeLeft: -0.2608203, -0.3983487, 2.435434
AnkleLeft: -0.2799791, -0.7093205, 2.34803
FootLeft: -0.2516699, -0.761694, 2.230631
HipRight: -0.1839786, 0.1185301, 2.544955
KneeRight: -0.3010542, -0.2812864, 2.425657
AnkleRight: -0.2626267, -0.6639872, 2.355163
FootRight: -0.2717006, -0.7482042, 2.247619
=========
HipCenter: -0.2597301, 0.1778157, 2.551474
Spine: -0.277101, 0.2272423, 2.62664
ShoulderCenter: -0.2963273, 0.6077647, 2.726372
Head: -0.2737187, 0.8068722, 2.716374
ShoulderLeft: -0.4264892, 0.4583142, 2.633175
ElbowLeft: -0.4762679, 0.2107106, 2.558682
WristLeft: -0.4671801, 0.01294418, 2.416081
HandLeft: -0.4828418, -0.05775263, 2.370456
ShoulderRight: -0.1019484, 0.511314, 2.727245
ElbowRight: 0.1404992, 0.5568054, 2.736963
WristRight: 0.3183604, 0.6751203, 2.744843
HandRight: 0.4071895, 0.7440167, 2.78201
HipLeft: -0.3240388, 0.09887103, 2.497312
KneeLeft: -0.2584814, -0.3913748, 2.436489
AnkleLeft: -0.2798458, -0.7052143, 2.349013
FootLeft: -0.2516925, -0.7617036, 2.230934
HipRight: -0.1791644, 0.1171864, 2.541641
KneeRight: -0.3048607, -0.2768902, 2.42447
AnkleRight: -0.2622708, -0.6627679, 2.355468
FootRight: -0.2713987, -0.7488176, 2.247514
=========
HipCenter: -0.2570732, 0.1782272, 2.549286
Spine: -0.2748714, 0.2276152, 2.624674
ShoulderCenter: -0.2959631, 0.6082988, 2.725298
Head: -0.2731089, 0.7989603, 2.716299
ShoulderLeft: -0.4256212, 0.4591627, 2.632029
ElbowLeft: -0.4738657, 0.2104495, 2.55446
WristLeft: -0.4606283, 0.01133556, 2.408092
HandLeft: -0.4804491, -0.05836945, 2.365727
ShoulderRight: -0.1012396, 0.5118834, 2.725502
ElbowRight: 0.1425217, 0.5581561, 2.735333
WristRight: 0.344839, 0.6990299, 2.741919
HandRight: 0.4215329, 0.75286, 2.787547
HipLeft: -0.3202001, 0.1015092, 2.494741
KneeLeft: -0.2568796, -0.3865777, 2.437203
AnkleLeft: -0.2797374, -0.7025261, 2.34965
FootLeft: -0.2517138, -0.7617174, 2.23126
HipRight: -0.1750277, 0.1155715, 2.538481
KneeRight: -0.3062118, -0.2745641, 2.423925
AnkleRight: -0.2618518, -0.6623498, 2.355661
FootRight: -0.2710459, -0.7504736, 2.246541
=========
HipCenter: -0.2547559, 0.1785417, 2.54748
Spine: -0.2728496, 0.2279567, 2.622942
ShoulderCenter: -0.2954763, 0.6088781, 2.723417
Head: -0.2728029, 0.7927389, 2.716211
ShoulderLeft: -0.4247889, 0.459892, 2.630878
ElbowLeft: -0.4720624, 0.2103559, 2.551262
WristLeft: -0.4554244, 0.01385531, 2.404229
HandLeft: -0.4743135, -0.05639937, 2.363314
ShoulderRight: -0.1005988, 0.5123381, 2.723926
ElbowRight: 0.144326, 0.5593636, 2.733932
WristRight: 0.3482322, 0.701674, 2.740033
HandRight: 0.4241226, 0.7539219, 2.785364
HipLeft: -0.3172756, 0.1035564, 2.493081
KneeLeft: -0.2561796, -0.3840192, 2.437398
AnkleLeft: -0.2796457, -0.7006744, 2.350089
FootLeft: -0.251739, -0.76173, 2.231588
HipRight: -0.1717889, 0.1141257, 2.535974
KneeRight: -0.3077767, -0.2737231, 2.423484
AnkleRight: -0.2613452, -0.6622784, 2.355754
FootRight: -0.2707677, -0.7522104, 2.245404
=========
HipCenter: -0.2520532, 0.1788652, 2.545903
Spine: -0.2702969, 0.2283426, 2.621318
ShoulderCenter: -0.2944488, 0.6094871, 2.721361
Head: -0.2725987, 0.7882314, 2.715932
ShoulderLeft: -0.4240429, 0.4605222, 2.629838
ElbowLeft: -0.4660739, 0.2097173, 2.544028
WristLeft: -0.4497304, 0.01389799, 2.399562
HandLeft: -0.4704874, -0.05653597, 2.361133
ShoulderRight: -0.09999316, 0.5127361, 2.722459
ElbowRight: 0.1465684, 0.5607695, 2.732517
WristRight: 0.3546756, 0.7072034, 2.738351
HandRight: 0.4264309, 0.7551899, 2.784644
HipLeft: -0.3146397, 0.1052743, 2.491981
KneeLeft: -0.2563194, -0.3837053, 2.437122
AnkleLeft: -0.2795721, -0.6993409, 2.350402
FootLeft: -0.2517648, -0.7617455, 2.231906
HipRight: -0.168709, 0.11285, 2.534048
KneeRight: -0.30922, -0.2735027, 2.422999
AnkleRight: -0.2609009, -0.6623746, 2.355651
FootRight: -0.2705557, -0.7536959, 2.244405
=========
HipCenter: -0.2489756, 0.1793622, 2.544518
Spine: -0.2674167, 0.2288363, 2.619812
ShoulderCenter: -0.2931782, 0.6099404, 2.719182
Head: -0.2723405, 0.7853143, 2.715761
ShoulderLeft: -0.4232946, 0.4610663, 2.628773
ElbowLeft: -0.4617825, 0.2097787, 2.539242
WristLeft: -0.4457002, 0.01359758, 2.396451
HandLeft: -0.4672384, -0.05672922, 2.359775
ShoulderRight: -0.09930848, 0.5131339, 2.721084
ElbowRight: 0.1490514, 0.5621271, 2.731125
WristRight: 0.3589541, 0.710773, 2.737137
HandRight: 0.4277739, 0.7559949, 2.783348
HipLeft: -0.3120447, 0.1068512, 2.491179
KneeLeft: -0.2569896, -0.3848712, 2.436545
AnkleLeft: -0.2794923, -0.6983775, 2.350618
FootLeft: -0.2517999, -0.7617708, 2.232216
HipRight: -0.1654811, 0.1118589, 2.532563
KneeRight: -0.3101192, -0.2731502, 2.422587
AnkleRight: -0.260435, -0.6626341, 2.355334
FootRight: -0.2702829, -0.7548996, 2.243708
=========
HipCenter: -0.2465288, 0.1798193, 2.543553
Spine: -0.2650855, 0.2292894, 2.618738
ShoulderCenter: -0.2921319, 0.610365, 2.717625
Head: -0.272131, 0.783349, 2.715565
ShoulderLeft: -0.4226511, 0.4615172, 2.627827
ElbowLeft: -0.4590138, 0.2091554, 2.535762
WristLeft: -0.4430791, 0.01324408, 2.394361
HandLeft: -0.4644403, -0.05686227, 2.358833
ShoulderRight: -0.09860808, 0.5135322, 2.719882
ElbowRight: 0.1510884, 0.5632235, 2.730007
WristRight: 0.3618656, 0.7131936, 2.7363
HandRight: 0.4285562, 0.7564728, 2.782001
HipLeft: -0.310059, 0.1080833, 2.490652
KneeLeft: -0.257892, -0.3867993, 2.435876
AnkleLeft: -0.2793989, -0.697734, 2.350745
FootLeft: -0.2518334, -0.7617965, 2.232496
HipRight: -0.1630331, 0.1111525, 2.531586
KneeRight: -0.3108719, -0.2730366, 2.422162
AnkleRight: -0.2599922, -0.6630204, 2.354852
FootRight: -0.2700888, -0.7558646, 2.243189
=========
HipCenter: -0.2446249, 0.1802243, 2.54288
Spine: -0.2632658, 0.229678, 2.617972
ShoulderCenter: -0.2913101, 0.6106941, 2.716441
Head: -0.2719308, 0.7819718, 2.715443
ShoulderLeft: -0.4221287, 0.4618852, 2.627035
ElbowLeft: -0.457355, 0.2088628, 2.533751
WristLeft: -0.4344425, -0.002034208, 2.392065
HandLeft: -0.4714362, -0.05085748, 2.353346
ShoulderRight: -0.0979678, 0.5138692, 2.71884
ElbowRight: 0.152749, 0.5641031, 2.729112
WristRight: 0.364067, 0.7149974, 2.735743
HandRight: 0.4293544, 0.7569928, 2.781412
HipLeft: -0.3084752, 0.1091059, 2.49039
KneeLeft: -0.2588305, -0.3889969, 2.435215
AnkleLeft: -0.279274, -0.6973778, 2.350787
FootLeft: -0.2518963, -0.7618293, 2.232742
HipRight: -0.1611924, 0.1106838, 2.530898
KneeRight: -0.311487, -0.2730856, 2.421747
AnkleRight: -0.2595655, -0.663509, 2.354261
FootRight: -0.2699142, -0.7566227, 2.242806
=========
HipCenter: -0.2425335, 0.180678, 2.542426
Spine: -0.261455, 0.2300633, 2.617394
ShoulderCenter: -0.2906474, 0.6109439, 2.715508
Head: -0.2717529, 0.7809878, 2.715317
ShoulderLeft: -0.4215596, 0.4622072, 2.62622
ElbowLeft: -0.4562626, 0.2086989, 2.532393
WristLeft: -0.4324828, -0.005551904, 2.390982
HandLeft: -0.4718539, -0.05100863, 2.351291
ShoulderRight: -0.0973547, 0.5141377, 2.717947
ElbowRight: 0.1540974, 0.5648058, 2.728392
WristRight: 0.3656263, 0.716274, 2.735347
HandRight: 0.4299303, 0.7573704, 2.780899
HipLeft: -0.3065232, 0.1100892, 2.490489
KneeLeft: -0.2596703, -0.3909804, 2.434635
AnkleLeft: -0.2791387, -0.6972247, 2.350781
FootLeft: -0.2519473, -0.7618632, 2.232962
HipRight: -0.1590982, 0.1104612, 2.530451
KneeRight: -0.3115942, -0.2732024, 2.421418
AnkleRight: -0.2583122, -0.6641729, 2.353574
FootRight: -0.2697603, -0.7572226, 2.242513
=========
HipCenter: -0.2411577, 0.181074, 2.542053
Spine: -0.2600969, 0.2304529, 2.616917
ShoulderCenter: -0.289427, 0.6111813, 2.714048
Head: -0.271357, 0.780369, 2.714978
ShoulderLeft: -0.4209206, 0.4625616, 2.625313
ElbowLeft: -0.456483, 0.2086158, 2.53282
WristLeft: -0.4527203, 0.003588114, 2.41242
HandLeft: -0.4701218, -0.04080711, 2.370031
ShoulderRight: -0.09632264, 0.5144971, 2.716881
ElbowRight: 0.1550096, 0.5652384, 2.727428
WristRight: 0.3668668, 0.7178537, 2.73503
HandRight: 0.4308669, 0.7586495, 2.781172
HipLeft: -0.3054436, 0.1109021, 2.490526
KneeLeft: -0.2604055, -0.3927076, 2.434133
AnkleLeft: -0.2790136, -0.6972095, 2.35076
FootLeft: -0.2519798, -0.761893, 2.23313
HipRight: -0.1579821, 0.1102078, 2.530045
KneeRight: -0.3134716, -0.2742849, 2.419634
AnkleRight: -0.2588375, -0.6658425, 2.351445
FootRight: -0.2695741, -0.7576992, 2.24235
=========
HipCenter: -0.2402746, 0.1813198, 2.541777
Spine: -0.2591406, 0.230732, 2.616569
ShoulderCenter: -0.2883201, 0.6114065, 2.712918
Head: -0.270832, 0.7800869, 2.714566
ShoulderLeft: -0.4203468, 0.4628763, 2.624522
ElbowLeft: -0.4577689, 0.2084723, 2.534988
WristLeft: -0.4626511, 0.008428693, 2.422983
HandLeft: -0.4707344, -0.03500932, 2.383123
ShoulderRight: -0.09532586, 0.5147735, 2.715919
ElbowRight: 0.1562826, 0.5661712, 2.725261
WristRight: 0.3679983, 0.7232406, 2.73517
HandRight: 0.4250194, 0.7761397, 2.78562
HipLeft: -0.3047776, 0.1114837, 2.490532
KneeLeft: -0.2610057, -0.3941653, 2.433741
AnkleLeft: -0.2789017, -0.6973084, 2.350708
FootLeft: -0.2520112, -0.7619219, 2.233279
HipRight: -0.15727, 0.109964, 2.52974
KneeRight: -0.3157398, -0.2757069, 2.417697
AnkleRight: -0.2598993, -0.6678447, 2.349146
FootRight: -0.2694086, -0.7580814, 2.242245
=========
HipCenter: -0.2396781, 0.1814881, 2.541579
Spine: -0.2584847, 0.2309386, 2.61632
ShoulderCenter: -0.2875276, 0.6116659, 2.712128
Head: -0.2701682, 0.7800913, 2.714102
ShoulderLeft: -0.419846, 0.4631538, 2.623869
ElbowLeft: -0.4593714, 0.2082594, 2.537843
WristLeft: -0.4680745, 0.01085858, 2.429372
HandLeft: -0.4712007, -0.03245469, 2.391332
ShoulderRight: -0.09439529, 0.5150289, 2.715082
ElbowRight: 0.1572046, 0.5669298, 2.723473
WristRight: 0.3349666, 0.7257409, 2.726207
HandRight: 0.3957871, 0.7900411, 2.77126
HipLeft: -0.3043471, 0.1119613, 2.490579
KneeLeft: -0.2614882, -0.3953051, 2.433434
AnkleLeft: -0.2788236, -0.6974342, 2.350658
FootLeft: -0.2520759, -0.7619158, 2.23372
HipRight: -0.1568009, 0.1097363, 2.529493
KneeRight: -0.318218, -0.2772157, 2.415798
AnkleRight: -0.2613614, -0.6699065, 2.346896
FootRight: -0.2692526, -0.7583882, 2.24224
=========
HipCenter: -0.2392548, 0.1815975, 2.541433
Spine: -0.2580287, 0.2310745, 2.616137
ShoulderCenter: -0.2869189, 0.6118713, 2.711549
Head: -0.2694598, 0.7801861, 2.713456
ShoulderLeft: -0.4194153, 0.4633756, 2.623321
ElbowLeft: -0.460786, 0.2081194, 2.54051
WristLeft: -0.4710463, 0.01223024, 2.433392
HandLeft: -0.4722307, -0.03517937, 2.396877
ShoulderRight: -0.09363696, 0.5152097, 2.714347
ElbowRight: 0.1564084, 0.5658939, 2.721153
WristRight: 0.3073145, 0.7236483, 2.719688
HandRight: 0.3609663, 0.8006486, 2.75839
HipLeft: -0.3040887, 0.1123455, 2.490644
KneeLeft: -0.2618615, -0.3962097, 2.433203
AnkleLeft: -0.278755, -0.6975821, 2.350604
FootLeft: -0.252131, -0.761909, 2.234134
HipRight: -0.1565885, 0.109451, 2.529263
KneeRight: -0.3204981, -0.2786478, 2.4141
AnkleRight: -0.2628576, -0.6718656, 2.344865
FootRight: -0.2691309, -0.7586251, 2.242246
=========
HipCenter: -0.2388049, 0.1816749, 2.541317
Spine: -0.2574786, 0.2311905, 2.615977
ShoulderCenter: -0.2861828, 0.6120473, 2.71097
Head: -0.2685519, 0.7804825, 2.712546
ShoulderLeft: -0.4189889, 0.4635757, 2.622849
ElbowLeft: -0.4620253, 0.208125, 2.543274
WristLeft: -0.4727857, 0.01325521, 2.43618
HandLeft: -0.4728291, -0.03776455, 2.400871
ShoulderRight: -0.09296443, 0.5153406, 2.713704
ElbowRight: 0.155477, 0.5648613, 2.719267
WristRight: 0.2910593, 0.7251217, 2.715543
HandRight: 0.3173732, 0.8072879, 2.734539
HipLeft: -0.3037493, 0.11263, 2.49071
KneeLeft: -0.2621494, -0.396923, 2.433025
AnkleLeft: -0.2786942, -0.6977593, 2.350544
FootLeft: -0.2521783, -0.7619014, 2.234514
HipRight: -0.1562708, 0.1091829, 2.52914
KneeRight: -0.3223811, -0.2798621, 2.412719
AnkleRight: -0.2641658, -0.6735582, 2.343191
FootRight: -0.2690269, -0.758812, 2.242261
=========
HipCenter: -0.2385048, 0.181711, 2.541222
Spine: -0.2570956, 0.2312533, 2.615841
ShoulderCenter: -0.2855675, 0.6121759, 2.710461
Head: -0.267715, 0.7807441, 2.711719
ShoulderLeft: -0.4185761, 0.4637471, 2.622434
ElbowLeft: -0.4629553, 0.2082085, 2.545705
WristLeft: -0.4737163, 0.0141151, 2.438243
HandLeft: -0.4731347, -0.03975101, 2.403491
ShoulderRight: -0.09241189, 0.5153962, 2.713082
ElbowRight: 0.1520969, 0.5623279, 2.716658
WristRight: 0.2732389, 0.7279579, 2.707776
HandRight: 0.2676418, 0.8012924, 2.703999
HipLeft: -0.3035247, 0.1128329, 2.490763
KneeLeft: -0.2623879, -0.3974897, 2.432878
AnkleLeft: -0.2786383, -0.6979498, 2.350482
FootLeft: -0.2522376, -0.7618861, 2.234897
HipRight: -0.1560986, 0.1088745, 2.529027
KneeRight: -0.3240567, -0.280953, 2.411539
AnkleRight: -0.2654155, -0.6750893, 2.341755
FootRight: -0.2689476, -0.7589592, 2.242262
=========
HipCenter: -0.2382955, 0.1817386, 2.541149
Spine: -0.2568223, 0.2313009, 2.615734
ShoulderCenter: -0.2850588, 0.6122762, 2.710001
Head: -0.266713, 0.7810848, 2.710732
ShoulderLeft: -0.4182112, 0.4638966, 2.622088
ElbowLeft: -0.4636375, 0.2084111, 2.547842
WristLeft: -0.4738061, 0.0149518, 2.439834
HandLeft: -0.4732769, -0.04003784, 2.405581
ShoulderRight: -0.09189423, 0.5153978, 2.712479
ElbowRight: 0.1471761, 0.5588804, 2.714189
WristRight: 0.2595043, 0.7301187, 2.702081
HandRight: 0.25246, 0.8141865, 2.699016
HipLeft: -0.3033848, 0.1130015, 2.490813
KneeLeft: -0.2625716, -0.3979319, 2.432765
AnkleLeft: -0.2785866, -0.6981435, 2.350423
FootLeft: -0.25227, -0.7618792, 2.235218
HipRight: -0.1560353, 0.1085459, 2.528941
KneeRight: -0.3254485, -0.2818623, 2.410582
AnkleRight: -0.2665018, -0.6763919, 2.340582
FootRight: -0.2688807, -0.7590761, 2.242268
=========
HipCenter: -0.2381507, 0.1817492, 2.541088
Spine: -0.2566263, 0.2313351, 2.615649
ShoulderCenter: -0.2845712, 0.6123814, 2.709574
Head: -0.2658139, 0.7814501, 2.709812
ShoulderLeft: -0.4177849, 0.4640541, 2.621742
ElbowLeft: -0.4641106, 0.208707, 2.549601
WristLeft: -0.4733002, 0.01579292, 2.440992
HandLeft: -0.473375, -0.04027447, 2.407117
ShoulderRight: -0.09142919, 0.5153751, 2.711912
ElbowRight: 0.1421865, 0.5556219, 2.712013
WristRight: 0.2358095, 0.7668902, 2.697591
HandRight: 0.2418973, 0.8396916, 2.706502
HipLeft: -0.3033287, 0.1131523, 2.490896
KneeLeft: -0.2627161, -0.3982731, 2.432679
AnkleLeft: -0.2785478, -0.6983255, 2.350372
FootLeft: -0.2522952, -0.7618753, 2.235502
HipRight: -0.1561687, 0.1081846, 2.528805
KneeRight: -0.3266231, -0.2826329, 2.409811
AnkleRight: -0.2674601, -0.6775159, 2.339631
FootRight: -0.2688344, -0.7591712, 2.242253
=========
HipCenter: -0.2380706, 0.1817588, 2.541036
Spine: -0.2564933, 0.231369, 2.615586
ShoulderCenter: -0.284194, 0.6125296, 2.709247
Head: -0.2650115, 0.7817808, 2.709014
ShoulderLeft: -0.4173305, 0.4642357, 2.621434
ElbowLeft: -0.4644196, 0.2089685, 2.550945
WristLeft: -0.4722388, 0.01619076, 2.441865
HandLeft: -0.47351, -0.04137771, 2.407794
ShoulderRight: -0.09061505, 0.5155078, 2.711501
ElbowRight: 0.1382845, 0.5532022, 2.710176
WristRight: 0.221373, 0.7852338, 2.694181
HandRight: 0.2309296, 0.860388, 2.707588
HipLeft: -0.3034094, 0.1133278, 2.491016
KneeLeft: -0.2628289, -0.3985385, 2.432613
AnkleLeft: -0.2785171, -0.6984957, 2.350331
FootLeft: -0.252309, -0.761874, 2.23574
HipRight: -0.1563849, 0.1078516, 2.52868
KneeRight: -0.3275905, -0.2832596, 2.409196
AnkleRight: -0.2682768, -0.6784545, 2.338869
FootRight: -0.2687988, -0.7592466, 2.242241
=========
HipCenter: -0.2380567, 0.181762, 2.540991
Spine: -0.2564006, 0.2313984, 2.615537
ShoulderCenter: -0.2838761, 0.6126842, 2.709004
Head: -0.2642586, 0.7821194, 2.708327
ShoulderLeft: -0.4168648, 0.464431, 2.621168
ElbowLeft: -0.4645949, 0.209248, 2.551953
WristLeft: -0.4709077, 0.0165693, 2.442302
HandLeft: -0.4735194, -0.04234184, 2.408041
ShoulderRight: -0.08976544, 0.5155914, 2.711062
ElbowRight: 0.1356525, 0.551596, 2.708729
WristRight: 0.2005292, 0.787076, 2.684138
HandRight: 0.2164499, 0.8706615, 2.705387
HipLeft: -0.303626, 0.1135294, 2.49122
KneeLeft: -0.2629176, -0.3987456, 2.432561
AnkleLeft: -0.2784993, -0.6986531, 2.350296
FootLeft: -0.2523284, -0.7618744, 2.235919
HipRight: -0.1567616, 0.1075452, 2.528507
KneeRight: -0.3283767, -0.2837664, 2.40871
AnkleRight: -0.2689604, -0.6792374, 2.338263
FootRight: -0.2687702, -0.7593059, 2.242232
=========
HipCenter: -0.2380741, 0.1817825, 2.540931
Spine: -0.256332, 0.2314407, 2.615477
ShoulderCenter: -0.2835154, 0.6128635, 2.708745
Head: -0.2633232, 0.7826146, 2.707624
ShoulderLeft: -0.4164157, 0.4646389, 2.620938
ElbowLeft: -0.4646519, 0.2094244, 2.552585
WristLeft: -0.4665337, 0.01381246, 2.439063
HandLeft: -0.471754, -0.04862991, 2.405874
ShoulderRight: -0.08890816, 0.5156692, 2.71055
ElbowRight: 0.1330566, 0.551079, 2.7062
WristRight: 0.1495955, 0.7910042, 2.667144
HandRight: 0.1428273, 0.8864, 2.684264
HipLeft: -0.3038684, 0.1137351, 2.491418
KneeLeft: -0.2629922, -0.3989097, 2.432513
AnkleLeft: -0.2784875, -0.6988087, 2.350262
FootLeft: -0.2523503, -0.7618738, 2.236058
HipRight: -0.1571423, 0.1073832, 2.528221
KneeRight: -0.3288516, -0.2840261, 2.408358
AnkleRight: -0.2693493, -0.6796892, 2.337822
FootRight: -0.2687397, -0.7593709, 2.242177
=========
HipCenter: -0.238114, 0.1818076, 2.540869
Spine: -0.2562806, 0.2314875, 2.615418
ShoulderCenter: -0.2831595, 0.6130643, 2.708519
Head: -0.2617087, 0.7832602, 2.706762
ShoulderLeft: -0.415967, 0.4648738, 2.620754
ElbowLeft: -0.464604, 0.2096036, 2.552991
WristLeft: -0.4627522, 0.01119444, 2.435386
HandLeft: -0.4706084, -0.05339124, 2.402627
ShoulderRight: -0.08806908, 0.5157556, 2.710012
ElbowRight: 0.1309799, 0.5505958, 2.703532
WristRight: 0.1207598, 0.7913436, 2.657218
HandRight: 0.08720371, 0.891122, 2.666661
HipLeft: -0.3041167, 0.1139348, 2.491603
KneeLeft: -0.263052, -0.3990382, 2.432474
AnkleLeft: -0.2784745, -0.6989451, 2.35024
FootLeft: -0.2523736, -0.7618663, 2.236193
HipRight: -0.1575048, 0.1072665, 2.527935
KneeRight: -0.3292245, -0.2842324, 2.408067
AnkleRight: -0.2696617, -0.6800693, 2.337454
FootRight: -0.2687204, -0.7594149, 2.242158
=========
HipCenter: -0.2381741, 0.1818425, 2.540805
Spine: -0.2562434, 0.2315422, 2.61536
ShoulderCenter: -0.2828017, 0.6132869, 2.708339
Head: -0.2601883, 0.7838371, 2.705969
ShoulderLeft: -0.4155346, 0.4651108, 2.620582
ElbowLeft: -0.4644778, 0.2097956, 2.55325
WristLeft: -0.4597932, 0.008930298, 2.432003
HandLeft: -0.4697491, -0.05691459, 2.399167
ShoulderRight: -0.08714931, 0.5158077, 2.709423
ElbowRight: 0.1296247, 0.5525545, 2.698631
WristRight: 0.0782304, 0.7854831, 2.631329
HandRight: 0.0263311, 0.8798905, 2.639043
HipLeft: -0.3043748, 0.1141408, 2.491784
KneeLeft: -0.2631009, -0.3991382, 2.432441
AnkleLeft: -0.2784633, -0.6990715, 2.35022
FootLeft: -0.2523919, -0.7618613, 2.236294
HipRight: -0.1578534, 0.1071939, 2.527635
KneeRight: -0.329527, -0.2843999, 2.407827
AnkleRight: -0.2699242, -0.6804001, 2.337146
FootRight: -0.2687188, -0.7594632, 2.242114
=========
HipCenter: -0.2382515, 0.1818796, 2.54071
Spine: -0.2562225, 0.2316082, 2.615261
ShoulderCenter: -0.2825571, 0.6134183, 2.708005
Head: -0.2589763, 0.7842952, 2.705381
ShoulderLeft: -0.4151162, 0.4653413, 2.620404
ElbowLeft: -0.4642833, 0.2099875, 2.553381
WristLeft: -0.4574592, 0.007030255, 2.428818
HandLeft: -0.4690069, -0.05949265, 2.395665
ShoulderRight: -0.08631232, 0.5158125, 2.708796
ElbowRight: 0.1284659, 0.562389, 2.688671
WristRight: 0.05803507, 0.7843499, 2.620246
HandRight: -0.005572919, 0.8687496, 2.623625
HipLeft: -0.3046116, 0.1143245, 2.491945
KneeLeft: -0.2631416, -0.3992174, 2.432412
AnkleLeft: -0.2784534, -0.6992026, 2.350203
FootLeft: -0.2524065, -0.761861, 2.236373
HipRight: -0.1581854, 0.10716, 2.52722
KneeRight: -0.3298166, -0.2845843, 2.407594
AnkleRight: -0.270196, -0.6807741, 2.336841
FootRight: -0.2686942, -0.7595145, 2.242132
=========
HipCenter: -0.2383387, 0.1819213, 2.540596
Spine: -0.2562051, 0.2316898, 2.615134
ShoulderCenter: -0.282337, 0.6135741, 2.707554
Head: -0.2578447, 0.7846546, 2.704885
ShoulderLeft: -0.4147212, 0.4655677, 2.620231
ElbowLeft: -0.4638945, 0.210216, 2.553221
WristLeft: -0.4554699, 0.01084232, 2.426763
HandLeft: -0.4672503, -0.05794918, 2.393833
ShoulderRight: -0.08550002, 0.5156919, 2.70794
ElbowRight: 0.1274668, 0.5642735, 2.683577
WristRight: 0.04501206, 0.7804855, 2.612995
HandRight: -0.02456086, 0.859879, 2.615087
HipLeft: -0.3048264, 0.1144899, 2.49209
KneeLeft: -0.2631756, -0.399279, 2.432385
AnkleLeft: -0.2784445, -0.6993015, 2.350193
FootLeft: -0.2524291, -0.7618543, 2.236469
HipRight: -0.1584886, 0.1071635, 2.526767
KneeRight: -0.3301135, -0.2847487, 2.40737
AnkleRight: -0.270487, -0.6811244, 2.336557
FootRight: -0.2686639, -0.7595633, 2.242174
=========
HipCenter: -0.2384338, 0.1819723, 2.540442
Spine: -0.2561964, 0.2317947, 2.614955
ShoulderCenter: -0.282182, 0.6137835, 2.707036
Head: -0.2565485, 0.7849966, 2.704631
ShoulderLeft: -0.4143137, 0.4657854, 2.620032
ElbowLeft: -0.4634288, 0.2104963, 2.552893
WristLeft: -0.453465, 0.01122096, 2.423265
HandLeft: -0.465311, -0.05790364, 2.39022
ShoulderRight: -0.08476847, 0.5155658, 2.707117
ElbowRight: 0.126883, 0.5651979, 2.680004
WristRight: 0.03566237, 0.7731858, 2.607467
HandRight: -0.04511614, 0.8424606, 2.607156
HipLeft: -0.3049932, 0.1146366, 2.492144
KneeLeft: -0.2632042, -0.3993278, 2.432361
AnkleLeft: -0.2784372, -0.6993969, 2.350186
FootLeft: -0.2524476, -0.7618527, 2.236537
HipRight: -0.1587376, 0.1071707, 2.526349
KneeRight: -0.3303829, -0.2848937, 2.407171
AnkleRight: -0.2707577, -0.6814494, 2.336304
FootRight: -0.2686323, -0.759608, 2.242225
=========
HipCenter: -0.238536, 0.1820342, 2.540195
Spine: -0.2561736, 0.2319401, 2.614647
ShoulderCenter: -0.281992, 0.6140811, 2.706152
Head: -0.2553707, 0.7852799, 2.704449
ShoulderLeft: -0.4138932, 0.4659944, 2.619814
ElbowLeft: -0.4629172, 0.2108534, 2.552445
WristLeft: -0.4518617, 0.01104369, 2.420289
HandLeft: -0.4638277, -0.05811286, 2.387207
ShoulderRight: -0.08418503, 0.5153804, 2.706107
ElbowRight: 0.1263261, 0.5658737, 2.677167
WristRight: 0.01404115, 0.7504355, 2.597812
HandRight: -0.07144581, 0.8009865, 2.592569
HipLeft: -0.3051272, 0.1147729, 2.492155
KneeLeft: -0.2632277, -0.3993716, 2.432337
AnkleLeft: -0.2784318, -0.6994858, 2.350181
FootLeft: -0.2524603, -0.7618492, 2.23659
HipRight: -0.1589576, 0.1071945, 2.52592
KneeRight: -0.330631, -0.2850231, 2.406986
AnkleRight: -0.2710111, -0.6817536, 2.336073
FootRight: -0.2685976, -0.7596456, 2.242275
=========
HipCenter: -0.2385923, 0.1821233, 2.539919
Spine: -0.256108, 0.232139, 2.614272
ShoulderCenter: -0.2817137, 0.6144571, 2.705059
Head: -0.2501354, 0.7865785, 2.704087
ShoulderLeft: -0.4133978, 0.4662128, 2.619547
ElbowLeft: -0.4623691, 0.2111942, 2.551844
WristLeft: -0.4506688, 0.01056235, 2.417781
HandLeft: -0.4627333, -0.05837508, 2.38468
ShoulderRight: -0.08325991, 0.5150329, 2.705112
ElbowRight: 0.1262393, 0.5662016, 2.675009
WristRight: -0.00519691, 0.7384172, 2.590282
HandRight: -0.08187421, 0.7842045, 2.58677
HipLeft: -0.3052219, 0.1149068, 2.492137
KneeLeft: -0.2632496, -0.3994082, 2.432311
AnkleLeft: -0.2784272, -0.699569, 2.350177
FootLeft: -0.2524691, -0.7618482, 2.236627
HipRight: -0.1590681, 0.1072225, 2.525548
KneeRight: -0.330883, -0.2851248, 2.406803
AnkleRight: -0.271266, -0.6820194, 2.335851
FootRight: -0.2685766, -0.7596747, 2.242274
=========
HipCenter: -0.2386463, 0.1823276, 2.53956
Spine: -0.2560273, 0.2324447, 2.613801
ShoulderCenter: -0.281328, 0.6147794, 2.703747
Head: -0.2439509, 0.7881063, 2.70311
ShoulderLeft: -0.4129421, 0.4664138, 2.619301
ElbowLeft: -0.4617392, 0.2114536, 2.550986
WristLeft: -0.4498481, 0.0101025, 2.415875
HandLeft: -0.4618587, -0.05852833, 2.382694
ShoulderRight: -0.08203193, 0.514826, 2.704333
ElbowRight: 0.1267214, 0.5661564, 2.673081
WristRight: -0.01497204, 0.731401, 2.586358
HandRight: -0.08891919, 0.7749307, 2.583242
HipLeft: -0.3053201, 0.115105, 2.492097
KneeLeft: -0.2632751, -0.3994418, 2.432275
AnkleLeft: -0.2784234, -0.6996418, 2.350176
FootLeft: -0.2524811, -0.7618456, 2.236664
HipRight: -0.1591363, 0.1073231, 2.52507
KneeRight: -0.3311273, -0.2852153, 2.406628
AnkleRight: -0.2715136, -0.6822692, 2.335643
FootRight: -0.2685476, -0.759709, 2.242345
=========
HipCenter: -0.2386529, 0.1826792, 2.539072
Spine: -0.255874, 0.2328889, 2.613188
ShoulderCenter: -0.2808191, 0.6150765, 2.702316
Head: -0.2390865, 0.7891389, 2.701175
ShoulderLeft: -0.4125346, 0.4665923, 2.619075
ElbowLeft: -0.4611141, 0.2124479, 2.550412
WristLeft: -0.4493689, 0.01042624, 2.414809
HandLeft: -0.4609574, -0.05754331, 2.381522
ShoulderRight: -0.08069471, 0.514762, 2.703689
ElbowRight: 0.1276164, 0.5656815, 2.671436
WristRight: -0.04236259, 0.7222749, 2.583446
HandRight: -0.09859686, 0.7672303, 2.581269
HipLeft: -0.3054077, 0.1153561, 2.492007
KneeLeft: -0.2632983, -0.3994694, 2.432236
AnkleLeft: -0.2784146, -0.6997058, 2.350178
FootLeft: -0.2525042, -0.7618433, 2.2367
HipRight: -0.1590922, 0.1075261, 2.524462
KneeRight: -0.331364, -0.2853007, 2.406459
AnkleRight: -0.2717537, -0.6825111, 2.335444
FootRight: -0.2685246, -0.7597428, 2.242411
=========
HipCenter: -0.238659, 0.1830044, 2.538607
Spine: -0.2557417, 0.2332982, 2.612597
ShoulderCenter: -0.2803104, 0.6152446, 2.700763
Head: -0.2357461, 0.7898086, 2.69981
ShoulderLeft: -0.4121547, 0.4667445, 2.618856
ElbowLeft: -0.4605795, 0.2134341, 2.549918
WristLeft: -0.4490729, 0.01040808, 2.414005
HandLeft: -0.4604775, -0.05725306, 2.380588
ShoulderRight: -0.07949637, 0.5147229, 2.703182
ElbowRight: 0.1284694, 0.5652003, 2.670022
WristRight: -0.05347861, 0.7182478, 2.582037
HandRight: -0.1048179, 0.7622545, 2.580043
HipLeft: -0.3054795, 0.1155718, 2.491853
KneeLeft: -0.2633169, -0.3994908, 2.432197
AnkleLeft: -0.2784058, -0.6997522, 2.350184
FootLeft: -0.2525256, -0.7618405, 2.236731
HipRight: -0.1590716, 0.1076412, 2.523981
KneeRight: -0.3315886, -0.2853869, 2.406294
AnkleRight: -0.271983, -0.682753, 2.33525
FootRight: -0.2685082, -0.7597679, 2.242444
=========
HipCenter: -0.2386347, 0.1832951, 2.538164
Spine: -0.2555837, 0.2336669, 2.612039
ShoulderCenter: -0.279619, 0.6154135, 2.69939
Head: -0.2334085, 0.7901883, 2.698739
ShoulderLeft: -0.4117672, 0.4668953, 2.618621
ElbowLeft: -0.4600584, 0.2149991, 2.549615
WristLeft: -0.4488889, 0.01026326, 2.413329
HandLeft: -0.4601406, -0.05710183, 2.379853
ShoulderRight: -0.07845039, 0.5147039, 2.702777
ElbowRight: 0.1292691, 0.5646306, 2.668886
WristRight: -0.0607384, 0.7150736, 2.58143
HandRight: -0.1096272, 0.7584356, 2.579683
HipLeft: -0.3055246, 0.1157499, 2.491688
KneeLeft: -0.2633338, -0.3995076, 2.432155
AnkleLeft: -0.278398, -0.6997905, 2.350189
FootLeft: -0.2525612, -0.7618385, 2.236752
HipRight: -0.1590289, 0.1077432, 2.523546
KneeRight: -0.3318338, -0.2854359, 2.406121
AnkleRight: -0.2722211, -0.6829463, 2.335059
FootRight: -0.2696394, -0.760178, 2.239772
=========
HipCenter: -0.2386056, 0.1835539, 2.537767
Spine: -0.2554449, 0.2339862, 2.611548
ShoulderCenter: -0.279072, 0.6155408, 2.698306
Head: -0.2321233, 0.7903476, 2.697827
ShoulderLeft: -0.4113671, 0.4670464, 2.618366
ElbowLeft: -0.4596652, 0.216267, 2.549386
WristLeft: -0.4488152, 0.0099652, 2.412802
HandLeft: -0.4594584, -0.05731959, 2.37965
ShoulderRight: -0.07752798, 0.5147455, 2.70247
ElbowRight: 0.1286726, 0.5709949, 2.664113
WristRight: -0.06578694, 0.7127555, 2.581118
HandRight: -0.1133182, 0.7556664, 2.57976
HipLeft: -0.305556, 0.1159064, 2.491522
KneeLeft: -0.2633497, -0.3995193, 2.432113
AnkleLeft: -0.278381, -0.6998307, 2.3502
FootLeft: -0.2525877, -0.7618384, 2.236757
HipRight: -0.1589792, 0.107832, 2.523166
KneeRight: -0.3320652, -0.2854783, 2.405946
AnkleRight: -0.272444, -0.6831281, 2.334869
FootRight: -0.2700185, -0.7603518, 2.238757
=========
HipCenter: -0.2385533, 0.1838001, 2.537356
Spine: -0.2552923, 0.2342842, 2.611051
ShoulderCenter: -0.2785813, 0.6156496, 2.697367
Head: -0.2316831, 0.7902641, 2.696766
ShoulderLeft: -0.4110024, 0.4671777, 2.618127
ElbowLeft: -0.4593697, 0.2171801, 2.549185
WristLeft: -0.4488186, 0.009533936, 2.412344
HandLeft: -0.4585201, -0.05778415, 2.379694
ShoulderRight: -0.07675538, 0.5147966, 2.702237
ElbowRight: 0.1288628, 0.571825, 2.662983
WristRight: -0.06910884, 0.7112507, 2.581176
HandRight: -0.1159708, 0.7538684, 2.580083
HipLeft: -0.3055727, 0.1160454, 2.491356
KneeLeft: -0.2633654, -0.3995227, 2.432058
AnkleLeft: -0.2783621, -0.6998658, 2.350211
FootLeft: -0.2526144, -0.7618386, 2.236758
HipRight: -0.1588823, 0.1079383, 2.522703
KneeRight: -0.3322227, -0.2854995, 2.405791
AnkleRight: -0.2725913, -0.6832694, 2.334699
FootRight: -0.2702328, -0.7604604, 2.238112
=========
HipCenter: -0.2384848, 0.1840457, 2.536879
Spine: -0.2551512, 0.2345685, 2.610515
ShoulderCenter: -0.2782527, 0.6157773, 2.69659
Head: -0.2316195, 0.7901731, 2.695868
ShoulderLeft: -0.4106432, 0.467209, 2.617801
ElbowLeft: -0.4591533, 0.2176911, 2.548943
WristLeft: -0.4488677, 0.009114515, 2.41199
HandLeft: -0.457987, -0.05806832, 2.379669
ShoulderRight: -0.07612239, 0.5148485, 2.702049
ElbowRight: 0.1290189, 0.5724111, 2.662183
WristRight: -0.07084138, 0.7111419, 2.58111
HandRight: -0.1178722, 0.753161, 2.580284
HipLeft: -0.3055824, 0.1161891, 2.49108
KneeLeft: -0.2633821, -0.3995234, 2.431995
AnkleLeft: -0.2783463, -0.6998964, 2.350219
FootLeft: -0.2526413, -0.7618405, 2.236754
HipRight: -0.1587226, 0.1080524, 2.522172
KneeRight: -0.3323645, -0.2855194, 2.405636
AnkleRight: -0.2727227, -0.6834066, 2.33453
FootRight: -0.2703537, -0.7605293, 2.237762
=========
HipCenter: -0.2384373, 0.1842329, 2.536404
Spine: -0.2550568, 0.2347904, 2.610013
ShoulderCenter: -0.2781814, 0.6159711, 2.696034
Head: -0.2320271, 0.7900338, 2.695092
ShoulderLeft: -0.4103149, 0.4671792, 2.61744
ElbowLeft: -0.4583279, 0.2160283, 2.546406
WristLeft: -0.4489315, 0.008700536, 2.411704
HandLeft: -0.4574956, -0.05823512, 2.379509
ShoulderRight: -0.07563136, 0.5148997, 2.701906
ElbowRight: 0.1295326, 0.5717128, 2.662184
WristRight: -0.05297933, 0.7194077, 2.578908
HandRight: -0.09851528, 0.7605016, 2.577436
HipLeft: -0.3055915, 0.1162873, 2.490848
KneeLeft: -0.263399, -0.3995193, 2.431928
AnkleLeft: -0.2783321, -0.6999236, 2.350225
FootLeft: -0.2526705, -0.7618462, 2.23673
HipRight: -0.1585584, 0.1081733, 2.521444
KneeRight: -0.3324919, -0.2855354, 2.405488
AnkleRight: -0.2728393, -0.6835356, 2.334368
FootRight: -0.2703611, -0.7605771, 2.237594
=========
HipCenter: -0.2383801, 0.184406, 2.535883
Spine: -0.2549153, 0.2349954, 2.609472
ShoulderCenter: -0.2781546, 0.6161165, 2.695434
Head: -0.2328751, 0.7898181, 2.694476
ShoulderLeft: -0.4101233, 0.4671696, 2.617161
ElbowLeft: -0.4580851, 0.2157758, 2.545705
WristLeft: -0.4490329, 0.008115248, 2.411315
HandLeft: -0.4571004, -0.05846266, 2.379332
ShoulderRight: -0.07563231, 0.5149935, 2.701255
ElbowRight: 0.1291781, 0.5703198, 2.662739
WristRight: -0.04034085, 0.7287394, 2.578512
HandRight: -0.08621023, 0.7651509, 2.57555
HipLeft: -0.3055913, 0.1163709, 2.490581
KneeLeft: -0.2634158, -0.3995135, 2.431858
AnkleLeft: -0.278319, -0.6999484, 2.350231
FootLeft: -0.252694, -0.7618533, 2.236703
HipRight: -0.1583807, 0.1083324, 2.520703
KneeRight: -0.3322522, -0.2845084, 2.405289
AnkleRight: -0.2726071, -0.6828706, 2.334186
FootRight: -0.2703095, -0.7606083, 2.237537
=========
HipCenter: -0.2383241, 0.1845155, 2.535347
Spine: -0.2547677, 0.2351457, 2.608954
ShoulderCenter: -0.2781657, 0.6162496, 2.69494
Head: -0.2352462, 0.7892959, 2.693793
ShoulderLeft: -0.409912, 0.4670997, 2.616805
ElbowLeft: -0.457894, 0.2155082, 2.54512
WristLeft: -0.449718, 0.01555568, 2.414125
HandLeft: -0.4563117, -0.05696444, 2.379795
ShoulderRight: -0.07649758, 0.5150222, 2.699688
ElbowRight: 0.1273034, 0.5713609, 2.66271
WristRight: -0.01327722, 0.7365119, 2.579222
HandRight: -0.07599348, 0.7689341, 2.573975
HipLeft: -0.3055784, 0.1164276, 2.490356
KneeLeft: -0.2634248, -0.3995072, 2.431791
AnkleLeft: -0.2783072, -0.6999693, 2.350237
FootLeft: -0.2527271, -0.7618548, 2.23669
HipRight: -0.1582402, 0.1085439, 2.519859
KneeRight: -0.3318836, -0.2829097, 2.405134
AnkleRight: -0.2722382, -0.6817039, 2.334041
FootRight: -0.2701804, -0.7606432, 2.237718
=========
HipCenter: -0.2382844, 0.1846252, 2.534835
Spine: -0.2546421, 0.2352761, 2.608477
ShoulderCenter: -0.2781824, 0.6163423, 2.694535
Head: -0.2366768, 0.7888321, 2.693352
ShoulderLeft: -0.4098039, 0.4669409, 2.61644
ElbowLeft: -0.45756, 0.2149299, 2.544168
WristLeft: -0.4498158, 0.01657766, 2.414412
HandLeft: -0.4555941, -0.05591147, 2.379859
ShoulderRight: -0.07705785, 0.5150809, 2.698627
ElbowRight: 0.1264244, 0.5713466, 2.662933
WristRight: 0.00973461, 0.7409461, 2.580681
HandRight: -0.05864805, 0.7783576, 2.571735
HipLeft: -0.3055797, 0.1164709, 2.490159
KneeLeft: -0.26343, -0.3994978, 2.43172
AnkleLeft: -0.278253, -0.700032, 2.350237
FootLeft: -0.2527289, -0.761876, 2.236628
HipRight: -0.1580967, 0.1088678, 2.51888
KneeRight: -0.3313135, -0.2809685, 2.405041
AnkleRight: -0.2716662, -0.680195, 2.333949
FootRight: -0.2700277, -0.7606738, 2.237957
=========
HipCenter: -0.2383401, 0.1846524, 2.534221
Spine: -0.2545884, 0.2353338, 2.607977
ShoulderCenter: -0.2782684, 0.6164265, 2.694243
Head: -0.2387088, 0.7880747, 2.693171
ShoulderLeft: -0.4097266, 0.466779, 2.616108
ElbowLeft: -0.4571703, 0.2142659, 2.543211
WristLeft: -0.4498959, 0.01782295, 2.414752
HandLeft: -0.454751, -0.05417052, 2.379874
ShoulderRight: -0.07781532, 0.5150589, 2.697419
ElbowRight: 0.1254386, 0.5710313, 2.663277
WristRight: 0.026787, 0.7450003, 2.582261
HandRight: -0.03923989, 0.7991581, 2.575404
HipLeft: -0.3056175, 0.116485, 2.489925
KneeLeft: -0.2634288, -0.3994874, 2.43165
AnkleLeft: -0.2781948, -0.7000965, 2.350236
FootLeft: -0.2527255, -0.7619027, 2.236539
HipRight: -0.1580968, 0.1091622, 2.517844
KneeRight: -0.3307438, -0.2791383, 2.404962
AnkleRight: -0.2710861, -0.6787385, 2.333869
FootRight: -0.2698492, -0.7606866, 2.238248
=========
HipCenter: -0.2384039, 0.184654, 2.533627
Spine: -0.254556, 0.2353652, 2.607482
ShoulderCenter: -0.2784284, 0.6164988, 2.69393
Head: -0.240574, 0.7873578, 2.693185
ShoulderLeft: -0.4096586, 0.4666254, 2.615814
ElbowLeft: -0.4568832, 0.2139495, 2.542627
WristLeft: -0.4498915, 0.01873337, 2.414974
HandLeft: -0.4540217, -0.05256876, 2.379883
ShoulderRight: -0.07848568, 0.5150319, 2.696409
ElbowRight: 0.1247549, 0.5713505, 2.663264
WristRight: 0.03822409, 0.750348, 2.583361
HandRight: 0.002908097, 0.8098444, 2.580111
HipLeft: -0.3056548, 0.1164886, 2.48971
KneeLeft: -0.263415, -0.3994809, 2.43158
AnkleLeft: -0.2781417, -0.7001646, 2.350218
FootLeft: -0.2527117, -0.761942, 2.23642
HipRight: -0.1581142, 0.1094514, 2.516869
KneeRight: -0.3301746, -0.2774746, 2.404928
AnkleRight: -0.2704999, -0.677387, 2.33383
FootRight: -0.2696671, -0.7606934, 2.238566
=========
HipCenter: -0.2385487, 0.184553, 2.532976
Spine: -0.2545934, 0.2353172, 2.606962
ShoulderCenter: -0.2786358, 0.6165572, 2.693669
Head: -0.2444184, 0.7863411, 2.693745
ShoulderLeft: -0.4096071, 0.4664859, 2.615566
ElbowLeft: -0.4566345, 0.2136772, 2.54215
WristLeft: -0.4498646, 0.01946131, 2.415139
HandLeft: -0.4534245, -0.05121968, 2.379889
ShoulderRight: -0.07905924, 0.5150039, 2.695584
ElbowRight: 0.1243933, 0.5713873, 2.663281
WristRight: 0.04682184, 0.7543261, 2.584633
HandRight: 0.01878426, 0.8180183, 2.582716
HipLeft: -0.3057199, 0.1164528, 2.489501
KneeLeft: -0.2633996, -0.3994705, 2.431507
AnkleLeft: -0.2780896, -0.7002303, 2.350198
FootLeft: -0.2526985, -0.761982, 2.236307
HipRight: -0.1582578, 0.1096529, 2.515823
KneeRight: -0.3298887, -0.2767734, 2.404831
AnkleRight: -0.2701969, -0.6768506, 2.333733
FootRight: -0.2694831, -0.7606953, 2.238897
=========
HipCenter: -0.2387462, 0.1842915, 2.532232
Spine: -0.2546631, 0.2351441, 2.606367
ShoulderCenter: -0.2788227, 0.6165866, 2.693432
Head: -0.2481284, 0.7856049, 2.694221
ShoulderLeft: -0.4095662, 0.4663606, 2.615354
ElbowLeft: -0.4564273, 0.2134623, 2.541782
WristLeft: -0.4498778, 0.02013425, 2.415365
HandLeft: -0.452897, -0.05009042, 2.379912
ShoulderRight: -0.07962149, 0.5149684, 2.694802
ElbowRight: 0.123972, 0.5694489, 2.663779
WristRight: 0.07777596, 0.7652963, 2.586648
HandRight: 0.04524127, 0.8366647, 2.586266
HipLeft: -0.3058052, 0.1163624, 2.489289
KneeLeft: -0.2633816, -0.3994806, 2.431419
AnkleLeft: -0.2780043, -0.7003083, 2.350183
FootLeft: -0.2526886, -0.7620245, 2.236194
HipRight: -0.158484, 0.1097198, 2.514743
KneeRight: -0.3297004, -0.2763602, 2.404727
AnkleRight: -0.2699797, -0.6765762, 2.333611
FootRight: -0.2692894, -0.7606992, 2.239203
=========
HipCenter: -0.2389543, 0.1839985, 2.531564
Spine: -0.254751, 0.2349158, 2.605826
ShoulderCenter: -0.2792356, 0.6167204, 2.693481
Head: -0.2512666, 0.785081, 2.69471
ShoulderLeft: -0.4095267, 0.4662836, 2.615201
ElbowLeft: -0.4562748, 0.2133181, 2.541526
WristLeft: -0.449884, 0.0200913, 2.415256
HandLeft: -0.4525971, -0.04965359, 2.380007
ShoulderRight: -0.08011996, 0.514963, 2.694119
ElbowRight: 0.1239498, 0.5680276, 2.664216
WristRight: 0.09411788, 0.770705, 2.588816
HandRight: 0.05983162, 0.8531201, 2.589804
HipLeft: -0.3058919, 0.1162611, 2.489102
KneeLeft: -0.2633614, -0.3994955, 2.431333
AnkleLeft: -0.2779181, -0.7003793, 2.350172
FootLeft: -0.252654, -0.7620747, 2.236059
HipRight: -0.1587308, 0.1097334, 2.513787
KneeRight: -0.3295759, -0.2761976, 2.40459
AnkleRight: -0.2698254, -0.6765559, 2.333452
FootRight: -0.2691158, -0.7606961, 2.239484
=========
HipCenter: -0.2391452, 0.1837029, 2.53098
Spine: -0.254831, 0.2346787, 2.605349
ShoulderCenter: -0.279625, 0.6168237, 2.693539
Head: -0.2537234, 0.7846862, 2.695026
ShoulderLeft: -0.4094965, 0.4662204, 2.615078
ElbowLeft: -0.4561607, 0.2132268, 2.541369
WristLeft: -0.4499365, 0.02019628, 2.415276
HandLeft: -0.4524268, -0.04929839, 2.380159
ShoulderRight: -0.08060665, 0.5150338, 2.693482
ElbowRight: 0.1241908, 0.5675837, 2.664496
WristRight: 0.1292051, 0.7765131, 2.605278
HandRight: 0.1011708, 0.8709731, 2.612085
HipLeft: -0.3059737, 0.1161407, 2.488935
KneeLeft: -0.2633403, -0.3995119, 2.431252
AnkleLeft: -0.2778146, -0.7004606, 2.350153
FootLeft: -0.2526174, -0.7621223, 2.235948
HipRight: -0.1589546, 0.1097173, 2.512993
KneeRight: -0.3295285, -0.2762472, 2.404419
AnkleRight: -0.2697483, -0.6767413, 2.33326
FootRight: -0.2689825, -0.7606987, 2.239734
=========
HipCenter: -0.2393053, 0.183459, 2.530508
Spine: -0.2548992, 0.2344748, 2.604955
ShoulderCenter: -0.279874, 0.6168771, 2.69355
Head: -0.2557274, 0.7844679, 2.695356
ShoulderLeft: -0.4094772, 0.4661729, 2.614989
ElbowLeft: -0.4560481, 0.2131866, 2.541331
WristLeft: -0.4500291, 0.01999689, 2.415251
HandLeft: -0.4523428, -0.04904139, 2.380334
ShoulderRight: -0.08077714, 0.5155728, 2.693144
ElbowRight: 0.1252131, 0.5677324, 2.664817
WristRight: 0.1457563, 0.7801735, 2.613231
HandRight: 0.1178363, 0.9085712, 2.631239
HipLeft: -0.30605, 0.1160289, 2.488836
KneeLeft: -0.263321, -0.3995274, 2.431173
AnkleLeft: -0.2777369, -0.7005296, 2.350132
FootLeft: -0.2525834, -0.7621663, 2.235871
HipRight: -0.1591456, 0.1097064, 2.512296
KneeRight: -0.3295744, -0.2765113, 2.404202
AnkleRight: -0.2697637, -0.6771358, 2.33302
FootRight: -0.2688604, -0.7607083, 2.239938
=========
HipCenter: -0.2394416, 0.1832386, 2.530119
Spine: -0.2549471, 0.2342908, 2.604632
ShoulderCenter: -0.2800495, 0.6169357, 2.69358
Head: -0.2571727, 0.7843569, 2.695584
ShoulderLeft: -0.4094627, 0.4661366, 2.614921
ElbowLeft: -0.4559499, 0.2131708, 2.541343
WristLeft: -0.4501705, 0.0193521, 2.415153
HandLeft: -0.4523228, -0.04894029, 2.380455
ShoulderRight: -0.08095749, 0.5161167, 2.692778
ElbowRight: 0.1272812, 0.5690171, 2.665066
WristRight: 0.1587074, 0.7861264, 2.620535
HandRight: 0.1458513, 0.9110361, 2.640757
HipLeft: -0.3061199, 0.1159134, 2.488767
KneeLeft: -0.2633038, -0.39954, 2.431097
AnkleLeft: -0.2776645, -0.7005978, 2.350109
FootLeft: -0.2525724, -0.7621852, 2.235834
HipRight: -0.159311, 0.1096881, 2.511725
KneeRight: -0.3296607, -0.2768585, 2.403999
AnkleRight: -0.2698202, -0.6776014, 2.332796
FootRight: -0.2687627, -0.7607176, 2.240103
=========
HipCenter: -0.2395588, 0.1830362, 2.529802
Spine: -0.2549873, 0.2341156, 2.604367
ShoulderCenter: -0.2802252, 0.6170077, 2.693684
Head: -0.2582485, 0.7843013, 2.695778
ShoulderLeft: -0.4094515, 0.4661075, 2.614866
ElbowLeft: -0.4558692, 0.2131696, 2.541387
WristLeft: -0.4504681, 0.01758332, 2.414886
HandLeft: -0.452612, -0.04943606, 2.380555
ShoulderRight: -0.08110605, 0.5166194, 2.692469
ElbowRight: 0.1313599, 0.572107, 2.665489
WristRight: 0.1872004, 0.7979071, 2.636642
HandRight: 0.1888237, 0.9057679, 2.653538
HipLeft: -0.3061846, 0.1157997, 2.488716
KneeLeft: -0.2632878, -0.3995531, 2.431026
AnkleLeft: -0.2776113, -0.7006429, 2.350095
FootLeft: -0.2525642, -0.7622001, 2.235807
HipRight: -0.1594531, 0.1096574, 2.511263
KneeRight: -0.3298613, -0.2773329, 2.403786
AnkleRight: -0.2699914, -0.6781837, 2.332566
FootRight: -0.2686676, -0.7607276, 2.240252
=========
HipCenter: -0.2396638, 0.1828534, 2.529547
Spine: -0.2550257, 0.2339537, 2.604156
ShoulderCenter: -0.2804179, 0.6170833, 2.693841
Head: -0.2590951, 0.7842839, 2.695985
ShoulderLeft: -0.4094442, 0.4660861, 2.614824
ElbowLeft: -0.4558215, 0.2132226, 2.541599
WristLeft: -0.4507579, 0.01709833, 2.415213
HandLeft: -0.4529623, -0.04925652, 2.380991
ShoulderRight: -0.08125463, 0.5170664, 2.69218
ElbowRight: 0.1362107, 0.5759013, 2.666233
WristRight: 0.1994278, 0.8019561, 2.643323
HandRight: 0.2110132, 0.9026545, 2.659483
HipLeft: -0.3062461, 0.1156897, 2.48868
KneeLeft: -0.2632757, -0.3995653, 2.43096
AnkleLeft: -0.2775629, -0.7006821, 2.35008
FootLeft: -0.2525569, -0.7622136, 2.23579
HipRight: -0.1595773, 0.109618, 2.510902
KneeRight: -0.3300951, -0.2778276, 2.403586
AnkleRight: -0.2701969, -0.6787744, 2.33235
FootRight: -0.2685874, -0.7607362, 2.240362
=========
HipCenter: -0.2397717, 0.1826844, 2.529331
Spine: -0.2550729, 0.2338044, 2.60398
ShoulderCenter: -0.2806182, 0.6171633, 2.694018
Head: -0.2597571, 0.7843002, 2.696177
ShoulderLeft: -0.4094383, 0.4660677, 2.614787
ElbowLeft: -0.4557927, 0.2132768, 2.541847
WristLeft: -0.4511118, 0.01565765, 2.415544
HandLeft: -0.4534578, -0.0501114, 2.381855
ShoulderRight: -0.08139089, 0.5175096, 2.691926
ElbowRight: 0.1396647, 0.5773098, 2.666811
WristRight: 0.2334787, 0.8097159, 2.653946
HandRight: 0.2553968, 0.8916306, 2.664648
HipLeft: -0.3063157, 0.1155824, 2.488654
KneeLeft: -0.2632648, -0.3995763, 2.430899
AnkleLeft: -0.2775218, -0.7007113, 2.350074
FootLeft: -0.2525546, -0.7622259, 2.235785
HipRight: -0.1597061, 0.1095691, 2.510595
KneeRight: -0.3303426, -0.2783321, 2.403397
AnkleRight: -0.2704175, -0.6793649, 2.332148
FootRight: -0.2685305, -0.7607425, 2.240449
=========
HipCenter: -0.2398819, 0.1825198, 2.529154
Spine: -0.255117, 0.2336617, 2.603841
ShoulderCenter: -0.2808679, 0.6173697, 2.694432
Head: -0.2603207, 0.7843224, 2.696326
ShoulderLeft: -0.4094402, 0.466055, 2.61476
ElbowLeft: -0.4557855, 0.2133272, 2.542119
WristLeft: -0.4515303, 0.01504976, 2.416279
HandLeft: -0.4541767, -0.05035086, 2.382927
ShoulderRight: -0.08163973, 0.5178939, 2.691588
ElbowRight: 0.1419561, 0.5779245, 2.667289
WristRight: 0.2481427, 0.8112994, 2.657945
HandRight: 0.2771077, 0.8870468, 2.667456
HipLeft: -0.3063961, 0.1154714, 2.488642
KneeLeft: -0.2632614, -0.3995833, 2.430839
AnkleLeft: -0.2774841, -0.7007344, 2.35007
FootLeft: -0.2525527, -0.7622379, 2.235791
HipRight: -0.1598389, 0.1095093, 2.510338
KneeRight: -0.3305866, -0.2788172, 2.403229
AnkleRight: -0.2706363, -0.6799273, 2.331966
FootRight: -0.2684808, -0.7607477, 2.240523
=========
HipCenter: -0.2400284, 0.1823145, 2.529017
Spine: -0.2551839, 0.2335024, 2.603743
ShoulderCenter: -0.2811147, 0.6175907, 2.694891
Head: -0.2609546, 0.7843783, 2.696449
ShoulderLeft: -0.4094445, 0.4660457, 2.614738
ElbowLeft: -0.4558072, 0.2133653, 2.542387
WristLeft: -0.451896, 0.01378504, 2.416893
HandLeft: -0.4550586, -0.05103965, 2.383675
ShoulderRight: -0.08189197, 0.518245, 2.691286
ElbowRight: 0.1441288, 0.5783027, 2.667814
WristRight: 0.2821741, 0.7895705, 2.660388
HandRight: 0.3185718, 0.8686181, 2.672625
HipLeft: -0.3065218, 0.1153033, 2.488665
KneeLeft: -0.2632601, -0.3995892, 2.430785
AnkleLeft: -0.27745, -0.7007538, 2.350068
FootLeft: -0.2525839, -0.762227, 2.23593
HipRight: -0.1600222, 0.1094106, 2.510133
KneeRight: -0.330819, -0.2792893, 2.403079
AnkleRight: -0.2708451, -0.6804706, 2.331805
FootRight: -0.2684322, -0.7607529, 2.240583
=========
HipCenter: -0.2401497, 0.1821674, 2.528951
Spine: -0.2552443, 0.2333784, 2.603691
ShoulderCenter: -0.2813297, 0.6177604, 2.695299
Head: -0.2615212, 0.7844363, 2.696597
ShoulderLeft: -0.4094649, 0.4660387, 2.614718
ElbowLeft: -0.4558484, 0.213392, 2.542661
WristLeft: -0.4520547, 0.01239329, 2.41733
HandLeft: -0.4562251, -0.0519383, 2.384216
ShoulderRight: -0.08214109, 0.5186306, 2.691056
ElbowRight: 0.1495731, 0.5805355, 2.668463
WristRight: 0.3071895, 0.7772477, 2.661176
HandRight: 0.363335, 0.8499023, 2.681348
HipLeft: -0.3066542, 0.1151258, 2.488711
KneeLeft: -0.2632615, -0.3995928, 2.430739
AnkleLeft: -0.2774168, -0.7007701, 2.350068
FootLeft: -0.2526207, -0.7622126, 2.236078
HipRight: -0.1601441, 0.1093791, 2.510044
KneeRight: -0.3300238, -0.2768124, 2.403849
AnkleRight: -0.2700031, -0.6781307, 2.332547
FootRight: -0.2683934, -0.7607556, 2.240632
=========
HipCenter: -0.2402566, 0.1820642, 2.528928
Spine: -0.2552969, 0.2332845, 2.603672
ShoulderCenter: -0.281464, 0.6178716, 2.695646
Head: -0.2621865, 0.7845161, 2.696812
ShoulderLeft: -0.4094895, 0.4660335, 2.614701
ElbowLeft: -0.4559001, 0.2134041, 2.542916
WristLeft: -0.4521366, 0.01104501, 2.417582
HandLeft: -0.4573632, -0.05289132, 2.384547
ShoulderRight: -0.08231966, 0.5193264, 2.690967
ElbowRight: 0.1548143, 0.5829692, 2.668992
WristRight: 0.3251575, 0.767776, 2.661988
HandRight: 0.3862022, 0.8400286, 2.685739
HipLeft: -0.3068037, 0.1149412, 2.488786
KneeLeft: -0.2632609, -0.3996039, 2.430704
AnkleLeft: -0.2773872, -0.7007843, 2.350067
FootLeft: -0.25265, -0.7622033, 2.236221
HipRight: -0.1602588, 0.1093849, 2.510012
KneeRight: -0.2468523, -0.2834722, 2.422662
AnkleRight: -0.1933646, -0.6844368, 2.349813
FootRight: -0.2553322, -0.7532098, 2.253534
=========
HipCenter: -0.2403589, 0.1819737, 2.528931
Spine: -0.2553446, 0.2331941, 2.603679
ShoulderCenter: -0.2815597, 0.6179813, 2.69614
Head: -0.2629405, 0.7845822, 2.697165
ShoulderLeft: -0.409536, 0.4660432, 2.614693
ElbowLeft: -0.4559598, 0.2134123, 2.543153
WristLeft: -0.4522232, 0.009702313, 2.41772
HandLeft: -0.4586154, -0.05389132, 2.384678
ShoulderRight: -0.08258618, 0.5199385, 2.690813
ElbowRight: 0.1584201, 0.5846829, 2.669266
WristRight: 0.3623795, 0.7512675, 2.659515
HandRight: 0.431714, 0.8154363, 2.693785
HipLeft: -0.3069642, 0.1147444, 2.488882
KneeLeft: -0.2632618, -0.399612, 2.430677
AnkleLeft: -0.2773615, -0.700796, 2.350067
FootLeft: -0.2526641, -0.7622071, 2.236348
HipRight: -0.1603722, 0.1094099, 2.510016
KneeRight: -0.2040828, -0.2866388, 2.432834
AnkleRight: -0.1578291, -0.6872643, 2.358118
FootRight: -0.248432, -0.7486925, 2.26026
=========
HipCenter: -0.2405042, 0.1818792, 2.528973
Spine: -0.2554162, 0.2330977, 2.603725
ShoulderCenter: -0.2816416, 0.6180982, 2.696738
Head: -0.2637726, 0.7846625, 2.697523
ShoulderLeft: -0.4095969, 0.4660586, 2.614693
ElbowLeft: -0.4560252, 0.2134144, 2.543369
WristLeft: -0.4520621, 0.008038461, 2.417566
HandLeft: -0.4601995, -0.05518952, 2.384562
ShoulderRight: -0.08297785, 0.5206618, 2.690655
ElbowRight: 0.1600577, 0.5854369, 2.669428
WristRight: 0.3790027, 0.7437326, 2.659192
HandRight: 0.4547729, 0.801316, 2.698654
HipLeft: -0.3071837, 0.1145447, 2.489007
KneeLeft: -0.2632651, -0.3996201, 2.430653
AnkleLeft: -0.2773384, -0.7008052, 2.350068
FootLeft: -0.2526776, -0.7622083, 2.236537
HipRight: -0.1605597, 0.1094411, 2.510068
KneeRight: -0.1883441, -0.2923217, 2.436696
AnkleRight: -0.1414193, -0.6941018, 2.362155
FootRight: -0.2461721, -0.7473907, 2.262489
=========
HipCenter: -0.2406521, 0.1817971, 2.529038
Spine: -0.2555013, 0.2330006, 2.603809
ShoulderCenter: -0.2817695, 0.6183852, 2.697914
Head: -0.2645281, 0.7847492, 2.697874
ShoulderLeft: -0.4096643, 0.4660964, 2.614704
ElbowLeft: -0.4560883, 0.2134008, 2.54356
WristLeft: -0.4519312, 0.006658502, 2.417388
HandLeft: -0.4615797, -0.05622952, 2.38436
ShoulderRight: -0.08325669, 0.5217608, 2.690727
ElbowRight: 0.1612198, 0.5859644, 2.669549
WristRight: 0.3910256, 0.7386153, 2.65996
HandRight: 0.4714055, 0.7898001, 2.702797
HipLeft: -0.3074047, 0.1143648, 2.489147
KneeLeft: -0.2632699, -0.3996292, 2.430634
AnkleLeft: -0.2773166, -0.7008135, 2.350069
FootLeft: -0.2526883, -0.7622105, 2.2367
HipRight: -0.1607442, 0.1094755, 2.510136
KneeRight: -0.1784123, -0.2943772, 2.439329
AnkleRight: -0.1314515, -0.695893, 2.364595
FootRight: -0.2442016, -0.7462112, 2.26446
=========
HipCenter: -0.2407993, 0.1817184, 2.529121
Spine: -0.2555875, 0.2329025, 2.603919
ShoulderCenter: -0.2818667, 0.6186422, 2.699025
Head: -0.2651961, 0.784859, 2.698234
ShoulderLeft: -0.4097541, 0.4661438, 2.614727
ElbowLeft: -0.4561462, 0.2133713, 2.543694
WristLeft: -0.4518445, 0.005454428, 2.417141
HandLeft: -0.4630039, -0.05708851, 2.383917
ShoulderRight: -0.08350644, 0.5227063, 2.690789
ElbowRight: 0.1621375, 0.5863228, 2.669609
WristRight: 0.3962658, 0.7227435, 2.659245
HandRight: 0.4766241, 0.7687733, 2.702861
HipLeft: -0.3076177, 0.1141974, 2.48929
KneeLeft: -0.263276, -0.3996379, 2.430618
AnkleLeft: -0.2772945, -0.7008225, 2.35007
FootLeft: -0.2525315, -0.7622213, 2.236734
HipRight: -0.1609242, 0.1095012, 2.510218
KneeRight: -0.173241, -0.2955252, 2.441037
AnkleRight: -0.1245747, -0.6971118, 2.366417
FootRight: -0.2425476, -0.7453715, 2.265875
=========
HipCenter: -0.2409575, 0.1816435, 2.52922
Spine: -0.2556843, 0.2328069, 2.604047
ShoulderCenter: -0.2819488, 0.6188418, 2.699954
Head: -0.2657626, 0.7849684, 2.698676
ShoulderLeft: -0.4098721, 0.4661934, 2.614769
ElbowLeft: -0.4562089, 0.2133362, 2.543816
WristLeft: -0.4524033, 0.006865836, 2.418181
HandLeft: -0.4638653, -0.05538722, 2.384736
ShoulderRight: -0.08367971, 0.5237343, 2.690988
ElbowRight: 0.1631483, 0.5864213, 2.669578
WristRight: 0.3970418, 0.710833, 2.658103
HandRight: 0.4766969, 0.7534998, 2.701639
HipLeft: -0.3078634, 0.1140242, 2.489463
KneeLeft: -0.2632844, -0.3996481, 2.430604
AnkleLeft: -0.2772776, -0.7008303, 2.35007
FootLeft: -0.2523711, -0.7622352, 2.236748
HipRight: -0.16111, 0.1095132, 2.510298
KneeRight: -0.1733855, -0.2959173, 2.441617
AnkleRight: -0.1212995, -0.6977652, 2.367582
FootRight: -0.2414334, -0.7447751, 2.266875
=========
HipCenter: -0.2411065, 0.1815709, 2.529323
Spine: -0.2557762, 0.2327124, 2.604181
ShoulderCenter: -0.2820007, 0.6189979, 2.700755
Head: -0.2662074, 0.7852998, 2.699593
ShoulderLeft: -0.4099937, 0.4662497, 2.614818
ElbowLeft: -0.4562723, 0.2132874, 2.54393
WristLeft: -0.4529296, 0.008598279, 2.419254
HandLeft: -0.4644607, -0.05349359, 2.385601
ShoulderRight: -0.08381348, 0.5245512, 2.69115
ElbowRight: 0.1642674, 0.58624, 2.669406
WristRight: 0.4012236, 0.7037278, 2.658879
HandRight: 0.481185, 0.7439284, 2.703016
HipLeft: -0.3080906, 0.1138676, 2.489625
KneeLeft: -0.2632937, -0.3996564, 2.430594
AnkleLeft: -0.2772635, -0.7008395, 2.350068
FootLeft: -0.2522725, -0.7622268, 2.23677
HipRight: -0.1612815, 0.1095083, 2.510381
KneeRight: -0.1766622, -0.2954552, 2.44148
AnkleRight: -0.1210094, -0.6976796, 2.368165
FootRight: -0.2405706, -0.7443196, 2.267608
=========
HipCenter: -0.2412428, 0.1814943, 2.52943
Spine: -0.255858, 0.23261, 2.604328
ShoulderCenter: -0.2819845, 0.6191254, 2.701543
Head: -0.2665288, 0.7856264, 2.700516
ShoulderLeft: -0.4101051, 0.4662968, 2.614864
ElbowLeft: -0.4563352, 0.2132344, 2.544043
WristLeft: -0.4530925, 0.008816325, 2.419517
HandLeft: -0.4649052, -0.05314391, 2.385776
ShoulderRight: -0.08390541, 0.525174, 2.691269
ElbowRight: 0.1655801, 0.5858084, 2.669061
WristRight: 0.4010631, 0.6922138, 2.655521
HandRight: 0.4791248, 0.7317087, 2.701383
HipLeft: -0.3082956, 0.1137222, 2.48977
KneeLeft: -0.2633055, -0.3996676, 2.430587
AnkleLeft: -0.2772541, -0.7008472, 2.350067
FootLeft: -0.2522031, -0.7622208, 2.236788
HipRight: -0.1614361, 0.1094781, 2.510471
KneeRight: -0.181302, -0.2945806, 2.44096
AnkleRight: -0.1227774, -0.6970994, 2.368299
FootRight: -0.2399331, -0.7439821, 2.268154
=========
HipCenter: -0.2413718, 0.1814158, 2.529541
Spine: -0.2559326, 0.2325005, 2.604489
ShoulderCenter: -0.2819461, 0.6192604, 2.702397
Head: -0.2667508, 0.7859272, 2.701362
ShoulderLeft: -0.4102171, 0.4663396, 2.614914
ElbowLeft: -0.4564002, 0.2131591, 2.544156
WristLeft: -0.4531498, 0.008832647, 2.419622
HandLeft: -0.4653874, -0.05303302, 2.385807
ShoulderRight: -0.08399036, 0.5256097, 2.691325
ElbowRight: 0.1667975, 0.585287, 2.668705
WristRight: 0.4020109, 0.6864458, 2.654575
HandRight: 0.4794653, 0.7254466, 2.701108
HipLeft: -0.3084816, 0.1135904, 2.489905
KneeLeft: -0.2633182, -0.3996791, 2.430582
AnkleLeft: -0.2772464, -0.7008545, 2.350065
FootLeft: -0.2521666, -0.7622179, 2.236801
HipRight: -0.1615798, 0.1094385, 2.51056
KneeRight: -0.1860736, -0.2935946, 2.440326
AnkleRight: -0.1256051, -0.6962756, 2.368166
FootRight: -0.2394575, -0.7437294, 2.268557
=========
HipCenter: -0.2414869, 0.1813452, 2.529657
Spine: -0.2559998, 0.2323964, 2.604659
ShoulderCenter: -0.281918, 0.6193585, 2.703137
Head: -0.2668826, 0.7861818, 2.702095
ShoulderLeft: -0.4102838, 0.4663622, 2.614952
ElbowLeft: -0.456495, 0.2130705, 2.54431
WristLeft: -0.4531921, 0.008580992, 2.419639
HandLeft: -0.4658626, -0.05314498, 2.385698
ShoulderRight: -0.084039, 0.5259318, 2.691367
ElbowRight: 0.1681006, 0.5846566, 2.668267
WristRight: 0.408143, 0.6852741, 2.656268
HandRight: 0.48457, 0.7227932, 2.703696
HipLeft: -0.3086448, 0.1134711, 2.490031
KneeLeft: -0.2633334, -0.399689, 2.430578
AnkleLeft: -0.2772399, -0.7008618, 2.350064
FootLeft: -0.2521386, -0.7622159, 2.236811
HipRight: -0.161697, 0.1094144, 2.510654
KneeRight: -0.1889362, -0.2927079, 2.439944
AnkleRight: -0.1273944, -0.6954594, 2.368096
FootRight: -0.2388569, -0.743467, 2.268968
=========
HipCenter: -0.2415748, 0.1812793, 2.529776
Spine: -0.2560402, 0.2322933, 2.604847
ShoulderCenter: -0.2818376, 0.6194367, 2.703826
Head: -0.2668909, 0.7864926, 2.703127
ShoulderLeft: -0.4103336, 0.4663524, 2.614983
ElbowLeft: -0.456585, 0.2129105, 2.544695
WristLeft: -0.4532599, 0.008586324, 2.419838
HandLeft: -0.4661063, -0.05305092, 2.385754
ShoulderRight: -0.08406895, 0.5261595, 2.691398
ElbowRight: 0.1692851, 0.5840133, 2.667863
WristRight: 0.3989712, 0.6782115, 2.652037
HandRight: 0.4753757, 0.7153529, 2.698625
HipLeft: -0.3087733, 0.1133501, 2.490136
KneeLeft: -0.2633594, -0.3996999, 2.430575
AnkleLeft: -0.2772352, -0.7008685, 2.350064
FootLeft: -0.2521134, -0.7622148, 2.236812
HipRight: -0.161778, 0.1094012, 2.510758
KneeRight: -0.1914258, -0.2917645, 2.439562
AnkleRight: -0.1292753, -0.6945151, 2.367926
FootRight: -0.238397, -0.7432388, 2.269371
=========
HipCenter: -0.241635, 0.1812069, 2.529896
Spine: -0.2560376, 0.2321665, 2.605061
ShoulderCenter: -0.2816105, 0.619427, 2.704602
Head: -0.2668334, 0.7867337, 2.704042
ShoulderLeft: -0.4103616, 0.4663256, 2.615029
ElbowLeft: -0.4566615, 0.212708, 2.545156
WristLeft: -0.4531389, 0.008367831, 2.419955
HandLeft: -0.4663234, -0.05309157, 2.385766
ShoulderRight: -0.08409207, 0.5263174, 2.691417
ElbowRight: 0.1702414, 0.5834428, 2.66753
WristRight: 0.3974002, 0.6758643, 2.651213
HandRight: 0.4737835, 0.7127155, 2.697704
HipLeft: -0.3088682, 0.1132248, 2.490231
KneeLeft: -0.2633865, -0.3997104, 2.430573
AnkleLeft: -0.2772303, -0.7008799, 2.350062
FootLeft: -0.2520885, -0.7622161, 2.236806
HipRight: -0.1618381, 0.1093919, 2.510859
KneeRight: -0.1934719, -0.2909049, 2.439214
AnkleRight: -0.1310246, -0.6936061, 2.367715
FootRight: -0.238019, -0.7430357, 2.269729
=========
HipCenter: -0.2416866, 0.1811255, 2.530019
Spine: -0.2560248, 0.2320279, 2.605274
ShoulderCenter: -0.2814209, 0.619356, 2.705219
Head: -0.2667061, 0.786895, 2.704927
ShoulderLeft: -0.4103749, 0.4662627, 2.615098
ElbowLeft: -0.4567026, 0.2123207, 2.545637
WristLeft: -0.4530855, 0.009254077, 2.421108
HandLeft: -0.4661865, -0.05219612, 2.386418
ShoulderRight: -0.08410937, 0.5264333, 2.691432
ElbowRight: 0.1710307, 0.5829289, 2.667262
WristRight: 0.3937643, 0.6740687, 2.64959
HandRight: 0.4703365, 0.7109048, 2.695919
HipLeft: -0.3089537, 0.1130777, 2.490321
KneeLeft: -0.263414, -0.3997271, 2.430578
AnkleLeft: -0.2772261, -0.7008914, 2.350061
FootLeft: -0.2520654, -0.7622188, 2.236797
HipRight: -0.1618878, 0.1093809, 2.510959
KneeRight: -0.195227, -0.2901193, 2.438884
AnkleRight: -0.1326912, -0.6927446, 2.367465
FootRight: -0.2377327, -0.7428771, 2.270012
=========
HipCenter: -0.2417235, 0.1810369, 2.530141
Spine: -0.2559946, 0.2318803, 2.605491
ShoulderCenter: -0.281248, 0.6192623, 2.705757
Head: -0.2665381, 0.7870373, 2.705675
ShoulderLeft: -0.4103742, 0.4661601, 2.615191
ElbowLeft: -0.456697, 0.2118721, 2.546425
WristLeft: -0.4530177, 0.01055647, 2.422337
HandLeft: -0.4658138, -0.05101892, 2.387312
ShoulderRight: -0.08412204, 0.5265168, 2.69144
ElbowRight: 0.1716748, 0.5824713, 2.667041
WristRight: 0.39082, 0.6730564, 2.648341
HandRight: 0.4676228, 0.7099847, 2.694508
HipLeft: -0.3090186, 0.1129085, 2.490413
KneeLeft: -0.2634372, -0.3997613, 2.430588
AnkleLeft: -0.2772223, -0.7009012, 2.35006
FootLeft: -0.2520463, -0.7622234, 2.236776
HipRight: -0.1619235, 0.1093714, 2.511053
KneeRight: -0.1966574, -0.2894247, 2.438601
AnkleRight: -0.1341519, -0.6919651, 2.367225
FootRight: -0.2374986, -0.7427355, 2.270261
