=========
HipCenter: -0.3404176, 0.1063013, 2.827317
Spine: -0.3569351, 0.15174, 2.901847
ShoulderCenter: -0.384548, 0.5191067, 3.007656
Head: -0.3491481, 0.7357159, 2.974926
ShoulderLeft: -0.5114337, 0.3687915, 2.912087
ElbowLeft: -0.5494251, 0.1240958, 2.821524
WristLeft: -0.5385498, -0.07795975, 2.688123
HandLeft: -0.5482709, -0.1525662, 2.664849
ShoulderRight: -0.1818519, 0.4284059, 3.005128
ElbowRight: 0.1068471, 0.4896942, 3.0094
WristRight: 0.299095, 0.622975, 3.013947
HandRight: 0.373218, 0.6432261, 3.055187
HipLeft: -0.4070719, 0.0227169, 2.774248
KneeLeft: -0.3358368, -0.4798288, 2.660583
AnkleLeft: -0.3718134, -0.7707816, 2.576796
FootLeft: -0.3436999, -0.837424, 2.489649
HipRight: -0.2587601, 0.04954339, 2.81415
KneeRight: -0.335375, -0.5053763, 2.660346
AnkleRight: -0.3293715, -0.7975263, 2.628016
FootRight: -0.3315704, -0.847007, 2.489264
=========
HipCenter: -0.3403655, 0.106453, 2.827099
Spine: -0.3569594, 0.1519039, 2.901602
ShoulderCenter: -0.3845709, 0.5192344, 3.007244
Head: -0.3500156, 0.7364459, 2.975882
ShoulderLeft: -0.5113468, 0.3692809, 2.911897
ElbowLeft: -0.5498115, 0.1240722, 2.820957
WristLeft: -0.5382414, -0.07144537, 2.692309
HandLeft: -0.5474197, -0.1519737, 2.663381
ShoulderRight: -0.1819179, 0.4287522, 3.005289
ElbowRight: 0.06896628, 0.4777635, 3.011369
WristRight: 0.2914725, 0.6175973, 3.014544
HandRight: 0.3769259, 0.6457872, 3.060335
HipLeft: -0.4069728, 0.02294908, 2.774117
KneeLeft: -0.3092784, -0.4315562, 2.658943
AnkleLeft: -0.3716496, -0.7706867, 2.576658
FootLeft: -0.3403606, -0.8372577, 2.487927
HipRight: -0.2587155, 0.04971846, 2.813903
KneeRight: -0.3451401, -0.4495181, 2.660015
AnkleRight: -0.3306926, -0.7926033, 2.619895
FootRight: -0.3321622, -0.8446926, 2.487242
=========
HipCenter: -0.3403569, 0.1064826, 2.82705
Spine: -0.3569728, 0.1519405, 2.901543
ShoulderCenter: -0.3845848, 0.5192919, 3.007144
Head: -0.3501371, 0.7366006, 2.976041
ShoulderLeft: -0.5112641, 0.3695445, 2.911732
ElbowLeft: -0.5500273, 0.1250438, 2.82067
WristLeft: -0.5381804, -0.0702519, 2.693049
HandLeft: -0.547219, -0.1518602, 2.663076
ShoulderRight: -0.1819264, 0.4288151, 3.00531
ElbowRight: 0.05793611, 0.4743551, 3.011863
WristRight: 0.2900857, 0.6166379, 3.014661
HandRight: 0.3775756, 0.6461529, 3.061136
HipLeft: -0.4069543, 0.02300726, 2.774113
KneeLeft: -0.3179564, -0.4483975, 2.657728
AnkleLeft: -0.3713529, -0.7708297, 2.576496
FootLeft: -0.3378675, -0.8369823, 2.486
HipRight: -0.2587202, 0.04983413, 2.813514
KneeRight: -0.3442466, -0.4634009, 2.657063
AnkleRight: -0.3315066, -0.787978, 2.60904
FootRight: -0.3339734, -0.8386745, 2.469882
=========
HipCenter: -0.3403438, 0.1065136, 2.826955
Spine: -0.3569941, 0.1519857, 2.90143
ShoulderCenter: -0.3845897, 0.5193947, 3.006977
Head: -0.3501909, 0.7367778, 2.976154
ShoulderLeft: -0.5111361, 0.3698303, 2.911366
ElbowLeft: -0.5502445, 0.1258136, 2.820388
WristLeft: -0.538141, -0.06946419, 2.693519
HandLeft: -0.5467753, -0.1517407, 2.662511
ShoulderRight: -0.1819223, 0.4288911, 3.005318
ElbowRight: 0.05115867, 0.4722796, 3.012143
WristRight: 0.2890875, 0.6159565, 3.01475
HandRight: 0.3781742, 0.6466655, 3.062062
HipLeft: -0.4069386, 0.02306024, 2.774123
KneeLeft: -0.3155563, -0.5345605, 2.65516
AnkleLeft: -0.3762963, -0.8019959, 2.564155
FootLeft: -0.3289219, -0.8363733, 2.476211
HipRight: -0.2586972, 0.05006576, 2.812402
KneeRight: -0.3449216, -0.4278174, 2.660063
AnkleRight: -0.3294463, -0.7779385, 2.596792
FootRight: -0.3363634, -0.8345171, 2.45892
=========
HipCenter: -0.3402908, 0.1065639, 2.826707
Spine: -0.3570067, 0.1520552, 2.901171
ShoulderCenter: -0.3845862, 0.5195502, 3.006725
Head: -0.3501422, 0.736982, 2.97614
ShoulderLeft: -0.5109603, 0.3701743, 2.910673
ElbowLeft: -0.5504608, 0.1262123, 2.819777
WristLeft: -0.5380477, -0.06890497, 2.693665
HandLeft: -0.5459675, -0.1516425, 2.661282
ShoulderRight: -0.1819003, 0.4290012, 3.005301
ElbowRight: 0.04661145, 0.4708601, 3.012365
WristRight: 0.288356, 0.6154577, 3.014816
HandRight: 0.3786521, 0.6472123, 3.062896
HipLeft: -0.4069197, 0.02311283, 2.774144
KneeLeft: -0.3312175, -0.5149878, 2.657479
AnkleLeft: -0.3698134, -0.8002707, 2.562861
FootLeft: -0.3251671, -0.8358402, 2.472426
HipRight: -0.2585068, 0.05047223, 2.810307
KneeRight: -0.344972, -0.414528, 2.661273
AnkleRight: -0.3269258, -0.7736261, 2.588011
FootRight: -0.3368617, -0.8326021, 2.452467
=========
HipCenter: -0.3401113, 0.1066846, 2.826154
Spine: -0.3569332, 0.1522173, 2.90058
ShoulderCenter: -0.3842477, 0.5198678, 3.005944
Head: -0.3499854, 0.7373597, 2.975824
ShoulderLeft: -0.5106644, 0.3706585, 2.909511
ElbowLeft: -0.550656, 0.1265595, 2.818895
WristLeft: -0.5378916, -0.06848211, 2.693476
HandLeft: -0.5447683, -0.1514804, 2.658618
ShoulderRight: -0.1818536, 0.4291283, 3.005269
ElbowRight: 0.0434449, 0.4698722, 3.012523
WristRight: 0.2878212, 0.6150962, 3.014853
HandRight: 0.3789395, 0.6475417, 3.063399
HipLeft: -0.4067709, 0.02326306, 2.773846
KneeLeft: -0.3399441, -0.5083094, 2.659041
AnkleLeft: -0.3645004, -0.7968478, 2.562498
FootLeft: -0.322367, -0.8354626, 2.469402
HipRight: -0.2582887, 0.05081824, 2.808526
KneeRight: -0.3450491, -0.4075884, 2.661877
AnkleRight: -0.3252399, -0.7719743, 2.582295
FootRight: -0.3372533, -0.831444, 2.448523
=========
HipCenter: -0.3396626, 0.104663, 2.822957
Spine: -0.3566362, 0.1511869, 2.898221
ShoulderCenter: -0.3836531, 0.5203046, 3.004843
Head: -0.3504134, 0.7340342, 2.975666
ShoulderLeft: -0.5104322, 0.371064, 2.908192
ElbowLeft: -0.5508502, 0.1269066, 2.817516
WristLeft: -0.5377252, -0.0679406, 2.692559
HandLeft: -0.5435951, -0.1512576, 2.655819
ShoulderRight: -0.1817895, 0.4292744, 3.005081
ElbowRight: 0.04110122, 0.4691461, 3.012631
WristRight: 0.2874265, 0.6148418, 3.014842
HandRight: 0.3791789, 0.6478194, 3.063809
HipLeft: -0.4065298, 0.02107213, 2.770692
KneeLeft: -0.345264, -0.5015416, 2.660842
AnkleLeft: -0.3605858, -0.7931892, 2.562811
FootLeft: -0.320534, -0.8352063, 2.467396
HipRight: -0.2580805, 0.0491602, 2.80543
KneeRight: -0.3449342, -0.403045, 2.662626
AnkleRight: -0.3240289, -0.7713596, 2.578587
FootRight: -0.3375537, -0.8306557, 2.445991
=========
HipCenter: -0.3391651, 0.1035656, 2.820204
Spine: -0.3563144, 0.1505684, 2.896006
ShoulderCenter: -0.3831924, 0.5208948, 3.003859
Head: -0.3504625, 0.7264377, 2.977559
ShoulderLeft: -0.5102349, 0.3714773, 2.906961
ElbowLeft: -0.550881, 0.1271185, 2.815478
WristLeft: -0.5373708, -0.06752668, 2.691059
HandLeft: -0.5424841, -0.150863, 2.653331
ShoulderRight: -0.1817053, 0.4294264, 3.004859
ElbowRight: 0.03939001, 0.4686144, 3.012674
WristRight: 0.287134, 0.6146817, 3.01475
HandRight: 0.379347, 0.648037, 3.064037
HipLeft: -0.4062296, 0.02049679, 2.76927
KneeLeft: -0.3480959, -0.496446, 2.662554
AnkleLeft: -0.3578369, -0.7899203, 2.563356
FootLeft: -0.3192656, -0.8350311, 2.46603
HipRight: -0.2574518, 0.04836483, 2.801133
KneeRight: -0.3444037, -0.4008586, 2.663912
AnkleRight: -0.3230427, -0.7712811, 2.576124
FootRight: -0.3378177, -0.8300905, 2.444207
=========
HipCenter: -0.3384898, 0.1032182, 2.817507
Spine: -0.3557788, 0.1503196, 2.893667
ShoulderCenter: -0.3827015, 0.5214483, 3.002852
Head: -0.3504898, 0.7173162, 2.979618
ShoulderLeft: -0.5099543, 0.3719238, 2.905638
ElbowLeft: -0.5494395, 0.136508, 2.809314
WristLeft: -0.5362563, -0.06668217, 2.687364
HandLeft: -0.5402498, -0.1494304, 2.648682
ShoulderRight: -0.1815625, 0.4296747, 3.004238
ElbowRight: 0.03824588, 0.4682291, 3.012484
WristRight: 0.2869141, 0.6145804, 3.014632
HandRight: 0.379503, 0.6478112, 3.063517
HipLeft: -0.4057647, 0.020496, 2.768125
KneeLeft: -0.3493748, -0.4927152, 2.663934
AnkleLeft: -0.3559534, -0.7871094, 2.563916
FootLeft: -0.3183776, -0.8349072, 2.465095
HipRight: -0.256612, 0.0485833, 2.796416
KneeRight: -0.3437408, -0.4008756, 2.665454
AnkleRight: -0.3222331, -0.7716166, 2.57454
FootRight: -0.3380284, -0.8297407, 2.443013
=========
HipCenter: -0.3369808, 0.1036977, 2.814698
Spine: -0.354619, 0.1505473, 2.891218
ShoulderCenter: -0.3822703, 0.5219555, 3.001961
Head: -0.3505341, 0.7092441, 2.981489
ShoulderLeft: -0.5097167, 0.3723718, 2.904354
ElbowLeft: -0.5478305, 0.1429354, 2.804747
WristLeft: -0.5321363, -0.06791172, 2.679071
HandLeft: -0.5355748, -0.1485908, 2.641208
ShoulderRight: -0.181219, 0.430019, 3.003081
ElbowRight: 0.04027634, 0.469202, 3.01
WristRight: 0.2868858, 0.614582, 3.01431
HandRight: 0.3796652, 0.64743, 3.062816
HipLeft: -0.4037367, 0.02247371, 2.767256
KneeLeft: -0.349671, -0.4898873, 2.665077
AnkleLeft: -0.3547068, -0.7848879, 2.56443
FootLeft: -0.3177302, -0.8348169, 2.464411
HipRight: -0.2538738, 0.04915309, 2.790289
KneeRight: -0.3430823, -0.4022604, 2.666872
AnkleRight: -0.3214475, -0.7722275, 2.57378
FootRight: -0.3382021, -0.8295813, 2.442364
=========
HipCenter: -0.3354347, 0.1043398, 2.812155
Spine: -0.353297, 0.1509292, 2.88883
ShoulderCenter: -0.3818292, 0.522482, 3.000855
Head: -0.350769, 0.7038832, 2.982271
ShoulderLeft: -0.5095323, 0.3727247, 2.903116
ElbowLeft: -0.5466924, 0.1470065, 2.801842
WristLeft: -0.5278314, -0.06932626, 2.672441
HandLeft: -0.5322901, -0.1481708, 2.635926
ShoulderRight: -0.1808507, 0.4303342, 3.001374
ElbowRight: 0.04254467, 0.4702118, 3.007668
WristRight: 0.287156, 0.6147327, 3.013795
HandRight: 0.3797781, 0.6469582, 3.06187
HipLeft: -0.4017881, 0.0245308, 2.766576
KneeLeft: -0.3493873, -0.4877369, 2.665991
AnkleLeft: -0.3538986, -0.7831302, 2.564871
FootLeft: -0.3172556, -0.834744, 2.463908
HipRight: -0.2514511, 0.04945185, 2.78538
KneeRight: -0.3425446, -0.4043361, 2.668046
AnkleRight: -0.3206489, -0.7730935, 2.573685
FootRight: -0.3380404, -0.8296749, 2.442038
=========
HipCenter: -0.3341163, 0.1048833, 2.810156
Spine: -0.3521087, 0.1512706, 2.88686
ShoulderCenter: -0.3813098, 0.522997, 2.999734
Head: -0.3509904, 0.7003754, 2.98277
ShoulderLeft: -0.5093207, 0.3730233, 2.901932
ElbowLeft: -0.545827, 0.1499537, 2.800022
WristLeft: -0.5245343, -0.0704316, 2.667921
HandLeft: -0.5285297, -0.1479161, 2.631827
ShoulderRight: -0.1805253, 0.430602, 2.999786
ElbowRight: 0.04472028, 0.4711558, 3.005637
WristRight: 0.2876323, 0.614957, 3.013144
HandRight: 0.3798918, 0.6460516, 3.060186
HipLeft: -0.4000703, 0.02639762, 2.766039
KneeLeft: -0.348576, -0.4861615, 2.666844
AnkleLeft: -0.3533779, -0.7817734, 2.565225
FootLeft: -0.3169276, -0.8346806, 2.463557
HipRight: -0.2497725, 0.04939276, 2.782045
KneeRight: -0.3422456, -0.4054533, 2.668769
AnkleRight: -0.31996, -0.7740796, 2.574001
FootRight: -0.3379322, -0.8298147, 2.441805
=========
HipCenter: -0.3330381, 0.1053899, 2.808554
Spine: -0.3511244, 0.151628, 2.885236
ShoulderCenter: -0.3811122, 0.5236105, 2.998454
Head: -0.3511592, 0.6980692, 2.983071
ShoulderLeft: -0.5091584, 0.3732675, 2.900908
ElbowLeft: -0.5452192, 0.1519388, 2.798808
WristLeft: -0.522018, -0.07136006, 2.664747
HandLeft: -0.5257229, -0.1478228, 2.629007
ShoulderRight: -0.1802127, 0.4308391, 2.998162
ElbowRight: 0.0466617, 0.4719722, 3.003793
WristRight: 0.2882838, 0.6150846, 3.01178
HandRight: 0.3800068, 0.64507, 3.058316
HipLeft: -0.3986747, 0.02802544, 2.765612
KneeLeft: -0.3480461, -0.485198, 2.667485
AnkleLeft: -0.3531056, -0.7806079, 2.565559
FootLeft: -0.3167214, -0.8346145, 2.463329
HipRight: -0.2485022, 0.04927652, 2.779621
KneeRight: -0.3419482, -0.4078016, 2.669602
AnkleRight: -0.3193885, -0.7750521, 2.57456
FootRight: -0.3373023, -0.8300906, 2.442236
=========
HipCenter: -0.3322169, 0.1057762, 2.807343
Spine: -0.350347, 0.1519166, 2.883955
ShoulderCenter: -0.3809685, 0.5241777, 2.997087
Head: -0.3512963, 0.696539, 2.983209
ShoulderLeft: -0.5090363, 0.3734552, 2.900081
ElbowLeft: -0.5440284, 0.1523848, 2.797196
WristLeft: -0.5205058, -0.07152726, 2.662849
HandLeft: -0.5238804, -0.1473539, 2.627283
ShoulderRight: -0.1799778, 0.4310802, 2.996743
ElbowRight: 0.0483258, 0.4726598, 3.002213
WristRight: 0.2888594, 0.615122, 3.00992
HandRight: 0.3800617, 0.644126, 3.056276
HipLeft: -0.397617, 0.02928307, 2.765352
KneeLeft: -0.3468036, -0.4844882, 2.668229
AnkleLeft: -0.3529036, -0.7798468, 2.565773
FootLeft: -0.3165936, -0.8345554, 2.463209
HipRight: -0.247617, 0.04907233, 2.777756
KneeRight: -0.3416969, -0.4098139, 2.670388
AnkleRight: -0.3189438, -0.7759333, 2.575236
FootRight: -0.3369346, -0.8303163, 2.442653
=========
HipCenter: -0.3315892, 0.1060762, 2.80645
Spine: -0.3497199, 0.1521433, 2.882984
ShoulderCenter: -0.3807613, 0.5245519, 2.995795
Head: -0.351432, 0.6953921, 2.983299
ShoulderLeft: -0.5089595, 0.3735755, 2.899394
ElbowLeft: -0.5430031, 0.1524641, 2.796004
WristLeft: -0.5193537, -0.0717779, 2.661466
HandLeft: -0.5226694, -0.1471125, 2.62606
ShoulderRight: -0.1796952, 0.431321, 2.995443
ElbowRight: 0.04965379, 0.4732544, 3.000589
WristRight: 0.2893912, 0.6150926, 3.007778
HandRight: 0.3800564, 0.6432557, 3.054205
HipLeft: -0.3968214, 0.0302471, 2.765201
KneeLeft: -0.3455953, -0.4840727, 2.668834
AnkleLeft: -0.3528969, -0.7791133, 2.566001
FootLeft: -0.3165076, -0.8345057, 2.46314
HipRight: -0.2469577, 0.04882736, 2.776362
KneeRight: -0.3414484, -0.4109199, 2.670947
AnkleRight: -0.3185946, -0.7766452, 2.575949
FootRight: -0.3366685, -0.830474, 2.442897
=========
HipCenter: -0.3311191, 0.1062586, 2.805772
Spine: -0.3492156, 0.1522905, 2.882252
ShoulderCenter: -0.3804644, 0.5249144, 2.994958
Head: -0.3516424, 0.6946657, 2.983139
ShoulderLeft: -0.5089039, 0.3736639, 2.898854
ElbowLeft: -0.5420165, 0.1522052, 2.794978
WristLeft: -0.5185738, -0.07198339, 2.660508
HandLeft: -0.5218403, -0.1469557, 2.625188
ShoulderRight: -0.1794996, 0.4316036, 2.994242
ElbowRight: 0.05108035, 0.4738925, 2.999058
WristRight: 0.28982, 0.6150287, 3.005784
HandRight: 0.3799429, 0.6426351, 3.052274
HipLeft: -0.3962499, 0.03093931, 2.765078
KneeLeft: -0.3444261, -0.4839363, 2.669348
AnkleLeft: -0.3529583, -0.7785305, 2.566202
FootLeft: -0.3164609, -0.8344593, 2.463131
HipRight: -0.2465138, 0.04844961, 2.775306
KneeRight: -0.3412256, -0.4118133, 2.671425
AnkleRight: -0.3183313, -0.7772477, 2.57664
FootRight: -0.3356629, -0.8308143, 2.443427
=========
HipCenter: -0.3306817, 0.1063658, 2.805186
Spine: -0.3487813, 0.1523813, 2.88166
ShoulderCenter: -0.3803079, 0.5252472, 2.994407
Head: -0.3519273, 0.694539, 2.982716
ShoulderLeft: -0.5088269, 0.3737443, 2.8983
ElbowLeft: -0.5411816, 0.1517876, 2.794188
WristLeft: -0.5179908, -0.07214877, 2.659844
HandLeft: -0.5212388, -0.1468325, 2.624561
ShoulderRight: -0.1793331, 0.4319499, 2.993114
ElbowRight: 0.0524785, 0.4745723, 2.99745
WristRight: 0.2901364, 0.6149654, 3.003865
HandRight: 0.3798468, 0.6420714, 3.050516
HipLeft: -0.395739, 0.0314673, 2.764854
KneeLeft: -0.3434668, -0.4838302, 2.669729
AnkleLeft: -0.3528749, -0.7781427, 2.566392
FootLeft: -0.3164536, -0.8344049, 2.463194
HipRight: -0.2460777, 0.04795392, 2.77453
KneeRight: -0.3409453, -0.4128649, 2.671991
AnkleRight: -0.3181472, -0.777741, 2.577247
FootRight: -0.3347411, -0.8311257, 2.443913
=========
HipCenter: -0.3303598, 0.1064378, 2.804741
Spine: -0.3484443, 0.1524443, 2.88121
ShoulderCenter: -0.3801757, 0.5255266, 2.993965
Head: -0.3522341, 0.6949843, 2.98206
ShoulderLeft: -0.5087618, 0.3738094, 2.897817
ElbowLeft: -0.5405079, 0.1513438, 2.793642
WristLeft: -0.5175728, -0.07230905, 2.659512
HandLeft: -0.5208412, -0.1467068, 2.624202
ShoulderRight: -0.1792102, 0.4323269, 2.992014
ElbowRight: 0.05343422, 0.4751021, 2.996037
WristRight: 0.290385, 0.6148993, 3.002234
HandRight: 0.3797889, 0.6417158, 3.048898
HipLeft: -0.3953754, 0.03186005, 2.764695
KneeLeft: -0.3426447, -0.4838074, 2.670033
AnkleLeft: -0.3528287, -0.7778276, 2.566574
FootLeft: -0.3164895, -0.834341, 2.463309
HipRight: -0.2458128, 0.0474693, 2.773945
KneeRight: -0.3407597, -0.4137223, 2.672464
AnkleRight: -0.3180211, -0.7781564, 2.57779
FootRight: -0.3343335, -0.831299, 2.444233
=========
HipCenter: -0.3300993, 0.1064945, 2.804382
Spine: -0.3481731, 0.1524935, 2.880855
ShoulderCenter: -0.3800809, 0.5257677, 2.993632
Head: -0.3525191, 0.6952494, 2.981638
ShoulderLeft: -0.5086346, 0.3738863, 2.897262
ElbowLeft: -0.5398439, 0.1503025, 2.793195
WristLeft: -0.5174528, -0.07243615, 2.659617
HandLeft: -0.520817, -0.1465249, 2.624343
ShoulderRight: -0.1791165, 0.4327287, 2.990928
ElbowRight: 0.05470185, 0.4757244, 2.994625
WristRight: 0.2906128, 0.6148947, 3.0007
HandRight: 0.3797416, 0.6414274, 3.046729
HipLeft: -0.3950972, 0.03215525, 2.764572
KneeLeft: -0.3419254, -0.4838502, 2.670281
AnkleLeft: -0.3528099, -0.7775765, 2.566722
FootLeft: -0.3165615, -0.8342717, 2.463478
HipRight: -0.2456188, 0.04721347, 2.773479
KneeRight: -0.3407157, -0.4114816, 2.673764
AnkleRight: -0.3177715, -0.7758591, 2.579165
FootRight: -0.3341076, -0.831307, 2.44508
=========
HipCenter: -0.3298757, 0.1065446, 2.804081
Spine: -0.3479373, 0.152537, 2.88056
ShoulderCenter: -0.3799893, 0.5259756, 2.993367
Head: -0.352799, 0.6958328, 2.981103
ShoulderLeft: -0.5084979, 0.373992, 2.896667
ElbowLeft: -0.5389757, 0.1484833, 2.792562
WristLeft: -0.5176337, -0.07244299, 2.660234
HandLeft: -0.5212951, -0.1462026, 2.625173
ShoulderRight: -0.1790347, 0.4331053, 2.989977
ElbowRight: 0.05525309, 0.4762112, 2.993048
WristRight: 0.2907121, 0.6149291, 2.998981
HandRight: 0.3795894, 0.6414742, 3.044388
HipLeft: -0.3948784, 0.03239062, 2.764459
KneeLeft: -0.3413449, -0.4839163, 2.670478
AnkleLeft: -0.3527898, -0.7774102, 2.566812
FootLeft: -0.3166562, -0.8342009, 2.463671
HipRight: -0.2454705, 0.04701581, 2.773133
KneeRight: -0.3404179, -0.411232, 2.674589
AnkleRight: -0.3174307, -0.7755463, 2.57984
FootRight: -0.3340991, -0.8312743, 2.445291
=========
HipCenter: -0.3297012, 0.1065639, 2.803835
Spine: -0.3477477, 0.1525545, 2.880313
ShoulderCenter: -0.3798674, 0.5261375, 2.993029
Head: -0.3531099, 0.6966608, 2.980378
ShoulderLeft: -0.5083262, 0.3740994, 2.896055
ElbowLeft: -0.5384167, 0.147623, 2.792335
WristLeft: -0.5181322, -0.07261346, 2.661204
HandLeft: -0.5226432, -0.1462501, 2.627115
ShoulderRight: -0.1789598, 0.4334842, 2.98912
ElbowRight: 0.05549411, 0.476605, 2.991679
WristRight: 0.2908142, 0.6151099, 2.997695
HandRight: 0.3795297, 0.6417225, 3.042581
HipLeft: -0.394721, 0.03255372, 2.764384
KneeLeft: -0.3408658, -0.4840013, 2.670635
AnkleLeft: -0.3527819, -0.7772765, 2.566889
FootLeft: -0.3167416, -0.8341446, 2.463827
HipRight: -0.2453878, 0.04680001, 2.772852
KneeRight: -0.339151, -0.4209772, 2.674713
AnkleRight: -0.3169909, -0.7753351, 2.580631
FootRight: -0.3343028, -0.8311926, 2.445468
=========
HipCenter: -0.32953, 0.1064579, 2.803526
Spine: -0.3475478, 0.1524804, 2.880018
ShoulderCenter: -0.3796907, 0.5262824, 2.992606
Head: -0.353338, 0.6971853, 2.979954
ShoulderLeft: -0.5081901, 0.3742721, 2.895438
ElbowLeft: -0.5381146, 0.1470782, 2.7927
WristLeft: -0.5188391, -0.07288504, 2.662364
HandLeft: -0.5239927, -0.1464059, 2.628785
ShoulderRight: -0.1788632, 0.4338834, 2.988212
ElbowRight: 0.05549976, 0.4769537, 2.990351
WristRight: 0.2907649, 0.6158374, 2.996692
HandRight: 0.3791753, 0.6457956, 3.041445
HipLeft: -0.3946269, 0.03253939, 2.763864
KneeLeft: -0.3404939, -0.4840819, 2.670758
AnkleLeft: -0.35278, -0.7771738, 2.566953
FootLeft: -0.3168078, -0.8340942, 2.463968
HipRight: -0.2453359, 0.04558599, 2.772807
KneeRight: -0.3383479, -0.429519, 2.674494
AnkleRight: -0.3166828, -0.7753028, 2.581184
FootRight: -0.3343146, -0.8312089, 2.445527
=========
HipCenter: -0.3293845, 0.1063304, 2.803239
Spine: -0.3473721, 0.1523989, 2.879747
ShoulderCenter: -0.3793403, 0.5264906, 2.99205
Head: -0.3534992, 0.6976711, 2.979701
ShoulderLeft: -0.5080552, 0.3744548, 2.894769
ElbowLeft: -0.5375819, 0.1456586, 2.792866
WristLeft: -0.5196067, -0.07309028, 2.663513
HandLeft: -0.525279, -0.1465939, 2.630368
ShoulderRight: -0.1787619, 0.4342807, 2.987401
ElbowRight: 0.05525945, 0.4772634, 2.988988
WristRight: 0.2901117, 0.6174245, 2.995703
HandRight: 0.3781191, 0.6514873, 3.040208
HipLeft: -0.3945733, 0.03249513, 2.763416
KneeLeft: -0.3402597, -0.4841104, 2.67085
AnkleLeft: -0.3527856, -0.7770866, 2.567014
FootLeft: -0.3168699, -0.8340468, 2.464099
HipRight: -0.2453437, 0.04447738, 2.772717
KneeRight: -0.3381158, -0.4316683, 2.674612
AnkleRight: -0.316451, -0.7753388, 2.581597
FootRight: -0.3343645, -0.8312672, 2.445474
=========
HipCenter: -0.3292546, 0.1062408, 2.802921
Spine: -0.347179, 0.1523731, 2.87941
ShoulderCenter: -0.3781808, 0.526807, 2.990306
Head: -0.3535314, 0.6983724, 2.979166
ShoulderLeft: -0.5079485, 0.3746612, 2.894099
ElbowLeft: -0.537301, 0.1451008, 2.793089
WristLeft: -0.5206192, -0.07319724, 2.664813
HandLeft: -0.5272985, -0.1467522, 2.632709
ShoulderRight: -0.1786263, 0.434635, 2.986473
ElbowRight: 0.05470579, 0.4776906, 2.987179
WristRight: 0.2682536, 0.6415536, 2.991199
HandRight: 0.3304379, 0.6918015, 3.030114
HipLeft: -0.3945623, 0.03244881, 2.762998
KneeLeft: -0.3401009, -0.4841242, 2.670914
AnkleLeft: -0.352797, -0.7770158, 2.567069
FootLeft: -0.3169402, -0.8340006, 2.464206
HipRight: -0.2453417, 0.04385356, 2.772557
KneeRight: -0.3380125, -0.4330902, 2.674753
AnkleRight: -0.3162616, -0.7754728, 2.581933
FootRight: -0.3345132, -0.8313524, 2.445284
=========
HipCenter: -0.3291536, 0.106141, 2.802628
Spine: -0.3470213, 0.1523352, 2.879103
ShoulderCenter: -0.3772244, 0.5270328, 2.988857
Head: -0.3534814, 0.699046, 2.978593
ShoulderLeft: -0.5078571, 0.3748948, 2.893465
ElbowLeft: -0.5371091, 0.1445527, 2.793242
WristLeft: -0.5215675, -0.07321952, 2.665922
HandLeft: -0.5292968, -0.146784, 2.634744
ShoulderRight: -0.1785019, 0.4349287, 2.985707
ElbowRight: 0.05419797, 0.4780347, 2.985723
WristRight: 0.2389491, 0.6590103, 2.984327
HandRight: 0.2891492, 0.7322999, 3.024735
HipLeft: -0.3945761, 0.03239505, 2.762634
KneeLeft: -0.3399867, -0.484131, 2.670965
AnkleLeft: -0.3528093, -0.7769623, 2.567116
FootLeft: -0.3170068, -0.8339608, 2.4643
HipRight: -0.2453791, 0.04325601, 2.772408
KneeRight: -0.3380528, -0.4337001, 2.674968
AnkleRight: -0.3161321, -0.7756308, 2.582178
FootRight: -0.3347017, -0.8315021, 2.444997
=========
HipCenter: -0.329033, 0.1060184, 2.802313
Spine: -0.3468536, 0.1522869, 2.878787
ShoulderCenter: -0.37641, 0.5273054, 2.987728
Head: -0.3532023, 0.6998906, 2.978166
ShoulderLeft: -0.5077302, 0.375208, 2.892754
ElbowLeft: -0.5368807, 0.1431464, 2.79297
WristLeft: -0.5224384, -0.0731907, 2.6668
HandLeft: -0.5308759, -0.1467592, 2.636266
ShoulderRight: -0.1783228, 0.4351914, 2.984993
ElbowRight: 0.05372022, 0.4784244, 2.984418
WristRight: 0.1997852, 0.6912152, 2.980277
HandRight: 0.2362516, 0.7853602, 3.017941
HipLeft: -0.3945926, 0.03233071, 2.762285
KneeLeft: -0.3399095, -0.4841326, 2.671011
AnkleLeft: -0.3528262, -0.7769223, 2.567156
FootLeft: -0.3170696, -0.8339255, 2.46438
HipRight: -0.2453702, 0.04270634, 2.772268
KneeRight: -0.338284, -0.4335147, 2.675207
AnkleRight: -0.3160323, -0.7758184, 2.582371
FootRight: -0.3354242, -0.8314505, 2.444422
=========
HipCenter: -0.3288759, 0.1058474, 2.801945
Spine: -0.3466625, 0.1521979, 2.878439
ShoulderCenter: -0.375683, 0.5275122, 2.986945
Head: -0.3529133, 0.7005536, 2.977757
ShoulderLeft: -0.5075136, 0.3755788, 2.891949
ElbowLeft: -0.5363194, 0.139724, 2.79145
WristLeft: -0.5231467, -0.07322434, 2.66743
HandLeft: -0.5318588, -0.1467432, 2.637119
ShoulderRight: -0.1781272, 0.435365, 2.984389
ElbowRight: 0.05329381, 0.4787353, 2.983445
WristRight: 0.1751059, 0.712462, 2.978781
HandRight: 0.1894398, 0.8198478, 3.011492
HipLeft: -0.3946046, 0.03225624, 2.761947
KneeLeft: -0.3398575, -0.4841313, 2.671049
AnkleLeft: -0.3528473, -0.7768902, 2.567191
FootLeft: -0.3171354, -0.8338876, 2.46446
HipRight: -0.2453355, 0.04220062, 2.772113
KneeRight: -0.3385239, -0.4325465, 2.675565
AnkleRight: -0.3159053, -0.7761354, 2.582536
FootRight: -0.3357306, -0.8315433, 2.443926
=========
HipCenter: -0.3286838, 0.1056354, 2.801517
Spine: -0.3464286, 0.1520831, 2.87805
ShoulderCenter: -0.374814, 0.527815, 2.986334
Head: -0.3519861, 0.7014808, 2.977195
ShoulderLeft: -0.5072271, 0.3759846, 2.89118
ElbowLeft: -0.5360968, 0.1388507, 2.790924
WristLeft: -0.5238977, -0.07307309, 2.667994
HandLeft: -0.5325688, -0.1465429, 2.637646
ShoulderRight: -0.177888, 0.435488, 2.983784
ElbowRight: 0.05285181, 0.4789358, 2.98281
WristRight: 0.1455674, 0.7299779, 2.968974
HandRight: 0.157575, 0.838408, 3.00031
HipLeft: -0.394613, 0.03217046, 2.761603
KneeLeft: -0.3398238, -0.4841285, 2.671081
AnkleLeft: -0.3528699, -0.7768646, 2.567223
FootLeft: -0.3171963, -0.8338514, 2.464536
HipRight: -0.2452906, 0.04175053, 2.77195
KneeRight: -0.3387299, -0.4312743, 2.675834
AnkleRight: -0.3158056, -0.7765101, 2.582652
FootRight: -0.3360972, -0.8316135, 2.443452
=========
HipCenter: -0.3284619, 0.1054133, 2.801078
Spine: -0.3461389, 0.151959, 2.877637
ShoulderCenter: -0.373463, 0.5282475, 2.985794
Head: -0.3510129, 0.7022023, 2.976734
ShoulderLeft: -0.5068471, 0.3764063, 2.890473
ElbowLeft: -0.5355905, 0.1376172, 2.789609
WristLeft: -0.5244361, -0.07302826, 2.668407
HandLeft: -0.5330995, -0.1463962, 2.637975
ShoulderRight: -0.1775019, 0.4355283, 2.98323
ElbowRight: 0.05234628, 0.4791335, 2.982499
WristRight: 0.1253601, 0.7401112, 2.962513
HandRight: 0.1266475, 0.8477904, 2.988105
HipLeft: -0.3946174, 0.03208734, 2.761286
KneeLeft: -0.3398064, -0.4841202, 2.671109
AnkleLeft: -0.3528958, -0.7768429, 2.567254
FootLeft: -0.3172856, -0.8338076, 2.464644
HipRight: -0.2452273, 0.04134521, 2.771785
KneeRight: -0.3389234, -0.4299339, 2.67606
AnkleRight: -0.3157273, -0.7769015, 2.582735
FootRight: -0.3364851, -0.8316686, 2.443434
=========
HipCenter: -0.3282273, 0.1051815, 2.800654
Spine: -0.3458711, 0.1518358, 2.877252
ShoulderCenter: -0.3724195, 0.5286633, 2.985384
Head: -0.3500029, 0.7028567, 2.976322
ShoulderLeft: -0.5060573, 0.3771788, 2.889679
ElbowLeft: -0.5351462, 0.1372742, 2.788691
WristLeft: -0.5248557, -0.07300172, 2.668715
HandLeft: -0.5335041, -0.1462541, 2.638175
ShoulderRight: -0.1770255, 0.4355015, 2.982677
ElbowRight: 0.05164292, 0.4791802, 2.982454
WristRight: 0.07887989, 0.7395347, 2.943087
HandRight: 0.06816944, 0.8443427, 2.957092
HipLeft: -0.3945894, 0.03201027, 2.761017
KneeLeft: -0.339798, -0.4841137, 2.671134
AnkleLeft: -0.3529272, -0.7768192, 2.567285
FootLeft: -0.3173299, -0.8337778, 2.46468
HipRight: -0.2451607, 0.04098979, 2.771636
KneeRight: -0.3390922, -0.4286659, 2.67624
AnkleRight: -0.3156559, -0.7772956, 2.582803
FootRight: -0.3367664, -0.8316873, 2.443493
=========
HipCenter: -0.3278206, 0.1049467, 2.800119
Spine: -0.3454056, 0.1517022, 2.876746
ShoulderCenter: -0.3708928, 0.5291365, 2.985126
Head: -0.3489995, 0.7033547, 2.975961
ShoulderLeft: -0.504922, 0.3781448, 2.888782
ElbowLeft: -0.5345599, 0.1368651, 2.787535
WristLeft: -0.5251335, -0.07295017, 2.668917
HandLeft: -0.533799, -0.1460727, 2.638258
ShoulderRight: -0.176381, 0.4354088, 2.982184
ElbowRight: 0.05081256, 0.4791794, 2.982521
WristRight: 0.05524267, 0.7363543, 2.934156
HandRight: 0.01865934, 0.8381159, 2.935709
HipLeft: -0.394492, 0.03195041, 2.760675
KneeLeft: -0.3398006, -0.4840926, 2.671158
AnkleLeft: -0.3529707, -0.776804, 2.567307
FootLeft: -0.3173949, -0.8337399, 2.464716
HipRight: -0.2449736, 0.0406781, 2.771437
KneeRight: -0.3392358, -0.4275084, 2.676383
AnkleRight: -0.3155553, -0.7779182, 2.582901
FootRight: -0.336955, -0.831715, 2.443544
=========
HipCenter: -0.3273867, 0.1047344, 2.799604
Spine: -0.3448918, 0.1515854, 2.876241
ShoulderCenter: -0.3693457, 0.5295811, 2.984884
Head: -0.3478513, 0.7038274, 2.975699
ShoulderLeft: -0.5038509, 0.3790558, 2.888017
ElbowLeft: -0.5340419, 0.1367048, 2.786626
WristLeft: -0.525263, -0.07292811, 2.668959
HandLeft: -0.5339867, -0.1459684, 2.638172
ShoulderRight: -0.1756746, 0.4352912, 2.981738
ElbowRight: 0.05018005, 0.4793481, 2.982623
WristRight: 0.01191528, 0.7231418, 2.923646
HandRight: -0.04154634, 0.8219374, 2.927629
HipLeft: -0.3943655, 0.03188458, 2.760352
KneeLeft: -0.3398764, -0.4843142, 2.671131
AnkleLeft: -0.3530388, -0.7768025, 2.567303
FootLeft: -0.3174405, -0.833712, 2.464732
HipRight: -0.2447631, 0.04043205, 2.771239
KneeRight: -0.3393515, -0.4264863, 2.676479
AnkleRight: -0.3154518, -0.7783546, 2.582977
FootRight: -0.337129, -0.8317322, 2.44358
=========
HipCenter: -0.3269809, 0.1045303, 2.799138
Spine: -0.3444088, 0.1514609, 2.875782
ShoulderCenter: -0.3681482, 0.5298781, 2.984694
Head: -0.3468633, 0.7041765, 2.975475
ShoulderLeft: -0.5029801, 0.3797906, 2.887415
ElbowLeft: -0.5336229, 0.1368688, 2.785947
WristLeft: -0.5252737, -0.07292496, 2.668892
HandLeft: -0.5340582, -0.1458981, 2.637971
ShoulderRight: -0.1749215, 0.4351344, 2.981317
ElbowRight: 0.04950422, 0.4794478, 2.982641
WristRight: -0.007749029, 0.7174813, 2.918499
HandRight: -0.07066873, 0.813429, 2.921899
HipLeft: -0.3942241, 0.03177341, 2.760066
KneeLeft: -0.3400581, -0.484751, 2.67104
AnkleLeft: -0.3531066, -0.7768127, 2.567291
FootLeft: -0.3174856, -0.8336848, 2.464741
HipRight: -0.2445458, 0.04021734, 2.771028
KneeRight: -0.3394819, -0.4256112, 2.676521
AnkleRight: -0.3153476, -0.7788075, 2.583044
FootRight: -0.3374362, -0.8317979, 2.443495
=========
HipCenter: -0.326589, 0.1043369, 2.798711
Spine: -0.3439362, 0.1513344, 2.875364
ShoulderCenter: -0.3670918, 0.5301214, 2.984604
Head: -0.3458703, 0.7043636, 2.975503
ShoulderLeft: -0.5022814, 0.3803733, 2.886944
ElbowLeft: -0.5332622, 0.1371742, 2.785422
WristLeft: -0.5251911, -0.07292689, 2.668763
HandLeft: -0.5340343, -0.1458321, 2.637676
ShoulderRight: -0.1741741, 0.4349469, 2.980914
ElbowRight: 0.04896079, 0.4795421, 2.982468
WristRight: -0.01992354, 0.7129034, 2.91544
HandRight: -0.08880562, 0.8057547, 2.918269
HipLeft: -0.3940758, 0.0316395, 2.759808
KneeLeft: -0.3403082, -0.4854591, 2.670907
AnkleLeft: -0.3531819, -0.7768283, 2.567274
FootLeft: -0.3175237, -0.8336623, 2.464742
HipRight: -0.2442902, 0.04003374, 2.770779
KneeRight: -0.3396136, -0.424845, 2.676529
AnkleRight: -0.3152561, -0.7792251, 2.583095
FootRight: -0.3376392, -0.8318503, 2.443458
=========
HipCenter: -0.3262297, 0.1041605, 2.798335
Spine: -0.3435088, 0.151211, 2.874999
ShoulderCenter: -0.3663285, 0.5303342, 2.984643
Head: -0.3449446, 0.7043796, 2.975594
ShoulderLeft: -0.5016986, 0.380826, 2.886557
ElbowLeft: -0.5329819, 0.1377136, 2.785044
WristLeft: -0.5249754, -0.07296418, 2.668543
HandLeft: -0.5337955, -0.1458008, 2.637222
ShoulderRight: -0.1732596, 0.4346953, 2.980514
ElbowRight: 0.04825096, 0.4797456, 2.981712
WristRight: -0.02899524, 0.7087359, 2.912366
HandRight: -0.1010423, 0.7994622, 2.914495
HipLeft: -0.3939152, 0.03148702, 2.759549
KneeLeft: -0.3406361, -0.4864012, 2.670733
AnkleLeft: -0.3532704, -0.7768356, 2.567253
FootLeft: -0.3175619, -0.8336412, 2.464745
HipRight: -0.2440223, 0.03987165, 2.770537
KneeRight: -0.3397272, -0.4242186, 2.676517
AnkleRight: -0.3151506, -0.779663, 2.583142
FootRight: -0.3377975, -0.8318853, 2.443442
=========
HipCenter: -0.3259206, 0.1040079, 2.798002
Spine: -0.3431392, 0.1511021, 2.87468
ShoulderCenter: -0.365822, 0.5305012, 2.984678
Head: -0.3437949, 0.704133, 2.976065
ShoulderLeft: -0.5012532, 0.3811495, 2.886258
ElbowLeft: -0.5327253, 0.1378012, 2.784664
WristLeft: -0.5247434, -0.072919, 2.66832
HandLeft: -0.533346, -0.1456252, 2.636658
ShoulderRight: -0.1722651, 0.4343616, 2.980081
ElbowRight: 0.04737949, 0.4801057, 2.980468
WristRight: -0.03765397, 0.7049442, 2.909118
HandRight: -0.1124002, 0.7833332, 2.90478
HipLeft: -0.3937724, 0.03133685, 2.759313
KneeLeft: -0.3409864, -0.4873801, 2.670566
AnkleLeft: -0.3533557, -0.7768469, 2.567226
FootLeft: -0.3175928, -0.8336257, 2.464742
HipRight: -0.2437558, 0.03973228, 2.770274
KneeRight: -0.3398383, -0.4237121, 2.676489
AnkleRight: -0.3150216, -0.780159, 2.583159
FootRight: -0.3379062, -0.8319232, 2.443465
=========
HipCenter: -0.3255865, 0.1038985, 2.797688
Spine: -0.3427359, 0.1510313, 2.874368
ShoulderCenter: -0.3651994, 0.5306438, 2.984687
Head: -0.3394548, 0.7039164, 2.977116
ShoulderLeft: -0.5008376, 0.3813967, 2.886017
ElbowLeft: -0.5324855, 0.1381358, 2.7845
WristLeft: -0.5242438, -0.07289381, 2.667953
HandLeft: -0.5328946, -0.1454425, 2.636047
ShoulderRight: -0.1704623, 0.4340642, 2.979941
ElbowRight: 0.04619128, 0.4805503, 2.97821
WristRight: -0.05040344, 0.7021874, 2.903172
HandRight: -0.1182723, 0.7733639, 2.897489
HipLeft: -0.393627, 0.03119442, 2.759091
KneeLeft: -0.3412747, -0.4883654, 2.670418
AnkleLeft: -0.3534307, -0.7768509, 2.567203
FootLeft: -0.3176204, -0.8336105, 2.464736
HipRight: -0.2434188, 0.03964332, 2.76999
KneeRight: -0.3399355, -0.4232979, 2.676453
AnkleRight: -0.3149429, -0.7804913, 2.583176
FootRight: -0.3377132, -0.8319387, 2.442936
=========
HipCenter: -0.3252896, 0.1038772, 2.79746
Spine: -0.3423042, 0.1510347, 2.874123
ShoulderCenter: -0.364561, 0.530772, 2.984696
Head: -0.3336678, 0.7037252, 2.978022
ShoulderLeft: -0.5006882, 0.3816845, 2.885986
ElbowLeft: -0.5322435, 0.1385305, 2.784403
WristLeft: -0.5237615, -0.07285667, 2.66763
HandLeft: -0.5324589, -0.1452398, 2.635532
ShoulderRight: -0.1688087, 0.4337956, 2.979796
ElbowRight: 0.04505763, 0.4810877, 2.97598
WristRight: -0.07212794, 0.6878307, 2.888512
HandRight: -0.1418257, 0.7351915, 2.874602
HipLeft: -0.3935236, 0.03109336, 2.75895
KneeLeft: -0.3414838, -0.4894048, 2.670336
AnkleLeft: -0.3534798, -0.776853, 2.567189
FootLeft: -0.3176656, -0.8335877, 2.464724
HipRight: -0.2430694, 0.03963307, 2.769718
KneeRight: -0.3400232, -0.4229445, 2.676411
AnkleRight: -0.3148742, -0.7807681, 2.583194
FootRight: -0.337632, -0.8319589, 2.442465
=========
HipCenter: -0.3249629, 0.1038962, 2.797254
Spine: -0.3418908, 0.1510934, 2.873903
ShoulderCenter: -0.3640636, 0.5310097, 2.98455
Head: -0.3299161, 0.7032703, 2.978808
ShoulderLeft: -0.5003098, 0.3818557, 2.885857
ElbowLeft: -0.5320587, 0.138713, 2.784286
WristLeft: -0.5234626, -0.07269651, 2.667451
HandLeft: -0.5319866, -0.14483, 2.635136
ShoulderRight: -0.1669274, 0.4333681, 2.979482
ElbowRight: 0.04381758, 0.4817575, 2.973614
WristRight: -0.08275087, 0.6794105, 2.882436
HandRight: -0.1502596, 0.7224045, 2.867564
HipLeft: -0.393176, 0.0310856, 2.758383
KneeLeft: -0.3415477, -0.4901741, 2.670305
AnkleLeft: -0.3535372, -0.7768525, 2.567171
FootLeft: -0.3177115, -0.8335667, 2.46471
HipRight: -0.2423745, 0.03947011, 2.769873
KneeRight: -0.3400817, -0.4226378, 2.676383
AnkleRight: -0.3148071, -0.7809567, 2.58323
FootRight: -0.3376188, -0.8319981, 2.442315
=========
HipCenter: -0.3242999, 0.1048083, 2.797324
Spine: -0.3410252, 0.152071, 2.873909
ShoulderCenter: -0.3632671, 0.5317827, 2.98425
Head: -0.3261421, 0.7043093, 2.979737
ShoulderLeft: -0.4998627, 0.3824881, 2.886215
ElbowLeft: -0.531863, 0.1390437, 2.78429
WristLeft: -0.5232268, -0.07250326, 2.667374
HandLeft: -0.5315502, -0.1443992, 2.63482
ShoulderRight: -0.1653172, 0.4329351, 2.979042
ElbowRight: 0.04274207, 0.4824809, 2.971327
WristRight: -0.09191709, 0.668388, 2.878735
HandRight: -0.1565368, 0.7120137, 2.863341
HipLeft: -0.3924782, 0.03233788, 2.757654
KneeLeft: -0.3415415, -0.4906292, 2.670288
AnkleLeft: -0.3535979, -0.776847, 2.567158
FootLeft: -0.317752, -0.8335459, 2.464695
HipRight: -0.2415701, 0.03971567, 2.770697
KneeRight: -0.3401426, -0.4223975, 2.676358
AnkleRight: -0.3147192, -0.7811459, 2.583289
FootRight: -0.3376006, -0.8319426, 2.442068
=========
HipCenter: -0.3233234, 0.1065842, 2.797726
Spine: -0.3397934, 0.1538027, 2.874172
ShoulderCenter: -0.3622878, 0.5327621, 2.983873
Head: -0.3074212, 0.7062202, 2.97704
ShoulderLeft: -0.4993481, 0.3838895, 2.887253
ElbowLeft: -0.5316066, 0.1399582, 2.784661
WristLeft: -0.5230434, -0.07225499, 2.667375
HandLeft: -0.5312373, -0.1441334, 2.634674
ShoulderRight: -0.163938, 0.4325796, 2.978585
ElbowRight: 0.04192939, 0.4832199, 2.969404
WristRight: -0.1012394, 0.65724, 2.876758
HandRight: -0.162407, 0.7031164, 2.860929
HipLeft: -0.3915531, 0.03434271, 2.756861
KneeLeft: -0.3415287, -0.4909312, 2.670259
AnkleLeft: -0.3536403, -0.7768406, 2.567152
FootLeft: -0.3177891, -0.8335268, 2.464679
HipRight: -0.2405813, 0.04040125, 2.772218
KneeRight: -0.340223, -0.4221146, 2.676318
AnkleRight: -0.3146429, -0.781301, 2.583344
FootRight: -0.337615, -0.8319219, 2.441912
=========
HipCenter: -0.3224909, 0.1081196, 2.798089
Spine: -0.3387039, 0.1553392, 2.874424
ShoulderCenter: -0.3608408, 0.5338987, 2.983369
Head: -0.297043, 0.7070791, 2.975283
ShoulderLeft: -0.4986238, 0.3852594, 2.888246
ElbowLeft: -0.5314071, 0.1409072, 2.785126
WristLeft: -0.5229423, -0.07159724, 2.667616
HandLeft: -0.5309674, -0.1438715, 2.634616
ShoulderRight: -0.1626856, 0.4321884, 2.977993
ElbowRight: 0.04111555, 0.4839672, 2.967771
WristRight: -0.1074372, 0.6506765, 2.875711
HandRight: -0.1668684, 0.6970193, 2.85954
HipLeft: -0.39078, 0.03607024, 2.756209
KneeLeft: -0.3414886, -0.4911675, 2.670226
AnkleLeft: -0.3537138, -0.7768164, 2.567153
FootLeft: -0.3178275, -0.8335071, 2.464669
HipRight: -0.2397729, 0.04100702, 2.773568
KneeRight: -0.340303, -0.4218814, 2.676275
AnkleRight: -0.3145716, -0.7814292, 2.583396
FootRight: -0.3375902, -0.8319648, 2.441903
=========
HipCenter: -0.3219328, 0.1095152, 2.798418
Spine: -0.3378132, 0.1567539, 2.874668
ShoulderCenter: -0.3595827, 0.5349383, 2.982867
Head: -0.2907599, 0.7077448, 2.974121
ShoulderLeft: -0.4980684, 0.3871394, 2.889766
ElbowLeft: -0.5312749, 0.1420203, 2.785731
WristLeft: -0.5228962, -0.0711976, 2.667832
HandLeft: -0.5307639, -0.1436644, 2.634599
ShoulderRight: -0.1615277, 0.4316994, 2.977029
ElbowRight: 0.04035835, 0.484808, 2.966293
WristRight: -0.1118364, 0.646648, 2.875433
HandRight: -0.1704415, 0.6928149, 2.859128
HipLeft: -0.3903596, 0.03759632, 2.755753
KneeLeft: -0.3413812, -0.4913536, 2.670168
AnkleLeft: -0.353785, -0.7767904, 2.567157
FootLeft: -0.3178726, -0.833489, 2.464655
HipRight: -0.2393446, 0.04162852, 2.774674
KneeRight: -0.3403744, -0.421679, 2.676232
AnkleRight: -0.3145104, -0.781538, 2.583445
FootRight: -0.3375868, -0.8320506, 2.442039
=========
HipCenter: -0.3215098, 0.1106601, 2.798683
Spine: -0.3370844, 0.157915, 2.874866
ShoulderCenter: -0.3585912, 0.5356666, 2.982349
Head: -0.2867207, 0.7083113, 2.973247
ShoulderLeft: -0.4976614, 0.3891338, 2.891271
ElbowLeft: -0.5312101, 0.1433346, 2.786472
WristLeft: -0.5228708, -0.07088224, 2.668037
HandLeft: -0.5306227, -0.1434906, 2.634608
ShoulderRight: -0.1605318, 0.4310777, 2.975648
ElbowRight: 0.03976013, 0.4856758, 2.964881
WristRight: -0.1166006, 0.644681, 2.875635
HandRight: -0.1744188, 0.6905017, 2.859496
HipLeft: -0.3900644, 0.03885922, 2.755383
KneeLeft: -0.3412058, -0.4912953, 2.67007
AnkleLeft: -0.3538757, -0.7767544, 2.567161
FootLeft: -0.3179078, -0.8334752, 2.464642
HipRight: -0.239037, 0.04215547, 2.775584
KneeRight: -0.3404369, -0.421498, 2.676185
AnkleRight: -0.3144667, -0.7816183, 2.583487
FootRight: -0.3376009, -0.8321292, 2.442204
=========
HipCenter: -0.3212356, 0.1115913, 2.798889
Spine: -0.3365216, 0.158888, 2.875026
ShoulderCenter: -0.3576451, 0.536451, 2.981805
Head: -0.2847301, 0.7090597, 2.972303
ShoulderLeft: -0.4974013, 0.3908278, 2.892537
ElbowLeft: -0.5312071, 0.143909, 2.786841
WristLeft: -0.5228724, -0.07062715, 2.668243
HandLeft: -0.5305147, -0.1433402, 2.634643
ShoulderRight: -0.1599465, 0.4305321, 2.974186
ElbowRight: 0.0393358, 0.4864427, 2.963643
WristRight: -0.1192684, 0.6434338, 2.876185
HandRight: -0.1769994, 0.6890949, 2.860377
HipLeft: -0.3899309, 0.03993762, 2.755102
KneeLeft: -0.3410298, -0.4909414, 2.669952
AnkleLeft: -0.3539662, -0.7767131, 2.567175
FootLeft: -0.3179377, -0.8334554, 2.464661
HipRight: -0.2389138, 0.04261915, 2.776326
KneeRight: -0.340472, -0.4213101, 2.676159
AnkleRight: -0.3144329, -0.7816911, 2.583529
FootRight: -0.3374294, -0.8322064, 2.442132
=========
HipCenter: -0.3210818, 0.112396, 2.799043
Spine: -0.3360644, 0.1597422, 2.875149
ShoulderCenter: -0.3568678, 0.5371771, 2.981294
Head: -0.2852438, 0.7101521, 2.970787
ShoulderLeft: -0.4981301, 0.391793, 2.893432
ElbowLeft: -0.531292, 0.1446626, 2.787402
WristLeft: -0.5229933, -0.07020639, 2.668568
HandLeft: -0.5304444, -0.1431748, 2.634742
ShoulderRight: -0.1596629, 0.4300921, 2.972336
ElbowRight: 0.03900507, 0.4871716, 2.96256
WristRight: -0.1209023, 0.6430187, 2.877062
HandRight: -0.1788266, 0.6885082, 2.861562
HipLeft: -0.3900347, 0.04087279, 2.754792
KneeLeft: -0.3407471, -0.4902802, 2.669841
AnkleLeft: -0.3540604, -0.7766635, 2.567198
FootLeft: -0.3179609, -0.8334377, 2.464672
HipRight: -0.2388556, 0.04300422, 2.776924
KneeRight: -0.3405018, -0.4210788, 2.676125
AnkleRight: -0.3144033, -0.7817484, 2.58358
FootRight: -0.3374115, -0.8322415, 2.442116
=========
HipCenter: -0.3210317, 0.1128848, 2.799055
Spine: -0.3358232, 0.1602691, 2.875137
ShoulderCenter: -0.3563678, 0.5377637, 2.980683
Head: -0.288744, 0.711473, 2.968401
ShoulderLeft: -0.4983279, 0.392274, 2.893782
ElbowLeft: -0.5313861, 0.1452911, 2.787885
WristLeft: -0.5231429, -0.06984472, 2.668874
HandLeft: -0.5304078, -0.143007, 2.634872
ShoulderRight: -0.159581, 0.4297113, 2.970657
ElbowRight: 0.03879872, 0.4878628, 2.961463
WristRight: -0.1214076, 0.6434357, 2.878293
HandRight: -0.1799125, 0.6886034, 2.862981
HipLeft: -0.3902383, 0.04153666, 2.754416
KneeLeft: -0.3405386, -0.4896486, 2.669743
AnkleLeft: -0.3541604, -0.7766111, 2.567223
FootLeft: -0.3180067, -0.8333879, 2.464744
HipRight: -0.238866, 0.04323168, 2.777302
KneeRight: -0.3404608, -0.4207009, 2.676055
AnkleRight: -0.3143547, -0.7818034, 2.583635
FootRight: -0.3374089, -0.8322868, 2.44211
=========
HipCenter: -0.3210205, 0.1132587, 2.799036
Spine: -0.3356446, 0.1606579, 2.875104
ShoulderCenter: -0.3564007, 0.5379971, 2.979919
Head: -0.3159229, 0.7077479, 2.971293
ShoulderLeft: -0.4997186, 0.3924334, 2.893977
ElbowLeft: -0.5315074, 0.1458436, 2.788289
WristLeft: -0.5233122, -0.06948363, 2.669182
HandLeft: -0.5304121, -0.1428625, 2.635027
ShoulderRight: -0.1597128, 0.4294579, 2.969109
ElbowRight: 0.03779995, 0.4922801, 2.959263
WristRight: -0.1068025, 0.6572556, 2.884833
HandRight: -0.1694876, 0.7143586, 2.872012
HipLeft: -0.3904207, 0.04199177, 2.754168
KneeLeft: -0.3403782, -0.4890127, 2.669657
AnkleLeft: -0.3542561, -0.7765614, 2.567251
FootLeft: -0.3180404, -0.833339, 2.464815
HipRight: -0.2388414, 0.04337377, 2.777472
KneeRight: -0.339889, -0.4211246, 2.675729
AnkleRight: -0.3133216, -0.783524, 2.583741
FootRight: -0.3374135, -0.8323231, 2.44213
=========
HipCenter: -0.3210737, 0.113527, 2.798915
Spine: -0.3356016, 0.1609424, 2.874932
ShoulderCenter: -0.3574427, 0.5377695, 2.978298
Head: -0.3279246, 0.7061805, 2.972412
ShoulderLeft: -0.5009488, 0.3914889, 2.892806
ElbowLeft: -0.5316245, 0.1462898, 2.788594
WristLeft: -0.5234855, -0.06915649, 2.669415
HandLeft: -0.5304711, -0.1427415, 2.635197
ShoulderRight: -0.1600981, 0.4293765, 2.967754
ElbowRight: 0.03717574, 0.4951447, 2.957728
WristRight: -0.09090121, 0.6775566, 2.890721
HandRight: -0.1482346, 0.7410677, 2.884579
HipLeft: -0.3905786, 0.04228763, 2.753992
KneeLeft: -0.3402415, -0.4884306, 2.66959
AnkleLeft: -0.3543499, -0.7765111, 2.567282
FootLeft: -0.318069, -0.8332815, 2.464912
HipRight: -0.2389096, 0.04354128, 2.777191
KneeRight: -0.3392857, -0.4214647, 2.675422
AnkleRight: -0.3123312, -0.7849479, 2.583884
FootRight: -0.3374904, -0.8323431, 2.442426
=========
HipCenter: -0.3215476, 0.1133616, 2.798336
Spine: -0.3360262, 0.1608123, 2.874308
ShoulderCenter: -0.3594853, 0.5371423, 2.976495
Head: -0.3362203, 0.7051548, 2.972439
ShoulderLeft: -0.5020198, 0.3905271, 2.891499
ElbowLeft: -0.5317332, 0.1466631, 2.788836
WristLeft: -0.5236391, -0.06891566, 2.669595
HandLeft: -0.5305122, -0.1426757, 2.635293
ShoulderRight: -0.1606822, 0.4295777, 2.966517
ElbowRight: 0.03680738, 0.4968164, 2.956766
WristRight: -0.06515245, 0.7265913, 2.896496
HandRight: -0.1189979, 0.7886307, 2.89473
HipLeft: -0.3908919, 0.04235546, 2.753833
KneeLeft: -0.3401263, -0.4879126, 2.66954
AnkleLeft: -0.3544437, -0.7764623, 2.567321
FootLeft: -0.3180953, -0.8332241, 2.465003
HipRight: -0.239548, 0.04313625, 2.775669
KneeRight: -0.3382246, -0.4234731, 2.674487
AnkleRight: -0.311566, -0.7859655, 2.584119
FootRight: -0.337572, -0.8323449, 2.442848
=========
HipCenter: -0.322105, 0.1130325, 2.797688
Spine: -0.33651, 0.1605461, 2.873659
ShoulderCenter: -0.3611053, 0.5366064, 2.975228
Head: -0.3416577, 0.7045877, 2.972355
ShoulderLeft: -0.5028778, 0.3897042, 2.890319
ElbowLeft: -0.5318682, 0.1469958, 2.788995
WristLeft: -0.5237911, -0.068723, 2.66973
HandLeft: -0.5305688, -0.1426301, 2.635359
ShoulderRight: -0.1617894, 0.4302385, 2.965227
ElbowRight: 0.03659405, 0.4978755, 2.956124
WristRight: -0.01999401, 0.7370202, 2.903981
HandRight: -0.07460555, 0.8162386, 2.906271
HipLeft: -0.3912754, 0.04224649, 2.753799
KneeLeft: -0.3400564, -0.4874356, 2.669499
AnkleLeft: -0.3545254, -0.7764217, 2.567356
FootLeft: -0.3181197, -0.8331833, 2.465074
HipRight: -0.2404326, 0.04262622, 2.77371
KneeRight: -0.3369318, -0.425811, 2.673583
AnkleRight: -0.3112381, -0.7863659, 2.584228
FootRight: -0.3377033, -0.8323111, 2.44363
=========
HipCenter: -0.3227572, 0.1125845, 2.79695
Spine: -0.3370543, 0.1601878, 2.872973
ShoulderCenter: -0.3623935, 0.5361677, 2.974284
Head: -0.3454499, 0.7043534, 2.97211
ShoulderLeft: -0.5035493, 0.3890365, 2.889316
ElbowLeft: -0.5319826, 0.1460554, 2.788164
WristLeft: -0.5240554, -0.0686516, 2.669767
HandLeft: -0.5306377, -0.1425943, 2.635413
ShoulderRight: -0.1632037, 0.4312506, 2.964063
ElbowRight: 0.03652588, 0.4985848, 2.955742
WristRight: 0.001493165, 0.7393947, 2.905952
HandRight: -0.03222895, 0.8325827, 2.921513
HipLeft: -0.3917093, 0.04203165, 2.753811
KneeLeft: -0.3400188, -0.4869817, 2.669481
AnkleLeft: -0.3545985, -0.7763863, 2.567392
FootLeft: -0.3181403, -0.8331496, 2.465133
HipRight: -0.241513, 0.04212964, 2.771569
KneeRight: -0.3357928, -0.4278956, 2.672795
AnkleRight: -0.3109877, -0.7865951, 2.584363
FootRight: -0.3379245, -0.8322825, 2.444195
=========
HipCenter: -0.3233573, 0.112151, 2.796267
Spine: -0.3375495, 0.1598436, 2.872334
ShoulderCenter: -0.3633449, 0.5356591, 2.973284
Head: -0.3479972, 0.7041915, 2.971965
ShoulderLeft: -0.5042076, 0.3887781, 2.8887
ElbowLeft: -0.5320549, 0.1459422, 2.787913
WristLeft: -0.5243592, -0.06873973, 2.669679
HandLeft: -0.5306897, -0.1425766, 2.635437
ShoulderRight: -0.1645752, 0.4324809, 2.963142
ElbowRight: 0.03651788, 0.4991086, 2.9555
WristRight: 0.02747781, 0.7383704, 2.907633
HandRight: -0.006117788, 0.8387771, 2.92852
HipLeft: -0.3921514, 0.0417362, 2.753845
KneeLeft: -0.3399956, -0.4865866, 2.669472
AnkleLeft: -0.3546533, -0.7763645, 2.567422
FootLeft: -0.3181579, -0.8331233, 2.465183
HipRight: -0.242411, 0.0417466, 2.769804
KneeRight: -0.3353999, -0.4285579, 2.672495
AnkleRight: -0.31079, -0.7867328, 2.584496
FootRight: -0.338074, -0.8323002, 2.444655
=========
HipCenter: -0.3240008, 0.1117367, 2.795641
Spine: -0.3381107, 0.1594759, 2.87175
ShoulderCenter: -0.3644186, 0.5353532, 2.972847
Head: -0.3500061, 0.704232, 2.971616
ShoulderLeft: -0.5049025, 0.3887013, 2.888208
ElbowLeft: -0.5324649, 0.1464696, 2.788169
WristLeft: -0.5247378, -0.06897741, 2.669445
HandLeft: -0.5307521, -0.1425751, 2.635438
ShoulderRight: -0.1658079, 0.4336768, 2.962369
ElbowRight: 0.03777767, 0.5033545, 2.955242
WristRight: 0.07317384, 0.7430293, 2.903894
HandRight: 0.05724023, 0.8387054, 2.914716
HipLeft: -0.392668, 0.04136602, 2.753916
KneeLeft: -0.3399886, -0.4863019, 2.669462
AnkleLeft: -0.3547058, -0.7763441, 2.567454
FootLeft: -0.3181713, -0.8331012, 2.465223
HipRight: -0.2432578, 0.04147762, 2.768312
KneeRight: -0.3352494, -0.4288467, 2.672208
AnkleRight: -0.3106245, -0.786733, 2.584684
FootRight: -0.3381784, -0.8323176, 2.445048
=========
HipCenter: -0.3244512, 0.1114883, 2.795047
Spine: -0.3385302, 0.1592155, 2.871186
ShoulderCenter: -0.3651859, 0.5351266, 2.972513
Head: -0.3513692, 0.7045667, 2.971141
ShoulderLeft: -0.5054041, 0.3887105, 2.887785
ElbowLeft: -0.5329173, 0.1471106, 2.788487
WristLeft: -0.5251184, -0.0693256, 2.669033
HandLeft: -0.5308061, -0.1425969, 2.635335
ShoulderRight: -0.1668278, 0.4347844, 2.961766
ElbowRight: 0.03961293, 0.5078477, 2.954958
WristRight: 0.09138325, 0.745161, 2.902526
HandRight: 0.08909127, 0.836183, 2.906387
HipLeft: -0.3930905, 0.04103488, 2.75396
KneeLeft: -0.3401271, -0.4856685, 2.669431
AnkleLeft: -0.3547538, -0.7763266, 2.567485
FootLeft: -0.3181912, -0.8330866, 2.465236
HipRight: -0.24367, 0.04188056, 2.766784
KneeRight: -0.335312, -0.4287691, 2.671973
AnkleRight: -0.3105099, -0.7867479, 2.584804
FootRight: -0.3382871, -0.8323259, 2.445406
=========
HipCenter: -0.3248438, 0.1112497, 2.794492
Spine: -0.3389573, 0.1589523, 2.870647
ShoulderCenter: -0.3660458, 0.5349767, 2.972347
Head: -0.3522884, 0.7049893, 2.970387
ShoulderLeft: -0.5056279, 0.3887358, 2.887148
ElbowLeft: -0.5331847, 0.1473608, 2.788602
WristLeft: -0.5255073, -0.06980673, 2.668427
HandLeft: -0.5308533, -0.1425938, 2.634993
ShoulderRight: -0.1676787, 0.4358078, 2.961311
ElbowRight: 0.04194935, 0.5127869, 2.954673
WristRight: 0.1091062, 0.746613, 2.903124
HandRight: 0.1248643, 0.8441332, 2.906236
HipLeft: -0.3934359, 0.04071604, 2.753995
KneeLeft: -0.340299, -0.4851149, 2.66942
AnkleLeft: -0.3547991, -0.7763122, 2.567516
FootLeft: -0.3182124, -0.8330745, 2.465244
HipRight: -0.2439909, 0.04226174, 2.765533
KneeRight: -0.3355249, -0.4283545, 2.671829
AnkleRight: -0.3104171, -0.7866368, 2.585014
FootRight: -0.3384059, -0.8323143, 2.445817
=========
HipCenter: -0.3251708, 0.1110666, 2.794018
Spine: -0.3393272, 0.1587269, 2.870186
ShoulderCenter: -0.3673382, 0.5350115, 2.972707
Head: -0.3529705, 0.7056497, 2.969539
ShoulderLeft: -0.5057871, 0.3887798, 2.88656
ElbowLeft: -0.5334303, 0.1476394, 2.788666
WristLeft: -0.5258286, -0.07028184, 2.667735
HandLeft: -0.5308968, -0.1425886, 2.634531
ShoulderRight: -0.1684524, 0.436765, 2.960906
ElbowRight: 0.04243194, 0.5142507, 2.954553
WristRight: 0.133427, 0.7455591, 2.902596
HandRight: 0.1735359, 0.8426156, 2.905478
HipLeft: -0.3937201, 0.04043921, 2.754022
KneeLeft: -0.3405408, -0.4845691, 2.669416
AnkleLeft: -0.3548465, -0.7762961, 2.567558
FootLeft: -0.3182361, -0.833061, 2.465255
HipRight: -0.2442294, 0.04268509, 2.764513
KneeRight: -0.3357989, -0.4278089, 2.671726
AnkleRight: -0.3103806, -0.7864724, 2.585227
FootRight: -0.3385656, -0.8322966, 2.446012
=========
HipCenter: -0.3254554, 0.110905, 2.793607
Spine: -0.3396648, 0.158519, 2.86979
ShoulderCenter: -0.3685047, 0.535083, 2.973205
Head: -0.3533854, 0.7064191, 2.96853
ShoulderLeft: -0.5058954, 0.3888587, 2.885897
ElbowLeft: -0.533666, 0.1479162, 2.788685
WristLeft: -0.5260815, -0.07070228, 2.667044
HandLeft: -0.5309705, -0.1425233, 2.633859
ShoulderRight: -0.1691037, 0.4376408, 2.960567
ElbowRight: 0.04414467, 0.5169104, 2.953766
WristRight: 0.1518373, 0.7434461, 2.90232
HandRight: 0.1988279, 0.8405191, 2.907188
HipLeft: -0.393968, 0.04017122, 2.75405
KneeLeft: -0.3408681, -0.4840151, 2.669415
AnkleLeft: -0.3548829, -0.7762898, 2.567585
FootLeft: -0.318244, -0.8330517, 2.465213
HipRight: -0.2444381, 0.04305945, 2.763679
KneeRight: -0.3361745, -0.4270397, 2.671656
AnkleRight: -0.310461, -0.7862805, 2.585369
FootRight: -0.3387141, -0.8322672, 2.446129
=========
HipCenter: -0.3257253, 0.1107235, 2.793207
Spine: -0.3399783, 0.1583104, 2.869425
ShoulderCenter: -0.3693489, 0.5351672, 2.973602
Head: -0.3537148, 0.7074144, 2.967637
ShoulderLeft: -0.5059385, 0.3889246, 2.885195
ElbowLeft: -0.5340335, 0.1475312, 2.78816
WristLeft: -0.5263425, -0.0707313, 2.66654
HandLeft: -0.5310512, -0.142441, 2.633236
ShoulderRight: -0.1696521, 0.4384127, 2.96027
ElbowRight: 0.04616437, 0.5193681, 2.952863
WristRight: 0.1765408, 0.7410036, 2.903266
HandRight: 0.2323401, 0.8356778, 2.918262
HipLeft: -0.394206, 0.0398601, 2.754072
KneeLeft: -0.3413419, -0.4834563, 2.669412
AnkleLeft: -0.3549223, -0.7762846, 2.567617
FootLeft: -0.3182564, -0.8330445, 2.465173
HipRight: -0.244642, 0.04335401, 2.762986
KneeRight: -0.336537, -0.4262563, 2.671635
AnkleRight: -0.2811857, -0.7622963, 2.621809
FootRight: -0.3247616, -0.8149443, 2.485986
=========
HipCenter: -0.3259518, 0.1105898, 2.792815
Spine: -0.3402597, 0.1581433, 2.869075
ShoulderCenter: -0.3700527, 0.5352637, 2.973935
Head: -0.3541425, 0.7091247, 2.967087
ShoulderLeft: -0.5059221, 0.3890468, 2.884457
ElbowLeft: -0.5342965, 0.1476679, 2.7879
WristLeft: -0.5265284, -0.07072818, 2.66604
HandLeft: -0.53104, -0.1423546, 2.632549
ShoulderRight: -0.1701014, 0.4390987, 2.960005
ElbowRight: 0.05223303, 0.5239326, 2.950829
WristRight: 0.1976293, 0.7367766, 2.905296
HandRight: 0.2514996, 0.8311875, 2.92436
HipLeft: -0.3943829, 0.03961581, 2.754073
KneeLeft: -0.3418173, -0.4828685, 2.669406
AnkleLeft: -0.35496, -0.7762837, 2.567648
FootLeft: -0.3182769, -0.8330472, 2.465085
HipRight: -0.2448008, 0.0436899, 2.762338
KneeRight: -0.3368896, -0.4254353, 2.671646
AnkleRight: -0.2717446, -0.7537943, 2.634247
FootRight: -0.3184003, -0.8063482, 2.505371
=========
HipCenter: -0.3261425, 0.1104682, 2.792464
Spine: -0.340505, 0.1579974, 2.86877
ShoulderCenter: -0.3706024, 0.5353836, 2.97425
Head: -0.3544462, 0.7105556, 2.966758
ShoulderLeft: -0.5057942, 0.3891239, 2.883469
ElbowLeft: -0.5345159, 0.1478113, 2.787647
WristLeft: -0.5265664, -0.07090114, 2.665377
HandLeft: -0.5310394, -0.1422507, 2.631881
ShoulderRight: -0.1704949, 0.4399322, 2.959745
ElbowRight: 0.05733635, 0.527544, 2.949181
WristRight: 0.2396652, 0.7116058, 2.909955
HandRight: 0.2918614, 0.7982872, 2.933212
HipLeft: -0.3945279, 0.03938474, 2.754071
KneeLeft: -0.3423187, -0.4822602, 2.669396
AnkleLeft: -0.3549973, -0.7762855, 2.567677
FootLeft: -0.3182986, -0.8330577, 2.464978
HipRight: -0.2449333, 0.04397281, 2.761791
KneeRight: -0.3372037, -0.4246649, 2.671687
AnkleRight: -0.2663524, -0.7489271, 2.641399
FootRight: -0.3156464, -0.8025236, 2.513981
=========
HipCenter: -0.3263156, 0.1103493, 2.792132
Spine: -0.3406948, 0.1578649, 2.868507
ShoulderCenter: -0.3710529, 0.5354925, 2.974529
Head: -0.3546644, 0.7116241, 2.966503
ShoulderLeft: -0.5060394, 0.3893047, 2.88296
ElbowLeft: -0.5347069, 0.1479303, 2.787331
WristLeft: -0.526545, -0.07109322, 2.6647
HandLeft: -0.5310627, -0.1421535, 2.631188
ShoulderRight: -0.170816, 0.4407188, 2.959479
ElbowRight: 0.0619014, 0.5307246, 2.946848
WristRight: 0.272533, 0.6796429, 2.912764
HandRight: 0.3420065, 0.7497272, 2.943018
HipLeft: -0.3947499, 0.03899673, 2.753851
KneeLeft: -0.3428358, -0.4816569, 2.669384
AnkleLeft: -0.3550352, -0.7762888, 2.567708
FootLeft: -0.3184139, -0.8330216, 2.464972
HipRight: -0.2450184, 0.04413838, 2.761401
KneeRight: -0.337521, -0.4239638, 2.671731
AnkleRight: -0.2629362, -0.7458944, 2.645898
FootRight: -0.3139566, -0.800226, 2.519252
=========
HipCenter: -0.3264864, 0.1102225, 2.791808
Spine: -0.3408682, 0.1577331, 2.868259
ShoulderCenter: -0.3714015, 0.535584, 2.974744
Head: -0.354821, 0.7124223, 2.966177
ShoulderLeft: -0.5062783, 0.3894359, 2.882494
ElbowLeft: -0.5350282, 0.1457521, 2.784866
WristLeft: -0.5264863, -0.07129675, 2.664065
HandLeft: -0.5310742, -0.14208, 2.630535
ShoulderRight: -0.1710702, 0.4415275, 2.95916
ElbowRight: 0.07142992, 0.5366311, 2.942397
WristRight: 0.286715, 0.6591408, 2.912945
HandRight: 0.3768005, 0.6988527, 2.945079
HipLeft: -0.3949684, 0.03859638, 2.753621
KneeLeft: -0.3434181, -0.4810916, 2.669363
AnkleLeft: -0.355072, -0.7763021, 2.567751
FootLeft: -0.3185375, -0.8329921, 2.464971
HipRight: -0.245104, 0.0442539, 2.76106
KneeRight: -0.3377987, -0.4233308, 2.671781
AnkleRight: -0.2604854, -0.7437571, 2.649079
FootRight: -0.3129703, -0.7987388, 2.522807
=========
HipCenter: -0.3266369, 0.1101199, 2.791528
Spine: -0.3410075, 0.1576312, 2.868054
ShoulderCenter: -0.3717427, 0.5356801, 2.974907
Head: -0.3549626, 0.7132171, 2.965649
ShoulderLeft: -0.5065001, 0.389547, 2.882107
ElbowLeft: -0.5352686, 0.1451419, 2.783885
WristLeft: -0.5266137, -0.07118452, 2.663676
HandLeft: -0.5310942, -0.1420166, 2.629988
ShoulderRight: -0.1711521, 0.4431398, 2.958793
ElbowRight: 0.08077279, 0.5411326, 2.938305
WristRight: 0.3055216, 0.6276671, 2.909256
HandRight: 0.4083504, 0.6497734, 2.940843
HipLeft: -0.3951459, 0.03825307, 2.753461
KneeLeft: -0.3439635, -0.4805809, 2.669344
AnkleLeft: -0.3551137, -0.7763175, 2.567805
FootLeft: -0.3186261, -0.8329588, 2.464993
HipRight: -0.2451795, 0.04435531, 2.760754
KneeRight: -0.3380223, -0.4227533, 2.671869
AnkleRight: -0.2588142, -0.7422474, 2.651321
FootRight: -0.3128028, -0.7981874, 2.524426
=========
HipCenter: -0.3267713, 0.1100379, 2.79129
Spine: -0.3411217, 0.1575587, 2.867888
ShoulderCenter: -0.3719739, 0.5358136, 2.975001
Head: -0.3550749, 0.7138457, 2.965294
ShoulderLeft: -0.5066935, 0.389645, 2.881778
ElbowLeft: -0.5354066, 0.1449389, 2.783266
WristLeft: -0.5266404, -0.0711364, 2.663326
HandLeft: -0.5310896, -0.1419292, 2.629491
ShoulderRight: -0.1710403, 0.4454221, 2.958542
ElbowRight: 0.08499259, 0.5429008, 2.936202
WristRight: 0.3147912, 0.6154601, 2.9087
HandRight: 0.4163854, 0.6360965, 2.939188
HipLeft: -0.395315, 0.03793323, 2.753394
KneeLeft: -0.3445644, -0.4801398, 2.669347
AnkleLeft: -0.3551548, -0.7763338, 2.56786
FootLeft: -0.31871, -0.832926, 2.465021
HipRight: -0.2452697, 0.04445941, 2.760449
KneeRight: -0.3382111, -0.4222478, 2.671957
AnkleRight: -0.2579345, -0.7413535, 2.652643
FootRight: -0.3128547, -0.7984093, 2.524217
=========
HipCenter: -0.3268671, 0.1100524, 2.791047
Spine: -0.3411818, 0.157562, 2.86772
ShoulderCenter: -0.3720797, 0.5360385, 2.975037
Head: -0.3551452, 0.7143483, 2.96499
ShoulderLeft: -0.5069859, 0.3898837, 2.88158
ElbowLeft: -0.5354951, 0.1448368, 2.782749
WristLeft: -0.5264838, -0.07119609, 2.662744
HandLeft: -0.5310752, -0.141846, 2.629049
ShoulderRight: -0.1709778, 0.4470524, 2.958047
ElbowRight: 0.06282201, 0.5212947, 2.932689
WristRight: 0.3197315, 0.6052297, 2.908192
HandRight: 0.4279314, 0.6208025, 2.939115
HipLeft: -0.3954212, 0.03775718, 2.75333
KneeLeft: -0.3450954, -0.4796954, 2.669349
AnkleLeft: -0.355187, -0.7763525, 2.567914
FootLeft: -0.318806, -0.8328869, 2.465065
HipRight: -0.2453216, 0.04464651, 2.760132
KneeRight: -0.3383718, -0.4217754, 2.672057
AnkleRight: -0.2577294, -0.7410019, 2.653164
FootRight: -0.3128383, -0.7987573, 2.522577
=========
HipCenter: -0.3269258, 0.1100825, 2.790766
Spine: -0.3412099, 0.1575861, 2.867516
ShoulderCenter: -0.3721253, 0.5362853, 2.975022
Head: -0.3551675, 0.7147518, 2.9646
ShoulderLeft: -0.507089, 0.3900152, 2.881399
ElbowLeft: -0.5355314, 0.1448185, 2.78231
WristLeft: -0.526244, -0.07133541, 2.662136
HandLeft: -0.5310181, -0.1418143, 2.628639
ShoulderRight: -0.1709107, 0.4483604, 2.957596
ElbowRight: 0.05283451, 0.5115305, 2.931112
WristRight: 0.3224479, 0.5952595, 2.908287
HandRight: 0.4350392, 0.613315, 2.938101
HipLeft: -0.3954936, 0.03761739, 2.753277
KneeLeft: -0.3455484, -0.4792712, 2.669356
AnkleLeft: -0.3552105, -0.7763873, 2.567957
FootLeft: -0.3188996, -0.8328485, 2.465118
HipRight: -0.2453232, 0.0448764, 2.759713
KneeRight: -0.3385147, -0.4213681, 2.672157
AnkleRight: -0.2581301, -0.7411183, 2.652989
FootRight: -0.3136829, -0.799629, 2.520766
=========
HipCenter: -0.3269494, 0.1101384, 2.790468
Spine: -0.3412031, 0.1576506, 2.867271
ShoulderCenter: -0.3718891, 0.5365621, 2.974674
Head: -0.3551639, 0.7150726, 2.964196
ShoulderLeft: -0.5070818, 0.390109, 2.88112
ElbowLeft: -0.5355452, 0.1448467, 2.781947
WristLeft: -0.5260568, -0.07135018, 2.661688
HandLeft: -0.5309477, -0.1417217, 2.628327
ShoulderRight: -0.1706585, 0.4498731, 2.957239
ElbowRight: 0.04755354, 0.5062251, 2.929844
WristRight: 0.3234933, 0.5891162, 2.908332
HandRight: 0.4391059, 0.6108629, 2.936454
HipLeft: -0.3955461, 0.03750374, 2.753232
KneeLeft: -0.345946, -0.4788953, 2.669363
AnkleLeft: -0.3552314, -0.7764206, 2.567999
FootLeft: -0.3189921, -0.8328089, 2.465174
HipRight: -0.2452793, 0.04512713, 2.759274
KneeRight: -0.3386351, -0.4210231, 2.672246
AnkleRight: -0.258853, -0.7415142, 2.652407
FootRight: -0.3147082, -0.8006532, 2.519113
=========
HipCenter: -0.3269392, 0.1101866, 2.790163
Spine: -0.3411523, 0.1577208, 2.866995
ShoulderCenter: -0.3713991, 0.5368705, 2.974054
Head: -0.3551511, 0.7153142, 2.963858
ShoulderLeft: -0.5070474, 0.3901815, 2.880858
ElbowLeft: -0.5355281, 0.144921, 2.781634
WristLeft: -0.5258731, -0.07134638, 2.661317
HandLeft: -0.5308464, -0.1416223, 2.628037
ShoulderRight: -0.1704235, 0.4509025, 2.956893
ElbowRight: 0.04439578, 0.5030397, 2.929075
WristRight: 0.3227598, 0.5853406, 2.908479
HandRight: 0.4405995, 0.6126191, 2.934635
HipLeft: -0.3955771, 0.0373942, 2.753188
KneeLeft: -0.3462653, -0.4785777, 2.669362
AnkleLeft: -0.3552487, -0.776453, 2.56804
FootLeft: -0.3190461, -0.8327789, 2.46521
HipRight: -0.2452109, 0.04533429, 2.758853
KneeRight: -0.3387488, -0.4207223, 2.672317
AnkleRight: -0.2596686, -0.7425447, 2.65146
FootRight: -0.3155162, -0.8019, 2.517366
=========
HipCenter: -0.326897, 0.110229, 2.789866
Spine: -0.341072, 0.1577903, 2.866716
ShoulderCenter: -0.3708235, 0.537171, 2.973405
Head: -0.3551067, 0.7154709, 2.963548
ShoulderLeft: -0.5069262, 0.3902365, 2.880532
ElbowLeft: -0.5354869, 0.145033, 2.781375
WristLeft: -0.5256525, -0.07139721, 2.660924
HandLeft: -0.5306766, -0.1415292, 2.627708
ShoulderRight: -0.1702079, 0.4516579, 2.956602
ElbowRight: 0.04237112, 0.5009434, 2.928541
WristRight: 0.3209783, 0.5833787, 2.908582
HandRight: 0.4208089, 0.6013063, 2.924978
HipLeft: -0.395579, 0.0372916, 2.753138
KneeLeft: -0.3465223, -0.4782928, 2.66936
AnkleLeft: -0.3552635, -0.7764844, 2.568078
FootLeft: -0.3190747, -0.8327569, 2.465227
HipRight: -0.2451304, 0.0455015, 2.758491
KneeRight: -0.3388468, -0.4204632, 2.67238
AnkleRight: -0.2604999, -0.7436208, 2.650447
FootRight: -0.316138, -0.8029066, 2.515967
=========
HipCenter: -0.3268056, 0.1102759, 2.789553
Spine: -0.340934, 0.1578726, 2.86642
ShoulderCenter: -0.3700567, 0.5376272, 2.972862
Head: -0.3550155, 0.7155862, 2.963212
ShoulderLeft: -0.5066468, 0.3902572, 2.880158
ElbowLeft: -0.5353819, 0.145162, 2.781129
WristLeft: -0.5254313, -0.07146116, 2.660592
HandLeft: -0.5304908, -0.1414525, 2.627404
ShoulderRight: -0.1700156, 0.452197, 2.956313
ElbowRight: 0.07394104, 0.5108067, 2.925987
WristRight: 0.3197747, 0.5842649, 2.90892
HandRight: 0.4059294, 0.6192786, 2.934876
HipLeft: -0.3955371, 0.03719776, 2.753071
KneeLeft: -0.3467379, -0.4780438, 2.669357
AnkleLeft: -0.3552746, -0.7765064, 2.568111
FootLeft: -0.319096, -0.832737, 2.465241
HipRight: -0.2450302, 0.0456604, 2.758157
KneeRight: -0.3389306, -0.4202306, 2.672436
AnkleRight: -0.2613381, -0.7446623, 2.649385
FootRight: -0.3156256, -0.8029634, 2.513639
=========
HipCenter: -0.3266512, 0.1103035, 2.789206
Spine: -0.340743, 0.1579422, 2.866113
ShoulderCenter: -0.3693542, 0.5380875, 2.9725
Head: -0.3547248, 0.7156317, 2.962987
ShoulderLeft: -0.5063378, 0.3902546, 2.879815
ElbowLeft: -0.5352103, 0.1453255, 2.780885
WristLeft: -0.5251113, -0.07155356, 2.660264
HandLeft: -0.5301937, -0.1414257, 2.627188
ShoulderRight: -0.1697879, 0.4525694, 2.955976
ElbowRight: 0.08109257, 0.5128024, 2.925925
WristRight: 0.3182135, 0.5865889, 2.909286
HandRight: 0.3896451, 0.6268556, 2.927905
HipLeft: -0.3954447, 0.03709006, 2.752978
KneeLeft: -0.3469001, -0.4778135, 2.669353
AnkleLeft: -0.3552809, -0.7765216, 2.568136
FootLeft: -0.3191071, -0.832723, 2.465253
HipRight: -0.2448417, 0.04579492, 2.757776
KneeRight: -0.3390034, -0.4200238, 2.672486
AnkleRight: -0.2620884, -0.7456436, 2.648376
FootRight: -0.3159159, -0.8037041, 2.512619
=========
HipCenter: -0.3264553, 0.1103303, 2.788878
Spine: -0.3405189, 0.1580084, 2.865828
ShoulderCenter: -0.368726, 0.5384979, 2.972251
Head: -0.3530197, 0.7158853, 2.963701
ShoulderLeft: -0.5058717, 0.3902381, 2.87948
ElbowLeft: -0.5350212, 0.1454916, 2.780685
WristLeft: -0.524618, -0.07145862, 2.659943
HandLeft: -0.529875, -0.1413956, 2.626981
ShoulderRight: -0.1694813, 0.4528062, 2.955643
ElbowRight: 0.08645452, 0.5145234, 2.925742
WristRight: 0.3163841, 0.5902236, 2.909962
HandRight: 0.3812405, 0.6314638, 2.924592
HipLeft: -0.3952692, 0.03698924, 2.752865
KneeLeft: -0.3470054, -0.4775777, 2.669344
AnkleLeft: -0.3552868, -0.7765334, 2.568155
FootLeft: -0.3191133, -0.8327118, 2.465261
HipRight: -0.2446312, 0.0459108, 2.757439
KneeRight: -0.3390663, -0.4198515, 2.672528
AnkleRight: -0.2626729, -0.7465084, 2.647498
FootRight: -0.3160916, -0.8042372, 2.511888
=========
HipCenter: -0.3261881, 0.1103263, 2.788549
Spine: -0.3402502, 0.1580425, 2.865556
ShoulderCenter: -0.3679957, 0.538921, 2.972209
Head: -0.3505151, 0.716199, 2.964817
ShoulderLeft: -0.5049231, 0.3901926, 2.878973
ElbowLeft: -0.534706, 0.1456755, 2.780452
WristLeft: -0.5240595, -0.07136592, 2.659628
HandLeft: -0.5294779, -0.1413728, 2.626739
ShoulderRight: -0.1690556, 0.4528879, 2.955332
ElbowRight: 0.08890413, 0.51515, 2.925876
WristRight: 0.3149289, 0.5937312, 2.910548
HandRight: 0.382307, 0.640901, 2.927579
HipLeft: -0.394988, 0.03686284, 2.75274
KneeLeft: -0.3470174, -0.4773563, 2.669313
AnkleLeft: -0.3552916, -0.7765433, 2.56817
FootLeft: -0.3191155, -0.8327045, 2.465264
HipRight: -0.2443911, 0.04600511, 2.757118
KneeRight: -0.3391256, -0.4197074, 2.672561
AnkleRight: -0.2631475, -0.7472565, 2.646733
FootRight: -0.3162319, -0.8046485, 2.511361
=========
HipCenter: -0.3258855, 0.1103467, 2.788253
Spine: -0.3398848, 0.1580909, 2.865295
ShoulderCenter: -0.3671662, 0.5392286, 2.972177
Head: -0.3482887, 0.7164626, 2.965856
ShoulderLeft: -0.5042546, 0.390396, 2.878978
ElbowLeft: -0.5342465, 0.145837, 2.780222
WristLeft: -0.5233716, -0.0713618, 2.659318
HandLeft: -0.5290327, -0.1413298, 2.62654
ShoulderRight: -0.1685719, 0.4529137, 2.955072
ElbowRight: 0.0894109, 0.5152723, 2.926612
WristRight: 0.3140099, 0.5973485, 2.911213
HandRight: 0.3855762, 0.6478701, 2.930498
HipLeft: -0.3946635, 0.03676854, 2.752586
KneeLeft: -0.3468433, -0.47704, 2.669255
AnkleLeft: -0.3552853, -0.7765631, 2.568182
FootLeft: -0.3190816, -0.8326965, 2.465292
HipRight: -0.2441236, 0.04608547, 2.756869
KneeRight: -0.3391732, -0.4195858, 2.672589
AnkleRight: -0.2634494, -0.7478648, 2.646109
FootRight: -0.3163061, -0.8049321, 2.511002
=========
HipCenter: -0.3254926, 0.1104943, 2.788031
Spine: -0.3394013, 0.1582476, 2.865102
ShoulderCenter: -0.3662284, 0.5395189, 2.972226
Head: -0.346796, 0.7166072, 2.966662
ShoulderLeft: -0.5036885, 0.3906301, 2.879156
ElbowLeft: -0.5336032, 0.1456093, 2.779824
WristLeft: -0.5226727, -0.07138315, 2.65901
HandLeft: -0.528574, -0.1412702, 2.626323
ShoulderRight: -0.1673496, 0.4531854, 2.95519
ElbowRight: 0.08816186, 0.5150211, 2.927699
WristRight: 0.3134588, 0.6005747, 2.911753
HandRight: 0.3897578, 0.6513551, 2.936672
HipLeft: -0.3943377, 0.03674359, 2.752488
KneeLeft: -0.3465518, -0.4767748, 2.66918
AnkleLeft: -0.3552751, -0.7765805, 2.568194
FootLeft: -0.319039, -0.8326883, 2.465332
HipRight: -0.243755, 0.04620805, 2.756647
KneeRight: -0.339191, -0.4194927, 2.672613
AnkleRight: -0.2635569, -0.7483099, 2.645644
FootRight: -0.3163149, -0.8051344, 2.510786
=========
HipCenter: -0.3250148, 0.1106786, 2.787861
Spine: -0.338869, 0.1583993, 2.864966
ShoulderCenter: -0.3650581, 0.5396684, 2.972593
Head: -0.3455533, 0.7167021, 2.967343
ShoulderLeft: -0.5028337, 0.3908238, 2.87925
ElbowLeft: -0.5327938, 0.145546, 2.779674
WristLeft: -0.5217454, -0.0714137, 2.658638
HandLeft: -0.5278304, -0.1411598, 2.625959
ShoulderRight: -0.1656319, 0.45362, 2.955704
ElbowRight: 0.09338178, 0.5181649, 2.927924
WristRight: 0.3130777, 0.6030061, 2.912148
HandRight: 0.3916882, 0.655852, 2.939761
HipLeft: -0.3938945, 0.03677407, 2.752467
KneeLeft: -0.3459406, -0.4763494, 2.66904
AnkleLeft: -0.3549939, -0.7766975, 2.568289
FootLeft: -0.3189929, -0.8326791, 2.465378
HipRight: -0.243281, 0.04635551, 2.756412
KneeRight: -0.3391995, -0.4193721, 2.672641
AnkleRight: -0.2636085, -0.748666, 2.645255
FootRight: -0.3163008, -0.8052854, 2.510652
=========
HipCenter: -0.3243259, 0.1110805, 2.787718
Spine: -0.3382599, 0.1586479, 2.864865
ShoulderCenter: -0.3641003, 0.5397648, 2.972971
Head: -0.3444322, 0.7167468, 2.967804
ShoulderLeft: -0.501901, 0.3909283, 2.879303
ElbowLeft: -0.5317542, 0.1455329, 2.779605
WristLeft: -0.5208264, -0.07149851, 2.658265
HandLeft: -0.5263706, -0.1411989, 2.625527
ShoulderRight: -0.1632745, 0.4547144, 2.95694
ElbowRight: 0.09611864, 0.5197052, 2.927742
WristRight: 0.3128819, 0.6051006, 2.91255
HandRight: 0.3932155, 0.6592836, 2.941969
HipLeft: -0.3932418, 0.03700974, 2.752427
KneeLeft: -0.3452302, -0.4759794, 2.668876
AnkleLeft: -0.3546624, -0.7768432, 2.568385
FootLeft: -0.3189456, -0.8326682, 2.465425
HipRight: -0.242437, 0.04672675, 2.756169
KneeRight: -0.338781, -0.4190567, 2.672807
AnkleRight: -0.2631899, -0.7489536, 2.644944
FootRight: -0.3138843, -0.804513, 2.510571
=========
HipCenter: -0.3235813, 0.1114912, 2.787612
Spine: -0.3375998, 0.1589094, 2.864799
ShoulderCenter: -0.3631791, 0.539854, 2.973376
Head: -0.3435503, 0.7167712, 2.96815
ShoulderLeft: -0.5007776, 0.3909935, 2.879318
ElbowLeft: -0.5305132, 0.1456497, 2.779714
WristLeft: -0.519932, -0.07165168, 2.657907
HandLeft: -0.5247217, -0.1413699, 2.625191
ShoulderRight: -0.1610983, 0.4557667, 2.95818
ElbowRight: 0.09800924, 0.5207404, 2.927565
WristRight: 0.3123954, 0.6063514, 2.912709
HandRight: 0.3950595, 0.6594602, 2.942552
HipLeft: -0.3925014, 0.03728238, 2.75245
KneeLeft: -0.3443977, -0.4758171, 2.668687
AnkleLeft: -0.3543422, -0.7769889, 2.568466
FootLeft: -0.3189062, -0.8326592, 2.465466
HipRight: -0.2415415, 0.04709618, 2.755929
KneeRight: -0.3382938, -0.4188463, 2.67297
AnkleRight: -0.2622843, -0.7492551, 2.644711
FootRight: -0.3129149, -0.8043407, 2.511134
=========
HipCenter: -0.3223969, 0.1117821, 2.787496
Spine: -0.3366199, 0.159076, 2.864756
ShoulderCenter: -0.3623286, 0.5398909, 2.973845
Head: -0.3428406, 0.7167775, 2.968421
ShoulderLeft: -0.499603, 0.3909521, 2.879266
ElbowLeft: -0.5292783, 0.1458176, 2.77989
WristLeft: -0.5190553, -0.07184292, 2.657594
HandLeft: -0.5234076, -0.1415726, 2.62502
ShoulderRight: -0.1596283, 0.4562798, 2.958925
ElbowRight: 0.09931649, 0.5214517, 2.927406
WristRight: 0.3419738, 0.6225608, 2.914762
HandRight: 0.4034361, 0.6609858, 2.948688
HipLeft: -0.3910958, 0.03746479, 2.752338
KneeLeft: -0.3433409, -0.4758837, 2.668569
AnkleLeft: -0.3540447, -0.7771243, 2.568532
FootLeft: -0.3188719, -0.8326507, 2.465506
HipRight: -0.2401742, 0.04739888, 2.755761
KneeRight: -0.3375408, -0.4186318, 2.673215
AnkleRight: -0.2609768, -0.7495446, 2.644593
FootRight: -0.3118677, -0.8041236, 2.51201
=========
HipCenter: -0.3213094, 0.1119908, 2.787384
Spine: -0.3356255, 0.1591904, 2.864714
ShoulderCenter: -0.3610056, 0.5398989, 2.974392
Head: -0.3422214, 0.7167723, 2.968681
ShoulderLeft: -0.4984012, 0.3908535, 2.879215
ElbowLeft: -0.5281354, 0.1459501, 2.780036
WristLeft: -0.5181609, -0.07207128, 2.657282
HandLeft: -0.5219079, -0.1417931, 2.62477
ShoulderRight: -0.1586123, 0.4564692, 2.959309
ElbowRight: 0.09607618, 0.5198821, 2.927921
WristRight: 0.3464762, 0.6256325, 2.915196
HandRight: 0.4068271, 0.6614782, 2.949577
HipLeft: -0.3898455, 0.03754818, 2.752296
KneeLeft: -0.3423902, -0.4759957, 2.668476
AnkleLeft: -0.3537858, -0.7772429, 2.56858
FootLeft: -0.3188394, -0.8326427, 2.465543
HipRight: -0.2389867, 0.04766322, 2.755546
KneeRight: -0.3360822, -0.4182818, 2.673662
AnkleRight: -0.2588154, -0.7497095, 2.64468
FootRight: -0.3103306, -0.803695, 2.513501
=========
HipCenter: -0.3203805, 0.1121404, 2.787356
Spine: -0.3347058, 0.1592402, 2.864737
ShoulderCenter: -0.359403, 0.5396053, 2.974953
Head: -0.3411756, 0.7166098, 2.969514
ShoulderLeft: -0.4972225, 0.3905028, 2.879291
ElbowLeft: -0.5267857, 0.1461256, 2.780343
WristLeft: -0.5168902, -0.07246232, 2.656932
HandLeft: -0.520147, -0.142028, 2.624365
ShoulderRight: -0.1570456, 0.4568353, 2.960326
ElbowRight: 0.09363958, 0.5183563, 2.928092
WristRight: 0.349611, 0.6279811, 2.915362
HandRight: 0.4087427, 0.6617845, 2.949647
HipLeft: -0.3889306, 0.03745493, 2.752527
KneeLeft: -0.3410173, -0.4759313, 2.668379
AnkleLeft: -0.3534415, -0.7773741, 2.568646
FootLeft: -0.3188052, -0.8326284, 2.465628
HipRight: -0.2380127, 0.04784542, 2.755288
KneeRight: -0.333466, -0.4206609, 2.673983
AnkleRight: -0.2551541, -0.7531741, 2.644524
FootRight: -0.3092126, -0.8043661, 2.514369
=========
HipCenter: -0.3195638, 0.1122873, 2.787353
Spine: -0.3338567, 0.1593003, 2.864776
ShoulderCenter: -0.357853, 0.5392923, 2.975382
Head: -0.3403196, 0.7164728, 2.970218
ShoulderLeft: -0.4962377, 0.3901782, 2.879396
ElbowLeft: -0.5256627, 0.1462541, 2.78065
WristLeft: -0.5157916, -0.07281031, 2.656652
HandLeft: -0.5187054, -0.1421938, 2.623986
ShoulderRight: -0.1557866, 0.4571123, 2.961168
ElbowRight: 0.09009152, 0.5161697, 2.928621
WristRight: 0.3474763, 0.6288003, 2.914988
HandRight: 0.4101359, 0.6619481, 2.949486
HipLeft: -0.3881725, 0.03735312, 2.752754
KneeLeft: -0.339721, -0.4760208, 2.668301
AnkleLeft: -0.3528848, -0.7775738, 2.56875
FootLeft: -0.3187752, -0.8326167, 2.465697
HipRight: -0.2371642, 0.04805505, 2.755074
KneeRight: -0.3312553, -0.4215272, 2.674412
AnkleRight: -0.2522373, -0.7546088, 2.644635
FootRight: -0.3074184, -0.8046475, 2.515574
