=========
HipCenter: -0.3535533, 0.1258262, 2.730757
Spine: -0.368054, 0.1755426, 2.804192
ShoulderCenter: -0.3848658, 0.5519471, 2.895862
Head: -0.3648075, 0.7784274, 2.88635
ShoulderLeft: -0.5260884, 0.4100087, 2.807321
ElbowLeft: -0.5570936, 0.1348884, 2.714971
WristLeft: -0.5518639, -0.06268143, 2.605613
HandLeft: -0.5570739, -0.1334768, 2.580861
ShoulderRight: -0.1901222, 0.4628054, 2.894104
ElbowRight: 0.01422837, 0.5034055, 2.898595
WristRight: 0.2268818, 0.6532628, 2.884594
HandRight: 0.3044685, 0.7060199, 2.92214
HipLeft: -0.4238884, 0.04240263, 2.686391
KneeLeft: -0.3449473, -0.4559974, 2.587049
AnkleLeft: -0.3556923, -0.7536186, 2.504052
FootLeft: -0.3172675, -0.8090844, 2.393199
HipRight: -0.2727036, 0.06616113, 2.714775
KneeRight: -0.3430214, -0.4650811, 2.583162
AnkleRight: -0.3130696, -0.755661, 2.497641
FootRight: -0.3397038, -0.8095146, 2.382429
=========
HipCenter: -0.3534567, 0.1259677, 2.730571
Spine: -0.3680885, 0.1757648, 2.804039
ShoulderCenter: -0.3862747, 0.5532164, 2.895656
Head: -0.3640468, 0.7788246, 2.886263
ShoulderLeft: -0.525995, 0.4098455, 2.807177
ElbowLeft: -0.5571063, 0.1349989, 2.715022
WristLeft: -0.5525624, -0.06088591, 2.605802
HandLeft: -0.5587178, -0.1333095, 2.577688
ShoulderRight: -0.1900567, 0.4628472, 2.894124
ElbowRight: 0.01536977, 0.5033084, 2.899924
WristRight: 0.226625, 0.6532117, 2.883622
HandRight: 0.2877088, 0.6994464, 2.896693
HipLeft: -0.4236442, 0.04249011, 2.686076
KneeLeft: -0.3747121, -0.4067892, 2.591059
AnkleLeft: -0.3557957, -0.7538654, 2.504072
FootLeft: -0.3168452, -0.8092393, 2.392962
HipRight: -0.2724693, 0.06636637, 2.714606
KneeRight: -0.3163795, -0.4132608, 2.587291
AnkleRight: -0.313173, -0.7557561, 2.498069
FootRight: -0.3393712, -0.809557, 2.38263
=========
HipCenter: -0.3534227, 0.1260113, 2.730512
Spine: -0.3680864, 0.1758092, 2.804002
ShoulderCenter: -0.3865121, 0.5534326, 2.895625
Head: -0.3639233, 0.7788877, 2.886258
ShoulderLeft: -0.5259661, 0.409818, 2.80714
ElbowLeft: -0.5571056, 0.135017, 2.715022
WristLeft: -0.5532462, -0.05987253, 2.605567
HandLeft: -0.5590955, -0.1336489, 2.576724
ShoulderRight: -0.1900373, 0.4628639, 2.894122
ElbowRight: 0.0155439, 0.5032886, 2.900119
WristRight: 0.2265779, 0.6531946, 2.88345
HandRight: 0.2862482, 0.6980977, 2.893921
HipLeft: -0.4235725, 0.04252812, 2.685986
KneeLeft: -0.3605708, -0.42872, 2.593038
AnkleLeft: -0.3558116, -0.7539034, 2.504075
FootLeft: -0.3167633, -0.8092683, 2.392929
HipRight: -0.2723826, 0.06646157, 2.714505
KneeRight: -0.3239648, -0.431713, 2.591324
AnkleRight: -0.3132029, -0.7557932, 2.498241
FootRight: -0.3393078, -0.8095652, 2.382672
=========
HipCenter: -0.3532808, 0.1261181, 2.73028
Spine: -0.3680083, 0.1758902, 2.803833
ShoulderCenter: -0.3866904, 0.5536138, 2.895578
Head: -0.3637172, 0.7789981, 2.886454
ShoulderLeft: -0.5259093, 0.4098049, 2.807068
ElbowLeft: -0.5570577, 0.1350362, 2.714944
WristLeft: -0.5537794, -0.05893343, 2.605165
HandLeft: -0.5593657, -0.1341869, 2.575286
ShoulderRight: -0.1899629, 0.4629124, 2.894084
ElbowRight: 0.01568635, 0.5032519, 2.900234
WristRight: 0.2264178, 0.652997, 2.883048
HandRight: 0.285704, 0.6969848, 2.892402
HipLeft: -0.4233968, 0.04261698, 2.68575
KneeLeft: -0.3231618, -0.3995076, 2.599101
AnkleLeft: -0.3558223, -0.7539304, 2.504082
FootLeft: -0.3166921, -0.809294, 2.39291
HipRight: -0.2720869, 0.06666901, 2.714072
KneeRight: -0.3068266, -0.3991378, 2.596024
AnkleRight: -0.3132574, -0.7558377, 2.498604
FootRight: -0.339256, -0.809572, 2.382726
=========
HipCenter: -0.3529225, 0.1266529, 2.729611
Spine: -0.3677182, 0.1762809, 2.803318
ShoulderCenter: -0.3868061, 0.5538431, 2.895489
Head: -0.3633865, 0.7791423, 2.886441
ShoulderLeft: -0.525842, 0.4097923, 2.806953
ElbowLeft: -0.5569645, 0.1351655, 2.714628
WristLeft: -0.5533372, -0.05870567, 2.604227
HandLeft: -0.5595622, -0.1336955, 2.573397
ShoulderRight: -0.1898479, 0.4629858, 2.893766
ElbowRight: 0.01579315, 0.5032115, 2.900297
WristRight: 0.2262166, 0.652793, 2.882622
HandRight: 0.286263, 0.6961042, 2.892184
HipLeft: -0.4229905, 0.04314354, 2.685143
KneeLeft: -0.3287095, -0.4234268, 2.599773
AnkleLeft: -0.3558302, -0.7539522, 2.50409
FootLeft: -0.3166284, -0.8093179, 2.392901
HipRight: -0.2714854, 0.06753715, 2.712894
KneeRight: -0.3254941, -0.42678, 2.597966
AnkleRight: -0.3133218, -0.7558653, 2.499087
FootRight: -0.3392144, -0.8095778, 2.382774
=========
HipCenter: -0.3525122, 0.1261909, 2.728044
Spine: -0.3673285, 0.1760927, 2.802269
ShoulderCenter: -0.3868666, 0.5540452, 2.895411
Head: -0.363256, 0.7792808, 2.886539
ShoulderLeft: -0.5257886, 0.4097818, 2.806847
ElbowLeft: -0.5568428, 0.135327, 2.714207
WristLeft: -0.5531104, -0.05782692, 2.603054
HandLeft: -0.5594745, -0.1321073, 2.569553
ShoulderRight: -0.1896784, 0.4631378, 2.893348
ElbowRight: 0.01587324, 0.5031636, 2.900319
WristRight: 0.2251594, 0.6516187, 2.880785
HandRight: 0.2863388, 0.6950181, 2.891878
HipLeft: -0.4226682, 0.04242201, 2.683643
KneeLeft: -0.3067048, -0.4004311, 2.602936
AnkleLeft: -0.3558355, -0.7539692, 2.504107
FootLeft: -0.3165742, -0.8093394, 2.392907
HipRight: -0.2708363, 0.06703944, 2.710411
KneeRight: -0.3102858, -0.4005689, 2.599644
AnkleRight: -0.3134019, -0.7558746, 2.499721
FootRight: -0.3391759, -0.809584, 2.382821
=========
HipCenter: -0.3519798, 0.1250672, 2.725835
Spine: -0.3668193, 0.1754018, 2.800671
ShoulderCenter: -0.3869138, 0.5542268, 2.895315
Head: -0.3631495, 0.7793853, 2.886574
ShoulderLeft: -0.5257347, 0.4097429, 2.806647
ElbowLeft: -0.5569353, 0.1377109, 2.713604
WristLeft: -0.5527812, -0.05646249, 2.601489
HandLeft: -0.5591179, -0.1304423, 2.565576
ShoulderRight: -0.1894621, 0.4633537, 2.892681
ElbowRight: 0.01589276, 0.5029582, 2.899993
WristRight: 0.2240426, 0.6501858, 2.878358
HandRight: 0.2865287, 0.6941464, 2.891894
HipLeft: -0.4222491, 0.04117905, 2.681849
KneeLeft: -0.3207267, -0.4331025, 2.603371
AnkleLeft: -0.3558431, -0.7539861, 2.504142
FootLeft: -0.3165243, -0.8093616, 2.392924
HipRight: -0.2700326, 0.06582694, 2.707129
KneeRight: -0.3254562, -0.4369665, 2.599895
AnkleRight: -0.3134745, -0.7558721, 2.500399
FootRight: -0.3391285, -0.809596, 2.382925
=========
HipCenter: -0.3514976, 0.1241967, 2.723943
Spine: -0.3663505, 0.1748079, 2.799212
ShoulderCenter: -0.3869527, 0.5544015, 2.895174
Head: -0.3630745, 0.7756482, 2.887513
ShoulderLeft: -0.5256768, 0.4096724, 2.806356
ElbowLeft: -0.5568953, 0.138953, 2.71247
WristLeft: -0.5521998, -0.05473503, 2.599289
HandLeft: -0.5580109, -0.1286447, 2.56122
ShoulderRight: -0.1891817, 0.4636225, 2.891927
ElbowRight: 0.01592547, 0.5025191, 2.89912
WristRight: 0.2233246, 0.6491896, 2.876265
HandRight: 0.2871499, 0.693523, 2.892268
HipLeft: -0.4218701, 0.04017489, 2.680377
KneeLeft: -0.305459, -0.4111982, 2.607395
AnkleLeft: -0.3558482, -0.7540095, 2.504189
FootLeft: -0.3164741, -0.8093866, 2.392944
HipRight: -0.2692659, 0.06499273, 2.704283
KneeRight: -0.3116585, -0.4176377, 2.60423
AnkleRight: -0.3135558, -0.7558596, 2.501186
FootRight: -0.3390841, -0.8096086, 2.383034
=========
HipCenter: -0.3509263, 0.1236005, 2.722275
Spine: -0.3658545, 0.1743239, 2.797827
ShoulderCenter: -0.3870299, 0.5545322, 2.894831
Head: -0.3631946, 0.7676886, 2.888846
ShoulderLeft: -0.5255569, 0.4095134, 2.805799
ElbowLeft: -0.556597, 0.1401953, 2.711207
WristLeft: -0.5502521, -0.05350528, 2.595914
HandLeft: -0.5553545, -0.1274737, 2.556207
ShoulderRight: -0.188859, 0.4639315, 2.891042
ElbowRight: 0.01592276, 0.5018794, 2.897248
WristRight: 0.2222209, 0.6473769, 2.87301
HandRight: 0.2875484, 0.6927967, 2.892306
HipLeft: -0.4212213, 0.03992597, 2.679164
KneeLeft: -0.2987712, -0.4021625, 2.608553
AnkleLeft: -0.3558412, -0.7540361, 2.504267
FootLeft: -0.3164231, -0.8094137, 2.392965
HipRight: -0.2682372, 0.06415931, 2.701612
KneeRight: -0.323863, -0.4071339, 2.604148
AnkleRight: -0.3136355, -0.755881, 2.502076
FootRight: -0.339048, -0.8096197, 2.383159
=========
HipCenter: -0.3503852, 0.1231561, 2.720903
Spine: -0.3654038, 0.1739266, 2.79665
ShoulderCenter: -0.3871112, 0.5546417, 2.894479
Head: -0.3633993, 0.7628074, 2.888595
ShoulderLeft: -0.525359, 0.4093353, 2.80514
ElbowLeft: -0.5560057, 0.1416276, 2.709834
WristLeft: -0.5443988, -0.0545596, 2.58993
HandLeft: -0.5500023, -0.1265906, 2.550607
ShoulderRight: -0.1885374, 0.4642236, 2.890184
ElbowRight: 0.01588582, 0.5012075, 2.895496
WristRight: 0.2212888, 0.6457362, 2.870209
HandRight: 0.2881897, 0.6919484, 2.89235
HipLeft: -0.4204574, 0.04005825, 2.678083
KneeLeft: -0.321552, -0.4359277, 2.603898
AnkleLeft: -0.3558339, -0.754061, 2.504355
FootLeft: -0.3163745, -0.8094427, 2.392983
HipRight: -0.2672376, 0.06332771, 2.699445
KneeRight: -0.3363182, -0.4406426, 2.601459
AnkleRight: -0.3136412, -0.7559831, 2.502953
FootRight: -0.3390337, -0.8096303, 2.38328
=========
HipCenter: -0.3496314, 0.1228282, 2.719647
Spine: -0.3647656, 0.1735986, 2.795483
ShoulderCenter: -0.3870836, 0.5546988, 2.893736
Head: -0.3637798, 0.7566849, 2.888191
ShoulderLeft: -0.5250645, 0.4091655, 2.80438
ElbowLeft: -0.5549498, 0.1431622, 2.708217
WristLeft: -0.5382464, -0.05674443, 2.584791
HandLeft: -0.544615, -0.1264475, 2.545997
ShoulderRight: -0.1882342, 0.4644642, 2.889365
ElbowRight: 0.01580792, 0.5005952, 2.893907
WristRight: 0.220653, 0.6444411, 2.868084
HandRight: 0.2888233, 0.6912526, 2.892579
HipLeft: -0.4192874, 0.04060631, 2.677007
KneeLeft: -0.3292351, -0.4477993, 2.602313
AnkleLeft: -0.3558239, -0.7540963, 2.504439
FootLeft: -0.3163424, -0.8094688, 2.392997
HipRight: -0.2660663, 0.06245628, 2.697699
KneeRight: -0.3159928, -0.4201009, 2.606036
AnkleRight: -0.3136309, -0.7560861, 2.503691
FootRight: -0.3390259, -0.809643, 2.383356
=========
HipCenter: -0.3488972, 0.1226156, 2.71861
Spine: -0.3641489, 0.173365, 2.794482
ShoulderCenter: -0.3870278, 0.5547653, 2.892926
Head: -0.3641601, 0.750744, 2.887855
ShoulderLeft: -0.5247518, 0.4090483, 2.803662
ElbowLeft: -0.5534813, 0.1444122, 2.70634
WristLeft: -0.532974, -0.05882876, 2.580669
HandLeft: -0.5399473, -0.126591, 2.542329
ShoulderRight: -0.1879679, 0.4646652, 2.888659
ElbowRight: 0.01570758, 0.5000988, 2.892623
WristRight: 0.2201971, 0.6434469, 2.866488
HandRight: 0.2895242, 0.6906142, 2.892859
HipLeft: -0.4180717, 0.04134786, 2.676142
KneeLeft: -0.3368362, -0.4585636, 2.600645
AnkleLeft: -0.35582, -0.7541222, 2.504492
FootLeft: -0.3163145, -0.8094942, 2.393012
HipRight: -0.2650562, 0.06173291, 2.696369
KneeRight: -0.3100317, -0.4142922, 2.60742
AnkleRight: -0.3136163, -0.7561829, 2.504306
FootRight: -0.3389988, -0.80966, 2.383438
=========
HipCenter: -0.348199, 0.1224797, 2.717763
Spine: -0.3635602, 0.1731903, 2.793651
ShoulderCenter: -0.3869355, 0.5548458, 2.892301
Head: -0.3645526, 0.745503, 2.887736
ShoulderLeft: -0.5244332, 0.4089558, 2.802992
ElbowLeft: -0.5520845, 0.1454247, 2.704658
WristLeft: -0.5289843, -0.06044545, 2.577658
HandLeft: -0.5363817, -0.1267572, 2.539661
ShoulderRight: -0.1877291, 0.4648371, 2.888037
ElbowRight: 0.01560232, 0.4996862, 2.891563
WristRight: 0.2195388, 0.6420445, 2.864731
HandRight: 0.2900411, 0.6897631, 2.892976
HipLeft: -0.4169275, 0.0421435, 2.675451
KneeLeft: -0.3408257, -0.4640641, 2.599766
AnkleLeft: -0.3558117, -0.7541844, 2.504576
FootLeft: -0.3162916, -0.8095178, 2.393029
HipRight: -0.2641732, 0.0611175, 2.695345
KneeRight: -0.3031499, -0.4063255, 2.60849
AnkleRight: -0.3135962, -0.7562658, 2.50483
FootRight: -0.338966, -0.8096805, 2.383523
=========
HipCenter: -0.3476251, 0.1223875, 2.717091
Spine: -0.3630604, 0.1730511, 2.792972
ShoulderCenter: -0.3868705, 0.5548912, 2.891741
Head: -0.3650258, 0.7408524, 2.887617
ShoulderLeft: -0.5241029, 0.4088659, 2.802361
ElbowLeft: -0.5508019, 0.1462354, 2.703209
WristLeft: -0.5257476, -0.06189211, 2.575169
HandLeft: -0.5332922, -0.1273118, 2.537455
ShoulderRight: -0.1875031, 0.4649456, 2.887307
ElbowRight: 0.01547135, 0.4993161, 2.890678
WristRight: 0.2189785, 0.6408345, 2.863297
HandRight: 0.2903872, 0.6893903, 2.892955
HipLeft: -0.4160133, 0.04285261, 2.674928
KneeLeft: -0.3432366, -0.4674701, 2.599249
AnkleLeft: -0.3558035, -0.7542483, 2.504658
FootLeft: -0.3162746, -0.8095384, 2.39304
HipRight: -0.2634904, 0.0606076, 2.694556
KneeRight: -0.2991433, -0.4015632, 2.609013
AnkleRight: -0.3135691, -0.756341, 2.505272
FootRight: -0.3389317, -0.8097011, 2.383597
=========
HipCenter: -0.3470514, 0.1223281, 2.716527
Spine: -0.3625816, 0.1729328, 2.792391
ShoulderCenter: -0.3868048, 0.5549082, 2.891235
Head: -0.3657229, 0.7373002, 2.887181
ShoulderLeft: -0.5236364, 0.408779, 2.801635
ElbowLeft: -0.5497254, 0.1468711, 2.702039
WristLeft: -0.5232641, -0.06311649, 2.573268
HandLeft: -0.5308371, -0.1278675, 2.535837
ShoulderRight: -0.1872824, 0.4649928, 2.886605
ElbowRight: 0.01542942, 0.4990776, 2.890078
WristRight: 0.2185566, 0.639903, 2.862139
HandRight: 0.2896492, 0.6891937, 2.88983
HipLeft: -0.4151482, 0.04353198, 2.674531
KneeLeft: -0.3449102, -0.4698371, 2.598886
AnkleLeft: -0.3557996, -0.7542905, 2.504714
FootLeft: -0.316256, -0.8095603, 2.393047
HipRight: -0.2628601, 0.06016548, 2.693939
KneeRight: -0.2969233, -0.3990418, 2.609353
AnkleRight: -0.3135248, -0.7564092, 2.505664
FootRight: -0.3389004, -0.8097196, 2.383656
=========
HipCenter: -0.3463152, 0.1223431, 2.715981
Spine: -0.361989, 0.1728612, 2.79182
ShoulderCenter: -0.3867255, 0.5549225, 2.890742
Head: -0.3660426, 0.7349538, 2.886981
ShoulderLeft: -0.5231569, 0.4087285, 2.800959
ElbowLeft: -0.548857, 0.1473424, 2.701149
WristLeft: -0.5216808, -0.06384766, 2.572069
HandLeft: -0.5292716, -0.1281293, 2.534808
ShoulderRight: -0.1870405, 0.4650527, 2.885957
ElbowRight: 0.01541641, 0.4989285, 2.889646
WristRight: 0.2184104, 0.6401861, 2.861954
HandRight: 0.2884449, 0.6955379, 2.889152
HipLeft: -0.4141879, 0.04426319, 2.674257
KneeLeft: -0.3461256, -0.4713617, 2.598602
AnkleLeft: -0.3558004, -0.7543272, 2.504771
FootLeft: -0.3162519, -0.8095821, 2.393056
HipRight: -0.2620206, 0.05975829, 2.693312
KneeRight: -0.2952538, -0.3969935, 2.609494
AnkleRight: -0.3134691, -0.7564987, 2.506016
FootRight: -0.3388492, -0.8097455, 2.383762
=========
HipCenter: -0.3452657, 0.122606, 2.715378
Spine: -0.3610103, 0.1730659, 2.791135
ShoulderCenter: -0.3854169, 0.5554684, 2.889717
Head: -0.3660808, 0.7333091, 2.88661
ShoulderLeft: -0.5221444, 0.4089283, 2.800081
ElbowLeft: -0.5482932, 0.1477003, 2.700567
WristLeft: -0.5210912, -0.06376227, 2.571763
HandLeft: -0.5286444, -0.1280758, 2.534497
ShoulderRight: -0.1859248, 0.4652387, 2.885299
ElbowRight: 0.02623429, 0.5104747, 2.886763
WristRight: 0.1942928, 0.6866703, 2.860506
HandRight: 0.2436391, 0.7678986, 2.893984
HipLeft: -0.4130929, 0.04527304, 2.674065
KneeLeft: -0.3467524, -0.4717083, 2.598388
AnkleLeft: -0.3557984, -0.7543424, 2.504847
FootLeft: -0.3162521, -0.8096092, 2.393071
HipRight: -0.2610452, 0.0594311, 2.692589
KneeRight: -0.2940664, -0.3952821, 2.609395
AnkleRight: -0.3133988, -0.7565846, 2.506342
FootRight: -0.3387453, -0.8097857, 2.383953
=========
HipCenter: -0.3442127, 0.1228993, 2.714865
Spine: -0.3600335, 0.173315, 2.790536
ShoulderCenter: -0.3841113, 0.5560634, 2.888786
Head: -0.3659149, 0.7321509, 2.886297
ShoulderLeft: -0.5210852, 0.4091753, 2.799226
ElbowLeft: -0.5478623, 0.1481397, 2.700171
WristLeft: -0.5210162, -0.06356051, 2.571888
HandLeft: -0.5286602, -0.1279557, 2.534795
ShoulderRight: -0.1842838, 0.4654017, 2.884747
ElbowRight: 0.04852941, 0.5367896, 2.879693
WristRight: 0.1744201, 0.7589639, 2.857601
HandRight: 0.2048676, 0.833546, 2.891667
HipLeft: -0.4120198, 0.04627106, 2.67393
KneeLeft: -0.3468994, -0.4712763, 2.598248
AnkleLeft: -0.3557866, -0.7543428, 2.505008
FootLeft: -0.3162706, -0.8096445, 2.393101
HipRight: -0.2600518, 0.05905721, 2.691971
KneeRight: -0.29318, -0.3947749, 2.608785
AnkleRight: -0.3133103, -0.7566715, 2.506661
FootRight: -0.3386561, -0.8098263, 2.384116
=========
HipCenter: -0.3432831, 0.1231577, 2.714453
Spine: -0.359108, 0.1735571, 2.790035
ShoulderCenter: -0.3819375, 0.5568331, 2.887794
Head: -0.3656794, 0.7313425, 2.885988
ShoulderLeft: -0.5200265, 0.4094636, 2.798492
ElbowLeft: -0.5475212, 0.1485035, 2.699884
WristLeft: -0.5214501, -0.06314233, 2.572373
HandLeft: -0.5290705, -0.1277903, 2.535406
ShoulderRight: -0.1826507, 0.465526, 2.884287
ElbowRight: 0.05345071, 0.5425186, 2.878276
WristRight: 0.1395109, 0.7691023, 2.852897
HandRight: 0.1641572, 0.8581146, 2.879423
HipLeft: -0.4111381, 0.04710601, 2.673854
KneeLeft: -0.3467437, -0.4703701, 2.598186
AnkleLeft: -0.3557727, -0.7543446, 2.505177
FootLeft: -0.3162871, -0.8096874, 2.393146
HipRight: -0.2592176, 0.05866207, 2.691467
KneeRight: -0.2926135, -0.394859, 2.607928
AnkleRight: -0.3132512, -0.7567214, 2.506886
FootRight: -0.3385674, -0.8098673, 2.384268
=========
HipCenter: -0.3424691, 0.1233482, 2.714113
Spine: -0.3582877, 0.1737502, 2.78963
ShoulderCenter: -0.3801313, 0.5574909, 2.887084
Head: -0.3653558, 0.7308191, 2.885701
ShoulderLeft: -0.5188767, 0.409854, 2.797815
ElbowLeft: -0.547254, 0.1488106, 2.699677
WristLeft: -0.5223705, -0.06209482, 2.573383
HandLeft: -0.5300717, -0.127608, 2.536571
ShoulderRight: -0.1809694, 0.4654152, 2.883713
ElbowRight: 0.05669022, 0.5462804, 2.877241
WristRight: 0.1214624, 0.7697842, 2.84958
HandRight: 0.1362222, 0.8670629, 2.872462
HipLeft: -0.4103953, 0.04781302, 2.67379
KneeLeft: -0.3463561, -0.4690815, 2.598176
AnkleLeft: -0.355764, -0.7543274, 2.505397
FootLeft: -0.316304, -0.8097324, 2.393197
HipRight: -0.2584647, 0.05814127, 2.691036
KneeRight: -0.29229, -0.3954851, 2.606872
AnkleRight: -0.3131492, -0.7567818, 2.507179
FootRight: -0.3384523, -0.8099039, 2.384441
=========
HipCenter: -0.3413755, 0.1236816, 2.713762
Spine: -0.3571112, 0.1740807, 2.789217
ShoulderCenter: -0.3779151, 0.558166, 2.886566
Head: -0.3643672, 0.7307051, 2.885343
ShoulderLeft: -0.5178581, 0.410236, 2.797285
ElbowLeft: -0.5470149, 0.1490697, 2.699517
WristLeft: -0.5234102, -0.06082831, 2.57464
HandLeft: -0.5311809, -0.1273904, 2.53781
ShoulderRight: -0.1792102, 0.4652494, 2.88326
ElbowRight: 0.05846915, 0.5483378, 2.876628
WristRight: 0.1063038, 0.7623168, 2.845946
HandRight: 0.1106681, 0.8653786, 2.865479
HipLeft: -0.40964, 0.04850957, 2.67372
KneeLeft: -0.3458682, -0.4677008, 2.598193
AnkleLeft: -0.3557581, -0.7543403, 2.505614
FootLeft: -0.3163182, -0.8097794, 2.393256
HipRight: -0.257499, 0.05773944, 2.690602
KneeRight: -0.29195, -0.3953294, 2.606299
AnkleRight: -0.3130376, -0.7568377, 2.50747
FootRight: -0.3382955, -0.809946, 2.384553
=========
HipCenter: -0.339947, 0.1242463, 2.713338
Spine: -0.3556907, 0.174567, 2.788752
ShoulderCenter: -0.3760971, 0.5587196, 2.886158
Head: -0.361863, 0.7311803, 2.885564
ShoulderLeft: -0.5166017, 0.4109891, 2.796904
ElbowLeft: -0.546794, 0.1493334, 2.699412
WristLeft: -0.5244032, -0.05966206, 2.575846
HandLeft: -0.5322539, -0.1271924, 2.538978
ShoulderRight: -0.1775983, 0.4650984, 2.882897
ElbowRight: 0.05885758, 0.5489846, 2.876189
WristRight: 0.0875771, 0.754926, 2.836933
HandRight: 0.0870735, 0.8613786, 2.858701
HipLeft: -0.4086331, 0.04943651, 2.673544
KneeLeft: -0.3452688, -0.4664806, 2.59821
AnkleLeft: -0.3557554, -0.754358, 2.505815
FootLeft: -0.3163355, -0.8098325, 2.393325
HipRight: -0.2561701, 0.05754755, 2.690135
KneeRight: -0.2916791, -0.3951243, 2.605815
AnkleRight: -0.3129173, -0.7568924, 2.507737
FootRight: -0.3381429, -0.8099876, 2.38465
=========
HipCenter: -0.3383911, 0.1249186, 2.712904
Spine: -0.3542804, 0.1750923, 2.788328
ShoulderCenter: -0.3749542, 0.5592613, 2.885995
Head: -0.3592346, 0.7320374, 2.885756
ShoulderLeft: -0.5154516, 0.4116855, 2.796591
ElbowLeft: -0.5465099, 0.1496353, 2.699345
WristLeft: -0.5247594, -0.05933149, 2.576451
HandLeft: -0.5328354, -0.1272679, 2.539922
ShoulderRight: -0.1760957, 0.4649642, 2.882546
ElbowRight: 0.05863675, 0.5493956, 2.874855
WristRight: 0.06335665, 0.7511083, 2.825707
HandRight: 0.04379831, 0.8585624, 2.837325
HipLeft: -0.4073941, 0.05048363, 2.673263
KneeLeft: -0.3446321, -0.4653416, 2.598236
AnkleLeft: -0.3557538, -0.7543758, 2.506004
FootLeft: -0.3163951, -0.809916, 2.393559
HipRight: -0.2544456, 0.05758253, 2.689623
KneeRight: -0.2914546, -0.3946964, 2.60533
AnkleRight: -0.3128354, -0.7569136, 2.507908
FootRight: -0.3379719, -0.8100336, 2.38476
=========
HipCenter: -0.3370958, 0.1254815, 2.712536
Spine: -0.3530602, 0.1755253, 2.787961
ShoulderCenter: -0.3738102, 0.5594971, 2.885799
Head: -0.3571469, 0.7327046, 2.885866
ShoulderLeft: -0.5144664, 0.4122957, 2.79635
ElbowLeft: -0.546077, 0.1500017, 2.699253
WristLeft: -0.5250385, -0.05917003, 2.576966
HandLeft: -0.5333067, -0.1274682, 2.540684
ShoulderRight: -0.1746735, 0.4648173, 2.882206
ElbowRight: 0.05786729, 0.5496396, 2.873047
WristRight: 0.0410509, 0.7500715, 2.818786
HandRight: 8.265115E-05, 0.8553604, 2.828278
HipLeft: -0.4063809, 0.05133526, 2.673008
KneeLeft: -0.3440938, -0.4642346, 2.598256
AnkleLeft: -0.3557523, -0.7543936, 2.506178
FootLeft: -0.316448, -0.8099971, 2.393815
HipRight: -0.2530007, 0.05763056, 2.689178
KneeRight: -0.2912675, -0.3942203, 2.604871
AnkleRight: -0.3126957, -0.7569207, 2.508123
FootRight: -0.3378105, -0.8100759, 2.384859
=========
HipCenter: -0.3358771, 0.1260466, 2.712189
Spine: -0.3518443, 0.1759563, 2.787616
ShoulderCenter: -0.3726603, 0.5596173, 2.885669
Head: -0.3553046, 0.7333698, 2.885916
ShoulderLeft: -0.5136568, 0.4128019, 2.796161
ElbowLeft: -0.5455294, 0.150415, 2.699164
WristLeft: -0.5252038, -0.05909969, 2.577349
HandLeft: -0.5336079, -0.127665, 2.54123
ShoulderRight: -0.1730806, 0.4646661, 2.881816
ElbowRight: 0.05633339, 0.549118, 2.870832
WristRight: 0.0004138742, 0.7438916, 2.807147
HandRight: -0.05120081, 0.8449263, 2.816129
HipLeft: -0.4055306, 0.05204383, 2.672768
KneeLeft: -0.3436373, -0.4633222, 2.598266
AnkleLeft: -0.3557141, -0.7544204, 2.506337
FootLeft: -0.3165101, -0.8100755, 2.394076
HipRight: -0.2515629, 0.05778666, 2.688704
KneeRight: -0.2911119, -0.393716, 2.604449
AnkleRight: -0.3125395, -0.7569302, 2.508319
FootRight: -0.3376637, -0.8101155, 2.384948
=========
HipCenter: -0.3349233, 0.1264872, 2.711922
Spine: -0.3508582, 0.176295, 2.787353
ShoulderCenter: -0.3717475, 0.5596827, 2.885601
Head: -0.3538956, 0.7338864, 2.885951
ShoulderLeft: -0.5129021, 0.4132693, 2.79603
ElbowLeft: -0.544866, 0.1508795, 2.69905
WristLeft: -0.5252359, -0.05915381, 2.57759
HandLeft: -0.5337946, -0.1278808, 2.541579
ShoulderRight: -0.1712129, 0.4644315, 2.88136
ElbowRight: 0.05517163, 0.5486026, 2.868014
WristRight: -0.04653002, 0.7561173, 2.796631
HandRight: -0.09417167, 0.8459909, 2.806753
HipLeft: -0.4048626, 0.05260422, 2.672577
KneeLeft: -0.343246, -0.4625278, 2.598266
AnkleLeft: -0.3557031, -0.7544289, 2.506432
FootLeft: -0.3165786, -0.8101499, 2.394332
HipRight: -0.2505067, 0.05782445, 2.688321
KneeRight: -0.29098, -0.3939522, 2.603852
AnkleRight: -0.3123822, -0.7569376, 2.508494
FootRight: -0.3375338, -0.8101513, 2.385025
=========
HipCenter: -0.3341295, 0.1268712, 2.711659
Spine: -0.3500631, 0.1765978, 2.787097
ShoulderCenter: -0.3712905, 0.5597649, 2.885483
Head: -0.3528567, 0.7342257, 2.885987
ShoulderLeft: -0.5122026, 0.4136184, 2.795873
ElbowLeft: -0.5441472, 0.1513461, 2.698882
WristLeft: -0.5251666, -0.05924164, 2.577728
HandLeft: -0.5339162, -0.1280286, 2.541818
ShoulderRight: -0.1695658, 0.4641827, 2.880924
ElbowRight: 0.05177136, 0.5478342, 2.864119
WristRight: -0.07794631, 0.7486631, 2.780815
HandRight: -0.134066, 0.8157836, 2.779652
HipLeft: -0.4042799, 0.05309613, 2.672357
KneeLeft: -0.3429001, -0.461912, 2.598258
AnkleLeft: -0.3556919, -0.754432, 2.50654
FootLeft: -0.3166418, -0.8102205, 2.394572
HipRight: -0.2495991, 0.05786987, 2.687964
KneeRight: -0.2909094, -0.3940991, 2.603294
AnkleRight: -0.3122217, -0.7569538, 2.508638
FootRight: -0.3374155, -0.8101847, 2.385088
=========
HipCenter: -0.333291, 0.1273167, 2.711388
Spine: -0.3491915, 0.1769737, 2.786822
ShoulderCenter: -0.3708655, 0.5598531, 2.885302
Head: -0.3519945, 0.7344539, 2.885998
ShoulderLeft: -0.5116231, 0.413899, 2.795745
ElbowLeft: -0.5430954, 0.1518993, 2.698524
WristLeft: -0.5250115, -0.05938711, 2.577795
HandLeft: -0.5339908, -0.1281417, 2.541976
ShoulderRight: -0.1679115, 0.4638419, 2.88039
ElbowRight: 0.04877255, 0.5475103, 2.860854
WristRight: -0.09248918, 0.7437814, 2.773724
HandRight: -0.1486801, 0.7946241, 2.765243
HipLeft: -0.4037085, 0.05357191, 2.672112
KneeLeft: -0.342597, -0.4614021, 2.598245
AnkleLeft: -0.3556847, -0.7544212, 2.506612
FootLeft: -0.3167016, -0.8102865, 2.394793
HipRight: -0.2486242, 0.05798145, 2.68763
KneeRight: -0.2908286, -0.394067, 2.602906
AnkleRight: -0.3120731, -0.7569816, 2.508759
FootRight: -0.3373199, -0.8102155, 2.385144
=========
HipCenter: -0.3324791, 0.1277766, 2.71113
Spine: -0.3483861, 0.177343, 2.786563
ShoulderCenter: -0.3705781, 0.559903, 2.885041
Head: -0.3513168, 0.7346125, 2.885981
ShoulderLeft: -0.5111439, 0.4141248, 2.795637
ElbowLeft: -0.5420209, 0.1534052, 2.698347
WristLeft: -0.5248084, -0.05944277, 2.57777
HandLeft: -0.534014, -0.1281958, 2.542069
ShoulderRight: -0.1661682, 0.4630164, 2.879481
ElbowRight: 0.0434439, 0.5481652, 2.855507
WristRight: -0.1151845, 0.7084712, 2.755594
HandRight: -0.1886687, 0.7579594, 2.739992
HipLeft: -0.4029329, 0.0541992, 2.671633
KneeLeft: -0.3423485, -0.4609912, 2.598231
AnkleLeft: -0.3556845, -0.7543823, 2.506684
FootLeft: -0.3167589, -0.8103462, 2.394979
HipRight: -0.2475872, 0.05809997, 2.687437
KneeRight: -0.29076, -0.393965, 2.602577
AnkleRight: -0.3119235, -0.7570137, 2.508873
FootRight: -0.33725, -0.8102438, 2.385182
=========
HipCenter: -0.3313394, 0.1283754, 2.710847
Spine: -0.347111, 0.1780328, 2.786232
ShoulderCenter: -0.3692145, 0.5608493, 2.883831
Head: -0.3393705, 0.7347916, 2.881365
ShoulderLeft: -0.5100647, 0.4143247, 2.795316
ElbowLeft: -0.5407824, 0.1555898, 2.698237
WristLeft: -0.524519, -0.05945585, 2.577618
HandLeft: -0.5338885, -0.1281364, 2.541952
ShoulderRight: -0.164592, 0.4620547, 2.878302
ElbowRight: 0.03786866, 0.5501092, 2.849492
WristRight: -0.1419696, 0.7035156, 2.739866
HandRight: -0.2036519, 0.7446136, 2.730411
HipLeft: -0.4013979, 0.05536364, 2.67075
KneeLeft: -0.3421347, -0.4606477, 2.598215
AnkleLeft: -0.3556788, -0.7542962, 2.506795
FootLeft: -0.3168232, -0.8104026, 2.395166
HipRight: -0.2464313, 0.0581972, 2.687481
KneeRight: -0.2906922, -0.3937744, 2.602295
AnkleRight: -0.3118038, -0.7570521, 2.508953
FootRight: -0.3371863, -0.8102724, 2.385211
=========
HipCenter: -0.3300565, 0.1290872, 2.710631
Spine: -0.3457154, 0.178813, 2.785967
ShoulderCenter: -0.3679565, 0.5616851, 2.88282
Head: -0.3326885, 0.735937, 2.876984
ShoulderLeft: -0.5089164, 0.4145308, 2.794968
ElbowLeft: -0.5396916, 0.1570141, 2.697811
WristLeft: -0.52398, -0.05952984, 2.577177
HandLeft: -0.5335596, -0.1280725, 2.541615
ShoulderRight: -0.1630549, 0.4612247, 2.877151
ElbowRight: 0.03288867, 0.551381, 2.844555
WristRight: -0.1535302, 0.7000667, 2.733377
HandRight: -0.2144329, 0.7374826, 2.724446
HipLeft: -0.3995313, 0.05679229, 2.669498
KneeLeft: -0.3419545, -0.4603779, 2.598198
AnkleLeft: -0.3556494, -0.7542446, 2.506889
FootLeft: -0.3168823, -0.8104556, 2.395299
HipRight: -0.2450514, 0.05825082, 2.687919
KneeRight: -0.2906654, -0.3936086, 2.602049
AnkleRight: -0.3116376, -0.7571064, 2.509057
FootRight: -0.337133, -0.8102995, 2.38524
=========
HipCenter: -0.3288831, 0.1297227, 2.710446
Spine: -0.3445216, 0.1795132, 2.785725
ShoulderCenter: -0.3670152, 0.5622658, 2.881413
Head: -0.3288063, 0.7369543, 2.872625
ShoulderLeft: -0.5072901, 0.4146898, 2.79439
ElbowLeft: -0.5386529, 0.1579517, 2.697254
WristLeft: -0.5233334, -0.05957864, 2.576592
HandLeft: -0.5330714, -0.1279563, 2.541177
ShoulderRight: -0.1617802, 0.460538, 2.876149
ElbowRight: 0.02975514, 0.5521331, 2.841322
WristRight: -0.1614201, 0.6969449, 2.728873
HandRight: -0.2222354, 0.7320191, 2.719961
HipLeft: -0.3976055, 0.05812264, 2.668082
KneeLeft: -0.3417504, -0.4600631, 2.598147
AnkleLeft: -0.3556125, -0.7542012, 2.506978
FootLeft: -0.3169556, -0.8105119, 2.39543
HipRight: -0.2436321, 0.05819329, 2.688668
KneeRight: -0.2906522, -0.3934568, 2.601838
AnkleRight: -0.3115185, -0.7571446, 2.509135
FootRight: -0.3371014, -0.8103201, 2.38526
=========
HipCenter: -0.327747, 0.1303668, 2.710313
Spine: -0.343308, 0.1803089, 2.785533
ShoulderCenter: -0.3656515, 0.5634427, 2.880087
Head: -0.3252311, 0.7391162, 2.870066
ShoulderLeft: -0.5056433, 0.4148203, 2.793779
ElbowLeft: -0.5375415, 0.1585531, 2.696483
WristLeft: -0.5225716, -0.0597155, 2.575792
HandLeft: -0.5324038, -0.1278858, 2.540567
ShoulderRight: -0.160501, 0.4598891, 2.875222
ElbowRight: 0.02780484, 0.5527298, 2.839156
WristRight: -0.1667449, 0.6948084, 2.725851
HandRight: -0.2275739, 0.7285302, 2.716964
HipLeft: -0.3958481, 0.05937944, 2.666606
KneeLeft: -0.3415663, -0.4597927, 2.598101
AnkleLeft: -0.355568, -0.7541641, 2.507065
FootLeft: -0.3170267, -0.8105632, 2.395552
HipRight: -0.2422189, 0.05804168, 2.68976
KneeRight: -0.2906616, -0.3933295, 2.601656
AnkleRight: -0.3113818, -0.7572019, 2.509223
FootRight: -0.3370695, -0.8103389, 2.385271
=========
HipCenter: -0.3267641, 0.1309477, 2.710208
Spine: -0.3423142, 0.1809918, 2.785371
ShoulderCenter: -0.3647125, 0.5642102, 2.87892
Head: -0.3220232, 0.7411203, 2.868267
ShoulderLeft: -0.5040442, 0.415065, 2.793159
ElbowLeft: -0.5359419, 0.159058, 2.695275
WristLeft: -0.5216318, -0.05998792, 2.574731
HandLeft: -0.5315164, -0.1278879, 2.539733
ShoulderRight: -0.1593413, 0.4593306, 2.8744
ElbowRight: 0.02647869, 0.5532144, 2.837554
WristRight: -0.1455956, 0.6826459, 2.733013
HandRight: -0.2188396, 0.7230282, 2.719613
HipLeft: -0.394367, 0.06045849, 2.665242
KneeLeft: -0.3413941, -0.459545, 2.598042
AnkleLeft: -0.3555228, -0.7541472, 2.507129
FootLeft: -0.3170831, -0.8106093, 2.395652
HipRight: -0.2410036, 0.05788464, 2.690848
KneeRight: -0.2906792, -0.3932104, 2.601495
AnkleRight: -0.3112137, -0.7572665, 2.509324
FootRight: -0.3370418, -0.8103569, 2.385285
=========
HipCenter: -0.3259491, 0.1314335, 2.710123
Spine: -0.341533, 0.1815453, 2.785228
ShoulderCenter: -0.3640339, 0.564671, 2.877894
Head: -0.3181278, 0.7427725, 2.866827
ShoulderLeft: -0.5021269, 0.415518, 2.792435
ElbowLeft: -0.5345052, 0.1593826, 2.694118
WristLeft: -0.5207615, -0.06023293, 2.573688
HandLeft: -0.5306484, -0.1278736, 2.538949
ShoulderRight: -0.1583676, 0.458888, 2.873708
ElbowRight: 0.02557002, 0.5535592, 2.836433
WristRight: -0.1421562, 0.687291, 2.734991
HandRight: -0.2053727, 0.7314309, 2.728969
HipLeft: -0.3931933, 0.06132767, 2.664151
KneeLeft: -0.341242, -0.4593302, 2.597986
AnkleLeft: -0.3554701, -0.7541254, 2.507191
FootLeft: -0.3171165, -0.810641, 2.395709
HipRight: -0.2400476, 0.05774667, 2.691765
KneeRight: -0.2907113, -0.3931109, 2.601346
AnkleRight: -0.3109461, -0.757373, 2.509481
FootRight: -0.3370064, -0.810371, 2.38534
=========
HipCenter: -0.3251875, 0.1319531, 2.710029
Spine: -0.3408485, 0.1820754, 2.785074
ShoulderCenter: -0.3635909, 0.564881, 2.876675
Head: -0.314938, 0.7440344, 2.865585
ShoulderLeft: -0.5010898, 0.4157643, 2.791924
ElbowLeft: -0.5331797, 0.1595806, 2.692994
WristLeft: -0.5199717, -0.06043689, 2.572711
HandLeft: -0.5297531, -0.1278138, 2.538164
ShoulderRight: -0.1575941, 0.4585236, 2.87312
ElbowRight: 0.02491867, 0.5538127, 2.835624
WristRight: -0.1242689, 0.6876459, 2.739305
HandRight: -0.1926118, 0.7322515, 2.734384
HipLeft: -0.3922589, 0.06204621, 2.663239
KneeLeft: -0.3411104, -0.4591457, 2.597928
AnkleLeft: -0.3554346, -0.7541127, 2.507233
FootLeft: -0.3171449, -0.8106692, 2.39576
HipRight: -0.2392177, 0.05766154, 2.692555
KneeRight: -0.2907499, -0.3930179, 2.601207
AnkleRight: -0.3106864, -0.757484, 2.50963
FootRight: -0.3369723, -0.810384, 2.385391
=========
HipCenter: -0.3244485, 0.1325056, 2.709902
Spine: -0.3402387, 0.1825703, 2.784886
ShoulderCenter: -0.3633527, 0.5647634, 2.875282
Head: -0.3134366, 0.7448002, 2.864845
ShoulderLeft: -0.5003324, 0.415962, 2.79146
ElbowLeft: -0.5319992, 0.1596277, 2.691929
WristLeft: -0.5192505, -0.06060762, 2.571793
HandLeft: -0.5288342, -0.1277325, 2.537335
ShoulderRight: -0.1569623, 0.4582205, 2.87259
ElbowRight: 0.02445986, 0.554042, 2.83503
WristRight: -0.1122831, 0.6905389, 2.743538
HandRight: -0.1824894, 0.7438601, 2.741964
HipLeft: -0.3914671, 0.06267193, 2.662394
KneeLeft: -0.3409047, -0.4588499, 2.597842
AnkleLeft: -0.3553819, -0.7541022, 2.50728
FootLeft: -0.3171723, -0.8106939, 2.395802
HipRight: -0.2384335, 0.05764953, 2.69323
KneeRight: -0.2907826, -0.3928328, 2.601041
AnkleRight: -0.3104526, -0.7575846, 2.50975
FootRight: -0.3369401, -0.8103956, 2.385441
=========
HipCenter: -0.3238204, 0.1329773, 2.709776
Spine: -0.3397135, 0.1829826, 2.784705
ShoulderCenter: -0.3629641, 0.5647444, 2.874469
Head: -0.3125769, 0.7454314, 2.864341
ShoulderLeft: -0.4998489, 0.4161248, 2.791044
ElbowLeft: -0.5310194, 0.1596212, 2.691019
WristLeft: -0.5186271, -0.06072555, 2.570972
HandLeft: -0.5278072, -0.1275938, 2.536455
ShoulderRight: -0.156428, 0.4579602, 2.872127
ElbowRight: 0.02419179, 0.5542186, 2.834638
WristRight: -0.1008528, 0.6965392, 2.749582
HandRight: -0.1678583, 0.7549821, 2.747944
HipLeft: -0.3909064, 0.06310856, 2.66177
KneeLeft: -0.3407288, -0.4585732, 2.597736
AnkleLeft: -0.3553289, -0.7540963, 2.507324
FootLeft: -0.3171958, -0.8107165, 2.39584
HipRight: -0.2377857, 0.05766947, 2.693646
KneeRight: -0.2907937, -0.3926166, 2.600878
AnkleRight: -0.3102947, -0.7576578, 2.509825
FootRight: -0.3369085, -0.8104072, 2.385481
=========
HipCenter: -0.3233193, 0.1333796, 2.70962
Spine: -0.3392874, 0.1833219, 2.784517
ShoulderCenter: -0.3627518, 0.5647637, 2.873969
Head: -0.333283, 0.7422455, 2.864546
ShoulderLeft: -0.4995051, 0.4162662, 2.79066
ElbowLeft: -0.5302741, 0.1596127, 2.690262
WristLeft: -0.51805, -0.06080047, 2.570141
HandLeft: -0.5269103, -0.1273956, 2.535589
ShoulderRight: -0.1560047, 0.4579754, 2.871768
ElbowRight: 0.02423864, 0.5544508, 2.834486
WristRight: -0.07711637, 0.7193517, 2.762437
HandRight: -0.1204075, 0.7746261, 2.760632
HipLeft: -0.3905183, 0.06341772, 2.661312
KneeLeft: -0.3405662, -0.4583172, 2.597629
AnkleLeft: -0.3552803, -0.7540949, 2.507366
FootLeft: -0.3172219, -0.8107432, 2.395886
HipRight: -0.2372419, 0.05784726, 2.693693
KneeRight: -0.2907885, -0.392324, 2.600692
AnkleRight: -0.3100756, -0.7577682, 2.509897
FootRight: -0.3368824, -0.8104193, 2.385512
=========
HipCenter: -0.3229132, 0.1337134, 2.709454
Spine: -0.3389466, 0.183592, 2.784338
ShoulderCenter: -0.3625953, 0.5647908, 2.873642
Head: -0.3427002, 0.7402459, 2.865532
ShoulderLeft: -0.4992559, 0.4163858, 2.790219
ElbowLeft: -0.5296589, 0.1595053, 2.689508
WristLeft: -0.5173638, -0.06101776, 2.569172
HandLeft: -0.5260768, -0.1273102, 2.534693
ShoulderRight: -0.1556495, 0.4581067, 2.871469
ElbowRight: 0.02508544, 0.5547167, 2.834808
WristRight: -0.06130637, 0.7365785, 2.769548
HandRight: -0.09872921, 0.794534, 2.766861
HipLeft: -0.3902486, 0.06363542, 2.660974
KneeLeft: -0.3404198, -0.4580926, 2.597527
AnkleLeft: -0.3552373, -0.7540919, 2.507404
FootLeft: -0.3172492, -0.8107678, 2.395919
HipRight: -0.2367526, 0.0581302, 2.69348
KneeRight: -0.2907677, -0.3920063, 2.600495
AnkleRight: -0.3098724, -0.7578723, 2.509956
FootRight: -0.3368615, -0.8104306, 2.385532
=========
HipCenter: -0.3225696, 0.1339997, 2.709238
Spine: -0.3386387, 0.1838207, 2.784107
ShoulderCenter: -0.3624669, 0.5647992, 2.873387
Head: -0.3473252, 0.7393857, 2.866471
ShoulderLeft: -0.4991413, 0.4164699, 2.789697
ElbowLeft: -0.5291749, 0.1593201, 2.688794
WristLeft: -0.5166993, -0.06135, 2.568174
HandLeft: -0.5253092, -0.127347, 2.533764
ShoulderRight: -0.155324, 0.4586692, 2.871107
ElbowRight: 0.03001491, 0.5555704, 2.836535
WristRight: -0.01897217, 0.7540916, 2.778922
HandRight: -0.07766182, 0.8133094, 2.772851
HipLeft: -0.3900648, 0.0637824, 2.660727
KneeLeft: -0.3402922, -0.4579118, 2.597436
AnkleLeft: -0.355212, -0.7540898, 2.507427
FootLeft: -0.3172738, -0.8107902, 2.395947
HipRight: -0.236218, 0.05858566, 2.692723
KneeRight: -0.2906677, -0.3915412, 2.600264
AnkleRight: -0.309687, -0.7579685, 2.510006
FootRight: -0.3368382, -0.8104439, 2.385549
=========
HipCenter: -0.3223113, 0.1342594, 2.708957
Spine: -0.3383766, 0.1840151, 2.783843
ShoulderCenter: -0.3623764, 0.5648099, 2.873209
Head: -0.3502895, 0.7388395, 2.867061
ShoulderLeft: -0.4991557, 0.4165186, 2.789193
ElbowLeft: -0.5288087, 0.1590844, 2.688122
WristLeft: -0.5160929, -0.06174877, 2.567161
HandLeft: -0.5246306, -0.1274731, 2.53289
ShoulderRight: -0.1552572, 0.4597857, 2.870566
ElbowRight: 0.03392697, 0.5558431, 2.838194
WristRight: 0.03116965, 0.7941709, 2.79748
HandRight: -0.008152725, 0.8716549, 2.804377
HipLeft: -0.3899735, 0.06387282, 2.660523
KneeLeft: -0.3401819, -0.4577548, 2.597352
AnkleLeft: -0.3551922, -0.7540885, 2.507444
FootLeft: -0.3172928, -0.8108094, 2.395966
HipRight: -0.2358387, 0.05939006, 2.691246
KneeRight: -0.2905537, -0.3910742, 2.600032
AnkleRight: -0.3095195, -0.7580474, 2.510045
FootRight: -0.3368203, -0.8104626, 2.385542
=========
HipCenter: -0.3221282, 0.1344518, 2.708644
Spine: -0.3381669, 0.1841564, 2.783573
ShoulderCenter: -0.3623172, 0.564824, 2.873105
Head: -0.3523318, 0.7384724, 2.867524
ShoulderLeft: -0.4992473, 0.4165337, 2.788597
ElbowLeft: -0.5285337, 0.1588571, 2.687543
WristLeft: -0.5155677, -0.06214218, 2.566227
HandLeft: -0.5240158, -0.127622, 2.532073
ShoulderRight: -0.1554873, 0.4613631, 2.869797
ElbowRight: 0.03700044, 0.555814, 2.839557
WristRight: 0.05912796, 0.8156305, 2.806784
HandRight: 0.04864063, 0.9105925, 2.824146
HipLeft: -0.3899592, 0.06389444, 2.660361
KneeLeft: -0.3400792, -0.4576037, 2.597268
AnkleLeft: -0.35517, -0.7540885, 2.507462
FootLeft: -0.3173086, -0.8108259, 2.395979
HipRight: -0.2356532, 0.06015372, 2.68969
KneeRight: -0.2904385, -0.3905993, 2.599801
AnkleRight: -0.3093603, -0.7581233, 2.510067
FootRight: -0.3367485, -0.8104846, 2.385533
=========
HipCenter: -0.3219751, 0.1346189, 2.708304
Spine: -0.3379667, 0.184275, 2.783273
ShoulderCenter: -0.3622677, 0.564831, 2.873031
Head: -0.3536691, 0.7383106, 2.868639
ShoulderLeft: -0.4993693, 0.4165387, 2.788047
ElbowLeft: -0.5283971, 0.1588738, 2.687171
WristLeft: -0.5150527, -0.0626822, 2.565214
HandLeft: -0.5234704, -0.1279219, 2.531272
ShoulderRight: -0.1558018, 0.4630655, 2.869028
ElbowRight: 0.03995296, 0.5561115, 2.841153
WristRight: 0.1060511, 0.8101647, 2.812543
HandRight: 0.1147244, 0.9133545, 2.833611
HipLeft: -0.3899838, 0.06387936, 2.660233
KneeLeft: -0.33999, -0.4574714, 2.597189
AnkleLeft: -0.3551473, -0.7540887, 2.507481
FootLeft: -0.3173198, -0.8108388, 2.39599
HipRight: -0.2355245, 0.06090257, 2.688201
KneeRight: -0.2902745, -0.390026, 2.599549
AnkleRight: -0.3092459, -0.7581913, 2.51008
FootRight: -0.3366826, -0.8105023, 2.385525
=========
HipCenter: -0.3218867, 0.1347529, 2.707952
Spine: -0.3378223, 0.184365, 2.782975
ShoulderCenter: -0.3622413, 0.5648388, 2.873003
Head: -0.3547063, 0.738575, 2.87046
ShoulderLeft: -0.4995284, 0.4165456, 2.787516
ElbowLeft: -0.5283295, 0.158854, 2.686744
WristLeft: -0.5146797, -0.06315026, 2.564384
HandLeft: -0.5230249, -0.1281657, 2.530611
ShoulderRight: -0.1561546, 0.4646064, 2.868345
ElbowRight: 0.04213466, 0.5561703, 2.842345
WristRight: 0.1701582, 0.8173931, 2.83155
HandRight: 0.2023052, 0.9053383, 2.848474
HipLeft: -0.3900896, 0.06380802, 2.660146
KneeLeft: -0.3399138, -0.4573557, 2.597113
AnkleLeft: -0.3551245, -0.7540892, 2.507503
FootLeft: -0.3173294, -0.8108501, 2.395998
HipRight: -0.2355641, 0.06160051, 2.686776
KneeRight: -0.2900911, -0.3894205, 2.599286
AnkleRight: -0.3091242, -0.7582598, 2.510099
FootRight: -0.3366426, -0.810514, 2.385521
=========
HipCenter: -0.3218449, 0.1348711, 2.707593
Spine: -0.3377239, 0.1844472, 2.78267
ShoulderCenter: -0.362236, 0.5648573, 2.872995
Head: -0.3555161, 0.7390167, 2.871961
ShoulderLeft: -0.4997337, 0.4165449, 2.78697
ElbowLeft: -0.5283316, 0.1587935, 2.68635
WristLeft: -0.5143908, -0.0634626, 2.563726
HandLeft: -0.5227315, -0.1283068, 2.530097
ShoulderRight: -0.1565244, 0.4659277, 2.867779
ElbowRight: 0.04421395, 0.5561522, 2.843304
WristRight: 0.2014886, 0.7713234, 2.823944
HandRight: 0.2330182, 0.856059, 2.848524
HipLeft: -0.3902426, 0.06371058, 2.66008
KneeLeft: -0.3398606, -0.4572517, 2.597039
AnkleLeft: -0.3551085, -0.7540879, 2.507523
FootLeft: -0.3173345, -0.8108603, 2.396009
HipRight: -0.2356618, 0.06219645, 2.685588
KneeRight: -0.28986, -0.3886199, 2.598997
AnkleRight: -0.3090221, -0.7583105, 2.510113
FootRight: -0.3366052, -0.8105237, 2.385515
=========
HipCenter: -0.3218451, 0.1349477, 2.707236
Spine: -0.3376607, 0.184493, 2.782353
ShoulderCenter: -0.3622373, 0.5648531, 2.872974
Head: -0.356039, 0.7393984, 2.87312
ShoulderLeft: -0.4999625, 0.4165233, 2.786426
ElbowLeft: -0.5284215, 0.1586483, 2.685948
WristLeft: -0.5143517, -0.06343936, 2.563291
HandLeft: -0.5225233, -0.1281861, 2.529746
ShoulderRight: -0.156975, 0.4671392, 2.867192
ElbowRight: 0.04914172, 0.5558118, 2.844691
WristRight: 0.2293845, 0.7417105, 2.826348
HandRight: 0.2835967, 0.8215162, 2.856983
HipLeft: -0.3904581, 0.06354748, 2.660048
KneeLeft: -0.3398247, -0.4571572, 2.596968
AnkleLeft: -0.3550941, -0.7540864, 2.507542
FootLeft: -0.3173348, -0.8108705, 2.396017
HipRight: -0.2358039, 0.06266493, 2.68461
KneeRight: -0.2896385, -0.3878715, 2.598731
AnkleRight: -0.3089519, -0.7583529, 2.510121
FootRight: -0.336571, -0.8105324, 2.38551
=========
HipCenter: -0.3218776, 0.1350086, 2.706893
Spine: -0.3376348, 0.1845321, 2.782048
ShoulderCenter: -0.362303, 0.5648875, 2.87299
Head: -0.3563809, 0.7397787, 2.874037
ShoulderLeft: -0.5002341, 0.4165113, 2.785849
ElbowLeft: -0.5285801, 0.1584426, 2.685556
WristLeft: -0.5142994, -0.06354282, 2.562983
HandLeft: -0.5223781, -0.1282026, 2.529482
ShoulderRight: -0.1574898, 0.4682666, 2.866641
ElbowRight: 0.05295017, 0.5554968, 2.84577
WristRight: 0.2423577, 0.7225413, 2.827715
HandRight: 0.2955397, 0.8033213, 2.858013
HipLeft: -0.3906974, 0.06337089, 2.660035
KneeLeft: -0.3398153, -0.4570138, 2.596861
AnkleLeft: -0.3550588, -0.7540827, 2.507579
FootLeft: -0.3173266, -0.8108855, 2.39604
HipRight: -0.2359727, 0.06305966, 2.68381
KneeRight: -0.2894089, -0.387163, 2.598488
AnkleRight: -0.3088888, -0.7583934, 2.510126
FootRight: -0.3365103, -0.8105407, 2.385653
=========
HipCenter: -0.3219183, 0.1350466, 2.706563
Spine: -0.3376228, 0.1845542, 2.78175
ShoulderCenter: -0.3623789, 0.5649218, 2.873013
Head: -0.3565745, 0.7401266, 2.874788
ShoulderLeft: -0.5004835, 0.4165137, 2.78525
ElbowLeft: -0.5288095, 0.1583779, 2.685259
WristLeft: -0.5142831, -0.06362718, 2.562738
HandLeft: -0.5222762, -0.1282145, 2.529275
ShoulderRight: -0.1580297, 0.4692934, 2.8661
ElbowRight: 0.0557526, 0.555039, 2.846643
WristRight: 0.2498179, 0.7085915, 2.828061
HandRight: 0.3143779, 0.784557, 2.857865
HipLeft: -0.3909228, 0.06319121, 2.660039
KneeLeft: -0.3398412, -0.4568606, 2.59675
AnkleLeft: -0.3550387, -0.7540915, 2.507611
FootLeft: -0.3173133, -0.8109003, 2.396061
HipRight: -0.2361308, 0.06337732, 2.683159
KneeRight: -0.2890886, -0.3864827, 2.598253
AnkleRight: -0.308817, -0.7584453, 2.51013
FootRight: -0.3364498, -0.8105473, 2.385803
=========
HipCenter: -0.3219733, 0.1350722, 2.706244
Spine: -0.3376515, 0.1845681, 2.781438
ShoulderCenter: -0.3628092, 0.5649527, 2.872974
Head: -0.356722, 0.7404919, 2.875471
ShoulderLeft: -0.5007533, 0.4165011, 2.784531
ElbowLeft: -0.5291305, 0.1582394, 2.684907
WristLeft: -0.5142969, -0.06366584, 2.562553
HandLeft: -0.5222186, -0.1281815, 2.529103
ShoulderRight: -0.1585713, 0.4702247, 2.865644
ElbowRight: 0.0582286, 0.5545651, 2.847185
WristRight: 0.2560638, 0.697737, 2.82784
HandRight: 0.3167624, 0.7483054, 2.843201
HipLeft: -0.3911382, 0.06301633, 2.660048
KneeLeft: -0.3398719, -0.456735, 2.596654
AnkleLeft: -0.3550216, -0.7541137, 2.507649
FootLeft: -0.3173097, -0.81091, 2.396065
HipRight: -0.2362732, 0.06363535, 2.682634
KneeRight: -0.2887867, -0.3858708, 2.598042
AnkleRight: -0.3087548, -0.7585093, 2.510132
FootRight: -0.3364041, -0.8105557, 2.385914
=========
HipCenter: -0.3220431, 0.1350783, 2.705943
Spine: -0.3377008, 0.1845661, 2.781138
ShoulderCenter: -0.3632832, 0.564976, 2.87293
Head: -0.3569234, 0.7407035, 2.875895
ShoulderLeft: -0.5010617, 0.4164296, 2.783787
ElbowLeft: -0.5296215, 0.1579161, 2.684461
WristLeft: -0.5143293, -0.06369302, 2.56241
HandLeft: -0.522177, -0.1281662, 2.52898
ShoulderRight: -0.159219, 0.4710962, 2.865175
ElbowRight: 0.05713104, 0.5486994, 2.84727
WristRight: 0.2595598, 0.666967, 2.824771
HandRight: 0.33644, 0.7012672, 2.844502
HipLeft: -0.3913627, 0.06281909, 2.660082
KneeLeft: -0.3399048, -0.4566227, 2.596566
AnkleLeft: -0.3550126, -0.7541395, 2.507709
FootLeft: -0.3173065, -0.8109183, 2.396069
HipRight: -0.2364127, 0.06384418, 2.682203
KneeRight: -0.2885073, -0.3853278, 2.597858
AnkleRight: -0.3087064, -0.7585559, 2.510134
FootRight: -0.3363326, -0.8105656, 2.386093
=========
HipCenter: -0.3221412, 0.1350605, 2.705649
Spine: -0.3377777, 0.1845483, 2.780845
ShoulderCenter: -0.3637525, 0.5650008, 2.872889
Head: -0.3570903, 0.740888, 2.876232
ShoulderLeft: -0.5013248, 0.4163594, 2.783109
ElbowLeft: -0.5301402, 0.1575693, 2.684068
WristLeft: -0.5143824, -0.06370411, 2.562302
HandLeft: -0.5221601, -0.1281434, 2.528879
ShoulderRight: -0.159871, 0.4718686, 2.864726
ElbowRight: 0.04907213, 0.5328901, 2.850086
WristRight: 0.2661582, 0.6538465, 2.823709
HandRight: 0.3497835, 0.6832179, 2.845812
HipLeft: -0.3915936, 0.06261235, 2.660131
KneeLeft: -0.3399482, -0.4565188, 2.596482
AnkleLeft: -0.3550087, -0.7541519, 2.507745
FootLeft: -0.3173013, -0.8109267, 2.396072
HipRight: -0.2365874, 0.06401841, 2.681833
KneeRight: -0.2882798, -0.384854, 2.597697
AnkleRight: -0.3086729, -0.7585956, 2.510134
FootRight: -0.3362583, -0.8105817, 2.386243
=========
HipCenter: -0.3222547, 0.1350244, 2.705374
Spine: -0.3378715, 0.1845147, 2.780575
ShoulderCenter: -0.3643747, 0.5651441, 2.87301
Head: -0.3572513, 0.7411268, 2.876514
ShoulderLeft: -0.501545, 0.4162993, 2.782502
ElbowLeft: -0.5306213, 0.1572238, 2.68371
WristLeft: -0.5144841, -0.06366402, 2.562227
HandLeft: -0.5221573, -0.1280998, 2.528798
ShoulderRight: -0.1604558, 0.4725, 2.864325
ElbowRight: 0.04897119, 0.5276567, 2.849815
WristRight: 0.2619746, 0.6297665, 2.817678
HandRight: 0.3517072, 0.6648589, 2.844292
HipLeft: -0.3918147, 0.06240889, 2.660176
KneeLeft: -0.3399936, -0.4564244, 2.596406
AnkleLeft: -0.3550103, -0.754158, 2.507784
FootLeft: -0.3172963, -0.8109345, 2.396074
HipRight: -0.236768, 0.06415349, 2.68154
KneeRight: -0.2880799, -0.3844421, 2.597556
AnkleRight: -0.3086459, -0.7586315, 2.510134
FootRight: -0.3361922, -0.8105982, 2.386379
=========
HipCenter: -0.3223708, 0.1349752, 2.705112
Spine: -0.3379763, 0.184471, 2.780311
ShoulderCenter: -0.3649815, 0.5652772, 2.873106
Head: -0.357374, 0.7413488, 2.876751
ShoulderLeft: -0.5017261, 0.416241, 2.781966
ElbowLeft: -0.5310923, 0.1568394, 2.683336
WristLeft: -0.5147459, -0.06323954, 2.562252
HandLeft: -0.522211, -0.1278232, 2.528792
ShoulderRight: -0.1609442, 0.4729985, 2.863999
ElbowRight: 0.0513367, 0.5241098, 2.848976
WristRight: 0.2599072, 0.6185565, 2.814983
HandRight: 0.3525234, 0.6542696, 2.843186
HipLeft: -0.3920156, 0.0622167, 2.66022
KneeLeft: -0.3400402, -0.4563372, 2.596336
AnkleLeft: -0.3550171, -0.754162, 2.507827
FootLeft: -0.3172921, -0.8109415, 2.396075
HipRight: -0.2369356, 0.06425794, 2.6813
KneeRight: -0.2879044, -0.3841, 2.597427
AnkleRight: -0.3086233, -0.7586644, 2.510134
FootRight: -0.3361339, -0.8106145, 2.38648
=========
HipCenter: -0.3224865, 0.1349217, 2.704875
Spine: -0.3380786, 0.1844271, 2.780077
ShoulderCenter: -0.365329, 0.565371, 2.87318
Head: -0.3574722, 0.741605, 2.877008
ShoulderLeft: -0.5018875, 0.4161745, 2.781498
ElbowLeft: -0.5315039, 0.1564467, 2.682933
WristLeft: -0.5149726, -0.06289472, 2.562261
HandLeft: -0.5222787, -0.1275887, 2.528781
ShoulderRight: -0.161339, 0.473397, 2.863745
ElbowRight: 0.05374182, 0.5219271, 2.848105
WristRight: 0.2630624, 0.6133212, 2.81333
HandRight: 0.3561447, 0.6504536, 2.843585
HipLeft: -0.3922302, 0.06201247, 2.660276
KneeLeft: -0.3400929, -0.4562494, 2.596268
AnkleLeft: -0.3550316, -0.7541603, 2.507872
FootLeft: -0.3172878, -0.8109483, 2.396079
HipRight: -0.2371065, 0.064339, 2.681097
KneeRight: -0.287767, -0.383822, 2.597312
AnkleRight: -0.3086047, -0.7586957, 2.510137
FootRight: -0.3360915, -0.810627, 2.386557
=========
HipCenter: -0.3225905, 0.134867, 2.704656
Spine: -0.3381749, 0.1843811, 2.779858
ShoulderCenter: -0.3656, 0.5654447, 2.873248
Head: -0.3574857, 0.7418435, 2.877201
ShoulderLeft: -0.5019908, 0.4161127, 2.78108
ElbowLeft: -0.5318696, 0.1560857, 2.682567
WristLeft: -0.515195, -0.06254471, 2.562268
HandLeft: -0.5223393, -0.1273734, 2.528774
ShoulderRight: -0.1616535, 0.4737091, 2.863548
ElbowRight: 0.05927801, 0.5219243, 2.846237
WristRight: 0.2664023, 0.611886, 2.812347
HandRight: 0.3588142, 0.6523299, 2.844622
HipLeft: -0.3924131, 0.0618327, 2.660321
KneeLeft: -0.3401474, -0.4561741, 2.596204
AnkleLeft: -0.3550513, -0.7541595, 2.507917
FootLeft: -0.3172833, -0.8109548, 2.396083
HipRight: -0.2372584, 0.06440306, 2.680929
KneeRight: -0.2876472, -0.3835822, 2.597209
AnkleRight: -0.3085896, -0.7587166, 2.510139
FootRight: -0.336063, -0.810639, 2.386607
=========
HipCenter: -0.3226707, 0.1348187, 2.70446
Spine: -0.3382472, 0.1843418, 2.77966
ShoulderCenter: -0.3657493, 0.5654761, 2.87327
Head: -0.3574345, 0.7420089, 2.8773
ShoulderLeft: -0.5020741, 0.4160502, 2.78072
ElbowLeft: -0.5321724, 0.155764, 2.682244
WristLeft: -0.5153738, -0.06225026, 2.562227
HandLeft: -0.5223809, -0.1272275, 2.528765
ShoulderRight: -0.1619025, 0.4739565, 2.863393
ElbowRight: 0.06348825, 0.5223237, 2.84495
WristRight: 0.2759747, 0.6209427, 2.81467
HandRight: 0.3657162, 0.6640212, 2.848609
HipLeft: -0.392564, 0.06166881, 2.660361
KneeLeft: -0.3402002, -0.4561068, 2.596145
AnkleLeft: -0.3550886, -0.7541564, 2.507987
FootLeft: -0.317279, -0.8109608, 2.396085
HipRight: -0.2373741, 0.06445784, 2.680794
KneeRight: -0.287535, -0.3833743, 2.597115
AnkleRight: -0.3085795, -0.7587237, 2.510141
FootRight: -0.3360378, -0.8106495, 2.386647
=========
HipCenter: -0.3227314, 0.1347698, 2.704272
Spine: -0.3382946, 0.1842994, 2.779472
ShoulderCenter: -0.3657935, 0.5654956, 2.87331
Head: -0.357324, 0.7421608, 2.877347
ShoulderLeft: -0.5021372, 0.4159941, 2.780421
ElbowLeft: -0.5322722, 0.1554731, 2.681986
WristLeft: -0.5154223, -0.06214948, 2.562134
HandLeft: -0.5223789, -0.1271909, 2.52865
ShoulderRight: -0.1620917, 0.474149, 2.863281
ElbowRight: 0.06677563, 0.5231476, 2.843613
WristRight: 0.2819022, 0.6282286, 2.816437
HandRight: 0.3696347, 0.6731668, 2.850978
HipLeft: -0.3926907, 0.06152172, 2.660393
KneeLeft: -0.3402547, -0.4560353, 2.596079
AnkleLeft: -0.3551119, -0.7541614, 2.508039
FootLeft: -0.3172712, -0.8109692, 2.396095
HipRight: -0.2374691, 0.06450161, 2.680673
KneeRight: -0.2874272, -0.3831981, 2.597023
AnkleRight: -0.3085683, -0.7587204, 2.510151
FootRight: -0.3360243, -0.8106656, 2.386645
=========
HipCenter: -0.3227639, 0.1347245, 2.704092
Spine: -0.3383111, 0.1842566, 2.779287
ShoulderCenter: -0.3657112, 0.5654793, 2.873343
Head: -0.3570755, 0.7422546, 2.8774
ShoulderLeft: -0.5021768, 0.4159455, 2.780173
ElbowLeft: -0.532285, 0.1552183, 2.681756
WristLeft: -0.5152578, -0.06244808, 2.561687
HandLeft: -0.5223072, -0.1275761, 2.528218
ShoulderRight: -0.1622312, 0.474306, 2.863206
ElbowRight: 0.06928059, 0.524154, 2.842526
WristRight: 0.2851461, 0.6337556, 2.817562
HandRight: 0.3713885, 0.6801634, 2.852274
HipLeft: -0.3927812, 0.06139996, 2.660413
KneeLeft: -0.3402902, -0.4559817, 2.596021
AnkleLeft: -0.3551356, -0.7541657, 2.508082
FootLeft: -0.3172629, -0.8109782, 2.396106
HipRight: -0.2375377, 0.06453724, 2.68057
KneeRight: -0.287322, -0.3830395, 2.596931
AnkleRight: -0.3085588, -0.7587121, 2.510164
FootRight: -0.3360161, -0.810683, 2.386633
=========
HipCenter: -0.3227787, 0.1346941, 2.703941
Spine: -0.338312, 0.1842219, 2.779127
ShoulderCenter: -0.3655624, 0.5654326, 2.87339
Head: -0.3566195, 0.7422897, 2.877549
ShoulderLeft: -0.5022057, 0.4159116, 2.780002
ElbowLeft: -0.532272, 0.1550224, 2.681591
WristLeft: -0.515067, -0.06279881, 2.561244
HandLeft: -0.5222116, -0.1280273, 2.52782
ShoulderRight: -0.1623333, 0.4744911, 2.863199
ElbowRight: 0.07137509, 0.525346, 2.84166
WristRight: 0.2868321, 0.6380817, 2.818556
HandRight: 0.3721546, 0.6852457, 2.852867
HipLeft: -0.3928471, 0.06130473, 2.660431
KneeLeft: -0.3403172, -0.4559269, 2.595957
AnkleLeft: -0.3551544, -0.7541719, 2.508118
FootLeft: -0.3172528, -0.8109876, 2.396117
HipRight: -0.2375873, 0.06457105, 2.680488
KneeRight: -0.2872207, -0.3828962, 2.596844
AnkleRight: -0.3085472, -0.7586852, 2.510197
FootRight: -0.3360128, -0.8107032, 2.386605
=========
HipCenter: -0.3227794, 0.1346785, 2.703806
Spine: -0.3383017, 0.1841976, 2.778983
ShoulderCenter: -0.3653862, 0.5653775, 2.873435
Head: -0.3558721, 0.7423443, 2.877749
ShoulderLeft: -0.502208, 0.4158936, 2.779886
ElbowLeft: -0.5322317, 0.1548774, 2.681489
WristLeft: -0.5148351, -0.06319749, 2.560831
HandLeft: -0.5220892, -0.1285132, 2.527424
ShoulderRight: -0.1623683, 0.4746685, 2.863258
ElbowRight: 0.07312746, 0.5266226, 2.841084
WristRight: 0.2877398, 0.6423435, 2.819448
HandRight: 0.3726135, 0.6893215, 2.853199
HipLeft: -0.3928883, 0.06125498, 2.660444
KneeLeft: -0.3403299, -0.4558684, 2.595892
AnkleLeft: -0.3551638, -0.7541796, 2.508144
FootLeft: -0.3172468, -0.8109966, 2.396132
HipRight: -0.2376235, 0.0646002, 2.680418
KneeRight: -0.2871752, -0.3828207, 2.596751
AnkleRight: -0.3085336, -0.7586352, 2.510247
FootRight: -0.3359983, -0.8107305, 2.386513
=========
HipCenter: -0.3227715, 0.134664, 2.703678
Spine: -0.3382835, 0.1841745, 2.77885
ShoulderCenter: -0.3652028, 0.5653208, 2.873478
Head: -0.3551454, 0.7423858, 2.877893
ShoulderLeft: -0.5021849, 0.4158649, 2.779788
ElbowLeft: -0.5321382, 0.1547382, 2.681401
WristLeft: -0.514614, -0.06351168, 2.560495
HandLeft: -0.5219595, -0.1289026, 2.527096
ShoulderRight: -0.1623855, 0.4748212, 2.863322
ElbowRight: 0.07403491, 0.527182, 2.840795
WristRight: 0.2880429, 0.6457752, 2.820211
HandRight: 0.3727227, 0.6924338, 2.853426
HipLeft: -0.3929189, 0.06121749, 2.660454
KneeLeft: -0.3403283, -0.4558109, 2.595824
AnkleLeft: -0.3551683, -0.7541968, 2.508166
FootLeft: -0.3172419, -0.8110061, 2.396148
HipRight: -0.2376515, 0.06462381, 2.68035
KneeRight: -0.2871568, -0.3827814, 2.596639
AnkleRight: -0.3085023, -0.758592, 2.51031
FootRight: -0.3359843, -0.8107589, 2.386406
=========
HipCenter: -0.3227593, 0.1346522, 2.703563
Spine: -0.3382583, 0.1841494, 2.778727
ShoulderCenter: -0.3650607, 0.5652393, 2.873545
Head: -0.3545337, 0.742337, 2.877943
ShoulderLeft: -0.5021613, 0.41584, 2.779722
ElbowLeft: -0.5320241, 0.1546205, 2.681331
WristLeft: -0.5143677, -0.06380375, 2.560211
HandLeft: -0.5217208, -0.1292882, 2.526743
ShoulderRight: -0.1623872, 0.474947, 2.863386
ElbowRight: 0.07460503, 0.5275757, 2.840672
WristRight: 0.274637, 0.6439772, 2.821968
HandRight: 0.3604729, 0.6909299, 2.850912
HipLeft: -0.3929414, 0.06118902, 2.660463
KneeLeft: -0.3403122, -0.4557541, 2.595752
AnkleLeft: -0.3551522, -0.7542368, 2.50819
FootLeft: -0.3172381, -0.8110152, 2.396163
HipRight: -0.2376722, 0.0646444, 2.680279
KneeRight: -0.2871673, -0.3827751, 2.596506
AnkleRight: -0.3084661, -0.7585649, 2.510357
FootRight: -0.3359734, -0.8107845, 2.38633
=========
HipCenter: -0.3227444, 0.1346426, 2.703457
Spine: -0.3382277, 0.1841234, 2.778612
ShoulderCenter: -0.3649142, 0.5651229, 2.873642
Head: -0.3539262, 0.7422192, 2.877982
ShoulderLeft: -0.5021333, 0.4158168, 2.779683
ElbowLeft: -0.5318861, 0.1545149, 2.681288
WristLeft: -0.5141272, -0.06407367, 2.559958
HandLeft: -0.5214546, -0.1296739, 2.526414
ShoulderRight: -0.1623832, 0.4750454, 2.863447
ElbowRight: 0.0750883, 0.5279989, 2.840652
WristRight: 0.2665569, 0.6426046, 2.822874
HandRight: 0.3529981, 0.6898727, 2.849236
HipLeft: -0.3929583, 0.06116824, 2.660471
KneeLeft: -0.3402897, -0.455705, 2.595679
AnkleLeft: -0.3551337, -0.7542824, 2.508211
FootLeft: -0.3172354, -0.811024, 2.396177
HipRight: -0.2376892, 0.06466256, 2.6802
KneeRight: -0.2871971, -0.3827946, 2.596364
AnkleRight: -0.3083888, -0.7585263, 2.510435
FootRight: -0.3359633, -0.8108097, 2.386255
=========
HipCenter: -0.3227245, 0.1346322, 2.703358
Spine: -0.3381823, 0.1840918, 2.778504
ShoulderCenter: -0.3646816, 0.5649786, 2.873843
Head: -0.3533919, 0.7420964, 2.878008
ShoulderLeft: -0.5020882, 0.4157764, 2.779698
ElbowLeft: -0.5317255, 0.1544029, 2.681252
WristLeft: -0.5138944, -0.06431533, 2.55974
HandLeft: -0.5211786, -0.1300453, 2.526116
ShoulderRight: -0.1623736, 0.4751272, 2.863506
ElbowRight: 0.07547458, 0.528389, 2.840672
WristRight: 0.2617992, 0.6417165, 2.822872
HandRight: 0.3484422, 0.6892535, 2.847944
HipLeft: -0.3929698, 0.06115199, 2.66048
KneeLeft: -0.3402638, -0.4556601, 2.595605
AnkleLeft: -0.3551159, -0.7544211, 2.508226
FootLeft: -0.3172327, -0.8110327, 2.396191
HipRight: -0.2377017, 0.06467925, 2.6801
KneeRight: -0.2872383, -0.3828404, 2.596212
AnkleRight: -0.308309, -0.7584813, 2.510506
FootRight: -0.3359528, -0.8108313, 2.386187
=========
HipCenter: -0.3227015, 0.1346211, 2.703267
Spine: -0.3381187, 0.1840549, 2.778403
ShoulderCenter: -0.364253, 0.5647947, 2.874166
Head: -0.3529335, 0.7418279, 2.878031
ShoulderLeft: -0.502043, 0.4157083, 2.779794
ElbowLeft: -0.5315506, 0.1542537, 2.681218
WristLeft: -0.5137597, -0.06440854, 2.559585
HandLeft: -0.5209303, -0.1302616, 2.525932
ShoulderRight: -0.162357, 0.475199, 2.863567
ElbowRight: 0.07578473, 0.5287527, 2.840693
WristRight: 0.2587627, 0.6411738, 2.822622
HandRight: 0.3455931, 0.6889253, 2.846997
HipLeft: -0.3929769, 0.0611348, 2.660498
KneeLeft: -0.340228, -0.4556283, 2.59554
AnkleLeft: -0.3551724, -0.7546429, 2.508215
FootLeft: -0.3172311, -0.8110409, 2.396205
HipRight: -0.2377095, 0.06469304, 2.679977
KneeRight: -0.2872896, -0.3828969, 2.59605
AnkleRight: -0.308239, -0.7584409, 2.510571
FootRight: -0.3359427, -0.810848, 2.386132
=========
HipCenter: -0.3226758, 0.1346062, 2.70318
Spine: -0.3380496, 0.1840108, 2.778309
ShoulderCenter: -0.3638442, 0.5645989, 2.874526
Head: -0.3525215, 0.741574, 2.878059
ShoulderLeft: -0.5019855, 0.415641, 2.779918
ElbowLeft: -0.5313429, 0.1540983, 2.681196
WristLeft: -0.513591, -0.06451064, 2.559429
HandLeft: -0.5206959, -0.1304835, 2.525752
ShoulderRight: -0.162332, 0.47526, 2.863627
ElbowRight: 0.07623082, 0.5292611, 2.840734
WristRight: 0.2567375, 0.6411376, 2.821951
HandRight: 0.3437142, 0.6890204, 2.845461
HipLeft: -0.3929799, 0.06111741, 2.660519
KneeLeft: -0.3401717, -0.4555922, 2.59546
AnkleLeft: -0.355304, -0.754952, 2.508175
FootLeft: -0.3172334, -0.8110482, 2.396222
HipRight: -0.2377144, 0.06470107, 2.67983
KneeRight: -0.2873552, -0.3829784, 2.595868
AnkleRight: -0.308199, -0.7584152, 2.510598
FootRight: -0.335949, -0.8108609, 2.386065
=========
HipCenter: -0.3226398, 0.134574, 2.703094
Spine: -0.3379599, 0.1839471, 2.778218
ShoulderCenter: -0.3633876, 0.5644149, 2.874922
Head: -0.3521595, 0.7413383, 2.878014
ShoulderLeft: -0.5019301, 0.4155611, 2.780074
ElbowLeft: -0.5311288, 0.1539689, 2.681213
WristLeft: -0.5134386, -0.06459213, 2.559296
HandLeft: -0.520479, -0.1306736, 2.525601
ShoulderRight: -0.162305, 0.4753051, 2.863683
ElbowRight: 0.07700793, 0.5300182, 2.840829
WristRight: 0.255635, 0.6412364, 2.821436
HandRight: 0.3426407, 0.689168, 2.844729
HipLeft: -0.3929736, 0.06108642, 2.660546
KneeLeft: -0.3401103, -0.4555595, 2.595381
AnkleLeft: -0.3554891, -0.7553205, 2.50811
FootLeft: -0.3172345, -0.8110545, 2.396231
HipRight: -0.2377151, 0.06468593, 2.679684
KneeRight: -0.2874188, -0.3830786, 2.595678
AnkleRight: -0.3081563, -0.758398, 2.51061
FootRight: -0.335998, -0.810869, 2.385973
=========
HipCenter: -0.3226027, 0.1345406, 2.70301
Spine: -0.3378692, 0.1838844, 2.778133
ShoulderCenter: -0.363028, 0.5642415, 2.875204
Head: -0.3517509, 0.74105, 2.877799
ShoulderLeft: -0.5018665, 0.4154763, 2.780265
ElbowLeft: -0.5309138, 0.1538492, 2.681237
WristLeft: -0.5132415, -0.06471454, 2.559177
HandLeft: -0.5202732, -0.1308855, 2.525461
ShoulderRight: -0.1622757, 0.4753414, 2.863737
ElbowRight: 0.07814871, 0.5309035, 2.840997
WristRight: 0.2553767, 0.6416399, 2.82072
HandRight: 0.3423592, 0.6895866, 2.84396
HipLeft: -0.3929636, 0.06105163, 2.660577
KneeLeft: -0.3400117, -0.4555579, 2.595291
AnkleLeft: -0.3557057, -0.7558231, 2.508036
FootLeft: -0.3172379, -0.8110602, 2.396239
HipRight: -0.2377147, 0.06468088, 2.679516
KneeRight: -0.2874864, -0.3829147, 2.595462
AnkleRight: -0.3081126, -0.7583879, 2.510617
FootRight: -0.3360657, -0.8108794, 2.385853
=========
HipCenter: -0.3225641, 0.1345119, 2.702937
Spine: -0.3377544, 0.1838163, 2.778057
ShoulderCenter: -0.3625613, 0.5639895, 2.875594
Head: -0.3513446, 0.7407243, 2.877574
ShoulderLeft: -0.5018096, 0.4153726, 2.780656
ElbowLeft: -0.5306471, 0.1537355, 2.681255
WristLeft: -0.5130515, -0.06482624, 2.559074
HandLeft: -0.5200858, -0.1310734, 2.525339
ShoulderRight: -0.1622443, 0.4753724, 2.86379
ElbowRight: 0.07925033, 0.5316985, 2.841136
WristRight: 0.2557164, 0.642206, 2.819773
HandRight: 0.3425937, 0.6901546, 2.843156
HipLeft: -0.3929495, 0.06101271, 2.660614
KneeLeft: -0.3399196, -0.4555562, 2.595201
AnkleLeft: -0.35579, -0.7560859, 2.508
FootLeft: -0.3172427, -0.8110666, 2.396246
HipRight: -0.2377087, 0.06470148, 2.679349
KneeRight: -0.2875616, -0.3824209, 2.595234
AnkleRight: -0.3080721, -0.7583808, 2.51062
FootRight: -0.336096, -0.8108873, 2.385787
=========
HipCenter: -0.322554, 0.1343958, 2.702851
Spine: -0.3376445, 0.1836733, 2.777992
ShoulderCenter: -0.3621041, 0.5637205, 2.875991
Head: -0.3508356, 0.7402709, 2.877057
ShoulderLeft: -0.5017736, 0.4152125, 2.781185
ElbowLeft: -0.5302854, 0.1536071, 2.681289
WristLeft: -0.5128574, -0.06497122, 2.558985
HandLeft: -0.5199015, -0.1312805, 2.525212
ShoulderRight: -0.1622422, 0.4752817, 2.86379
ElbowRight: 0.08021504, 0.5323651, 2.841233
WristRight: 0.2564725, 0.6427808, 2.818618
HandRight: 0.3431438, 0.6907731, 2.842307
HipLeft: -0.3929585, 0.06089246, 2.66069
KneeLeft: -0.339818, -0.4555626, 2.595108
AnkleLeft: -0.3558431, -0.7562814, 2.507973
FootLeft: -0.3172483, -0.8110729, 2.396249
HipRight: -0.2378223, 0.06460366, 2.679133
KneeRight: -0.2876032, -0.3823241, 2.595058
AnkleRight: -0.3080357, -0.7583775, 2.510618
FootRight: -0.3361203, -0.8108936, 2.385732
=========
HipCenter: -0.3225506, 0.1342759, 2.702771
Spine: -0.3375434, 0.1835094, 2.777934
ShoulderCenter: -0.3619737, 0.5633107, 2.876427
Head: -0.3497376, 0.7394831, 2.877018
ShoulderLeft: -0.5017221, 0.4150521, 2.781785
ElbowLeft: -0.5299677, 0.1534831, 2.681366
WristLeft: -0.5127139, -0.06505897, 2.558963
HandLeft: -0.5197448, -0.1314115, 2.525148
ShoulderRight: -0.1622364, 0.4751787, 2.863787
ElbowRight: 0.08097361, 0.5328514, 2.841266
WristRight: 0.2571706, 0.6433699, 2.817712
HandRight: 0.3437483, 0.6914206, 2.841576
HipLeft: -0.3929695, 0.06076944, 2.66077
KneeLeft: -0.3397132, -0.4555733, 2.59502
AnkleLeft: -0.3558575, -0.7564718, 2.507953
FootLeft: -0.3172565, -0.8110799, 2.396251
HipRight: -0.2379418, 0.06449988, 2.678925
KneeRight: -0.2876543, -0.3822698, 2.594887
AnkleRight: -0.3079989, -0.7583759, 2.510614
FootRight: -0.3361467, -0.8108933, 2.385785
=========
HipCenter: -0.3225372, 0.1341613, 2.702704
Spine: -0.3374328, 0.1833394, 2.777889
ShoulderCenter: -0.3618684, 0.5628948, 2.876838
Head: -0.3486854, 0.7386538, 2.877036
ShoulderLeft: -0.501684, 0.4148866, 2.782426
ElbowLeft: -0.529667, 0.1533795, 2.681562
WristLeft: -0.5125997, -0.06512396, 2.558969
HandLeft: -0.5196261, -0.1315078, 2.525119
ShoulderRight: -0.1622007, 0.4750173, 2.863803
ElbowRight: 0.06059149, 0.509653, 2.843462
WristRight: 0.2526745, 0.6407376, 2.816885
HandRight: 0.3392574, 0.6888748, 2.84117
HipLeft: -0.3929754, 0.06064992, 2.660847
KneeLeft: -0.3396111, -0.4555879, 2.594936
AnkleLeft: -0.3558676, -0.7566002, 2.507938
FootLeft: -0.3172636, -0.8110865, 2.396255
HipRight: -0.238006, 0.06440103, 2.678767
KneeRight: -0.2877138, -0.3822535, 2.594723
AnkleRight: -0.3079656, -0.7583755, 2.51061
FootRight: -0.3361743, -0.8108923, 2.385853
=========
HipCenter: -0.3225295, 0.1340565, 2.702652
Spine: -0.3373409, 0.1831756, 2.777863
ShoulderCenter: -0.3618077, 0.5624685, 2.877276
Head: -0.3477561, 0.7379313, 2.877085
ShoulderLeft: -0.5016272, 0.4147422, 2.783048
ElbowLeft: -0.5293862, 0.1532811, 2.681771
WristLeft: -0.5125116, -0.06512047, 2.559061
HandLeft: -0.5195467, -0.1315417, 2.525146
ShoulderRight: -0.1621288, 0.4747896, 2.86386
ElbowRight: 0.07539663, 0.5164349, 2.839627
WristRight: 0.2652331, 0.6474333, 2.818641
HandRight: 0.3514373, 0.6954603, 2.845275
HipLeft: -0.3929901, 0.06054555, 2.66093
KneeLeft: -0.3395184, -0.4555909, 2.594863
AnkleLeft: -0.3558436, -0.7567431, 2.50791
FootLeft: -0.3172708, -0.8110933, 2.396259
HipRight: -0.2380643, 0.06430631, 2.678635
KneeRight: -0.2877879, -0.3822542, 2.594573
AnkleRight: -0.307934, -0.7583734, 2.510606
FootRight: -0.3362004, -0.8108937, 2.385916
=========
HipCenter: -0.3225449, 0.1339469, 2.702616
Spine: -0.3372795, 0.1830175, 2.777858
ShoulderCenter: -0.3617743, 0.5621021, 2.877721
Head: -0.3469593, 0.737385, 2.877161
ShoulderLeft: -0.5015725, 0.4146346, 2.783694
ElbowLeft: -0.529131, 0.1532032, 2.682
WristLeft: -0.5124379, -0.065121, 2.55918
HandLeft: -0.5194887, -0.1315734, 2.525186
ShoulderRight: -0.16202, 0.4744365, 2.863939
ElbowRight: 0.05956788, 0.4972458, 2.853451
WristRight: 0.2664562, 0.6481282, 2.818785
HandRight: 0.3527284, 0.6961427, 2.845596
HipLeft: -0.3930551, 0.06043575, 2.661046
KneeLeft: -0.3394301, -0.4555943, 2.594794
AnkleLeft: -0.3558288, -0.7568333, 2.507888
FootLeft: -0.317276, -0.811103, 2.396268
HipRight: -0.2381487, 0.0641917, 2.678516
KneeRight: -0.2878669, -0.3822729, 2.594435
AnkleRight: -0.3079036, -0.7583705, 2.510603
FootRight: -0.336225, -0.8108975, 2.38597
=========
HipCenter: -0.3225624, 0.1338349, 2.70259
Spine: -0.337228, 0.1828666, 2.777865
ShoulderCenter: -0.3616674, 0.5617955, 2.878044
Head: -0.3462741, 0.7369875, 2.877226
ShoulderLeft: -0.501487, 0.414567, 2.784316
ElbowLeft: -0.5288972, 0.1531332, 2.682229
WristLeft: -0.5124197, -0.06504291, 2.559441
HandLeft: -0.5194607, -0.131551, 2.525317
ShoulderRight: -0.1618815, 0.4739993, 2.864075
ElbowRight: 0.07540099, 0.5107132, 2.849389
WristRight: 0.2676834, 0.649031, 2.81887
HandRight: 0.3541423, 0.6972263, 2.845597
HipLeft: -0.3931239, 0.06032893, 2.661166
KneeLeft: -0.3393351, -0.4555686, 2.594722
AnkleLeft: -0.3557836, -0.756934, 2.507852
FootLeft: -0.3172795, -0.8111135, 2.396279
HipRight: -0.238235, 0.06406542, 2.678431
KneeRight: -0.2879682, -0.3823126, 2.594307
AnkleRight: -0.3078797, -0.7583658, 2.510601
FootRight: -0.3362429, -0.8109024, 2.386014
=========
HipCenter: -0.3225839, 0.1337239, 2.702573
Spine: -0.337187, 0.1827232, 2.777878
ShoulderCenter: -0.3615579, 0.5615269, 2.878308
Head: -0.3456619, 0.7366878, 2.877288
ShoulderLeft: -0.5013962, 0.4145219, 2.784889
ElbowLeft: -0.5287221, 0.1530756, 2.682566
WristLeft: -0.5125255, -0.06466603, 2.560028
HandLeft: -0.5194892, -0.131302, 2.525678
ShoulderRight: -0.1617048, 0.4734654, 2.864244
ElbowRight: 0.08409338, 0.5185946, 2.846727
WristRight: 0.2685425, 0.649699, 2.818929
HandRight: 0.3551712, 0.6980994, 2.845491
HipLeft: -0.3932077, 0.0602158, 2.661313
KneeLeft: -0.3392446, -0.4555416, 2.594653
AnkleLeft: -0.3557342, -0.7570234, 2.507817
FootLeft: -0.3172837, -0.8111248, 2.396287
HipRight: -0.238322, 0.0639394, 2.67836
KneeRight: -0.2881888, -0.3824055, 2.594171
AnkleRight: -0.3078593, -0.7583615, 2.510599
FootRight: -0.3362545, -0.8109073, 2.386035
=========
HipCenter: -0.3226168, 0.1336049, 2.702566
Spine: -0.3371616, 0.1825917, 2.777897
ShoulderCenter: -0.3614102, 0.5612625, 2.87845
Head: -0.3450141, 0.7364007, 2.877394
ShoulderLeft: -0.5013092, 0.4144996, 2.785471
ElbowLeft: -0.5285727, 0.1530466, 2.682922
WristLeft: -0.5126725, -0.06430216, 2.560635
HandLeft: -0.5196137, -0.1310592, 2.526075
ShoulderRight: -0.1615159, 0.4728453, 2.864519
ElbowRight: 0.08924124, 0.5234473, 2.844966
WristRight: 0.2691136, 0.6502967, 2.819007
HandRight: 0.3558601, 0.6988218, 2.845495
HipLeft: -0.3933394, 0.0600782, 2.661524
KneeLeft: -0.3391645, -0.4555171, 2.594591
AnkleLeft: -0.3556831, -0.7571012, 2.507784
FootLeft: -0.3172877, -0.8111359, 2.396294
HipRight: -0.2384303, 0.06379143, 2.678308
KneeRight: -0.2884488, -0.3825272, 2.594055
AnkleRight: -0.3078434, -0.7583591, 2.510598
FootRight: -0.3362565, -0.8109109, 2.386053
=========
HipCenter: -0.3226634, 0.1334724, 2.70258
Spine: -0.3371554, 0.1824593, 2.777929
ShoulderCenter: -0.3613039, 0.5610538, 2.878549
Head: -0.3444565, 0.736152, 2.87752
ShoulderLeft: -0.5012205, 0.4145297, 2.786024
ElbowLeft: -0.5284461, 0.1530348, 2.683278
WristLeft: -0.5129905, -0.06375286, 2.561429
HandLeft: -0.519834, -0.1306581, 2.526583
ShoulderRight: -0.1613213, 0.4721393, 2.864856
ElbowRight: 0.09231987, 0.5263725, 2.843821
WristRight: 0.2709237, 0.6519605, 2.821151
HandRight: 0.3579461, 0.7006901, 2.84748
HipLeft: -0.3934762, 0.05994654, 2.661739
KneeLeft: -0.3391006, -0.4555085, 2.594542
AnkleLeft: -0.3556297, -0.7571653, 2.507756
FootLeft: -0.3172964, -0.8111498, 2.396301
HipRight: -0.2385749, 0.06357462, 2.678329
KneeRight: -0.2888004, -0.3827253, 2.593962
AnkleRight: -0.3078287, -0.7583588, 2.510597
FootRight: -0.3362524, -0.8109151, 2.386076
=========
HipCenter: -0.3227077, 0.1333162, 2.702629
Spine: -0.3371483, 0.1822911, 2.778006
ShoulderCenter: -0.3611679, 0.5608206, 2.878682
Head: -0.3437765, 0.7359378, 2.877657
ShoulderLeft: -0.5011377, 0.414581, 2.786532
ElbowLeft: -0.528338, 0.1530323, 2.683613
WristLeft: -0.5133778, -0.06312481, 2.562295
HandLeft: -0.5201599, -0.130179, 2.527204
ShoulderRight: -0.1611743, 0.471341, 2.865184
ElbowRight: 0.06861486, 0.5007758, 2.849485
WristRight: 0.2663637, 0.6510648, 2.821998
HandRight: 0.3534321, 0.7009898, 2.847402
HipLeft: -0.3936065, 0.05982288, 2.661955
KneeLeft: -0.3390467, -0.455502, 2.594503
AnkleLeft: -0.3555866, -0.7572121, 2.507739
FootLeft: -0.3173101, -0.8111611, 2.396329
HipRight: -0.2387086, 0.06330438, 2.67844
KneeRight: -0.2891851, -0.3829709, 2.593903
AnkleRight: -0.3077979, -0.7583461, 2.510607
FootRight: -0.3361922, -0.8108857, 2.386233
