=========
HipCenter: -0.2688726, 0.1669715, 2.536344
Spine: -0.2814632, 0.2149362, 2.615845
ShoulderCenter: -0.3074568, 0.6030331, 2.732282
Head: -0.2825147, 0.8201294, 2.716813
ShoulderLeft: -0.4414494, 0.4479473, 2.642188
ElbowLeft: -0.4760151, 0.2085343, 2.565926
WristLeft: -0.4711112, -0.003719504, 2.436841
HandLeft: -0.4629195, -0.07739584, 2.397962
ShoulderRight: -0.119734, 0.5057853, 2.710507
ElbowRight: 0.1511997, 0.5721238, 2.705829
WristRight: 0.3729379, 0.6799179, 2.713189
HandRight: 0.4226997, 0.7066674, 2.738412
HipLeft: -0.3353443, 0.0871188, 2.492155
KneeLeft: -0.2549168, -0.3980208, 2.414717
AnkleLeft: -0.274938, -0.702993, 2.348203
FootLeft: -0.244695, -0.7636158, 2.236163
HipRight: -0.1905725, 0.1131459, 2.515826
KneeRight: -0.2571741, -0.4073707, 2.415895
AnkleRight: -0.2389356, -0.7079292, 2.358224
FootRight: -0.2672552, -0.7618845, 2.24441
=========
HipCenter: -0.2689468, 0.1672351, 2.536426
Spine: -0.2817599, 0.2151958, 2.615969
ShoulderCenter: -0.3104173, 0.6043651, 2.733734
Head: -0.2815429, 0.8220148, 2.71893
ShoulderLeft: -0.4414714, 0.4480048, 2.642146
ElbowLeft: -0.4765638, 0.2075731, 2.565525
WristLeft: -0.4707305, -0.003577861, 2.436199
HandLeft: -0.4635112, -0.07720369, 2.396688
ShoulderRight: -0.1189055, 0.5069873, 2.711558
ElbowRight: 0.1511779, 0.5721233, 2.705816
WristRight: 0.3724602, 0.6798145, 2.71363
HandRight: 0.4213595, 0.7062594, 2.741006
HipLeft: -0.3353918, 0.08730014, 2.492516
KneeLeft: -0.2698689, -0.4613451, 2.410918
AnkleLeft: -0.2755925, -0.7376335, 2.34241
FootLeft: -0.2442851, -0.7634312, 2.234658
HipRight: -0.1903892, 0.1135848, 2.515492
KneeRight: -0.299024, -0.3288745, 2.405071
AnkleRight: -0.2519414, -0.6676337, 2.356783
FootRight: -0.2668222, -0.7555208, 2.250371
=========
HipCenter: -0.2689573, 0.1672739, 2.536438
Spine: -0.2818049, 0.2152344, 2.615988
ShoulderCenter: -0.310961, 0.6045938, 2.733991
Head: -0.2813625, 0.8223355, 2.719319
ShoulderLeft: -0.4414753, 0.4480135, 2.642141
ElbowLeft: -0.4766813, 0.2075206, 2.565529
WristLeft: -0.4706514, -0.003543674, 2.436066
HandLeft: -0.4636013, -0.07718213, 2.396482
ShoulderRight: -0.1187686, 0.5071864, 2.711734
ElbowRight: 0.1511494, 0.5721205, 2.705809
WristRight: 0.3723759, 0.6797978, 2.713692
HandRight: 0.4211441, 0.7061849, 2.741409
HipLeft: -0.3353966, 0.08732434, 2.492577
KneeLeft: -0.2613484, -0.4386464, 2.414997
AnkleLeft: -0.2755328, -0.7330912, 2.343261
FootLeft: -0.2442343, -0.7633981, 2.234459
HipRight: -0.1903483, 0.1136463, 2.515428
KneeRight: -0.2575171, -0.337893, 2.413393
AnkleRight: -0.2501915, -0.6753926, 2.356538
FootRight: -0.2667786, -0.7549756, 2.250891
=========
HipCenter: -0.2689652, 0.1673031, 2.536448
Spine: -0.2818387, 0.2152633, 2.616002
ShoulderCenter: -0.311382, 0.6047716, 2.734188
Head: -0.2812298, 0.8225802, 2.719595
ShoulderLeft: -0.4414792, 0.4480202, 2.642136
ElbowLeft: -0.4767772, 0.207558, 2.565573
WristLeft: -0.4705276, -0.003459887, 2.435779
HandLeft: -0.4636526, -0.07716705, 2.396214
ShoulderRight: -0.1186692, 0.5073338, 2.711861
ElbowRight: 0.1511091, 0.5721169, 2.705802
WristRight: 0.3722998, 0.6797837, 2.713728
HandRight: 0.4209756, 0.7061177, 2.741712
HipLeft: -0.3353997, 0.08734214, 2.492622
KneeLeft: -0.27301, -0.4767544, 2.412992
AnkleLeft: -0.2760624, -0.7434683, 2.341302
FootLeft: -0.2441905, -0.7633759, 2.234292
HipRight: -0.1903116, 0.1136915, 2.515367
KneeRight: -0.2945701, -0.2926542, 2.407686
AnkleRight: -0.2547901, -0.6578441, 2.356857
FootRight: -0.2666789, -0.75392, 2.251897
=========
HipCenter: -0.2689697, 0.1673236, 2.536454
Spine: -0.2818647, 0.2152846, 2.616013
ShoulderCenter: -0.311995, 0.6049892, 2.734333
Head: -0.2811217, 0.8227618, 2.719801
ShoulderLeft: -0.4414828, 0.4480261, 2.642133
ElbowLeft: -0.4768863, 0.2076547, 2.56555
WristLeft: -0.4703398, -0.002962038, 2.435261
HandLeft: -0.4636773, -0.07703774, 2.396011
ShoulderRight: -0.1185883, 0.5074533, 2.711963
ElbowRight: 0.1510597, 0.5721123, 2.705791
WristRight: 0.3722362, 0.6797743, 2.71375
HandRight: 0.4208563, 0.7060574, 2.741927
HipLeft: -0.3353974, 0.08735172, 2.492659
KneeLeft: -0.2612452, -0.4384168, 2.418257
AnkleLeft: -0.2757606, -0.729915, 2.343734
FootLeft: -0.2441767, -0.7633535, 2.234213
HipRight: -0.1902526, 0.1137157, 2.515287
KneeRight: -0.258364, -0.3180234, 2.416573
AnkleRight: -0.2490557, -0.6802205, 2.356658
FootRight: -0.2666584, -0.7542092, 2.2516
=========
HipCenter: -0.2689694, 0.1673316, 2.536453
Spine: -0.2818863, 0.2152979, 2.616019
ShoulderCenter: -0.312585, 0.6051874, 2.734421
Head: -0.2810282, 0.8229142, 2.719961
ShoulderLeft: -0.4414921, 0.4480343, 2.642128
ElbowLeft: -0.4770576, 0.2079944, 2.565523
WristLeft: -0.4700047, -0.002493964, 2.434373
HandLeft: -0.4634422, -0.07619344, 2.394618
ShoulderRight: -0.1185285, 0.5075445, 2.712041
ElbowRight: 0.1509757, 0.5720977, 2.705765
WristRight: 0.3721692, 0.6797618, 2.713745
HandRight: 0.4207334, 0.7059813, 2.742051
HipLeft: -0.3353896, 0.087352, 2.492691
KneeLeft: -0.2730809, -0.4671285, 2.416289
AnkleLeft: -0.2758733, -0.7365766, 2.342244
FootLeft: -0.2441542, -0.7633404, 2.234126
HipRight: -0.1901626, 0.1137015, 2.51515
KneeRight: -0.2926244, -0.2889549, 2.41296
AnkleRight: -0.2517089, -0.6677056, 2.357473
FootRight: -0.2665973, -0.7537565, 2.252035
=========
HipCenter: -0.2689463, 0.1673099, 2.53643
Spine: -0.2819018, 0.2152976, 2.616019
ShoulderCenter: -0.313088, 0.6053482, 2.734478
Head: -0.2809774, 0.8230203, 2.720067
ShoulderLeft: -0.4415261, 0.4480486, 2.642108
ElbowLeft: -0.4771869, 0.2081844, 2.565289
WristLeft: -0.4696515, -0.002084956, 2.43352
HandLeft: -0.4631521, -0.07524367, 2.393317
ShoulderRight: -0.1184856, 0.5076173, 2.712103
ElbowRight: 0.1508582, 0.5720748, 2.70574
WristRight: 0.3720976, 0.6797446, 2.71369
HandRight: 0.4205897, 0.7058749, 2.742023
HipLeft: -0.3353495, 0.08731641, 2.492715
KneeLeft: -0.2612684, -0.4328885, 2.423041
AnkleLeft: -0.2753975, -0.724073, 2.344962
FootLeft: -0.2441527, -0.7633244, 2.234124
HipRight: -0.1899917, 0.1136249, 2.514935
KneeRight: -0.2890258, -0.3184863, 2.417353
AnkleRight: -0.2471126, -0.6860256, 2.357317
FootRight: -0.2665123, -0.7544996, 2.251313
=========
HipCenter: -0.2688728, 0.1672267, 2.536364
Spine: -0.2819054, 0.2152697, 2.616003
ShoulderCenter: -0.3135263, 0.6054764, 2.734524
Head: -0.2809878, 0.8231182, 2.720126
ShoulderLeft: -0.4415677, 0.4480624, 2.642083
ElbowLeft: -0.477408, 0.2085347, 2.564974
WristLeft: -0.4689898, -0.002026783, 2.432019
HandLeft: -0.4628243, -0.0747075, 2.391946
ShoulderRight: -0.1184555, 0.5076758, 2.712151
ElbowRight: 0.1506741, 0.572034, 2.705669
WristRight: 0.3720133, 0.6797317, 2.713578
HandRight: 0.4204063, 0.7056926, 2.741862
HipLeft: -0.335241, 0.08721667, 2.492743
KneeLeft: -0.2722684, -0.460845, 2.420784
AnkleLeft: -0.2753383, -0.7328262, 2.342986
FootLeft: -0.2441391, -0.7633154, 2.234081
HipRight: -0.1896561, 0.1134365, 2.514497
KneeRight: -0.3083257, -0.3024276, 2.41601
AnkleRight: -0.2504568, -0.6704577, 2.358536
FootRight: -0.2663974, -0.7542423, 2.251586
=========
HipCenter: -0.2687941, 0.1671375, 2.536282
Spine: -0.2819057, 0.2152339, 2.61598
ShoulderCenter: -0.3138934, 0.6055774, 2.734554
Head: -0.2810265, 0.8231963, 2.720151
ShoulderLeft: -0.4416177, 0.4480816, 2.642049
ElbowLeft: -0.477869, 0.2097463, 2.564628
WristLeft: -0.4684364, -0.002014159, 2.430795
HandLeft: -0.4625603, -0.07419784, 2.39092
ShoulderRight: -0.1184368, 0.5077209, 2.712185
ElbowRight: 0.1504267, 0.5719814, 2.705573
WristRight: 0.3719493, 0.6797258, 2.713485
HandRight: 0.420224, 0.7054999, 2.741649
HipLeft: -0.3351309, 0.08712412, 2.492748
KneeLeft: -0.2613236, -0.4287025, 2.426578
AnkleLeft: -0.2749758, -0.7224505, 2.345392
FootLeft: -0.2441923, -0.76324, 2.234429
HipRight: -0.1893371, 0.1132537, 2.514068
KneeRight: -0.2973631, -0.3291294, 2.42096
AnkleRight: -0.246875, -0.6859469, 2.358094
FootRight: -0.2663269, -0.7550747, 2.250821
=========
HipCenter: -0.2685872, 0.1669304, 2.536124
Spine: -0.2818744, 0.215145, 2.615922
ShoulderCenter: -0.3142034, 0.6056694, 2.734552
Head: -0.2811287, 0.8232953, 2.720166
ShoulderLeft: -0.4416295, 0.4481529, 2.641965
ElbowLeft: -0.4783161, 0.2108134, 2.564307
WristLeft: -0.4679645, -0.002030654, 2.429797
HandLeft: -0.4623443, -0.07374131, 2.390143
ShoulderRight: -0.1184263, 0.5077577, 2.712213
ElbowRight: 0.1501916, 0.571936, 2.705475
WristRight: 0.3718882, 0.6797218, 2.713376
HandRight: 0.4200245, 0.7052773, 2.741354
HipLeft: -0.3347269, 0.08716416, 2.492751
KneeLeft: -0.2716482, -0.4562122, 2.424533
AnkleLeft: -0.2753267, -0.7297691, 2.34316
FootLeft: -0.2441835, -0.7632223, 2.234458
HipRight: -0.1885534, 0.1119818, 2.513235
KneeRight: -0.3118804, -0.3136532, 2.420639
AnkleRight: -0.2512202, -0.6742997, 2.358908
FootRight: -0.2662751, -0.7551443, 2.250786
=========
HipCenter: -0.2683249, 0.1666747, 2.535931
Spine: -0.2818147, 0.2150226, 2.615841
ShoulderCenter: -0.3144373, 0.6057467, 2.734544
Head: -0.2812645, 0.8233948, 2.720163
ShoulderLeft: -0.4416328, 0.4482261, 2.641858
ElbowLeft: -0.4787613, 0.2119261, 2.564026
WristLeft: -0.4675406, -0.002087169, 2.42897
HandLeft: -0.4621724, -0.07339115, 2.389584
ShoulderRight: -0.1184206, 0.5077856, 2.712231
ElbowRight: 0.1499719, 0.5719006, 2.705365
WristRight: 0.3718332, 0.67972, 2.713266
HandRight: 0.4197987, 0.7050782, 2.741111
HipLeft: -0.3342939, 0.08722825, 2.492767
KneeLeft: -0.2604517, -0.4274319, 2.429748
AnkleLeft: -0.2747854, -0.7214937, 2.345381
FootLeft: -0.2441439, -0.7631902, 2.234612
HipRight: -0.1877229, 0.110579, 2.512305
KneeRight: -0.2658074, -0.3434936, 2.427665
AnkleRight: -0.1977402, -0.7076669, 2.368515
FootRight: -0.2633986, -0.7557488, 2.252603
=========
HipCenter: -0.267989, 0.1663475, 2.535707
Spine: -0.2817219, 0.2148505, 2.61574
ShoulderCenter: -0.3146257, 0.6058096, 2.734532
Head: -0.2814082, 0.8234789, 2.720139
ShoulderLeft: -0.4415977, 0.4483047, 2.641678
ElbowLeft: -0.47927, 0.2136028, 2.564035
WristLeft: -0.4669948, -0.002141172, 2.428394
HandLeft: -0.4619986, -0.07310924, 2.389241
ShoulderRight: -0.1184236, 0.5078102, 2.712242
ElbowRight: 0.1497671, 0.5718731, 2.705253
WristRight: 0.3717865, 0.6797203, 2.713169
HandRight: 0.4196006, 0.7048333, 2.740879
HipLeft: -0.333768, 0.08732503, 2.492827
KneeLeft: -0.2572996, -0.4192601, 2.431399
AnkleLeft: -0.2744319, -0.7155775, 2.347017
FootLeft: -0.2440881, -0.7631617, 2.2348
HipRight: -0.1869271, 0.1091782, 2.511405
KneeRight: -0.2892671, -0.3162735, 2.425197
AnkleRight: -0.205978, -0.6964892, 2.368761
FootRight: -0.2629585, -0.7558642, 2.252833
=========
HipCenter: -0.2675499, 0.165964, 2.535437
Spine: -0.2815911, 0.214643, 2.615612
ShoulderCenter: -0.3147905, 0.6058712, 2.734513
Head: -0.2814814, 0.8235439, 2.720138
ShoulderLeft: -0.441492, 0.4484229, 2.641389
ElbowLeft: -0.4798735, 0.2160435, 2.564385
WristLeft: -0.4665003, -0.002215012, 2.428059
HandLeft: -0.4615616, -0.07293791, 2.389266
ShoulderRight: -0.1184321, 0.5078325, 2.712245
ElbowRight: 0.1495735, 0.5718487, 2.705147
WristRight: 0.3717542, 0.6797233, 2.713094
HandRight: 0.4194495, 0.7046428, 2.740713
HipLeft: -0.3330774, 0.08749528, 2.492867
KneeLeft: -0.2541133, -0.4111717, 2.432723
AnkleLeft: -0.2741936, -0.7114607, 2.348226
FootLeft: -0.2440283, -0.7631354, 2.234993
HipRight: -0.1861371, 0.1078636, 2.510617
KneeRight: -0.3043894, -0.2977763, 2.42351
AnkleRight: -0.2151226, -0.6864483, 2.368353
FootRight: -0.2626482, -0.7559469, 2.252975
=========
HipCenter: -0.2670645, 0.1655793, 2.53512
Spine: -0.2814022, 0.2144005, 2.615428
ShoulderCenter: -0.3149033, 0.6059034, 2.734463
Head: -0.2815749, 0.823606, 2.720157
ShoulderLeft: -0.441378, 0.4485477, 2.641087
ElbowLeft: -0.4800158, 0.2172084, 2.564384
WristLeft: -0.4658813, -0.002335701, 2.427857
HandLeft: -0.460827, -0.07290204, 2.389646
ShoulderRight: -0.1184492, 0.5078498, 2.712234
ElbowRight: 0.1494162, 0.5718311, 2.705061
WristRight: 0.3717331, 0.6797298, 2.713048
HandRight: 0.4193408, 0.7044916, 2.740592
HipLeft: -0.3323669, 0.08772323, 2.492853
KneeLeft: -0.2526063, -0.4072765, 2.433448
AnkleLeft: -0.2740072, -0.7086357, 2.349075
FootLeft: -0.2439694, -0.763112, 2.235183
HipRight: -0.1854068, 0.1067047, 2.509908
KneeRight: -0.3114576, -0.2886746, 2.422711
AnkleRight: -0.2312264, -0.6726469, 2.366538
FootRight: -0.2624499, -0.7560284, 2.252998
=========
HipCenter: -0.2665468, 0.1651672, 2.53478
Spine: -0.2811784, 0.2141269, 2.615222
ShoulderCenter: -0.3149899, 0.6059321, 2.734412
Head: -0.2816591, 0.8236604, 2.720161
ShoulderLeft: -0.4412491, 0.4486767, 2.640763
ElbowLeft: -0.4800542, 0.2180058, 2.564383
WristLeft: -0.4652639, -0.00240016, 2.427932
HandLeft: -0.4595621, -0.07296064, 2.390855
ShoulderRight: -0.1184721, 0.5078653, 2.712213
ElbowRight: 0.1492668, 0.5718181, 2.704979
WristRight: 0.3716961, 0.6797305, 2.713059
HandRight: 0.4192711, 0.7043767, 2.740483
HipLeft: -0.3316901, 0.08795299, 2.492822
KneeLeft: -0.2514696, -0.4043047, 2.433922
AnkleLeft: -0.273873, -0.7066824, 2.349676
FootLeft: -0.2439135, -0.7630909, 2.235364
HipRight: -0.1847066, 0.1055728, 2.509266
KneeRight: -0.3153012, -0.2835024, 2.422251
AnkleRight: -0.2391154, -0.6666201, 2.36544
FootRight: -0.2624221, -0.7561127, 2.25274
=========
HipCenter: -0.26605, 0.1647961, 2.534441
Spine: -0.2809202, 0.2138594, 2.614987
ShoulderCenter: -0.3149393, 0.6059409, 2.734256
Head: -0.2817786, 0.8237345, 2.720175
ShoulderLeft: -0.4411199, 0.4487955, 2.640432
ElbowLeft: -0.4800331, 0.2185721, 2.564383
WristLeft: -0.4646245, -0.002420567, 2.428103
HandLeft: -0.4583187, -0.07308594, 2.392164
ShoulderRight: -0.1184967, 0.507878, 2.712182
ElbowRight: 0.1491421, 0.5718087, 2.70491
WristRight: 0.3716613, 0.6797314, 2.713083
HandRight: 0.4192229, 0.7042788, 2.740398
HipLeft: -0.3310782, 0.08819699, 2.492759
KneeLeft: -0.2507262, -0.4023497, 2.434284
AnkleLeft: -0.2737755, -0.7053072, 2.3501
FootLeft: -0.2438505, -0.7630517, 2.23565
HipRight: -0.1841233, 0.1046389, 2.50873
KneeRight: -0.3176536, -0.2801661, 2.421978
AnkleRight: -0.243563, -0.6634187, 2.364747
FootRight: -0.262495, -0.7562345, 2.252321
=========
HipCenter: -0.2655877, 0.1644209, 2.534091
Spine: -0.2806483, 0.2135624, 2.614721
ShoulderCenter: -0.3148599, 0.6059384, 2.734072
Head: -0.2819109, 0.8237993, 2.720159
ShoulderLeft: -0.4409959, 0.4488933, 2.640127
ElbowLeft: -0.4799764, 0.2190103, 2.564386
WristLeft: -0.4639842, -0.00250558, 2.4283
HandLeft: -0.4572475, -0.07338027, 2.393271
ShoulderRight: -0.1185314, 0.5078915, 2.712129
ElbowRight: 0.1490426, 0.5718006, 2.704851
WristRight: 0.3716336, 0.6797336, 2.713139
HandRight: 0.4191852, 0.704218, 2.740359
HipLeft: -0.3305497, 0.08841507, 2.492702
KneeLeft: -0.2501807, -0.4009153, 2.434553
AnkleLeft: -0.2737106, -0.7043862, 2.350379
FootLeft: -0.2438104, -0.7630169, 2.2359
HipRight: -0.1836432, 0.1037581, 2.508198
KneeRight: -0.3192662, -0.277855, 2.421815
AnkleRight: -0.2463348, -0.6615439, 2.364281
FootRight: -0.262653, -0.7564168, 2.25174
=========
HipCenter: -0.2651272, 0.1640455, 2.533744
Spine: -0.2803621, 0.2132469, 2.614446
ShoulderCenter: -0.3147812, 0.6059204, 2.733882
Head: -0.2820266, 0.8238499, 2.720155
ShoulderLeft: -0.4408469, 0.4489802, 2.639813
ElbowLeft: -0.4797624, 0.2193951, 2.564425
WristLeft: -0.4633896, -0.002596917, 2.428541
HandLeft: -0.4563417, -0.07371125, 2.394231
ShoulderRight: -0.1185586, 0.5079041, 2.712075
ElbowRight: 0.1489562, 0.5717959, 2.704796
WristRight: 0.3716082, 0.679733, 2.713201
HandRight: 0.4191578, 0.7041664, 2.740336
HipLeft: -0.3300427, 0.08861812, 2.492645
KneeLeft: -0.2498007, -0.3999036, 2.434693
AnkleLeft: -0.2736568, -0.703681, 2.350601
FootLeft: -0.2437737, -0.7629855, 2.236133
HipRight: -0.1831989, 0.1029472, 2.507706
KneeRight: -0.3203611, -0.2761662, 2.421679
AnkleRight: -0.248262, -0.6604678, 2.36389
FootRight: -0.262835, -0.7566923, 2.251073
=========
HipCenter: -0.2647017, 0.1636847, 2.533418
Spine: -0.2800524, 0.2129165, 2.61416
ShoulderCenter: -0.3143901, 0.6057953, 2.733425
Head: -0.2823133, 0.8239277, 2.720201
ShoulderLeft: -0.4407009, 0.449064, 2.639523
ElbowLeft: -0.4795358, 0.2196927, 2.564467
WristLeft: -0.4628623, -0.002697283, 2.428817
HandLeft: -0.4556132, -0.074035, 2.395013
ShoulderRight: -0.1185649, 0.5079421, 2.712025
ElbowRight: 0.148897, 0.5718033, 2.704742
WristRight: 0.3715965, 0.6797245, 2.713255
HandRight: 0.4191391, 0.704127, 2.740323
HipLeft: -0.3296205, 0.08877277, 2.492626
KneeLeft: -0.2495618, -0.3992692, 2.43473
AnkleLeft: -0.2736138, -0.7031624, 2.350768
FootLeft: -0.2437417, -0.7629597, 2.236322
HipRight: -0.182802, 0.1021617, 2.507151
KneeRight: -0.3207875, -0.275063, 2.421508
AnkleRight: -0.2496251, -0.6601526, 2.363459
FootRight: -0.2630477, -0.7570286, 2.250314
=========
HipCenter: -0.2643328, 0.1633576, 2.53313
Spine: -0.2797614, 0.2126011, 2.613898
ShoulderCenter: -0.3139919, 0.6056662, 2.733011
Head: -0.2828007, 0.8239655, 2.720052
ShoulderLeft: -0.4405884, 0.4491173, 2.639247
ElbowLeft: -0.4793211, 0.2199105, 2.564497
WristLeft: -0.4624201, -0.002793131, 2.429136
HandLeft: -0.4552964, -0.07421184, 2.395517
ShoulderRight: -0.1185675, 0.5079803, 2.711961
ElbowRight: 0.1488525, 0.571822, 2.704679
WristRight: 0.3715762, 0.6796923, 2.71321
HandRight: 0.4195392, 0.703661, 2.739034
HipLeft: -0.3292745, 0.0888936, 2.492623
KneeLeft: -0.2494436, -0.3989509, 2.434684
AnkleLeft: -0.273573, -0.7027812, 2.350895
FootLeft: -0.2436697, -0.762944, 2.2364
HipRight: -0.1824805, 0.1014656, 2.506618
KneeRight: -0.3207729, -0.2743639, 2.421275
AnkleRight: -0.250558, -0.659984, 2.363075
FootRight: -0.2632333, -0.7573829, 2.249259
=========
HipCenter: -0.2640051, 0.1630584, 2.532871
Spine: -0.2794866, 0.2123007, 2.613655
ShoulderCenter: -0.3136085, 0.6055411, 2.732624
Head: -0.283342, 0.823966, 2.719753
ShoulderLeft: -0.4404767, 0.4491657, 2.638985
ElbowLeft: -0.4791448, 0.2201294, 2.564541
WristLeft: -0.4620448, -0.002887011, 2.429442
HandLeft: -0.4551745, -0.07446074, 2.395947
ShoulderRight: -0.118561, 0.5080228, 2.711889
ElbowRight: 0.148805, 0.5718508, 2.704576
WristRight: 0.3714229, 0.6795314, 2.71284
HandRight: 0.4209398, 0.7036876, 2.739491
HipLeft: -0.328981, 0.08899284, 2.492627
KneeLeft: -0.2494203, -0.3988798, 2.434579
AnkleLeft: -0.2735371, -0.7025019, 2.350993
FootLeft: -0.2436348, -0.7629325, 2.236467
HipRight: -0.1822168, 0.1008683, 2.506149
KneeRight: -0.3207657, -0.2738436, 2.421098
AnkleRight: -0.2511297, -0.6602083, 2.362647
FootRight: -0.263475, -0.7577572, 2.24812
=========
HipCenter: -0.2637124, 0.1627983, 2.532622
Spine: -0.279231, 0.2120319, 2.613419
ShoulderCenter: -0.3132599, 0.605442, 2.732273
Head: -0.2837939, 0.8239714, 2.719452
ShoulderLeft: -0.4403553, 0.449212, 2.638692
ElbowLeft: -0.4789761, 0.2203547, 2.564584
WristLeft: -0.461725, -0.002974152, 2.429684
HandLeft: -0.4551694, -0.07472179, 2.396182
ShoulderRight: -0.1185236, 0.5080823, 2.711789
ElbowRight: 0.148757, 0.5718852, 2.704468
WristRight: 0.3712561, 0.6794214, 2.712425
HandRight: 0.4221857, 0.7042229, 2.740224
HipLeft: -0.3287357, 0.08908301, 2.492602
KneeLeft: -0.2494632, -0.3990393, 2.434432
AnkleLeft: -0.2735037, -0.7023007, 2.351069
FootLeft: -0.2436071, -0.7629219, 2.236523
HipRight: -0.1819914, 0.1003731, 2.50574
KneeRight: -0.3208191, -0.2734107, 2.420924
AnkleRight: -0.2516462, -0.6605293, 2.362175
FootRight: -0.263719, -0.7581552, 2.246992
=========
HipCenter: -0.2634596, 0.162566, 2.53239
Spine: -0.278992, 0.2117831, 2.613192
ShoulderCenter: -0.3128942, 0.6053449, 2.731919
Head: -0.2840368, 0.8239608, 2.719192
ShoulderLeft: -0.4402336, 0.4492469, 2.63841
ElbowLeft: -0.4786393, 0.2200519, 2.564336
WristLeft: -0.4614041, -0.003116383, 2.429823
HandLeft: -0.45536, -0.07520995, 2.39624
ShoulderRight: -0.1184558, 0.5081463, 2.711651
ElbowRight: 0.1486754, 0.57195, 2.704338
WristRight: 0.3710333, 0.6795192, 2.712017
HandRight: 0.4216055, 0.7060576, 2.740644
HipLeft: -0.3285376, 0.08915683, 2.492572
KneeLeft: -0.2495523, -0.3993294, 2.434268
AnkleLeft: -0.2734705, -0.7021635, 2.35113
FootLeft: -0.2435823, -0.7629143, 2.236571
HipRight: -0.1818117, 0.09995389, 2.505383
KneeRight: -0.3208117, -0.2730887, 2.420756
AnkleRight: -0.2520132, -0.6609964, 2.361692
FootRight: -0.2639665, -0.7585652, 2.245972
=========
HipCenter: -0.2632404, 0.1623729, 2.53219
Spine: -0.278778, 0.2115705, 2.612993
ShoulderCenter: -0.3125862, 0.6052554, 2.731575
Head: -0.2842099, 0.8239527, 2.718987
ShoulderLeft: -0.4401184, 0.4492899, 2.638146
ElbowLeft: -0.4784808, 0.2200268, 2.56426
WristLeft: -0.4611108, -0.003271741, 2.429914
HandLeft: -0.4555822, -0.07572697, 2.396173
ShoulderRight: -0.1182704, 0.5083187, 2.711495
ElbowRight: 0.1485243, 0.5720782, 2.704143
WristRight: 0.3707173, 0.6803649, 2.711591
HandRight: 0.4206303, 0.7081686, 2.741015
HipLeft: -0.3283668, 0.08922312, 2.492548
KneeLeft: -0.2496656, -0.3996824, 2.434101
AnkleLeft: -0.2734351, -0.7020732, 2.351183
FootLeft: -0.2435599, -0.7629083, 2.236609
HipRight: -0.1816525, 0.09960976, 2.505083
KneeRight: -0.3206667, -0.2728566, 2.420576
AnkleRight: -0.252165, -0.6615852, 2.361214
FootRight: -0.2642963, -0.758925, 2.245039
=========
HipCenter: -0.263051, 0.1622127, 2.532003
Spine: -0.2785957, 0.2114011, 2.612812
ShoulderCenter: -0.3124022, 0.6052773, 2.731283
Head: -0.2842725, 0.8240096, 2.718824
ShoulderLeft: -0.4399837, 0.4493466, 2.637864
ElbowLeft: -0.4782917, 0.2198173, 2.564053
WristLeft: -0.4608706, -0.003425797, 2.429985
HandLeft: -0.4559067, -0.07624649, 2.395897
ShoulderRight: -0.1180423, 0.5085034, 2.711298
ElbowRight: 0.1480798, 0.572289, 2.703868
WristRight: 0.369993, 0.6819487, 2.710729
HandRight: 0.4192688, 0.7106385, 2.7412
HipLeft: -0.3282184, 0.08929192, 2.492511
KneeLeft: -0.2497935, -0.4000707, 2.433936
AnkleLeft: -0.273413, -0.7020122, 2.351229
FootLeft: -0.2435444, -0.7628969, 2.236653
HipRight: -0.181519, 0.09933048, 2.504829
KneeRight: -0.3204949, -0.2726775, 2.420404
AnkleRight: -0.2521974, -0.662223, 2.360784
FootRight: -0.2645474, -0.7592339, 2.244277
=========
HipCenter: -0.2628846, 0.162081, 2.531829
Spine: -0.2784408, 0.2112635, 2.612643
ShoulderCenter: -0.3122573, 0.6053342, 2.731017
Head: -0.2842716, 0.8240977, 2.718684
ShoulderLeft: -0.4398212, 0.4494237, 2.637471
ElbowLeft: -0.4780898, 0.2196104, 2.56381
WristLeft: -0.4606769, -0.003548063, 2.430043
HandLeft: -0.4562923, -0.07677785, 2.395628
ShoulderRight: -0.1176758, 0.5087958, 2.711078
ElbowRight: 0.1464558, 0.5728421, 2.703093
WristRight: 0.3358248, 0.6940227, 2.704692
HandRight: 0.3934205, 0.7342979, 2.736038
HipLeft: -0.3280946, 0.08935563, 2.492468
KneeLeft: -0.2499241, -0.4004587, 2.43378
AnkleLeft: -0.2733908, -0.7019775, 2.35127
FootLeft: -0.2435277, -0.7628826, 2.236704
HipRight: -0.1813879, 0.09909779, 2.504595
KneeRight: -0.3203056, -0.2725305, 2.420239
AnkleRight: -0.2521537, -0.6628765, 2.360402
FootRight: -0.2647112, -0.7595042, 2.243659
=========
HipCenter: -0.2626773, 0.1619516, 2.53163
Spine: -0.2782451, 0.2111348, 2.612444
ShoulderCenter: -0.3120888, 0.6054285, 2.730599
Head: -0.2840143, 0.8242689, 2.718604
ShoulderLeft: -0.439659, 0.4494952, 2.63705
ElbowLeft: -0.4777077, 0.2189102, 2.563095
WristLeft: -0.4605123, -0.0036595, 2.430085
HandLeft: -0.456871, -0.07741713, 2.395389
ShoulderRight: -0.1172966, 0.5090584, 2.710797
ElbowRight: 0.1445541, 0.5734704, 2.702294
WristRight: 0.3193503, 0.6997517, 2.702452
HandRight: 0.3800853, 0.7463294, 2.734367
HipLeft: -0.3279485, 0.0894217, 2.492402
KneeLeft: -0.2500729, -0.4008351, 2.433646
AnkleLeft: -0.2733606, -0.7019728, 2.35132
FootLeft: -0.2435113, -0.7628691, 2.236755
HipRight: -0.181192, 0.09886363, 2.504369
KneeRight: -0.3199375, -0.272432, 2.420045
AnkleRight: -0.2520019, -0.6636469, 2.360042
FootRight: -0.2648451, -0.7597355, 2.243146
=========
HipCenter: -0.2624829, 0.1618432, 2.531434
Spine: -0.278047, 0.2110364, 2.612238
ShoulderCenter: -0.3113966, 0.6055359, 2.729753
Head: -0.2834585, 0.8245109, 2.718493
ShoulderLeft: -0.4394796, 0.4495784, 2.636612
ElbowLeft: -0.4773607, 0.2182921, 2.56244
WristLeft: -0.4603859, -0.003742332, 2.430126
HandLeft: -0.4572729, -0.07799335, 2.395273
ShoulderRight: -0.1168913, 0.5093144, 2.710489
ElbowRight: 0.1422774, 0.5740259, 2.70149
WristRight: 0.3085019, 0.7040475, 2.70161
HandRight: 0.3670245, 0.7588453, 2.732569
HipLeft: -0.3278206, 0.08949509, 2.492313
KneeLeft: -0.2502204, -0.4012017, 2.433523
AnkleLeft: -0.2733282, -0.7019847, 2.351369
FootLeft: -0.2435167, -0.7628319, 2.236892
HipRight: -0.1810119, 0.09866402, 2.504171
KneeRight: -0.3195577, -0.272347, 2.419862
AnkleRight: -0.2518479, -0.6644141, 2.359735
FootRight: -0.264953, -0.7599228, 2.242754
=========
HipCenter: -0.262293, 0.1617454, 2.531232
Spine: -0.2778473, 0.2109473, 2.612013
ShoulderCenter: -0.31065, 0.6055836, 2.728821
Head: -0.2829353, 0.8247181, 2.718419
ShoulderLeft: -0.4392362, 0.4496635, 2.636073
ElbowLeft: -0.476996, 0.2177459, 2.561724
WristLeft: -0.4602849, -0.003801953, 2.430189
HandLeft: -0.4575874, -0.07843123, 2.395179
ShoulderRight: -0.1164934, 0.5095381, 2.710166
ElbowRight: 0.1400241, 0.5745183, 2.700779
WristRight: 0.2987476, 0.7096756, 2.700995
HandRight: 0.3565505, 0.7693467, 2.731216
HipLeft: -0.327699, 0.08957147, 2.492201
KneeLeft: -0.2503528, -0.4015444, 2.433422
AnkleLeft: -0.2732931, -0.7020105, 2.351424
FootLeft: -0.2435393, -0.7627839, 2.237045
HipRight: -0.1808418, 0.09848718, 2.503994
KneeRight: -0.3191837, -0.2722696, 2.419686
AnkleRight: -0.2516918, -0.6651706, 2.359463
FootRight: -0.2650917, -0.7600992, 2.242365
=========
HipCenter: -0.2620828, 0.161649, 2.531022
Spine: -0.2776153, 0.2108657, 2.611764
ShoulderCenter: -0.3097394, 0.6056175, 2.727683
Head: -0.2824912, 0.8249307, 2.718364
ShoulderLeft: -0.438966, 0.449741, 2.635473
ElbowLeft: -0.4766534, 0.2173354, 2.561087
WristLeft: -0.4602033, -0.003847327, 2.430243
HandLeft: -0.4578873, -0.07885288, 2.395114
ShoulderRight: -0.1161139, 0.5097338, 2.709852
ElbowRight: 0.1384684, 0.5748826, 2.70034
WristRight: 0.2897349, 0.7175854, 2.700855
HandRight: 0.3425088, 0.7847594, 2.730787
HipLeft: -0.3275758, 0.08964441, 2.49208
KneeLeft: -0.250475, -0.4018514, 2.433335
AnkleLeft: -0.2732582, -0.7020509, 2.351478
FootLeft: -0.2435464, -0.762747, 2.237199
HipRight: -0.1806468, 0.09830241, 2.503834
KneeRight: -0.3186707, -0.2722506, 2.419499
AnkleRight: -0.2513662, -0.6660833, 2.359232
FootRight: -0.2652491, -0.7602732, 2.241963
=========
HipCenter: -0.2618612, 0.1615904, 2.530802
Spine: -0.2773737, 0.2108202, 2.611497
ShoulderCenter: -0.3089194, 0.6056568, 2.726668
Head: -0.282026, 0.8251337, 2.718264
ShoulderLeft: -0.4386552, 0.4498033, 2.634804
ElbowLeft: -0.4762434, 0.2168458, 2.560342
WristLeft: -0.4601381, -0.003886683, 2.430286
HandLeft: -0.4581283, -0.07922255, 2.394988
ShoulderRight: -0.115645, 0.5099518, 2.709575
ElbowRight: 0.1373337, 0.5752066, 2.700015
WristRight: 0.2622154, 0.7457367, 2.694098
HandRight: 0.3089125, 0.8160971, 2.726735
HipLeft: -0.3274408, 0.0897477, 2.491909
KneeLeft: -0.2505928, -0.402126, 2.43326
AnkleLeft: -0.2732248, -0.7020959, 2.351527
FootLeft: -0.2435433, -0.7627265, 2.237278
HipRight: -0.1804463, 0.09814648, 2.503691
KneeRight: -0.3181719, -0.2722153, 2.419312
AnkleRight: -0.2510451, -0.6669344, 2.35903
FootRight: -0.2653826, -0.7604204, 2.241628
=========
HipCenter: -0.2616622, 0.1615451, 2.530599
Spine: -0.2771627, 0.210789, 2.611252
ShoulderCenter: -0.3081425, 0.605715, 2.725773
Head: -0.2816526, 0.8253182, 2.718048
ShoulderLeft: -0.4382976, 0.4498397, 2.634045
ElbowLeft: -0.4758409, 0.2163913, 2.559661
WristLeft: -0.4600893, -0.003918678, 2.430341
HandLeft: -0.4583311, -0.07945078, 2.394928
ShoulderRight: -0.1151751, 0.5101501, 2.709331
ElbowRight: 0.1364628, 0.5754595, 2.699779
WristRight: 0.2489973, 0.7603702, 2.690157
HandRight: 0.2934485, 0.8313884, 2.724359
HipLeft: -0.3273309, 0.0898463, 2.491743
KneeLeft: -0.250693, -0.4024095, 2.433212
AnkleLeft: -0.273193, -0.7021438, 2.351573
FootLeft: -0.2435435, -0.7627056, 2.237352
HipRight: -0.1802737, 0.0980103, 2.503568
KneeRight: -0.3177306, -0.2721596, 2.419149
AnkleRight: -0.2507485, -0.6676974, 2.35887
FootRight: -0.2653654, -0.7605012, 2.241523
=========
HipCenter: -0.2614727, 0.1615331, 2.530403
Spine: -0.2769626, 0.2107919, 2.611012
ShoulderCenter: -0.3074249, 0.6058106, 2.725024
Head: -0.2812054, 0.8255515, 2.717918
ShoulderLeft: -0.437936, 0.4499114, 2.633306
ElbowLeft: -0.4754348, 0.215969, 2.559011
WristLeft: -0.4600531, -0.003939105, 2.430386
HandLeft: -0.4584702, -0.07959114, 2.394889
ShoulderRight: -0.1146609, 0.5103527, 2.709136
ElbowRight: 0.1357118, 0.5756425, 2.699606
WristRight: 0.2383755, 0.7744527, 2.687771
HandRight: 0.2580721, 0.8617567, 2.716262
HipLeft: -0.3272313, 0.08996367, 2.491575
KneeLeft: -0.2507938, -0.4026495, 2.433171
AnkleLeft: -0.2731627, -0.7021918, 2.351624
FootLeft: -0.2435359, -0.7626837, 2.237449
HipRight: -0.1801179, 0.09790666, 2.503456
KneeRight: -0.3173524, -0.2720546, 2.418987
AnkleRight: -0.2504904, -0.668305, 2.358755
FootRight: -0.2653338, -0.7605627, 2.241459
=========
HipCenter: -0.2612908, 0.1615348, 2.530209
Spine: -0.2767617, 0.210824, 2.610759
ShoulderCenter: -0.3061055, 0.6058302, 2.723759
Head: -0.2808371, 0.825803, 2.717917
ShoulderLeft: -0.4375418, 0.4500665, 2.632544
ElbowLeft: -0.4750931, 0.2159336, 2.55851
WristLeft: -0.4600255, -0.00395409, 2.430427
HandLeft: -0.4587162, -0.08002, 2.394865
ShoulderRight: -0.1141818, 0.510523, 2.708953
ElbowRight: 0.1347657, 0.5757791, 2.699505
WristRight: 0.2276766, 0.7871099, 2.685709
HandRight: 0.2436917, 0.8760001, 2.713008
HipLeft: -0.3271399, 0.09008764, 2.491398
KneeLeft: -0.2509074, -0.4029058, 2.433135
AnkleLeft: -0.2731359, -0.7022491, 2.351664
FootLeft: -0.2435165, -0.7626693, 2.237588
HipRight: -0.1799783, 0.09781946, 2.503356
KneeRight: -0.3169969, -0.2719334, 2.418831
AnkleRight: -0.250139, -0.6691281, 2.358642
FootRight: -0.2652854, -0.7606139, 2.241435
=========
HipCenter: -0.2610622, 0.161545, 2.529985
Spine: -0.2765317, 0.2108667, 2.610474
ShoulderCenter: -0.3050603, 0.6058497, 2.722663
Head: -0.280508, 0.8260339, 2.717899
ShoulderLeft: -0.4371095, 0.4502706, 2.631736
ElbowLeft: -0.47348, 0.2136409, 2.555091
WristLeft: -0.4600054, -0.003953503, 2.430478
HandLeft: -0.4588802, -0.08026381, 2.394821
ShoulderRight: -0.1137443, 0.5106359, 2.708723
ElbowRight: 0.1340143, 0.5759063, 2.699485
WristRight: 0.216963, 0.7988105, 2.68365
HandRight: 0.2270131, 0.8902555, 2.708292
HipLeft: -0.3269752, 0.09024797, 2.491149
KneeLeft: -0.2510117, -0.4031356, 2.433105
AnkleLeft: -0.273092, -0.7023763, 2.351727
FootLeft: -0.2435257, -0.7626412, 2.237839
HipRight: -0.1798057, 0.09773062, 2.503263
KneeRight: -0.3165977, -0.2717997, 2.418667
AnkleRight: -0.249893, -0.6696847, 2.358567
FootRight: -0.2651803, -0.7606637, 2.241479
=========
HipCenter: -0.2608405, 0.1615469, 2.529753
Spine: -0.2763092, 0.2109037, 2.610186
ShoulderCenter: -0.3041625, 0.60588, 2.721757
Head: -0.2802227, 0.8262494, 2.71787
ShoulderLeft: -0.4366002, 0.4505111, 2.6309
ElbowLeft: -0.4728009, 0.2138861, 2.55414
WristLeft: -0.4599945, -0.003946963, 2.430519
HandLeft: -0.4589953, -0.08039749, 2.394783
ShoulderRight: -0.1133207, 0.5106937, 2.708445
ElbowRight: 0.1333516, 0.5759992, 2.699499
WristRight: 0.2025253, 0.8092411, 2.680509
HandRight: 0.2109729, 0.900162, 2.704896
HipLeft: -0.3268194, 0.09039669, 2.490911
KneeLeft: -0.2511088, -0.4033495, 2.433082
AnkleLeft: -0.2730436, -0.7025464, 2.351789
FootLeft: -0.2435483, -0.7626135, 2.238056
HipRight: -0.1796505, 0.09764533, 2.503166
KneeRight: -0.3162509, -0.2716582, 2.418512
AnkleRight: -0.2496017, -0.6704018, 2.358479
FootRight: -0.2651328, -0.7607061, 2.241486
=========
HipCenter: -0.2605996, 0.1616026, 2.529519
Spine: -0.2760768, 0.2109825, 2.609897
ShoulderCenter: -0.3034682, 0.6059194, 2.721041
Head: -0.2796939, 0.8264703, 2.717646
ShoulderLeft: -0.4361321, 0.4507736, 2.630169
ElbowLeft: -0.4722623, 0.2141946, 2.553452
WristLeft: -0.4599837, -0.003932287, 2.430542
HandLeft: -0.4590777, -0.08046728, 2.394731
ShoulderRight: -0.1128422, 0.5107375, 2.708163
ElbowRight: 0.1327404, 0.5763513, 2.699518
WristRight: 0.1881389, 0.8153489, 2.677385
HandRight: 0.1838979, 0.9069281, 2.698071
HipLeft: -0.326646, 0.09058677, 2.49068
KneeLeft: -0.2511948, -0.4035099, 2.433057
AnkleLeft: -0.2730008, -0.7027115, 2.351848
FootLeft: -0.2435444, -0.7626007, 2.238234
HipRight: -0.1794757, 0.09759811, 2.503062
KneeRight: -0.3159469, -0.2715136, 2.41837
AnkleRight: -0.249419, -0.6708571, 2.35842
FootRight: -0.2650725, -0.7607454, 2.241518
=========
HipCenter: -0.260341, 0.161697, 2.529271
Spine: -0.2758094, 0.2111046, 2.609583
ShoulderCenter: -0.3026987, 0.6059828, 2.720365
Head: -0.2789, 0.8267258, 2.717289
ShoulderLeft: -0.4356885, 0.4510663, 2.629527
ElbowLeft: -0.4716878, 0.2144231, 2.552823
WristLeft: -0.4599631, -0.003906668, 2.430522
HandLeft: -0.4591539, -0.08049153, 2.394679
ShoulderRight: -0.1123142, 0.510776, 2.70788
ElbowRight: 0.1321714, 0.5769385, 2.699584
WristRight: 0.1676537, 0.8189446, 2.674284
HandRight: 0.15569, 0.9104887, 2.689421
HipLeft: -0.3264681, 0.09080932, 2.490428
KneeLeft: -0.2512798, -0.4036519, 2.43303
AnkleLeft: -0.272961, -0.7029018, 2.351898
FootLeft: -0.2435367, -0.7625971, 2.238346
HipRight: -0.1793006, 0.09756868, 2.502958
KneeRight: -0.3156827, -0.2713656, 2.418234
AnkleRight: -0.2492627, -0.6712552, 2.358366
FootRight: -0.2650404, -0.7607776, 2.241527
=========
HipCenter: -0.2600442, 0.1618281, 2.529008
Spine: -0.2755152, 0.2112672, 2.609246
ShoulderCenter: -0.3020348, 0.6060308, 2.71956
Head: -0.2773666, 0.8269977, 2.716911
ShoulderLeft: -0.4352368, 0.4514365, 2.628966
ElbowLeft: -0.4708343, 0.2142183, 2.551707
WristLeft: -0.4599408, -0.003880367, 2.430478
HandLeft: -0.4591918, -0.08046293, 2.394587
ShoulderRight: -0.1117585, 0.5107903, 2.707604
ElbowRight: 0.1314823, 0.577771, 2.699546
WristRight: 0.1417665, 0.8192946, 2.670088
HandRight: 0.1238807, 0.9100897, 2.681428
HipLeft: -0.3262342, 0.091086, 2.490134
KneeLeft: -0.2513519, -0.4037675, 2.433007
AnkleLeft: -0.2729197, -0.7031084, 2.351952
FootLeft: -0.2435283, -0.7625957, 2.238442
HipRight: -0.1790901, 0.09755211, 2.502863
KneeRight: -0.315407, -0.2712296, 2.418101
AnkleRight: -0.2490584, -0.6716635, 2.358313
FootRight: -0.2650076, -0.7608073, 2.241538
=========
HipCenter: -0.2597044, 0.1619658, 2.528726
Spine: -0.275177, 0.2114309, 2.608897
ShoulderCenter: -0.3014394, 0.6060942, 2.718947
Head: -0.2757231, 0.82723, 2.716475
ShoulderLeft: -0.4347855, 0.451829, 2.628463
ElbowLeft: -0.4701185, 0.2140342, 2.550777
WristLeft: -0.4599106, -0.003840915, 2.430393
HandLeft: -0.4592353, -0.08030321, 2.39439
ShoulderRight: -0.1112321, 0.5107859, 2.707326
ElbowRight: 0.1305098, 0.5784792, 2.699608
WristRight: 0.09877072, 0.8059564, 2.656715
HandRight: 0.06812162, 0.8938026, 2.659323
HipLeft: -0.3259558, 0.09138203, 2.48981
KneeLeft: -0.2514113, -0.4038664, 2.432984
AnkleLeft: -0.2728968, -0.7033344, 2.352001
FootLeft: -0.2435202, -0.7625961, 2.238523
HipRight: -0.1788504, 0.09753729, 2.502762
KneeRight: -0.2380994, -0.2850119, 2.423902
AnkleRight: -0.1760618, -0.6896215, 2.364693
FootRight: -0.2474904, -0.753209, 2.258545
=========
HipCenter: -0.2593751, 0.1621218, 2.528453
Spine: -0.2748513, 0.2116035, 2.608564
ShoulderCenter: -0.3009391, 0.6061562, 2.718458
Head: -0.2743343, 0.8274163, 2.716095
ShoulderLeft: -0.434366, 0.4521999, 2.628012
ElbowLeft: -0.4695412, 0.2139656, 2.550002
WristLeft: -0.4598149, -0.003739014, 2.430191
HandLeft: -0.4587827, -0.07594016, 2.393146
ShoulderRight: -0.1107021, 0.5107718, 2.707063
ElbowRight: 0.1298473, 0.5789952, 2.699752
WristRight: 0.07737605, 0.7981393, 2.649698
HandRight: 0.02619291, 0.8886238, 2.646105
HipLeft: -0.3256956, 0.0916834, 2.4895
KneeLeft: -0.2514601, -0.4039505, 2.432962
AnkleLeft: -0.2728781, -0.7035784, 2.352046
FootLeft: -0.2435118, -0.7625975, 2.238594
HipRight: -0.1786093, 0.09754156, 2.502655
KneeRight: -0.2122262, -0.2895442, 2.425951
AnkleRight: -0.145569, -0.6972787, 2.367493
FootRight: -0.2403907, -0.7499728, 2.265517
=========
HipCenter: -0.2589938, 0.1622794, 2.52817
Spine: -0.2744916, 0.2117658, 2.608226
ShoulderCenter: -0.3005168, 0.606198, 2.718051
Head: -0.2731728, 0.8275405, 2.715794
ShoulderLeft: -0.4339282, 0.4525616, 2.627579
ElbowLeft: -0.4690763, 0.2140578, 2.549382
WristLeft: -0.4595309, -0.003562392, 2.429685
HandLeft: -0.4581101, -0.07319093, 2.391962
ShoulderRight: -0.1101964, 0.5107617, 2.706834
ElbowRight: 0.1276192, 0.5779388, 2.69962
WristRight: 0.05901147, 0.7868748, 2.644096
HandRight: -0.005757651, 0.8798726, 2.641266
HipLeft: -0.3253833, 0.09197906, 2.489177
KneeLeft: -0.2515036, -0.4040179, 2.432942
AnkleLeft: -0.2728793, -0.7038144, 2.352074
FootLeft: -0.2435021, -0.7625988, 2.238657
HipRight: -0.1782983, 0.09754906, 2.502539
KneeRight: -0.198381, -0.2919877, 2.427124
AnkleRight: -0.1316463, -0.7008853, 2.368858
FootRight: -0.2368822, -0.7483287, 2.269069
=========
HipCenter: -0.2581638, 0.1626422, 2.527739
Spine: -0.2737208, 0.2121445, 2.607693
ShoulderCenter: -0.2998682, 0.6063927, 2.717305
Head: -0.2515716, 0.8221179, 2.722065
ShoulderLeft: -0.433398, 0.4528897, 2.627026
ElbowLeft: -0.4685979, 0.2143292, 2.54866
WristLeft: -0.4582919, -0.003182178, 2.427621
HandLeft: -0.4574908, -0.07165121, 2.390847
ShoulderRight: -0.108835, 0.5102979, 2.706201
ElbowRight: 0.1209085, 0.5790964, 2.695487
WristRight: 0.001510642, 0.760065, 2.620925
HandRight: -0.06614101, 0.8197109, 2.620576
HipLeft: -0.324586, 0.09257461, 2.488512
KneeLeft: -0.2515478, -0.4040783, 2.432917
AnkleLeft: -0.2728237, -0.7042068, 2.35212
FootLeft: -0.2435302, -0.7625872, 2.23878
HipRight: -0.177314, 0.09753719, 2.502481
KneeRight: -0.1898766, -0.2934303, 2.42786
AnkleRight: -0.1230815, -0.7031361, 2.369705
FootRight: -0.2347904, -0.747352, 2.27117
=========
HipCenter: -0.2570142, 0.1630476, 2.527277
Spine: -0.2727421, 0.2125676, 2.607134
ShoulderCenter: -0.2992695, 0.6066392, 2.71661
Head: -0.2408438, 0.8188677, 2.724596
ShoulderLeft: -0.4328941, 0.4531458, 2.626477
ElbowLeft: -0.4681213, 0.2145367, 2.547943
WristLeft: -0.4572186, -0.00288462, 2.42584
HandLeft: -0.4568552, -0.07067707, 2.389768
ShoulderRight: -0.1073532, 0.5097053, 2.705594
ElbowRight: 0.1160384, 0.5796266, 2.692439
WristRight: -0.02800447, 0.7445146, 2.608719
HandRight: -0.1090113, 0.7700924, 2.607218
HipLeft: -0.3229725, 0.09331787, 2.486565
KneeLeft: -0.2515876, -0.4041269, 2.432894
AnkleLeft: -0.272763, -0.7045932, 2.352161
FootLeft: -0.2435546, -0.7625777, 2.238887
HipRight: -0.1744865, 0.09687793, 2.503484
KneeRight: -0.1855849, -0.2942183, 2.428389
AnkleRight: -0.1187047, -0.7046931, 2.37029
FootRight: -0.2335238, -0.7466752, 2.27256
=========
HipCenter: -0.2559409, 0.163369, 2.526876
Spine: -0.2718033, 0.2129448, 2.606628
ShoulderCenter: -0.2984524, 0.6069831, 2.71566
Head: -0.2283713, 0.8141931, 2.724179
ShoulderLeft: -0.4324496, 0.453354, 2.625988
ElbowLeft: -0.4672683, 0.2140623, 2.54643
WristLeft: -0.4563423, -0.002655535, 2.424384
HandLeft: -0.4562531, -0.07010385, 2.38884
ShoulderRight: -0.1058746, 0.5091279, 2.705061
ElbowRight: 0.1128146, 0.5798924, 2.690401
WristRight: -0.0706491, 0.7421584, 2.601832
HandRight: -0.1450927, 0.7621045, 2.59903
HipLeft: -0.3215593, 0.09377702, 2.484594
KneeLeft: -0.2516242, -0.4041674, 2.432871
AnkleLeft: -0.2726916, -0.7049761, 2.352198
FootLeft: -0.2435581, -0.762577, 2.23895
HipRight: -0.1718919, 0.09591052, 2.50471
KneeRight: -0.1854142, -0.294515, 2.428636
AnkleRight: -0.1184516, -0.705649, 2.370533
FootRight: -0.2331852, -0.7463768, 2.27317
=========
HipCenter: -0.2546824, 0.1637501, 2.52653
Spine: -0.2706316, 0.2134112, 2.606145
ShoulderCenter: -0.2972194, 0.6074228, 2.714513
Head: -0.2207247, 0.8111345, 2.723313
ShoulderLeft: -0.4320524, 0.4535333, 2.625555
ElbowLeft: -0.4772981, 0.2354958, 2.559186
WristLeft: -0.4557275, -0.002355811, 2.423325
HandLeft: -0.4557316, -0.06974943, 2.388062
ShoulderRight: -0.1044085, 0.5085986, 2.704638
ElbowRight: 0.110629, 0.5799838, 2.689039
WristRight: -0.07731292, 0.7346761, 2.599991
HandRight: -0.1604063, 0.7529174, 2.594683
HipLeft: -0.3201423, 0.09420519, 2.482462
KneeLeft: -0.2516608, -0.4042032, 2.432846
AnkleLeft: -0.272607, -0.7053533, 2.352221
FootLeft: -0.2435589, -0.7625768, 2.239001
HipRight: -0.1690787, 0.09488662, 2.506417
KneeRight: -0.1880671, -0.2942576, 2.428693
AnkleRight: -0.1210297, -0.7059156, 2.370546
FootRight: -0.2334112, -0.746331, 2.273202
=========
HipCenter: -0.2531902, 0.1642935, 2.526288
Spine: -0.269333, 0.2140036, 2.60573
ShoulderCenter: -0.2959134, 0.6078804, 2.713386
Head: -0.2162061, 0.80919, 2.722706
ShoulderLeft: -0.4316097, 0.4537852, 2.62519
ElbowLeft: -0.4781301, 0.2376416, 2.559861
WristLeft: -0.4552373, -0.002215548, 2.422405
HandLeft: -0.4553026, -0.06955122, 2.387422
ShoulderRight: -0.101895, 0.5080887, 2.704856
ElbowRight: 0.1091697, 0.5800313, 2.688145
WristRight: -0.08781666, 0.7310593, 2.597433
HandRight: -0.170073, 0.7493856, 2.592031
HipLeft: -0.3187743, 0.0946741, 2.480406
KneeLeft: -0.2517002, -0.4042381, 2.432815
AnkleLeft: -0.272506, -0.7057394, 2.352255
FootLeft: -0.2435645, -0.7625789, 2.239046
HipRight: -0.1663089, 0.09401215, 2.508354
KneeRight: -0.1920374, -0.293569, 2.428664
AnkleRight: -0.1249406, -0.7056229, 2.370454
FootRight: -0.2340742, -0.7464852, 2.273053
=========
HipCenter: -0.2519507, 0.1647509, 2.526109
Spine: -0.2682422, 0.2145052, 2.6054
ShoulderCenter: -0.2947545, 0.608273, 2.712472
Head: -0.2134217, 0.8077397, 2.72205
ShoulderLeft: -0.4312161, 0.4539966, 2.624868
ElbowLeft: -0.4783045, 0.2386773, 2.559947
WristLeft: -0.4548669, -0.002111081, 2.421677
HandLeft: -0.4549364, -0.06944791, 2.386895
ShoulderRight: -0.09993462, 0.5076125, 2.705003
ElbowRight: 0.1081661, 0.5800561, 2.687553
WristRight: -0.08646411, 0.7294986, 2.598487
HandRight: -0.1540539, 0.749162, 2.598059
HipLeft: -0.3177527, 0.09504166, 2.478841
KneeLeft: -0.2517382, -0.4042692, 2.432783
AnkleLeft: -0.2724058, -0.7061076, 2.35228
FootLeft: -0.2435736, -0.7625791, 2.239102
HipRight: -0.1644824, 0.0934063, 2.509694
KneeRight: -0.1967803, -0.2927062, 2.428548
AnkleRight: -0.1296388, -0.70506, 2.370267
FootRight: -0.2350658, -0.746789, 2.272561
=========
HipCenter: -0.2509273, 0.1652338, 2.526044
Spine: -0.2673854, 0.2149884, 2.605198
ShoulderCenter: -0.2937051, 0.6086488, 2.711907
Head: -0.211803, 0.8065416, 2.721313
ShoulderLeft: -0.4308816, 0.4541798, 2.624596
ElbowLeft: -0.4785246, 0.239795, 2.560236
WristLeft: -0.4546053, -0.002060231, 2.421062
HandLeft: -0.4549539, -0.071619, 2.386463
ShoulderRight: -0.09584501, 0.5070099, 2.70638
ElbowRight: 0.10762, 0.5800925, 2.68714
WristRight: -0.06816426, 0.7263076, 2.60272
HandRight: -0.128256, 0.7483093, 2.603769
HipLeft: -0.3170736, 0.09536193, 2.477749
KneeLeft: -0.2517847, -0.4042966, 2.432746
AnkleLeft: -0.2723138, -0.7064493, 2.352302
FootLeft: -0.2435838, -0.7625768, 2.239162
HipRight: -0.1631728, 0.09298513, 2.510684
KneeRight: -0.201126, -0.291832, 2.428421
AnkleRight: -0.1339489, -0.7044139, 2.370072
FootRight: -0.2360282, -0.7471029, 2.272013
=========
HipCenter: -0.2501509, 0.1655824, 2.525996
Spine: -0.266672, 0.2153714, 2.605048
ShoulderCenter: -0.292874, 0.6089557, 2.711486
Head: -0.2117732, 0.8054934, 2.720432
ShoulderLeft: -0.4306036, 0.4543373, 2.624369
ElbowLeft: -0.4802373, 0.2445914, 2.563298
WristLeft: -0.4544678, -0.001565786, 2.420721
HandLeft: -0.4543227, -0.07571726, 2.385687
ShoulderRight: -0.09416059, 0.5063352, 2.706531
ElbowRight: 0.1071078, 0.580059, 2.68687
WristRight: -0.06439669, 0.7263663, 2.603941
HandRight: -0.112938, 0.7486362, 2.606972
HipLeft: -0.3165702, 0.09559505, 2.476748
KneeLeft: -0.2518573, -0.4042977, 2.432684
AnkleLeft: -0.2722341, -0.7067089, 2.352329
FootLeft: -0.2436016, -0.7625732, 2.239222
HipRight: -0.1622673, 0.09255712, 2.511516
KneeRight: -0.2048593, -0.291218, 2.428255
AnkleRight: -0.1376537, -0.703979, 2.369845
FootRight: -0.2370779, -0.7474808, 2.271397
=========
HipCenter: -0.2495146, 0.1660285, 2.525998
Spine: -0.2661252, 0.2157913, 2.604939
ShoulderCenter: -0.2922084, 0.6092182, 2.711156
Head: -0.212714, 0.8045565, 2.719549
ShoulderLeft: -0.4303613, 0.4544842, 2.624159
ElbowLeft: -0.4713557, 0.2212636, 2.546597
WristLeft: -0.4543796, -0.001509379, 2.420288
HandLeft: -0.4539585, -0.07925759, 2.385215
ShoulderRight: -0.09236066, 0.506171, 2.707253
ElbowRight: 0.1068667, 0.579987, 2.686735
WristRight: -0.06179819, 0.7270923, 2.604804
HandRight: -0.109198, 0.7505645, 2.608899
HipLeft: -0.3162418, 0.09588112, 2.476085
KneeLeft: -0.2519571, -0.4042856, 2.432607
AnkleLeft: -0.2721735, -0.7069321, 2.35235
FootLeft: -0.2436187, -0.7625722, 2.239269
HipRight: -0.1616783, 0.09236053, 2.512032
KneeRight: -0.2081535, -0.2904243, 2.428098
AnkleRight: -0.140916, -0.7033384, 2.369635
FootRight: -0.2379638, -0.7477638, 2.270866
=========
HipCenter: -0.2490512, 0.1663413, 2.525991
Spine: -0.2657121, 0.2161079, 2.604854
ShoulderCenter: -0.2917215, 0.6094265, 2.71092
Head: -0.2141533, 0.8036588, 2.71873
ShoulderLeft: -0.4301319, 0.4546281, 2.623955
ElbowLeft: -0.4689149, 0.2164973, 2.543687
WristLeft: -0.4543329, -0.001476358, 2.419948
HandLeft: -0.453546, -0.08211054, 2.385129
ShoulderRight: -0.0914541, 0.5059017, 2.707487
ElbowRight: 0.1066118, 0.5798603, 2.686676
WristRight: -0.0599701, 0.7282786, 2.605452
HandRight: -0.1070493, 0.7519567, 2.610235
HipLeft: -0.3160196, 0.09613398, 2.475451
KneeLeft: -0.2520695, -0.404261, 2.432519
AnkleLeft: -0.2721197, -0.7071292, 2.352372
FootLeft: -0.2436367, -0.7625723, 2.239305
HipRight: -0.1612746, 0.09216653, 2.512476
KneeRight: -0.2108995, -0.2898612, 2.427897
AnkleRight: -0.1436336, -0.702906, 2.36939
FootRight: -0.2388354, -0.7480828, 2.270254
=========
HipCenter: -0.2486904, 0.1666032, 2.525989
Spine: -0.265378, 0.216379, 2.604789
ShoulderCenter: -0.2913575, 0.6096101, 2.71075
Head: -0.2159107, 0.8028827, 2.71809
ShoulderLeft: -0.4299394, 0.4547557, 2.623776
ElbowLeft: -0.4676487, 0.213846, 2.542006
WristLeft: -0.4543216, -0.001612945, 2.419425
HandLeft: -0.4534229, -0.08347692, 2.384816
ShoulderRight: -0.09089673, 0.505671, 2.707591
ElbowRight: 0.1064236, 0.5797178, 2.686681
WristRight: -0.05863211, 0.7297718, 2.605874
HandRight: -0.1028504, 0.7679321, 2.615834
HipLeft: -0.3158529, 0.09636091, 2.474997
KneeLeft: -0.2521767, -0.4042356, 2.432435
AnkleLeft: -0.2720684, -0.7073174, 2.352399
FootLeft: -0.2436574, -0.7625726, 2.239332
HipRight: -0.1610022, 0.09206326, 2.512762
KneeRight: -0.2130601, -0.2893182, 2.427744
AnkleRight: -0.1457635, -0.7024798, 2.369203
FootRight: -0.2395029, -0.7482713, 2.269795
=========
HipCenter: -0.2484194, 0.1668116, 2.525988
Spine: -0.2651301, 0.216591, 2.604738
ShoulderCenter: -0.291133, 0.609756, 2.710648
Head: -0.21777, 0.8021297, 2.717699
ShoulderLeft: -0.4297446, 0.4549418, 2.623618
ElbowLeft: -0.4667822, 0.2120052, 2.540826
WristLeft: -0.4543592, -0.001802478, 2.4189
HandLeft: -0.453354, -0.08429915, 2.384633
ShoulderRight: -0.09053578, 0.5054753, 2.707643
ElbowRight: 0.106295, 0.5795689, 2.686732
WristRight: -0.05775247, 0.7330146, 2.606267
HandRight: -0.1006883, 0.7760147, 2.618726
HipLeft: -0.315756, 0.096591, 2.474535
KneeLeft: -0.2522809, -0.4042089, 2.432355
AnkleLeft: -0.2720187, -0.7074972, 2.352431
FootLeft: -0.2436779, -0.7625734, 2.239355
HipRight: -0.1608468, 0.09197898, 2.513004
KneeRight: -0.2147769, -0.2888979, 2.427599
AnkleRight: -0.1474515, -0.7021638, 2.36903
FootRight: -0.2401041, -0.7484035, 2.269378
=========
HipCenter: -0.2482326, 0.1669825, 2.525984
Spine: -0.2649605, 0.2167607, 2.604697
ShoulderCenter: -0.2910261, 0.6099249, 2.710636
Head: -0.2198647, 0.801441, 2.717669
ShoulderLeft: -0.429579, 0.4551101, 2.623477
ElbowLeft: -0.4663144, 0.2110344, 2.540226
WristLeft: -0.4544269, -0.002019719, 2.418425
HandLeft: -0.4534245, -0.0847718, 2.384513
ShoulderRight: -0.09039805, 0.5053061, 2.707625
ElbowRight: 0.1061819, 0.5794364, 2.686857
WristRight: -0.05136231, 0.7402111, 2.609926
HandRight: -0.09594885, 0.7883461, 2.621588
HipLeft: -0.3157262, 0.09679381, 2.474277
KneeLeft: -0.252406, -0.404169, 2.432268
AnkleLeft: -0.2719672, -0.7076586, 2.352463
FootLeft: -0.2436905, -0.762575, 2.239373
HipRight: -0.1610994, 0.09216534, 2.512941
KneeRight: -0.216137, -0.2884412, 2.427503
AnkleRight: -0.1487769, -0.7018096, 2.368911
FootRight: -0.2405216, -0.7484453, 2.269088
=========
HipCenter: -0.2481377, 0.1671071, 2.525976
Spine: -0.2648875, 0.2168746, 2.604661
ShoulderCenter: -0.2917421, 0.6100011, 2.710898
Head: -0.2343155, 0.8019866, 2.719323
ShoulderLeft: -0.4294822, 0.4552208, 2.623342
ElbowLeft: -0.4662518, 0.2108765, 2.540171
WristLeft: -0.4545041, -0.002225549, 2.418018
HandLeft: -0.4537528, -0.08467427, 2.384567
ShoulderRight: -0.09063993, 0.5051274, 2.707427
ElbowRight: 0.1060745, 0.5792997, 2.687006
WristRight: -0.02033594, 0.7452478, 2.612518
HandRight: -0.08637744, 0.7942711, 2.620803
HipLeft: -0.3157869, 0.09696557, 2.474154
KneeLeft: -0.2525351, -0.4041258, 2.432184
AnkleLeft: -0.2719222, -0.7078091, 2.352494
FootLeft: -0.2436954, -0.7625766, 2.23938
HipRight: -0.1618126, 0.09253819, 2.512533
KneeRight: -0.2172013, -0.2880452, 2.427433
AnkleRight: -0.1498054, -0.7015117, 2.368823
FootRight: -0.2408373, -0.7484625, 2.268868
=========
HipCenter: -0.2481402, 0.1672111, 2.52596
Spine: -0.2649329, 0.2169663, 2.604623
ShoulderCenter: -0.2928123, 0.6100922, 2.71129
Head: -0.2540696, 0.8044543, 2.721388
ShoulderLeft: -0.4294129, 0.4553093, 2.623194
ElbowLeft: -0.4665008, 0.2112591, 2.540427
WristLeft: -0.4545725, -0.002423772, 2.417649
HandLeft: -0.4541461, -0.0843086, 2.384655
ShoulderRight: -0.09132246, 0.5050116, 2.707137
ElbowRight: 0.1059741, 0.5792305, 2.687105
WristRight: 0.005857413, 0.753739, 2.614702
HandRight: -0.06068111, 0.8162821, 2.618347
HipLeft: -0.3159368, 0.09712502, 2.474145
KneeLeft: -0.2526661, -0.4040821, 2.432105
AnkleLeft: -0.2718936, -0.7079485, 2.35252
FootLeft: -0.2436981, -0.7625786, 2.239384
HipRight: -0.1628369, 0.09301918, 2.511942
KneeRight: -0.2180098, -0.287711, 2.427417
AnkleRight: -0.1505786, -0.7012702, 2.368788
FootRight: -0.2410509, -0.7484662, 2.268728
=========
HipCenter: -0.248277, 0.167293, 2.525933
Spine: -0.2651369, 0.2170153, 2.604583
ShoulderCenter: -0.2944614, 0.6100776, 2.711978
Head: -0.2647896, 0.8053938, 2.721328
ShoulderLeft: -0.4293942, 0.4553805, 2.62305
ElbowLeft: -0.4670866, 0.2123528, 2.540972
WristLeft: -0.4546404, -0.002606102, 2.41732
HandLeft: -0.4545838, -0.08370581, 2.384657
ShoulderRight: -0.092158, 0.504984, 2.706817
ElbowRight: 0.1059398, 0.5792734, 2.687233
WristRight: 0.02207515, 0.7603336, 2.616169
HandRight: -0.04760827, 0.8265722, 2.618289
HipLeft: -0.3162771, 0.09723132, 2.474311
KneeLeft: -0.2527982, -0.4040357, 2.43203
AnkleLeft: -0.2718706, -0.7080779, 2.352543
FootLeft: -0.2436949, -0.7625818, 2.239382
HipRight: -0.1640289, 0.09359775, 2.511147
KneeRight: -0.2186697, -0.2873974, 2.427438
AnkleRight: -0.1512018, -0.7010511, 2.368789
FootRight: -0.2412058, -0.7484552, 2.268626
=========
HipCenter: -0.2485043, 0.1673541, 2.525887
Spine: -0.2654634, 0.2170342, 2.604524
ShoulderCenter: -0.2963369, 0.6099854, 2.712554
Head: -0.2710273, 0.8059664, 2.721445
ShoulderLeft: -0.429406, 0.4554341, 2.622893
ElbowLeft: -0.4677956, 0.2138052, 2.541774
WristLeft: -0.4546962, -0.002763331, 2.41704
HandLeft: -0.4550373, -0.08295295, 2.384692
ShoulderRight: -0.09321146, 0.5050969, 2.706496
ElbowRight: 0.1059675, 0.5793903, 2.687384
WristRight: 0.03586045, 0.7665551, 2.617504
HandRight: -0.03310034, 0.8443327, 2.621509
HipLeft: -0.3166834, 0.09729998, 2.474588
KneeLeft: -0.2529288, -0.403984, 2.431957
AnkleLeft: -0.2718502, -0.7081928, 2.352557
FootLeft: -0.243693, -0.7625893, 2.239365
HipRight: -0.1652687, 0.09424769, 2.510212
KneeRight: -0.2191843, -0.2871, 2.427488
AnkleRight: -0.1516805, -0.7008523, 2.368816
FootRight: -0.2413045, -0.7484402, 2.268558
=========
HipCenter: -0.2489365, 0.1673945, 2.525812
Spine: -0.2659802, 0.2170163, 2.604453
ShoulderCenter: -0.2981555, 0.6098467, 2.713096
Head: -0.2754561, 0.8063523, 2.721309
ShoulderLeft: -0.4295079, 0.4554733, 2.622717
ElbowLeft: -0.4684953, 0.2151572, 2.542498
WristLeft: -0.4547533, -0.002934879, 2.416749
HandLeft: -0.4554757, -0.08218482, 2.3847
ShoulderRight: -0.09480469, 0.5052708, 2.705964
ElbowRight: 0.1060126, 0.5795007, 2.687536
WristRight: 0.05192126, 0.7737884, 2.62027
HandRight: -0.00792979, 0.8677662, 2.625635
HipLeft: -0.3172926, 0.09732971, 2.475071
KneeLeft: -0.2530506, -0.4039346, 2.431889
AnkleLeft: -0.271828, -0.708303, 2.352555
FootLeft: -0.2436863, -0.7626042, 2.239311
HipRight: -0.1667636, 0.09503555, 2.509058
KneeRight: -0.2195921, -0.286801, 2.427569
AnkleRight: -0.1520543, -0.7006605, 2.368869
FootRight: -0.2413441, -0.748368, 2.268523
=========
HipCenter: -0.2495606, 0.1675091, 2.52576
Spine: -0.2666579, 0.2170541, 2.604424
ShoulderCenter: -0.2999071, 0.609769, 2.713713
Head: -0.2784067, 0.806638, 2.721273
ShoulderLeft: -0.4297288, 0.4555072, 2.622526
ElbowLeft: -0.4692905, 0.2165348, 2.543235
WristLeft: -0.4548141, -0.003068631, 2.416541
HandLeft: -0.4556782, -0.08198749, 2.384665
ShoulderRight: -0.09628881, 0.5055431, 2.705479
ElbowRight: 0.1063867, 0.5800393, 2.687704
WristRight: 0.08049867, 0.7850922, 2.624701
HandRight: 0.03012753, 0.8785213, 2.62486
HipLeft: -0.31865, 0.09738863, 2.477047
KneeLeft: -0.253172, -0.4038796, 2.431823
AnkleLeft: -0.271805, -0.7084038, 2.35255
FootLeft: -0.2436894, -0.7626204, 2.239249
HipRight: -0.1688827, 0.09688079, 2.506786
KneeRight: -0.2199228, -0.2862248, 2.427768
AnkleRight: -0.1523556, -0.700255, 2.369024
FootRight: -0.2412186, -0.7481033, 2.268644
=========
HipCenter: -0.2501843, 0.1676231, 2.525714
Spine: -0.2673229, 0.217091, 2.604408
ShoulderCenter: -0.3014641, 0.6097029, 2.714288
Head: -0.2805334, 0.8068505, 2.721261
ShoulderLeft: -0.4300545, 0.4555131, 2.622332
ElbowLeft: -0.4699668, 0.2176782, 2.543831
WristLeft: -0.4548624, -0.003193261, 2.416345
HandLeft: -0.4558282, -0.08229291, 2.384417
ShoulderRight: -0.09774969, 0.5058885, 2.705069
ElbowRight: 0.1067687, 0.5806123, 2.687865
WristRight: 0.09574167, 0.7906739, 2.628016
HandRight: 0.06245459, 0.8874024, 2.629454
HipLeft: -0.3198097, 0.09742935, 2.478783
KneeLeft: -0.2533112, -0.4038109, 2.431749
AnkleLeft: -0.2717893, -0.7084947, 2.352553
FootLeft: -0.2436939, -0.7626272, 2.239228
HipRight: -0.1705109, 0.09837924, 2.504987
KneeRight: -0.2200948, -0.2856348, 2.428023
AnkleRight: -0.1525151, -0.6998469, 2.369228
FootRight: -0.2409454, -0.7477778, 2.26896
=========
HipCenter: -0.2508388, 0.167758, 2.525658
Spine: -0.2679605, 0.2171408, 2.604385
ShoulderCenter: -0.3026618, 0.6096432, 2.714707
Head: -0.2820812, 0.8070394, 2.721143
ShoulderLeft: -0.4304798, 0.4554996, 2.622166
ElbowLeft: -0.4706191, 0.2187649, 2.544389
WristLeft: -0.454891, -0.003314789, 2.416151
HandLeft: -0.4559489, -0.08228523, 2.384259
ShoulderRight: -0.099054, 0.5062293, 2.704698
ElbowRight: 0.1072297, 0.5816182, 2.688033
WristRight: 0.1097286, 0.7967389, 2.633123
HandRight: 0.09256543, 0.8965888, 2.63694
HipLeft: -0.3207974, 0.09748239, 2.480237
KneeLeft: -0.2534078, -0.4037782, 2.4317
AnkleLeft: -0.271773, -0.7086267, 2.352551
FootLeft: -0.2437098, -0.7626352, 2.239184
HipRight: -0.1717866, 0.0995808, 2.503558
KneeRight: -0.2201772, -0.2850541, 2.428259
AnkleRight: -0.1525936, -0.6994508, 2.369418
FootRight: -0.240606, -0.7474298, 2.269282
=========
HipCenter: -0.2514496, 0.1678382, 2.525605
Spine: -0.2685467, 0.2171565, 2.604368
ShoulderCenter: -0.3036208, 0.6095896, 2.715041
Head: -0.2831344, 0.8072155, 2.720997
ShoulderLeft: -0.4309096, 0.4554812, 2.622019
ElbowLeft: -0.4711792, 0.2196473, 2.544858
WristLeft: -0.4549141, -0.003424711, 2.415978
HandLeft: -0.4560599, -0.08222105, 2.384127
ShoulderRight: -0.1002419, 0.5065878, 2.704357
ElbowRight: 0.1078223, 0.582921, 2.688117
WristRight: 0.1215923, 0.8038535, 2.637799
HandRight: 0.1085819, 0.9034587, 2.641741
HipLeft: -0.3215828, 0.09750059, 2.481414
KneeLeft: -0.2534893, -0.4037559, 2.431659
AnkleLeft: -0.27176, -0.7087767, 2.352551
FootLeft: -0.2437262, -0.7626424, 2.239145
HipRight: -0.1727061, 0.100373, 2.502516
KneeRight: -0.2197842, -0.2845081, 2.428559
AnkleRight: -0.1522179, -0.6990763, 2.369686
FootRight: -0.2396029, -0.7467623, 2.269931
=========
HipCenter: -0.2520975, 0.1678699, 2.52553
Spine: -0.2691568, 0.2171315, 2.604334
ShoulderCenter: -0.3044618, 0.6095184, 2.715305
Head: -0.2838379, 0.8073702, 2.720846
ShoulderLeft: -0.4313349, 0.4554483, 2.621887
ElbowLeft: -0.4735751, 0.2248638, 2.547894
WristLeft: -0.4549369, -0.003522194, 2.415829
HandLeft: -0.4560567, -0.08263225, 2.383966
ShoulderRight: -0.1013573, 0.5069185, 2.703994
ElbowRight: 0.1101289, 0.5879748, 2.687753
WristRight: 0.1339947, 0.8124063, 2.643763
HandRight: 0.1290302, 0.9124095, 2.648668
HipLeft: -0.3222683, 0.09747559, 2.482426
KneeLeft: -0.2535909, -0.4037425, 2.431619
AnkleLeft: -0.2717443, -0.7089496, 2.352555
FootLeft: -0.2437442, -0.7626432, 2.239116
HipRight: -0.1734748, 0.1009626, 2.50161
KneeRight: -0.2193675, -0.2840467, 2.428818
AnkleRight: -0.1518149, -0.6987717, 2.36992
FootRight: -0.2387242, -0.7462091, 2.270477
=========
HipCenter: -0.2526454, 0.1678718, 2.525466
Spine: -0.2696735, 0.2170902, 2.604307
ShoulderCenter: -0.3052444, 0.6094502, 2.715554
Head: -0.2843908, 0.8075257, 2.720769
ShoulderLeft: -0.4317318, 0.4553668, 2.621767
ElbowLeft: -0.4747579, 0.2265074, 2.549394
WristLeft: -0.4549645, -0.003614041, 2.415727
HandLeft: -0.456107, -0.08274094, 2.383956
ShoulderRight: -0.1023513, 0.5072366, 2.703659
ElbowRight: 0.112987, 0.5926907, 2.687529
WristRight: 0.168075, 0.8264739, 2.651659
HandRight: 0.1774198, 0.921543, 2.661411
HipLeft: -0.3227443, 0.09743239, 2.483229
KneeLeft: -0.2536889, -0.4037276, 2.431581
AnkleLeft: -0.2717458, -0.7091199, 2.352562
FootLeft: -0.2437748, -0.7626243, 2.239118
HipRight: -0.1740109, 0.1013657, 2.500947
KneeRight: -0.2173646, -0.283234, 2.428999
AnkleRight: -0.1507799, -0.6984661, 2.370041
FootRight: -0.237613, -0.7456778, 2.27118
=========
HipCenter: -0.2531267, 0.1678627, 2.525408
Spine: -0.2701257, 0.2170476, 2.604283
ShoulderCenter: -0.3059016, 0.6094109, 2.715761
Head: -0.2846943, 0.807746, 2.720788
ShoulderLeft: -0.432085, 0.4552794, 2.621667
ElbowLeft: -0.4756207, 0.2277805, 2.550556
WristLeft: -0.4549902, -0.003675726, 2.415672
HandLeft: -0.4562089, -0.08265144, 2.384083
ShoulderRight: -0.103186, 0.5075276, 2.703378
ElbowRight: 0.1150489, 0.5959246, 2.687404
WristRight: 0.1904558, 0.831628, 2.657404
HandRight: 0.2194817, 0.9247338, 2.672818
HipLeft: -0.3231176, 0.09738569, 2.483884
KneeLeft: -0.253798, -0.4036957, 2.431539
AnkleLeft: -0.2717463, -0.7092564, 2.352577
FootLeft: -0.2437958, -0.7626069, 2.239126
HipRight: -0.1744106, 0.101661, 2.500439
KneeRight: -0.2161974, -0.282761, 2.42907
AnkleRight: -0.1496285, -0.698199, 2.370099
FootRight: -0.2365768, -0.7452393, 2.271804
=========
HipCenter: -0.2535397, 0.1678405, 2.525361
Spine: -0.2705122, 0.2169976, 2.604267
ShoulderCenter: -0.3064398, 0.6093653, 2.715932
Head: -0.2848307, 0.8079675, 2.720826
ShoulderLeft: -0.4323988, 0.4551912, 2.621594
ElbowLeft: -0.4762562, 0.2286746, 2.551427
WristLeft: -0.4550411, -0.003734105, 2.415661
HandLeft: -0.4563372, -0.08242923, 2.384293
ShoulderRight: -0.1038734, 0.5077788, 2.703151
ElbowRight: 0.1160058, 0.5973246, 2.687383
WristRight: 0.2080062, 0.8210603, 2.662154
HandRight: 0.2386564, 0.9155424, 2.67734
HipLeft: -0.3234003, 0.09733199, 2.484412
KneeLeft: -0.2539026, -0.4036649, 2.4315
AnkleLeft: -0.2717471, -0.7093905, 2.352595
FootLeft: -0.243816, -0.7625884, 2.239139
HipRight: -0.1747038, 0.1018723, 2.500063
KneeRight: -0.2150929, -0.2823397, 2.429013
AnkleRight: -0.1484746, -0.6979579, 2.370024
FootRight: -0.2357469, -0.7449292, 2.272259
=========
HipCenter: -0.2539255, 0.1677958, 2.525316
Spine: -0.2708541, 0.2169309, 2.604256
ShoulderCenter: -0.3068999, 0.6093077, 2.716113
Head: -0.284895, 0.8081498, 2.720835
ShoulderLeft: -0.43276, 0.455043, 2.62155
ElbowLeft: -0.4759169, 0.2276451, 2.551353
WristLeft: -0.4551437, -0.003762692, 2.41576
HandLeft: -0.4564422, -0.0826513, 2.384319
ShoulderRight: -0.1044958, 0.507993, 2.702933
ElbowRight: 0.1168496, 0.5983443, 2.68738
WristRight: 0.2216932, 0.818115, 2.664882
HandRight: 0.2544311, 0.9123369, 2.68028
HipLeft: -0.3236299, 0.09726685, 2.484817
KneeLeft: -0.2540064, -0.403632, 2.431461
AnkleLeft: -0.2717501, -0.7095171, 2.352614
FootLeft: -0.2438316, -0.7625747, 2.239143
HipRight: -0.1749277, 0.1020202, 2.499774
KneeRight: -0.2141453, -0.2819913, 2.428908
AnkleRight: -0.1474462, -0.6977655, 2.369901
FootRight: -0.2350948, -0.7447014, 2.272588
=========
HipCenter: -0.2542602, 0.1677483, 2.525276
Spine: -0.2711478, 0.2168644, 2.604246
ShoulderCenter: -0.3072764, 0.6092471, 2.716269
Head: -0.2848247, 0.8083382, 2.720868
ShoulderLeft: -0.4330851, 0.4548955, 2.62152
ElbowLeft: -0.4756747, 0.226926, 2.551518
WristLeft: -0.4552647, -0.003780015, 2.415953
HandLeft: -0.4564731, -0.0834224, 2.384219
ShoulderRight: -0.1050033, 0.5081695, 2.702749
ElbowRight: 0.1175818, 0.5988839, 2.687437
WristRight: 0.2310036, 0.813903, 2.666154
HandRight: 0.2652511, 0.9075244, 2.681535
HipLeft: -0.3238048, 0.09721435, 2.485102
KneeLeft: -0.2541062, -0.4035991, 2.431424
AnkleLeft: -0.271761, -0.7096378, 2.352632
FootLeft: -0.2438448, -0.7625625, 2.239146
HipRight: -0.1750919, 0.1021223, 2.499568
KneeRight: -0.2133331, -0.2817027, 2.428758
AnkleRight: -0.1465382, -0.6976147, 2.369732
FootRight: -0.2346155, -0.7445402, 2.272828
=========
HipCenter: -0.2545846, 0.1676798, 2.525251
Spine: -0.2714102, 0.2167822, 2.60425
ShoulderCenter: -0.3075433, 0.609156, 2.716425
Head: -0.2847938, 0.8084691, 2.720904
ShoulderLeft: -0.4334589, 0.454695, 2.621539
ElbowLeft: -0.4749838, 0.2255833, 2.551188
WristLeft: -0.4553879, -0.003785055, 2.41618
HandLeft: -0.4565102, -0.0836028, 2.384253
ShoulderRight: -0.1054099, 0.5083298, 2.702612
ElbowRight: 0.1208303, 0.6005664, 2.687025
WristRight: 0.2393364, 0.8086466, 2.665352
HandRight: 0.2825179, 0.8950202, 2.681906
HipLeft: -0.3239997, 0.09708322, 2.485363
KneeLeft: -0.254193, -0.4035738, 2.431392
AnkleLeft: -0.2717724, -0.7097649, 2.352648
FootLeft: -0.2438551, -0.7625533, 2.239148
HipRight: -0.1752203, 0.1021917, 2.499414
KneeRight: -0.2125781, -0.2814474, 2.428562
AnkleRight: -0.1456756, -0.6974869, 2.369516
FootRight: -0.2342252, -0.744417, 2.273015
=========
HipCenter: -0.2548568, 0.1675979, 2.525236
Spine: -0.2716244, 0.216694, 2.604261
ShoulderCenter: -0.3077394, 0.609069, 2.716563
Head: -0.2847424, 0.8085828, 2.720902
ShoulderLeft: -0.4337566, 0.4545134, 2.621576
ElbowLeft: -0.4743177, 0.2243128, 2.550811
WristLeft: -0.4555079, -0.00377231, 2.416425
HandLeft: -0.4564711, -0.08446795, 2.384377
ShoulderRight: -0.105741, 0.5084773, 2.702501
ElbowRight: 0.1239425, 0.6018593, 2.686789
WristRight: 0.2533376, 0.8041731, 2.66438
HandRight: 0.294719, 0.8904845, 2.682868
HipLeft: -0.3241515, 0.09694193, 2.485589
KneeLeft: -0.2542817, -0.4035457, 2.431361
AnkleLeft: -0.271785, -0.7098826, 2.352664
FootLeft: -0.2438619, -0.7625465, 2.23915
HipRight: -0.1753173, 0.102231, 2.499296
KneeRight: -0.2109859, -0.2812013, 2.428146
AnkleRight: -0.1438819, -0.6974119, 2.369076
FootRight: -0.2334018, -0.7442334, 2.27338
=========
HipCenter: -0.2551005, 0.1675136, 2.525226
Spine: -0.2718084, 0.2166073, 2.604274
ShoulderCenter: -0.30789, 0.6089857, 2.716682
Head: -0.2846576, 0.8086969, 2.720906
ShoulderLeft: -0.433991, 0.45433, 2.621623
ElbowLeft: -0.4735371, 0.2227453, 2.550345
WristLeft: -0.4555694, -0.003781313, 2.41661
HandLeft: -0.4564571, -0.08467249, 2.384459
ShoulderRight: -0.1060178, 0.5086128, 2.702403
ElbowRight: 0.1267988, 0.6028773, 2.686518
WristRight: 0.2663656, 0.8004382, 2.663855
HandRight: 0.3042081, 0.8868892, 2.683042
HipLeft: -0.3242776, 0.0968068, 2.485774
KneeLeft: -0.2543638, -0.4035224, 2.431332
AnkleLeft: -0.2718008, -0.7100044, 2.352681
FootLeft: -0.2438676, -0.7625404, 2.239152
HipRight: -0.1753953, 0.1022489, 2.499209
KneeRight: -0.2096, -0.280997, 2.427746
AnkleRight: -0.1423202, -0.6973645, 2.368658
FootRight: -0.2327129, -0.7440874, 2.273669
=========
HipCenter: -0.2553007, 0.1674259, 2.525222
Spine: -0.271953, 0.2165185, 2.604291
ShoulderCenter: -0.3080035, 0.608891, 2.716796
Head: -0.2845203, 0.8088019, 2.720912
ShoulderLeft: -0.4341995, 0.4541321, 2.621698
ElbowLeft: -0.4728385, 0.2213974, 2.55007
WristLeft: -0.455608, -0.003788617, 2.41685
HandLeft: -0.4562315, -0.08570779, 2.384436
ShoulderRight: -0.1062649, 0.5087456, 2.702307
ElbowRight: 0.1291092, 0.6036515, 2.686302
WristRight: 0.2801931, 0.7970941, 2.663994
HandRight: 0.3136745, 0.8815024, 2.683071
HipLeft: -0.3243685, 0.09667583, 2.485923
KneeLeft: -0.2544388, -0.4035016, 2.431305
AnkleLeft: -0.2718221, -0.7101272, 2.352699
FootLeft: -0.243874, -0.7625313, 2.239157
HipRight: -0.1754504, 0.1022409, 2.499149
KneeRight: -0.2080024, -0.2808385, 2.42731
AnkleRight: -0.1405457, -0.6973693, 2.368209
FootRight: -0.2318782, -0.7439381, 2.274029
=========
HipCenter: -0.2554864, 0.1673188, 2.525227
Spine: -0.2720776, 0.2164126, 2.604319
ShoulderCenter: -0.30811, 0.6087904, 2.717007
Head: -0.2843828, 0.8089025, 2.720904
ShoulderLeft: -0.4343708, 0.453931, 2.621799
ElbowLeft: -0.4724163, 0.2205808, 2.549972
WristLeft: -0.4557885, -0.003833227, 2.417609
HandLeft: -0.4560732, -0.08676192, 2.384375
ShoulderRight: -0.1065023, 0.5088767, 2.702186
ElbowRight: 0.1315477, 0.6043693, 2.685941
WristRight: 0.2953787, 0.7927465, 2.664727
HandRight: 0.3527306, 0.8647137, 2.691943
HipLeft: -0.3244413, 0.09653895, 2.486053
KneeLeft: -0.2545039, -0.4034867, 2.431282
AnkleLeft: -0.271845, -0.7102569, 2.352717
FootLeft: -0.2438796, -0.7625226, 2.239163
HipRight: -0.1754945, 0.1022126, 2.499109
KneeRight: -0.2065811, -0.2807101, 2.426898
AnkleRight: -0.1389779, -0.6973911, 2.367787
FootRight: -0.2311536, -0.7438186, 2.274336
=========
HipCenter: -0.255646, 0.167168, 2.525245
Spine: -0.272171, 0.2162744, 2.604358
ShoulderCenter: -0.3081437, 0.6086795, 2.717168
Head: -0.2842784, 0.8089939, 2.720915
ShoulderLeft: -0.4345082, 0.4537407, 2.621908
ElbowLeft: -0.4721509, 0.2201147, 2.549973
WristLeft: -0.4559179, -0.00384345, 2.418465
HandLeft: -0.4559727, -0.0876356, 2.384338
ShoulderRight: -0.1067361, 0.50901, 2.702029
ElbowRight: 0.1333998, 0.6048872, 2.685636
WristRight: 0.308805, 0.7861642, 2.664733
HandRight: 0.3748871, 0.8532408, 2.69466
HipLeft: -0.3244848, 0.09637045, 2.486179
KneeLeft: -0.2545549, -0.4034741, 2.431263
AnkleLeft: -0.271867, -0.7103828, 2.352735
FootLeft: -0.2438884, -0.7625036, 2.239178
HipRight: -0.1755241, 0.1021089, 2.49911
KneeRight: -0.2050849, -0.2806729, 2.426523
AnkleRight: -0.1373449, -0.697506, 2.367407
FootRight: -0.2303508, -0.743704, 2.274708
=========
HipCenter: -0.2557873, 0.1670189, 2.52527
Spine: -0.2722484, 0.2161381, 2.604405
ShoulderCenter: -0.308166, 0.6085868, 2.717341
Head: -0.2841626, 0.8091146, 2.72096
ShoulderLeft: -0.434612, 0.4535645, 2.622025
ElbowLeft: -0.4720931, 0.2203493, 2.55087
WristLeft: -0.4560428, -0.003824432, 2.419324
HandLeft: -0.4559043, -0.08831704, 2.384289
ShoulderRight: -0.1069549, 0.5091499, 2.701867
ElbowRight: 0.1346992, 0.6051778, 2.685189
WristRight: 0.3451781, 0.7803759, 2.664096
HandRight: 0.4050421, 0.8397612, 2.697943
HipLeft: -0.324513, 0.09620729, 2.486304
KneeLeft: -0.2545967, -0.4034634, 2.431248
AnkleLeft: -0.271888, -0.7105052, 2.352753
FootLeft: -0.2438964, -0.7624854, 2.239196
HipRight: -0.1755498, 0.1020014, 2.499126
KneeRight: -0.203819, -0.2806366, 2.42621
AnkleRight: -0.1359727, -0.6976048, 2.36709
FootRight: -0.2296546, -0.7436181, 2.275043
=========
HipCenter: -0.2559165, 0.1668667, 2.525303
Spine: -0.2723118, 0.2160012, 2.60446
ShoulderCenter: -0.308172, 0.6085023, 2.71751
Head: -0.2840604, 0.8092456, 2.721017
ShoulderLeft: -0.4346834, 0.4534016, 2.622152
ElbowLeft: -0.4720744, 0.2205936, 2.551791
WristLeft: -0.4562326, -0.003730196, 2.420313
HandLeft: -0.4559246, -0.08845184, 2.38438
ShoulderRight: -0.1071518, 0.5092925, 2.701696
ElbowRight: 0.1351233, 0.6037632, 2.683343
WristRight: 0.3443589, 0.7460314, 2.65971
HandRight: 0.4116036, 0.8049469, 2.690639
HipLeft: -0.3245326, 0.09605062, 2.486418
KneeLeft: -0.254621, -0.4034587, 2.431239
AnkleLeft: -0.2719108, -0.7106448, 2.352768
FootLeft: -0.2439039, -0.7624676, 2.239215
HipRight: -0.1755749, 0.1018758, 2.499168
KneeRight: -0.2027579, -0.2806134, 2.425968
AnkleRight: -0.1348281, -0.6977019, 2.366849
FootRight: -0.2290267, -0.7435586, 2.275349
=========
HipCenter: -0.2560296, 0.1667191, 2.525343
Spine: -0.2723548, 0.2158676, 2.604523
ShoulderCenter: -0.3081671, 0.6084303, 2.717695
Head: -0.2839279, 0.8094339, 2.721157
ShoulderLeft: -0.4347251, 0.4532585, 2.622324
ElbowLeft: -0.4702404, 0.2139447, 2.548604
WristLeft: -0.4564079, -0.003647155, 2.421196
HandLeft: -0.4559217, -0.08886325, 2.384623
ShoulderRight: -0.1073262, 0.5094556, 2.701473
ElbowRight: 0.1360579, 0.6026173, 2.681414
WristRight: 0.3597643, 0.7320483, 2.655596
HandRight: 0.4415465, 0.7747952, 2.69348
HipLeft: -0.3245432, 0.09590087, 2.486525
KneeLeft: -0.2546411, -0.4034601, 2.431232
AnkleLeft: -0.271927, -0.7108139, 2.352781
FootLeft: -0.2439068, -0.7624527, 2.23923
HipRight: -0.1755934, 0.1017458, 2.499225
KneeRight: -0.2018785, -0.2805937, 2.425786
AnkleRight: -0.1338843, -0.6977884, 2.366669
FootRight: -0.2284654, -0.743498, 2.275615
=========
HipCenter: -0.2561206, 0.1665796, 2.52539
Spine: -0.2723748, 0.2157351, 2.6046
ShoulderCenter: -0.308134, 0.608383, 2.717954
Head: -0.2838022, 0.8096395, 2.721271
ShoulderLeft: -0.4347418, 0.453122, 2.622535
ElbowLeft: -0.4696288, 0.211537, 2.547702
WristLeft: -0.4565536, -0.003575157, 2.421954
HandLeft: -0.4558771, -0.0894926, 2.384968
ShoulderRight: -0.1074766, 0.5096028, 2.701231
ElbowRight: 0.1374, 0.6014824, 2.679386
WristRight: 0.3677881, 0.7239105, 2.653375
HandRight: 0.4562733, 0.7572019, 2.694215
HipLeft: -0.32453, 0.09575251, 2.48665
KneeLeft: -0.2546547, -0.4034633, 2.431226
AnkleLeft: -0.2719415, -0.7109854, 2.352793
FootLeft: -0.2439066, -0.7624373, 2.239253
HipRight: -0.1756021, 0.1016207, 2.499285
KneeRight: -0.2011054, -0.2805753, 2.425646
AnkleRight: -0.1330608, -0.697867, 2.366532
FootRight: -0.2279397, -0.7434402, 2.275876
=========
HipCenter: -0.2561837, 0.1664535, 2.525442
Spine: -0.272372, 0.2156085, 2.604684
ShoulderCenter: -0.3080957, 0.6083452, 2.718206
Head: -0.2835753, 0.8099034, 2.721476
ShoulderLeft: -0.434742, 0.4529958, 2.622763
ElbowLeft: -0.4691231, 0.2096466, 2.546989
WristLeft: -0.4566946, -0.003490976, 2.422687
HandLeft: -0.4557232, -0.08998416, 2.385221
ShoulderRight: -0.1075843, 0.5097442, 2.700985
ElbowRight: 0.1385039, 0.6004108, 2.677694
WristRight: 0.3727044, 0.7185737, 2.652103
HandRight: 0.4640707, 0.7478279, 2.694399
HipLeft: -0.3244779, 0.09560367, 2.486796
KneeLeft: -0.2546646, -0.4034677, 2.431221
AnkleLeft: -0.2719491, -0.7111543, 2.352806
FootLeft: -0.2439068, -0.7624229, 2.239275
HipRight: -0.1755855, 0.1014998, 2.499346
KneeRight: -0.2002843, -0.2805541, 2.425511
AnkleRight: -0.1321996, -0.6979443, 2.3664
FootRight: -0.2273641, -0.7433794, 2.276183
=========
HipCenter: -0.2562339, 0.166341, 2.525493
Spine: -0.2723528, 0.2154942, 2.604772
ShoulderCenter: -0.3076639, 0.6082394, 2.71851
Head: -0.2831986, 0.8103017, 2.72204
ShoulderLeft: -0.4347126, 0.4528776, 2.623004
ElbowLeft: -0.4687591, 0.208372, 2.546505
WristLeft: -0.4568169, -0.003421997, 2.42332
HandLeft: -0.455632, -0.09047359, 2.385503
ShoulderRight: -0.1076203, 0.5099184, 2.700764
ElbowRight: 0.139329, 0.5994611, 2.676329
WristRight: 0.3761421, 0.7144611, 2.651142
HandRight: 0.4692535, 0.7412225, 2.694511
HipLeft: -0.3244276, 0.0954736, 2.486928
KneeLeft: -0.2546716, -0.403474, 2.431217
AnkleLeft: -0.2719455, -0.7113226, 2.352814
FootLeft: -0.2439079, -0.7624038, 2.239307
HipRight: -0.1755648, 0.1013812, 2.499415
KneeRight: -0.1996661, -0.2805287, 2.425398
AnkleRight: -0.1315527, -0.6980023, 2.36629
FootRight: -0.2269343, -0.7433379, 2.276405
=========
HipCenter: -0.2562467, 0.1662516, 2.525546
Spine: -0.2722706, 0.2153904, 2.604872
ShoulderCenter: -0.3068822, 0.6080574, 2.718731
Head: -0.2828744, 0.8106896, 2.722624
ShoulderLeft: -0.4346646, 0.4527783, 2.623247
ElbowLeft: -0.4684543, 0.2075551, 2.546211
WristLeft: -0.4576191, 0.001134223, 2.427155
HandLeft: -0.4557222, -0.08821356, 2.388081
ShoulderRight: -0.1076153, 0.5101029, 2.700558
ElbowRight: 0.1399651, 0.5986032, 2.675238
WristRight: 0.3780289, 0.7100092, 2.650061
HandRight: 0.4710185, 0.7361057, 2.694062
HipLeft: -0.3243338, 0.09535646, 2.48708
KneeLeft: -0.2546765, -0.4034812, 2.431213
AnkleLeft: -0.2719411, -0.7114848, 2.352819
FootLeft: -0.2439077, -0.7623897, 2.239336
HipRight: -0.1755125, 0.1012759, 2.499484
KneeRight: -0.1989578, -0.2804851, 2.425289
AnkleRight: -0.1308232, -0.698048, 2.366186
FootRight: -0.2264068, -0.7432701, 2.276691
=========
HipCenter: -0.2562464, 0.1661689, 2.525599
Spine: -0.2721685, 0.2152911, 2.604971
ShoulderCenter: -0.3060441, 0.607892, 2.718928
Head: -0.2825894, 0.8110699, 2.723163
ShoulderLeft: -0.4345823, 0.4526943, 2.623482
ElbowLeft: -0.4682066, 0.2069636, 2.545999
WristLeft: -0.4579024, 0.002442398, 2.428436
HandLeft: -0.4557487, -0.08779315, 2.389077
ShoulderRight: -0.1075627, 0.5102817, 2.700363
ElbowRight: 0.1407621, 0.5976395, 2.674174
WristRight: 0.3792406, 0.7067598, 2.649336
HandRight: 0.4719621, 0.7294729, 2.693251
HipLeft: -0.3242369, 0.09525118, 2.487225
KneeLeft: -0.2546804, -0.4034899, 2.431209
AnkleLeft: -0.2719375, -0.7116442, 2.352824
FootLeft: -0.2439101, -0.7623796, 2.239355
HipRight: -0.1754523, 0.1011722, 2.499549
KneeRight: -0.1982703, -0.280443, 2.425193
AnkleRight: -0.1301193, -0.6980934, 2.366093
FootRight: -0.2259003, -0.7432167, 2.277001
=========
HipCenter: -0.2562313, 0.1660919, 2.52565
Spine: -0.2720418, 0.2151938, 2.605072
ShoulderCenter: -0.3052564, 0.6077406, 2.719105
Head: -0.2822434, 0.8114135, 2.723638
ShoulderLeft: -0.4344832, 0.4526097, 2.623707
ElbowLeft: -0.4677574, 0.2061365, 2.545553
WristLeft: -0.4580835, 0.00316452, 2.429244
HandLeft: -0.4579362, -0.07652429, 2.390601
ShoulderRight: -0.1074687, 0.5104673, 2.700176
ElbowRight: 0.1417914, 0.596691, 2.673315
WristRight: 0.3797283, 0.7038186, 2.648777
HandRight: 0.4719131, 0.7248425, 2.692654
HipLeft: -0.3241344, 0.09515303, 2.487361
KneeLeft: -0.254684, -0.4034971, 2.431205
AnkleLeft: -0.2719286, -0.7117866, 2.352813
FootLeft: -0.2439265, -0.7623621, 2.239391
HipRight: -0.1753737, 0.1010728, 2.499608
KneeRight: -0.1976337, -0.2803977, 2.425095
AnkleRight: -0.1294706, -0.6981321, 2.365998
FootRight: -0.2254431, -0.7431685, 2.277282
=========
HipCenter: -0.2561976, 0.1660131, 2.525699
Spine: -0.2718787, 0.2150878, 2.605175
ShoulderCenter: -0.304434, 0.6075948, 2.719316
Head: -0.2818438, 0.811764, 2.724182
ShoulderLeft: -0.43436, 0.4525282, 2.623927
ElbowLeft: -0.4673239, 0.2053926, 2.545118
WristLeft: -0.4582102, 0.003644416, 2.429792
HandLeft: -0.4575243, -0.07602362, 2.391058
ShoulderRight: -0.107364, 0.5106425, 2.700004
ElbowRight: 0.1428437, 0.5957993, 2.672513
WristRight: 0.3802242, 0.7016631, 2.64836
HandRight: 0.4719019, 0.7218756, 2.692291
HipLeft: -0.324021, 0.09506227, 2.487481
KneeLeft: -0.2546865, -0.4035054, 2.431201
AnkleLeft: -0.2719348, -0.7119229, 2.352797
FootLeft: -0.2439446, -0.7623445, 2.239428
HipRight: -0.1752844, 0.1009737, 2.499661
KneeRight: -0.1970573, -0.2803524, 2.42499
AnkleRight: -0.128885, -0.698167, 2.365896
FootRight: -0.2250504, -0.7431278, 2.27752
=========
HipCenter: -0.2561514, 0.1659375, 2.525744
Spine: -0.2716864, 0.2149809, 2.605272
ShoulderCenter: -0.3035024, 0.6074377, 2.719533
Head: -0.2814919, 0.8120756, 2.724668
ShoulderLeft: -0.4342056, 0.4524497, 2.624142
ElbowLeft: -0.4669329, 0.2047842, 2.544715
WristLeft: -0.4582823, 0.003935635, 2.430184
HandLeft: -0.4566838, -0.07718587, 2.391161
ShoulderRight: -0.1072368, 0.5108012, 2.699835
ElbowRight: 0.1438168, 0.5950253, 2.67187
WristRight: 0.38051, 0.6999279, 2.648013
HandRight: 0.4718336, 0.7198017, 2.691388
HipLeft: -0.3239079, 0.09498207, 2.487588
KneeLeft: -0.254689, -0.4035165, 2.431194
AnkleLeft: -0.2719426, -0.7120608, 2.352777
FootLeft: -0.2439556, -0.7623314, 2.239462
HipRight: -0.1751914, 0.1008798, 2.499707
KneeRight: -0.1965498, -0.2803078, 2.424891
AnkleRight: -0.1283702, -0.6981977, 2.365799
FootRight: -0.2246933, -0.7430879, 2.277708
=========
HipCenter: -0.2560991, 0.1658653, 2.525785
Spine: -0.2714828, 0.2148778, 2.605362
ShoulderCenter: -0.3025947, 0.6073141, 2.719739
Head: -0.2810548, 0.8124664, 2.725377
ShoulderLeft: -0.4340155, 0.4523962, 2.624379
ElbowLeft: -0.4665262, 0.204186, 2.544282
WristLeft: -0.4583279, 0.004094941, 2.430461
HandLeft: -0.4556802, -0.07903292, 2.391159
ShoulderRight: -0.1071039, 0.5109452, 2.699666
ElbowRight: 0.1446627, 0.5943952, 2.671358
WristRight: 0.3806386, 0.6984676, 2.647724
HandRight: 0.4708769, 0.7185863, 2.690212
HipLeft: -0.3237993, 0.09491204, 2.487683
KneeLeft: -0.2546895, -0.403531, 2.431185
AnkleLeft: -0.271951, -0.712201, 2.352756
FootLeft: -0.2439826, -0.762315, 2.2395
HipRight: -0.1751019, 0.1007912, 2.499744
KneeRight: -0.1961119, -0.2802633, 2.424786
AnkleRight: -0.1279267, -0.6982236, 2.365697
FootRight: -0.2244114, -0.7430574, 2.27786
=========
HipCenter: -0.2560325, 0.1657975, 2.525821
Spine: -0.2712602, 0.214778, 2.605446
ShoulderCenter: -0.3018267, 0.6072809, 2.720034
Head: -0.2806376, 0.8127961, 2.72579
ShoulderLeft: -0.4338189, 0.4523537, 2.624619
ElbowLeft: -0.466729, 0.2058951, 2.545715
WristLeft: -0.4583418, 0.004143998, 2.430637
HandLeft: -0.4547749, -0.08105667, 2.391002
ShoulderRight: -0.1069447, 0.5110891, 2.6995
ElbowRight: 0.1455716, 0.5938054, 2.670861
WristRight: 0.3805767, 0.697175, 2.647389
HandRight: 0.4702981, 0.7178137, 2.689387
HipLeft: -0.3236786, 0.09485612, 2.48775
KneeLeft: -0.2546891, -0.4035471, 2.431175
AnkleLeft: -0.2719544, -0.7123384, 2.35273
FootLeft: -0.2440054, -0.7623019, 2.239524
HipRight: -0.1749934, 0.1007006, 2.499774
KneeRight: -0.1957195, -0.2802164, 2.424668
AnkleRight: -0.1275299, -0.6982445, 2.365581
FootRight: -0.2241293, -0.7429782, 2.277926
=========
HipCenter: -0.2559632, 0.1657335, 2.525853
Spine: -0.2710438, 0.2146873, 2.605522
ShoulderCenter: -0.3011721, 0.6072299, 2.720222
Head: -0.2802785, 0.8130686, 2.726129
ShoulderLeft: -0.4336314, 0.4523135, 2.62484
ElbowLeft: -0.4664043, 0.2057188, 2.545443
WristLeft: -0.4583374, 0.004107803, 2.430737
HandLeft: -0.4543832, -0.08286265, 2.390794
ShoulderRight: -0.1067488, 0.5112373, 2.699344
ElbowRight: 0.1463646, 0.5933244, 2.670445
WristRight: 0.3804062, 0.696034, 2.647018
HandRight: 0.4697251, 0.7172511, 2.688629
HipLeft: -0.3235621, 0.0948061, 2.487807
KneeLeft: -0.2546876, -0.4035659, 2.431164
AnkleLeft: -0.2719604, -0.712476, 2.352707
FootLeft: -0.2440445, -0.7622784, 2.23957
HipRight: -0.1748836, 0.1006087, 2.499798
KneeRight: -0.1953275, -0.2801668, 2.424531
AnkleRight: -0.1271337, -0.6982639, 2.365445
FootRight: -0.223854, -0.742892, 2.277971
=========
HipCenter: -0.2558771, 0.165663, 2.525875
Spine: -0.2708, 0.2145915, 2.605575
ShoulderCenter: -0.3004659, 0.6071597, 2.720309
Head: -0.2798665, 0.813325, 2.726437
ShoulderLeft: -0.4334325, 0.4522769, 2.625047
ElbowLeft: -0.4661597, 0.2057054, 2.545305
WristLeft: -0.4583042, 0.003981106, 2.430743
HandLeft: -0.454098, -0.08440104, 2.390192
ShoulderRight: -0.1065442, 0.5113808, 2.699191
ElbowRight: 0.1470229, 0.5929273, 2.67011
WristRight: 0.3816796, 0.6954353, 2.647165
HandRight: 0.4705968, 0.7176399, 2.688699
HipLeft: -0.3234415, 0.09475866, 2.487844
KneeLeft: -0.2546853, -0.4035856, 2.431152
AnkleLeft: -0.2719676, -0.7126093, 2.352682
FootLeft: -0.2440796, -0.7622578, 2.239611
HipRight: -0.1747632, 0.1005051, 2.499814
KneeRight: -0.1949467, -0.2801217, 2.424403
AnkleRight: -0.126855, -0.6982893, 2.365359
FootRight: -0.223647, -0.742833, 2.278005
=========
HipCenter: -0.2557844, 0.1655922, 2.525892
Spine: -0.2705445, 0.2144967, 2.605619
ShoulderCenter: -0.2996389, 0.6070403, 2.720311
Head: -0.2792954, 0.8135529, 2.726734
ShoulderLeft: -0.4332291, 0.4522433, 2.625238
ElbowLeft: -0.4660307, 0.2057312, 2.545268
WristLeft: -0.4582441, 0.003771344, 2.430675
HandLeft: -0.4538901, -0.08577042, 2.389581
ShoulderRight: -0.1063264, 0.5115229, 2.699044
ElbowRight: 0.1476034, 0.5925969, 2.669833
WristRight: 0.384473, 0.6956069, 2.647905
HandRight: 0.4690663, 0.7183689, 2.686792
HipLeft: -0.3233225, 0.0947141, 2.487868
KneeLeft: -0.2546771, -0.4036127, 2.431136
AnkleLeft: -0.2719685, -0.7127504, 2.352652
FootLeft: -0.2441099, -0.762243, 2.239628
HipRight: -0.174643, 0.1003978, 2.49983
KneeRight: -0.1947846, -0.2801018, 2.424356
AnkleRight: -0.1267041, -0.6983041, 2.365317
FootRight: -0.2235325, -0.7427961, 2.27803
=========
HipCenter: -0.2556606, 0.1655081, 2.525899
Spine: -0.2702544, 0.2143959, 2.605641
ShoulderCenter: -0.2987829, 0.606901, 2.720165
Head: -0.2788458, 0.8137431, 2.726921
ShoulderLeft: -0.4329956, 0.4522045, 2.625401
ElbowLeft: -0.4659212, 0.2059284, 2.545306
WristLeft: -0.4581838, 0.003560545, 2.430589
HandLeft: -0.4538059, -0.08689024, 2.389111
ShoulderRight: -0.1061063, 0.5116601, 2.698903
ElbowRight: 0.1481034, 0.5923341, 2.669591
WristRight: 0.3875992, 0.6961801, 2.648621
HandRight: 0.4709964, 0.7196908, 2.68627
HipLeft: -0.3231736, 0.09465712, 2.487864
KneeLeft: -0.2546608, -0.4036469, 2.431116
AnkleLeft: -0.2719732, -0.7128949, 2.352608
FootLeft: -0.2441364, -0.7622318, 2.239643
HipRight: -0.1744964, 0.1002719, 2.499852
KneeRight: -0.1946653, -0.2800874, 2.424322
AnkleRight: -0.1265934, -0.6983181, 2.365288
FootRight: -0.2234474, -0.7427683, 2.278049
=========
HipCenter: -0.2555318, 0.1654211, 2.525901
Spine: -0.269976, 0.2142979, 2.605652
ShoulderCenter: -0.2980469, 0.6067769, 2.72001
Head: -0.2784304, 0.8139125, 2.727064
ShoulderLeft: -0.4327602, 0.452168, 2.625538
ElbowLeft: -0.4658725, 0.2063195, 2.545449
WristLeft: -0.458109, 0.003307705, 2.430466
HandLeft: -0.453728, -0.08783343, 2.388603
ShoulderRight: -0.1058947, 0.5117887, 2.698771
ElbowRight: 0.1485132, 0.5921134, 2.669388
WristRight: 0.3909196, 0.6969987, 2.649401
HandRight: 0.4736112, 0.7211719, 2.686297
HipLeft: -0.323021, 0.09459481, 2.487857
KneeLeft: -0.2546337, -0.4036855, 2.431091
AnkleLeft: -0.2719624, -0.7130369, 2.352569
FootLeft: -0.2441597, -0.7622225, 2.239659
HipRight: -0.1743555, 0.1001508, 2.499862
KneeRight: -0.1945766, -0.2800763, 2.424298
AnkleRight: -0.1265108, -0.6983306, 2.365268
FootRight: -0.2233869, -0.7427492, 2.278069
=========
HipCenter: -0.2553983, 0.1653325, 2.525899
Spine: -0.2696963, 0.2141972, 2.605657
ShoulderCenter: -0.2973525, 0.60665, 2.719887
Head: -0.2780883, 0.8140488, 2.72717
ShoulderLeft: -0.43254, 0.4521345, 2.625658
ElbowLeft: -0.4658133, 0.2064077, 2.545468
WristLeft: -0.458005, 0.003035281, 2.43029
HandLeft: -0.4536776, -0.08863528, 2.388135
ShoulderRight: -0.1056848, 0.5119074, 2.698642
ElbowRight: 0.1488243, 0.5919351, 2.669205
WristRight: 0.3934497, 0.6976974, 2.649995
HandRight: 0.476246, 0.7223086, 2.686143
HipLeft: -0.3228701, 0.09453107, 2.487844
KneeLeft: -0.2546008, -0.4037205, 2.43106
AnkleLeft: -0.2719535, -0.7131614, 2.35253
FootLeft: -0.2441847, -0.7622165, 2.239665
HipRight: -0.1742192, 0.1000327, 2.499869
KneeRight: -0.1945102, -0.2800673, 2.424281
AnkleRight: -0.1264483, -0.6983429, 2.365255
FootRight: -0.2233401, -0.742733, 2.278091
=========
HipCenter: -0.2552692, 0.165247, 2.525896
Spine: -0.2694342, 0.2140996, 2.605659
ShoulderCenter: -0.2968896, 0.6065555, 2.719827
Head: -0.2777559, 0.8141608, 2.727239
ShoulderLeft: -0.4323315, 0.4521014, 2.625762
ElbowLeft: -0.4657503, 0.2066727, 2.545599
WristLeft: -0.45788, 0.002705897, 2.430027
HandLeft: -0.4536456, -0.0893756, 2.387671
ShoulderRight: -0.1054835, 0.5120119, 2.698509
ElbowRight: 0.1490547, 0.5917822, 2.669041
WristRight: 0.395345, 0.6982782, 2.650458
HandRight: 0.4767751, 0.7228705, 2.685808
HipLeft: -0.3227232, 0.09446891, 2.487829
KneeLeft: -0.2545622, -0.4037517, 2.431025
AnkleLeft: -0.271947, -0.71327, 2.352495
FootLeft: -0.2442072, -0.7622127, 2.23967
HipRight: -0.1740916, 0.09992182, 2.49987
KneeRight: -0.1944696, -0.2800553, 2.424275
AnkleRight: -0.1264053, -0.6983538, 2.365247
FootRight: -0.2233131, -0.7427207, 2.278116
=========
HipCenter: -0.2551447, 0.1651649, 2.525888
Spine: -0.2691937, 0.2140088, 2.605655
ShoulderCenter: -0.2965167, 0.6064757, 2.719779
Head: -0.2774768, 0.8142515, 2.727237
ShoulderLeft: -0.4321232, 0.4520749, 2.625854
ElbowLeft: -0.4657221, 0.2070683, 2.545794
WristLeft: -0.4577575, 0.002383447, 2.429771
HandLeft: -0.4535942, -0.09002051, 2.387287
ShoulderRight: -0.1052939, 0.512107, 2.698382
ElbowRight: 0.1492284, 0.5916479, 2.668899
WristRight: 0.3929237, 0.6970644, 2.648283
HandRight: 0.4762635, 0.7231201, 2.685296
HipLeft: -0.3225833, 0.09440938, 2.487811
KneeLeft: -0.2545198, -0.403778, 2.430986
AnkleLeft: -0.2719394, -0.7133641, 2.352464
FootLeft: -0.2442268, -0.7622116, 2.239675
HipRight: -0.1739758, 0.09982127, 2.499864
KneeRight: -0.1944539, -0.2800391, 2.424282
AnkleRight: -0.1263782, -0.6983649, 2.365245
FootRight: -0.2233022, -0.7427146, 2.278152
=========
HipCenter: -0.2550088, 0.1650849, 2.525873
Spine: -0.268957, 0.2139229, 2.605645
ShoulderCenter: -0.2962113, 0.6064081, 2.719743
Head: -0.277194, 0.8143314, 2.727183
ShoulderLeft: -0.4319022, 0.4520531, 2.625932
ElbowLeft: -0.4656536, 0.2071582, 2.5458
WristLeft: -0.4575863, 0.001999759, 2.429438
HandLeft: -0.453584, -0.09062765, 2.386669
ShoulderRight: -0.1051166, 0.5121946, 2.698264
ElbowRight: 0.1493633, 0.5915306, 2.668773
WristRight: 0.3931611, 0.6970257, 2.647985
HandRight: 0.4772193, 0.7237842, 2.685561
HipLeft: -0.3224192, 0.09435269, 2.487778
KneeLeft: -0.2544456, -0.4038104, 2.430939
AnkleLeft: -0.2719332, -0.7134549, 2.352428
FootLeft: -0.2442454, -0.7622112, 2.239679
HipRight: -0.1738621, 0.09972982, 2.499854
KneeRight: -0.1944395, -0.2800264, 2.424285
AnkleRight: -0.1263594, -0.6983745, 2.365246
FootRight: -0.2232904, -0.7427071, 2.27818
=========
HipCenter: -0.2548765, 0.1650113, 2.525857
Spine: -0.2687401, 0.2138456, 2.605633
ShoulderCenter: -0.2959701, 0.606351, 2.719713
Head: -0.2768904, 0.8144096, 2.727151
ShoulderLeft: -0.4316971, 0.4520359, 2.626
ElbowLeft: -0.4655824, 0.2072192, 2.545784
WristLeft: -0.4573757, 0.001574808, 2.429029
HandLeft: -0.4518123, -0.08100575, 2.38452
ShoulderRight: -0.1049402, 0.5122806, 2.698157
ElbowRight: 0.1494705, 0.5914255, 2.668656
WristRight: 0.3934821, 0.6970733, 2.647756
HandRight: 0.4784971, 0.724358, 2.685983
HipLeft: -0.3222573, 0.09430008, 2.48774
KneeLeft: -0.2543696, -0.4038349, 2.430887
AnkleLeft: -0.2719263, -0.7135317, 2.352398
FootLeft: -0.2442628, -0.7622124, 2.239683
HipRight: -0.1737523, 0.09964592, 2.499842
KneeRight: -0.1944476, -0.2800021, 2.4243
AnkleRight: -0.1263489, -0.6983827, 2.365247
FootRight: -0.2232893, -0.7427076, 2.27822
=========
HipCenter: -0.2547321, 0.1649392, 2.525836
Spine: -0.2685312, 0.2137729, 2.605619
ShoulderCenter: -0.2957883, 0.6063058, 2.719696
Head: -0.276612, 0.8144856, 2.727133
ShoulderLeft: -0.4315008, 0.4520144, 2.626055
ElbowLeft: -0.4654076, 0.2070382, 2.545589
WristLeft: -0.4571816, 0.001192568, 2.428652
HandLeft: -0.4512503, -0.08273391, 2.385149
ShoulderRight: -0.10478, 0.5123584, 2.698061
ElbowRight: 0.1495578, 0.5913287, 2.668545
WristRight: 0.3925794, 0.6965833, 2.646975
HandRight: 0.4786663, 0.7244352, 2.685843
HipLeft: -0.322072, 0.09424715, 2.487688
KneeLeft: -0.2543224, -0.4038498, 2.430854
AnkleLeft: -0.2719092, -0.7136036, 2.352357
FootLeft: -0.2442798, -0.762216, 2.239682
HipRight: -0.1736287, 0.09956716, 2.499828
KneeRight: -0.1944884, -0.2799649, 2.424323
AnkleRight: -0.1263529, -0.6983905, 2.365253
FootRight: -0.2232952, -0.7427102, 2.278255
=========
HipCenter: -0.2545847, 0.1648698, 2.525813
Spine: -0.2683301, 0.213696, 2.605603
ShoulderCenter: -0.2956756, 0.6062852, 2.719774
Head: -0.2762333, 0.8145632, 2.727077
ShoulderLeft: -0.4313198, 0.4519961, 2.626101
ElbowLeft: -0.4651587, 0.2067253, 2.545243
WristLeft: -0.457055, 0.0009867018, 2.428468
HandLeft: -0.4508145, -0.08440797, 2.385931
ShoulderRight: -0.1046286, 0.5124307, 2.697972
ElbowRight: 0.1496342, 0.5912432, 2.668454
WristRight: 0.3922602, 0.6963475, 2.646638
HandRight: 0.4781367, 0.7246408, 2.68523
HipLeft: -0.3218786, 0.09419467, 2.487631
KneeLeft: -0.254246, -0.403868, 2.430804
AnkleLeft: -0.2718866, -0.7136738, 2.352311
FootLeft: -0.2442891, -0.7622186, 2.23968
HipRight: -0.1734909, 0.09949443, 2.499803
KneeRight: -0.1945705, -0.2799218, 2.424337
AnkleRight: -0.126411, -0.6983957, 2.36526
FootRight: -0.2233362, -0.7427189, 2.278281
