=========
HipCenter: -0.1954147, 0.05813542, 2.996767
Spine: -0.2113413, 0.1083227, 3.066092
ShoulderCenter: -0.2189744, 0.4742597, 3.143544
Head: -0.1789413, 0.6664323, 3.154094
ShoulderLeft: -0.3795658, 0.3691972, 3.103425
ElbowLeft: -0.5810691, 0.3707335, 3.106447
WristLeft: -0.6530945, 0.5767893, 2.998038
HandLeft: -0.6542031, 0.6524501, 3.008091
ShoulderRight: -0.03417196, 0.3708996, 3.190874
ElbowRight: 0.1595643, 0.335577, 3.23444
WristRight: 0.2793079, 0.5371023, 3.222246
HandRight: 0.2917847, 0.6358585, 3.249765
HipLeft: -0.268821, -0.01832549, 2.942149
KneeLeft: -0.2534067, -0.4649046, 2.771037
AnkleLeft: -0.2640624, -0.8159667, 2.750256
FootLeft: -0.2601617, -0.8850553, 2.626531
HipRight: -0.1133938, -0.01755942, 2.992499
KneeRight: -0.1889789, -0.5480291, 2.892163
AnkleRight: -0.2292437, -0.8587248, 2.813709
FootRight: -0.2399019, -0.9036549, 2.683183
=========
HipCenter: -0.1957573, 0.05794909, 2.995799
Spine: -0.2109566, 0.1079665, 3.065513
ShoulderCenter: -0.2214509, 0.4741709, 3.143945
Head: -0.1800399, 0.6637697, 3.151127
ShoulderLeft: -0.3795665, 0.3692948, 3.102031
ElbowLeft: -0.5819839, 0.3714449, 3.104829
WristLeft: -0.6638417, 0.5707152, 2.985899
HandLeft: -0.6710349, 0.6848704, 2.980659
ShoulderRight: -0.03840447, 0.3691532, 3.181183
ElbowRight: 0.1596244, 0.3368252, 3.233182
WristRight: 0.2787531, 0.536972, 3.218641
HandRight: 0.292493, 0.6342766, 3.247787
HipLeft: -0.2687358, -0.01791448, 2.942384
KneeLeft: -0.2532577, -0.4632629, 2.762486
AnkleLeft: -0.2625179, -0.8103093, 2.734979
FootLeft: -0.2589507, -0.8786817, 2.614176
HipRight: -0.1144117, -0.01688245, 2.987751
KneeRight: -0.1885555, -0.5460452, 2.889386
AnkleRight: -0.2291135, -0.8587248, 2.813656
FootRight: -0.242495, -0.8974158, 2.675008
=========
HipCenter: -0.1975669, 0.0677699, 2.991927
Spine: -0.2121115, 0.1130103, 3.062837
ShoulderCenter: -0.2230266, 0.4744386, 3.14326
Head: -0.1806274, 0.6623328, 3.147866
ShoulderLeft: -0.3795944, 0.3693708, 3.100659
ElbowLeft: -0.6022289, 0.3890863, 3.086181
WristLeft: -0.6702381, 0.5745844, 2.977875
HandLeft: -0.6768771, 0.696312, 2.96797
ShoulderRight: -0.04085561, 0.3687525, 3.174215
ElbowRight: 0.1574561, 0.3377943, 3.22678
WristRight: 0.2788487, 0.5370915, 3.210649
HandRight: 0.2929873, 0.632852, 3.243828
HipLeft: -0.2691271, -0.002486909, 2.941111
KneeLeft: -0.2554771, -0.4439635, 2.72648
AnkleLeft: -0.2685022, -0.7714031, 2.651091
FootLeft: -0.2549025, -0.8504228, 2.553589
HipRight: -0.1172482, 0.0007156397, 2.978002
KneeRight: -0.1877903, -0.5443531, 2.888051
AnkleRight: -0.2289586, -0.8586012, 2.813528
FootRight: -0.2254326, -0.9001502, 2.680999
=========
HipCenter: -0.1969925, 0.07590398, 2.984079
Spine: -0.2116716, 0.1203792, 3.054871
ShoulderCenter: -0.2239356, 0.4770864, 3.136514
Head: -0.1812281, 0.6647995, 3.12079
ShoulderLeft: -0.379006, 0.3717162, 3.092458
ElbowLeft: -0.6028979, 0.3929206, 3.080125
WristLeft: -0.6771199, 0.5808243, 2.961645
HandLeft: -0.6801956, 0.7099811, 2.933244
ShoulderRight: -0.04204458, 0.3701955, 3.163065
ElbowRight: 0.1530474, 0.3418568, 3.188412
WristRight: 0.2771954, 0.5472929, 3.183408
HandRight: 0.2949904, 0.6360694, 3.229202
HipLeft: -0.2680153, 0.005723308, 2.936853
KneeLeft: -0.2558216, -0.4172192, 2.681923
AnkleLeft: -0.2619491, -0.7253961, 2.544159
FootLeft: -0.2413202, -0.7971778, 2.439335
HipRight: -0.1167063, 0.008962043, 2.968401
KneeRight: -0.1792964, -0.5339778, 2.884441
AnkleRight: -0.2165007, -0.8422498, 2.838709
FootRight: -0.1940239, -0.9007856, 2.744498
=========
HipCenter: -0.1953688, 0.07870784, 2.973302
Spine: -0.2102896, 0.1237638, 3.043541
ShoulderCenter: -0.2240284, 0.4799699, 3.124201
Head: -0.178322, 0.6635205, 3.096775
ShoulderLeft: -0.3763198, 0.3749801, 3.07704
ElbowLeft: -0.6156473, 0.4107913, 3.037414
WristLeft: -0.6807591, 0.5856628, 2.947807
HandLeft: -0.6802661, 0.7154239, 2.91591
ShoulderRight: -0.0403511, 0.3734431, 3.14843
ElbowRight: 0.1508495, 0.3440082, 3.164167
WristRight: 0.2761378, 0.5545132, 3.16265
HandRight: 0.2982249, 0.6417149, 3.20662
HipLeft: -0.2659507, 0.008234095, 2.927934
KneeLeft: -0.2539622, -0.3944508, 2.648661
AnkleLeft: -0.2556705, -0.6839547, 2.461199
FootLeft: -0.2280477, -0.750091, 2.354244
HipRight: -0.1151827, 0.0114635, 2.95875
KneeRight: -0.1714777, -0.5232004, 2.880073
AnkleRight: -0.2109533, -0.8351322, 2.849459
FootRight: -0.1806936, -0.9003766, 2.772464
=========
HipCenter: -0.1928181, 0.0795402, 2.960947
Spine: -0.2072363, 0.1259629, 3.02989
ShoulderCenter: -0.2207897, 0.4832009, 3.100647
Head: -0.175741, 0.6616938, 3.073631
ShoulderLeft: -0.3732257, 0.3779451, 3.060142
ElbowLeft: -0.6015032, 0.4051236, 3.023496
WristLeft: -0.6806027, 0.5881157, 2.928062
HandLeft: -0.6802638, 0.7174889, 2.902181
ShoulderRight: -0.03724062, 0.3752759, 3.122487
ElbowRight: 0.1505235, 0.3460112, 3.148038
WristRight: 0.2744248, 0.5611217, 3.137377
HandRight: 0.3092372, 0.668108, 3.156635
HipLeft: -0.2634943, 0.009061087, 2.918557
KneeLeft: -0.2517822, -0.3813354, 2.62413
AnkleLeft: -0.2520499, -0.6488717, 2.416346
FootLeft: -0.2167852, -0.7123159, 2.302878
HipRight: -0.1126656, 0.01124258, 2.947369
KneeRight: -0.1655446, -0.5140972, 2.874957
AnkleRight: -0.207757, -0.8312477, 2.854995
FootRight: -0.1737112, -0.8999255, 2.786514
=========
HipCenter: -0.1881415, 0.07755992, 2.942228
Spine: -0.2027632, 0.1254011, 3.012315
ShoulderCenter: -0.2184279, 0.4846846, 3.087847
Head: -0.1739679, 0.6625864, 3.055516
ShoulderLeft: -0.3703982, 0.3817583, 3.040041
ElbowLeft: -0.5915339, 0.3999313, 3.013721
WristLeft: -0.6790408, 0.5892469, 2.913269
HandLeft: -0.6799237, 0.7186515, 2.89149
ShoulderRight: -0.03351925, 0.3767589, 3.101143
ElbowRight: 0.1523175, 0.3471379, 3.129744
WristRight: 0.2734093, 0.564492, 3.114083
HandRight: 0.3148886, 0.6831021, 3.125768
HipLeft: -0.2585257, 0.006620946, 2.898219
KneeLeft: -0.2499164, -0.3729862, 2.609231
AnkleLeft: -0.2446665, -0.6350082, 2.379278
FootLeft: -0.2094324, -0.6926454, 2.271245
HipRight: -0.1070332, 0.006499695, 2.927635
KneeRight: -0.1611828, -0.5074832, 2.868035
AnkleRight: -0.2004727, -0.8053648, 2.854359
FootRight: -0.167729, -0.8883023, 2.794519
=========
HipCenter: -0.1812021, 0.09205262, 2.917689
Spine: -0.1973287, 0.1383571, 2.986479
ShoulderCenter: -0.2153434, 0.4863853, 3.04653
Head: -0.1732711, 0.6630504, 3.040746
ShoulderLeft: -0.3693257, 0.3857196, 3.013257
ElbowLeft: -0.6028806, 0.4128665, 2.975412
WristLeft: -0.6762446, 0.5886811, 2.89743
HandLeft: -0.6776319, 0.7185701, 2.873951
ShoulderRight: -0.03059092, 0.3787735, 3.08517
ElbowRight: 0.1547684, 0.3482262, 3.116989
WristRight: 0.2740228, 0.5675613, 3.080924
HandRight: 0.3122203, 0.6802201, 3.099025
HipLeft: -0.2507732, 0.02014943, 2.867701
KneeLeft: -0.2485713, -0.3671331, 2.599681
AnkleLeft: -0.2403354, -0.6229514, 2.357638
FootLeft: -0.2034536, -0.6741337, 2.24109
HipRight: -0.1006473, 0.01263721, 2.912794
KneeRight: -0.1584996, -0.506588, 2.857701
AnkleRight: -0.1971606, -0.7954276, 2.854489
FootRight: -0.1867751, -0.8005112, 2.741904
=========
HipCenter: -0.1775243, 0.09719028, 2.897272
Spine: -0.1943657, 0.1436435, 2.964721
ShoulderCenter: -0.2155585, 0.4885261, 3.024135
Head: -0.1733039, 0.665007, 3.022372
ShoulderLeft: -0.3681681, 0.3890083, 2.987095
ElbowLeft: -0.6079046, 0.4183931, 2.95764
WristLeft: -0.6726193, 0.5894555, 2.877897
HandLeft: -0.6749217, 0.7193815, 2.86018
ShoulderRight: -0.02877635, 0.383945, 3.060464
ElbowRight: 0.1559642, 0.3530382, 3.079936
WristRight: 0.2753289, 0.5705321, 3.057356
HandRight: 0.3143313, 0.6562209, 3.043847
HipLeft: -0.2475698, 0.02497102, 2.851822
KneeLeft: -0.2463605, -0.3587126, 2.591635
AnkleLeft: -0.2359397, -0.6086237, 2.335625
FootLeft: -0.1998808, -0.6618828, 2.223367
HipRight: -0.09388582, 0.01676688, 2.888736
KneeRight: -0.1546325, -0.4976498, 2.840533
AnkleRight: -0.1938469, -0.7877503, 2.854074
FootRight: -0.1880404, -0.7623955, 2.726714
=========
HipCenter: -0.1821338, 0.1163471, 2.84599
Spine: -0.1971578, 0.1613583, 2.913193
ShoulderCenter: -0.2163921, 0.4998858, 2.977404
Head: -0.1729182, 0.6811498, 2.971407
ShoulderLeft: -0.3686417, 0.4008917, 2.94577
ElbowLeft: -0.5847174, 0.4155249, 2.928395
WristLeft: -0.6586663, 0.6053905, 2.828534
HandLeft: -0.6719623, 0.7242376, 2.814785
ShoulderRight: -0.02423058, 0.3972292, 3.012495
ElbowRight: 0.1703226, 0.3693646, 3.029752
WristRight: 0.2808598, 0.5899749, 3.009203
HandRight: 0.2970428, 0.6597569, 3.007074
HipLeft: -0.2543077, 0.04859949, 2.806891
KneeLeft: -0.2413002, -0.3488724, 2.558339
AnkleLeft: -0.2340236, -0.5946563, 2.323348
FootLeft: -0.2095571, -0.6017838, 2.20948
HipRight: -0.09712878, 0.03382261, 2.829385
KneeRight: -0.151684, -0.4854493, 2.815352
AnkleRight: -0.1848056, -0.767275, 2.846621
FootRight: -0.1866699, -0.7261744, 2.705602
=========
HipCenter: -0.1819388, 0.122929, 2.812777
Spine: -0.1973996, 0.1679777, 2.882116
ShoulderCenter: -0.2159814, 0.5058941, 2.9575
Head: -0.1714165, 0.6911564, 2.938098
ShoulderLeft: -0.3668139, 0.4065803, 2.906608
ElbowLeft: -0.5917246, 0.4259598, 2.888055
WristLeft: -0.6602713, 0.6399117, 2.786489
HandLeft: -0.6712671, 0.7289082, 2.79119
ShoulderRight: -0.02238952, 0.4049167, 2.981805
ElbowRight: 0.1743064, 0.3751962, 3.008535
WristRight: 0.2825777, 0.5911362, 2.967798
HandRight: 0.294973, 0.6651137, 2.98387
HipLeft: -0.2517242, 0.05524889, 2.75927
KneeLeft: -0.2391115, -0.3453362, 2.545565
AnkleLeft: -0.2192533, -0.6168753, 2.29824
FootLeft: -0.1989547, -0.6495694, 2.202291
HipRight: -0.09785999, 0.04067154, 2.798428
KneeRight: -0.150536, -0.4818626, 2.799523
AnkleRight: -0.179725, -0.7568687, 2.841138
FootRight: -0.184833, -0.7099977, 2.6942
=========
HipCenter: -0.1775682, 0.1323046, 2.756516
Spine: -0.1946108, 0.1788638, 2.826763
ShoulderCenter: -0.2208357, 0.5306985, 2.913468
Head: -0.1723242, 0.7067887, 2.887243
ShoulderLeft: -0.3591434, 0.4212084, 2.852471
ElbowLeft: -0.5933488, 0.4386304, 2.843117
WristLeft: -0.6615001, 0.6656249, 2.741296
HandLeft: -0.6704779, 0.7451295, 2.74496
ShoulderRight: -0.02260769, 0.4240486, 2.927563
ElbowRight: 0.1629095, 0.3883919, 2.948467
WristRight: 0.2765854, 0.6030427, 2.925407
HandRight: 0.2810218, 0.6698322, 2.952374
HipLeft: -0.244005, 0.06877355, 2.70872
KneeLeft: -0.2407745, -0.3418098, 2.496112
AnkleLeft: -0.2128388, -0.6343948, 2.284498
FootLeft: -0.1898396, -0.6687495, 2.174736
HipRight: -0.09495503, 0.05287008, 2.739341
KneeRight: -0.1508237, -0.4703194, 2.748769
AnkleRight: -0.1727282, -0.7359319, 2.820685
FootRight: -0.1785787, -0.697048, 2.670907
=========
HipCenter: -0.1746585, 0.1400648, 2.720907
Spine: -0.1925116, 0.186946, 2.791689
ShoulderCenter: -0.2201488, 0.5443792, 2.885294
Head: -0.1730562, 0.7158601, 2.855322
ShoulderLeft: -0.3549136, 0.4286061, 2.823143
ElbowLeft: -0.5940903, 0.445418, 2.811686
WristLeft: -0.6626702, 0.6774629, 2.716568
HandLeft: -0.6699015, 0.7521822, 2.722842
ShoulderRight: -0.02180357, 0.4332885, 2.902302
ElbowRight: 0.1664865, 0.4044292, 2.910585
WristRight: 0.2783017, 0.616599, 2.904684
HandRight: 0.2809034, 0.6816201, 2.932163
HipLeft: -0.240128, 0.07870446, 2.675173
KneeLeft: -0.2415406, -0.3406143, 2.476464
AnkleLeft: -0.2105684, -0.6415729, 2.277598
FootLeft: -0.184978, -0.691355, 2.166138
HipRight: -0.09313098, 0.0614668, 2.703666
KneeRight: -0.1496556, -0.464649, 2.70892
AnkleRight: -0.1812679, -0.7437272, 2.786795
FootRight: -0.1843491, -0.7181702, 2.644753
=========
HipCenter: -0.1719701, 0.1446753, 2.695998
Spine: -0.1900695, 0.1917804, 2.766826
ShoulderCenter: -0.218024, 0.5528105, 2.863576
Head: -0.1739278, 0.7236962, 2.837296
ShoulderLeft: -0.3507507, 0.4336197, 2.795247
ElbowLeft: -0.595149, 0.451438, 2.788553
WristLeft: -0.6637558, 0.6842402, 2.699064
HandLeft: -0.6687692, 0.7568194, 2.70532
ShoulderRight: -0.02005185, 0.4428612, 2.877107
ElbowRight: 0.1884729, 0.434396, 2.880973
WristRight: 0.2921387, 0.654617, 2.889667
HandRight: 0.2950352, 0.7191916, 2.914112
HipLeft: -0.2368746, 0.08381668, 2.65211
KneeLeft: -0.2417955, -0.3389758, 2.465962
AnkleLeft: -0.2100112, -0.6454664, 2.272921
FootLeft: -0.1833362, -0.7024778, 2.161967
HipRight: -0.09139385, 0.06698626, 2.678743
KneeRight: -0.1475444, -0.4600265, 2.653942
AnkleRight: -0.1865698, -0.7504262, 2.769741
FootRight: -0.1883997, -0.7346833, 2.631932
=========
HipCenter: -0.1697425, 0.1591315, 2.646878
Spine: -0.1879713, 0.2069351, 2.717902
ShoulderCenter: -0.2198269, 0.5735372, 2.815709
Head: -0.1698714, 0.7434725, 2.792139
ShoulderLeft: -0.3523022, 0.4585272, 2.755811
ElbowLeft: -0.5901191, 0.4660586, 2.741715
WristLeft: -0.6648414, 0.6900046, 2.658666
HandLeft: -0.6701255, 0.7725757, 2.664808
ShoulderRight: -0.01863447, 0.4583956, 2.828444
ElbowRight: 0.1980343, 0.4620357, 2.844007
WristRight: 0.2998929, 0.6873896, 2.852293
HandRight: 0.3139096, 0.7637236, 2.888386
HipLeft: -0.2344102, 0.09742793, 2.600938
KneeLeft: -0.2383954, -0.3394397, 2.456867
AnkleLeft: -0.2108668, -0.6479763, 2.270477
FootLeft: -0.1826914, -0.7091782, 2.159924
HipRight: -0.08809817, 0.08056242, 2.631806
KneeRight: -0.142567, -0.4414608, 2.577185
AnkleRight: -0.1862857, -0.7588737, 2.721869
FootRight: -0.1863766, -0.7505122, 2.590703
=========
HipCenter: -0.168113, 0.1652091, 2.627007
Spine: -0.1866584, 0.2133863, 2.698011
ShoulderCenter: -0.2194117, 0.5830735, 2.795651
Head: -0.1682553, 0.7511969, 2.775109
ShoulderLeft: -0.3519793, 0.4692805, 2.736772
ElbowLeft: -0.5862923, 0.4725384, 2.720575
WristLeft: -0.6650364, 0.6933827, 2.642485
HandLeft: -0.6706782, 0.7801102, 2.645902
ShoulderRight: -0.02429812, 0.4978307, 2.81435
ElbowRight: 0.2014356, 0.4716325, 2.827821
WristRight: 0.302473, 0.6987902, 2.838499
HandRight: 0.3210749, 0.7828051, 2.876065
HipLeft: -0.2324428, 0.1030257, 2.58056
KneeLeft: -0.2316427, -0.3419496, 2.449581
AnkleLeft: -0.2127581, -0.6493081, 2.269759
FootLeft: -0.1828253, -0.7135, 2.159714
HipRight: -0.08645743, 0.0872852, 2.612402
KneeRight: -0.1400462, -0.446494, 2.531037
AnkleRight: -0.187451, -0.7770181, 2.693857
FootRight: -0.1860788, -0.7674204, 2.568561
=========
HipCenter: -0.1665573, 0.1697606, 2.612879
Spine: -0.1849061, 0.2185515, 2.683451
ShoulderCenter: -0.2164823, 0.5905718, 2.776241
Head: -0.1677059, 0.7569677, 2.763161
ShoulderLeft: -0.351422, 0.4780904, 2.715614
ElbowLeft: -0.5813945, 0.4765487, 2.704599
WristLeft: -0.6649771, 0.6950924, 2.630263
HandLeft: -0.6709974, 0.7859633, 2.631368
ShoulderRight: -0.01999247, 0.49714, 2.783556
ElbowRight: 0.2023195, 0.4770166, 2.815794
WristRight: 0.3037366, 0.7053337, 2.82898
HandRight: 0.3239314, 0.7949408, 2.864575
HipLeft: -0.2302552, 0.1069856, 2.560321
KneeLeft: -0.2208914, -0.346664, 2.443138
AnkleLeft: -0.2150187, -0.6496904, 2.27
FootLeft: -0.1834471, -0.7158841, 2.160834
HipRight: -0.08533046, 0.09119118, 2.60049
KneeRight: -0.1390129, -0.4491787, 2.504153
AnkleRight: -0.1808292, -0.7888107, 2.648425
FootRight: -0.1799347, -0.778358, 2.524915
=========
HipCenter: -0.1649809, 0.1740482, 2.600633
Spine: -0.1831343, 0.2232828, 2.670921
ShoulderCenter: -0.2139225, 0.5963987, 2.761425
Head: -0.1667317, 0.7644215, 2.751283
ShoulderLeft: -0.3507808, 0.4834032, 2.702543
ElbowLeft: -0.5869017, 0.5012654, 2.671754
WristLeft: -0.6652755, 0.705566, 2.613683
HandLeft: -0.6709653, 0.7936351, 2.615959
ShoulderRight: -0.01897535, 0.4982744, 2.767877
ElbowRight: 0.2021538, 0.4800195, 2.807023
WristRight: 0.3040906, 0.7090488, 2.822281
HandRight: 0.3256315, 0.802134, 2.857446
HipLeft: -0.2289826, 0.1097796, 2.548031
KneeLeft: -0.2110472, -0.3493056, 2.435644
AnkleLeft: -0.2171295, -0.649525, 2.270609
FootLeft: -0.1843182, -0.7168275, 2.162596
HipRight: -0.083727, 0.09636089, 2.589189
KneeRight: -0.1394248, -0.4507069, 2.476882
AnkleRight: -0.1725672, -0.785928, 2.589893
FootRight: -0.173154, -0.7751898, 2.466421
=========
HipCenter: -0.1635785, 0.1784669, 2.590477
Spine: -0.1818059, 0.2279305, 2.660723
ShoulderCenter: -0.2130506, 0.6014726, 2.750435
Head: -0.1658323, 0.7712759, 2.741119
ShoulderLeft: -0.3503931, 0.4873803, 2.692791
ElbowLeft: -0.5881542, 0.510318, 2.658187
WristLeft: -0.6652513, 0.7112238, 2.604055
HandLeft: -0.6709654, 0.8005011, 2.603195
ShoulderRight: -0.01797881, 0.4998158, 2.757762
ElbowRight: 0.1948907, 0.4786201, 2.797255
WristRight: 0.3015448, 0.7070363, 2.814579
HandRight: 0.3248761, 0.8053427, 2.847921
HipLeft: -0.2278175, 0.1127646, 2.537241
KneeLeft: -0.2018993, -0.3501326, 2.427203
AnkleLeft: -0.2186809, -0.6492122, 2.271075
FootLeft: -0.1851133, -0.7170777, 2.164205
HipRight: -0.08205748, 0.10109, 2.580448
KneeRight: -0.1397823, -0.4504875, 2.462143
AnkleRight: -0.1613674, -0.765505, 2.525753
FootRight: -0.165117, -0.7577444, 2.401302
=========
HipCenter: -0.1606817, 0.1856589, 2.570223
Spine: -0.1795256, 0.2358437, 2.640734
ShoulderCenter: -0.2081943, 0.611729, 2.731748
Head: -0.1628163, 0.784029, 2.723651
ShoulderLeft: -0.3440579, 0.4996069, 2.662648
ElbowLeft: -0.5879158, 0.5199267, 2.641838
WristLeft: -0.6638328, 0.7199026, 2.582863
HandLeft: -0.6670919, 0.8296673, 2.571725
ShoulderRight: -0.01582101, 0.5019302, 2.744031
ElbowRight: 0.1815246, 0.4785604, 2.776662
WristRight: 0.2956315, 0.7037104, 2.79617
HandRight: 0.3209642, 0.8057042, 2.829101
HipLeft: -0.225199, 0.1187168, 2.516131
KneeLeft: -0.1777786, -0.3681186, 2.401493
AnkleLeft: -0.2193966, -0.6493888, 2.271722
FootLeft: -0.1817136, -0.7222713, 2.174371
HipRight: -0.08000503, 0.1081318, 2.563946
KneeRight: -0.1427891, -0.4501412, 2.442908
AnkleRight: -0.1450668, -0.7350686, 2.415884
FootRight: -0.1392079, -0.758036, 2.293221
=========
HipCenter: -0.1593839, 0.1900244, 2.558624
Spine: -0.1784406, 0.24065, 2.629511
ShoulderCenter: -0.2075992, 0.618978, 2.721327
Head: -0.1619857, 0.79229, 2.710482
ShoulderLeft: -0.3420132, 0.5049868, 2.649626
ElbowLeft: -0.5895585, 0.5331357, 2.623574
WristLeft: -0.6627997, 0.7299515, 2.565851
HandLeft: -0.665364, 0.8410445, 2.558155
ShoulderRight: -0.01460711, 0.5040362, 2.731982
ElbowRight: 0.1754758, 0.479176, 2.765523
WristRight: 0.2928038, 0.7022297, 2.783471
HandRight: 0.3182102, 0.8049579, 2.814022
HipLeft: -0.2238451, 0.1224042, 2.504408
KneeLeft: -0.1685708, -0.3752975, 2.390278
AnkleLeft: -0.219218, -0.6500546, 2.272375
FootLeft: -0.1771138, -0.7263154, 2.181647
HipRight: -0.07886895, 0.1130632, 2.552882
KneeRight: -0.1445107, -0.4498663, 2.431314
AnkleRight: -0.1377468, -0.7082833, 2.310582
FootRight: -0.1253879, -0.74764, 2.195812
=========
HipCenter: -0.1589293, 0.1992754, 2.540628
Spine: -0.1777315, 0.2503567, 2.611171
ShoulderCenter: -0.2076393, 0.6285072, 2.699769
Head: -0.1608714, 0.80204, 2.691608
ShoulderLeft: -0.3431787, 0.5113223, 2.637768
ElbowLeft: -0.5953755, 0.5489456, 2.601477
WristLeft: -0.6617199, 0.7368885, 2.553036
HandLeft: -0.6638626, 0.8483334, 2.547503
ShoulderRight: -0.01249871, 0.5080637, 2.716441
ElbowRight: 0.1751779, 0.4846658, 2.752017
WristRight: 0.2913157, 0.7015414, 2.771217
HandRight: 0.3255646, 0.7975675, 2.788352
HipLeft: -0.2240641, 0.1295284, 2.486387
KneeLeft: -0.163818, -0.3792042, 2.379661
AnkleLeft: -0.1862083, -0.6670996, 2.261499
FootLeft: -0.145757, -0.7284399, 2.160886
HipRight: -0.07743832, 0.1212517, 2.536371
KneeRight: -0.1470144, -0.4469821, 2.418621
AnkleRight: -0.1354082, -0.6957453, 2.268902
FootRight: -0.1352586, -0.7214587, 2.152865
=========
HipCenter: -0.1584809, 0.2035021, 2.529439
Spine: -0.1776189, 0.2549276, 2.600177
ShoulderCenter: -0.2085887, 0.6338524, 2.688338
Head: -0.1602912, 0.8072319, 2.680568
ShoulderLeft: -0.3427053, 0.5153611, 2.627322
ElbowLeft: -0.5964646, 0.5549601, 2.591862
WristLeft: -0.6602851, 0.7511975, 2.534539
HandLeft: -0.6625568, 0.8525062, 2.536814
ShoulderRight: -0.01121739, 0.5110538, 2.706026
ElbowRight: 0.1770794, 0.4909123, 2.742749
WristRight: 0.2906413, 0.7014168, 2.760483
HandRight: 0.3292394, 0.7957125, 2.777383
HipLeft: -0.2236803, 0.1330769, 2.475918
KneeLeft: -0.1614457, -0.3811516, 2.371902
AnkleLeft: -0.1693044, -0.6748943, 2.255116
FootLeft: -0.1295132, -0.7284111, 2.147336
HipRight: -0.07651686, 0.1254777, 2.525085
KneeRight: -0.1486204, -0.4453755, 2.409541
AnkleRight: -0.1335117, -0.6891116, 2.243602
FootRight: -0.138393, -0.7161863, 2.144256
=========
HipCenter: -0.1582809, 0.2062785, 2.522195
Spine: -0.1775522, 0.2578844, 2.593161
ShoulderCenter: -0.2094737, 0.6374412, 2.681457
Head: -0.1596727, 0.8108638, 2.669593
ShoulderLeft: -0.3428112, 0.5181572, 2.620886
ElbowLeft: -0.5974835, 0.5594005, 2.584707
WristLeft: -0.6591959, 0.7594514, 2.522818
HandLeft: -0.661253, 0.8536897, 2.526873
ShoulderRight: -0.01081254, 0.5139863, 2.698011
ElbowRight: 0.1791027, 0.4970015, 2.73531
WristRight: 0.2905628, 0.7012604, 2.752524
HandRight: 0.3318721, 0.7946255, 2.769529
HipLeft: -0.2233877, 0.135657, 2.468661
KneeLeft: -0.160439, -0.3820085, 2.365317
AnkleLeft: -0.1615013, -0.6783894, 2.251896
FootLeft: -0.1220706, -0.7283383, 2.140839
HipRight: -0.07604924, 0.1282868, 2.517485
KneeRight: -0.1497179, -0.4442836, 2.402763
AnkleRight: -0.1340961, -0.6854932, 2.232695
FootRight: -0.1413571, -0.7127182, 2.137913
=========
HipCenter: -0.1581754, 0.2082515, 2.516739
Spine: -0.1774615, 0.2599833, 2.587909
ShoulderCenter: -0.210347, 0.6400874, 2.676429
Head: -0.1585652, 0.8128325, 2.661846
ShoulderLeft: -0.3430691, 0.5201912, 2.616428
ElbowLeft: -0.5981833, 0.5623962, 2.579857
WristLeft: -0.6568741, 0.7592351, 2.515399
HandLeft: -0.6603389, 0.8543215, 2.520404
ShoulderRight: -0.0105762, 0.5168088, 2.691011
ElbowRight: 0.1822505, 0.5029667, 2.72972
WristRight: 0.2909424, 0.70122, 2.746305
HandRight: 0.3294711, 0.7956895, 2.757454
HipLeft: -0.2231828, 0.1375223, 2.463251
KneeLeft: -0.1602737, -0.3817729, 2.360113
AnkleLeft: -0.156771, -0.680527, 2.249962
FootLeft: -0.117637, -0.728263, 2.136916
HipRight: -0.07570098, 0.1302523, 2.51148
KneeRight: -0.1505022, -0.4434049, 2.397558
AnkleRight: -0.1364047, -0.6849809, 2.235301
FootRight: -0.144304, -0.7096879, 2.133088
=========
HipCenter: -0.1575667, 0.2100011, 2.510512
Spine: -0.1765257, 0.2619769, 2.58157
ShoulderCenter: -0.2084718, 0.6424216, 2.668385
Head: -0.1572426, 0.8147207, 2.654325
ShoulderLeft: -0.3433842, 0.522208, 2.612484
ElbowLeft: -0.5985357, 0.5643541, 2.576059
WristLeft: -0.6551939, 0.7596216, 2.51009
HandLeft: -0.6593094, 0.8544615, 2.514885
ShoulderRight: -0.00949491, 0.5199055, 2.684213
ElbowRight: 0.1861349, 0.5090778, 2.723732
WristRight: 0.2936993, 0.7038686, 2.737473
HandRight: 0.3293061, 0.7993451, 2.750068
HipLeft: -0.2226297, 0.1392212, 2.457375
KneeLeft: -0.1605213, -0.3809583, 2.355758
AnkleLeft: -0.1535022, -0.6819356, 2.248554
FootLeft: -0.1149252, -0.7280119, 2.134129
HipRight: -0.07498401, 0.1318052, 2.504422
KneeRight: -0.1509158, -0.4425634, 2.391958
AnkleRight: -0.1380661, -0.6857297, 2.239098
FootRight: -0.1466042, -0.7085921, 2.130142
=========
HipCenter: -0.1564724, 0.2113064, 2.504616
Spine: -0.1757631, 0.2634269, 2.575828
ShoulderCenter: -0.2073255, 0.644353, 2.66295
Head: -0.1557447, 0.8162917, 2.648446
ShoulderLeft: -0.3390972, 0.5254812, 2.601846
ElbowLeft: -0.5962598, 0.5649762, 2.572604
WristLeft: -0.6537526, 0.7624243, 2.504843
HandLeft: -0.6585184, 0.8544499, 2.511032
ShoulderRight: -0.007380111, 0.5228129, 2.678291
ElbowRight: 0.1887507, 0.5130311, 2.717699
WristRight: 0.2964459, 0.7063038, 2.730296
HandRight: 0.3295607, 0.8024354, 2.744875
HipLeft: -0.2213728, 0.1408417, 2.451965
KneeLeft: -0.1610709, -0.3795774, 2.352439
AnkleLeft: -0.1516854, -0.682397, 2.247477
FootLeft: -0.1138761, -0.7274895, 2.132221
HipRight: -0.07386646, 0.133026, 2.497483
KneeRight: -0.1514768, -0.4419773, 2.38774
AnkleRight: -0.1406271, -0.6874229, 2.246189
FootRight: -0.1487091, -0.7100878, 2.136353
=========
HipCenter: -0.1547463, 0.2116116, 2.498591
Spine: -0.1743753, 0.2639503, 2.569927
ShoulderCenter: -0.2058752, 0.6458078, 2.65796
Head: -0.1543727, 0.8172709, 2.64436
ShoulderLeft: -0.3352907, 0.527309, 2.593628
ElbowLeft: -0.5932931, 0.5650135, 2.569696
WristLeft: -0.6528621, 0.7642718, 2.501607
HandLeft: -0.6580432, 0.8547693, 2.50853
ShoulderRight: -0.005199403, 0.5250126, 2.673115
ElbowRight: 0.1904944, 0.5156868, 2.713305
WristRight: 0.2985277, 0.7067854, 2.723263
HandRight: 0.3298467, 0.8035532, 2.741117
HipLeft: -0.2192362, 0.1417895, 2.445875
KneeLeft: -0.1618138, -0.3780115, 2.350094
AnkleLeft: -0.1511897, -0.6820167, 2.246759
FootLeft: -0.1142327, -0.7267878, 2.131154
HipRight: -0.07257771, 0.1332871, 2.491751
KneeRight: -0.1518993, -0.4416509, 2.38469
AnkleRight: -0.1428381, -0.6894994, 2.253822
FootRight: -0.1499261, -0.7117857, 2.141955
=========
HipCenter: -0.1513548, 0.2119954, 2.489917
Spine: -0.1711186, 0.2648886, 2.560849
ShoulderCenter: -0.2000549, 0.6486883, 2.644776
Head: -0.1508156, 0.8198742, 2.638562
ShoulderLeft: -0.3292043, 0.5299379, 2.579393
ElbowLeft: -0.5882934, 0.5652038, 2.563695
WristLeft: -0.6517787, 0.766888, 2.498051
HandLeft: -0.6575691, 0.8556944, 2.506057
ShoulderRight: 0.0002908477, 0.5287393, 2.662671
ElbowRight: 0.1940861, 0.517505, 2.702627
WristRight: 0.3100538, 0.717678, 2.70857
HandRight: 0.3342571, 0.8108563, 2.738439
HipLeft: -0.2156188, 0.1430054, 2.437626
KneeLeft: -0.162102, -0.3769613, 2.348298
AnkleLeft: -0.1516753, -0.6809788, 2.246377
FootLeft: -0.1158924, -0.7258179, 2.13083
HipRight: -0.07008747, 0.1333737, 2.484006
KneeRight: -0.1522537, -0.4414616, 2.382319
AnkleRight: -0.1445794, -0.6909864, 2.260005
FootRight: -0.1507846, -0.7131122, 2.146087
=========
HipCenter: -0.148981, 0.2124323, 2.483606
Spine: -0.1688663, 0.2656424, 2.554476
ShoulderCenter: -0.1966246, 0.6505651, 2.637416
Head: -0.1474463, 0.8222251, 2.634117
ShoulderLeft: -0.3254812, 0.5317829, 2.570572
ElbowLeft: -0.5841564, 0.5656667, 2.557979
WristLeft: -0.6506713, 0.7699162, 2.494728
HandLeft: -0.6567173, 0.8571975, 2.502859
ShoulderRight: 0.00437936, 0.5312665, 2.655548
ElbowRight: 0.1962889, 0.5184385, 2.695821
WristRight: 0.3178377, 0.7278355, 2.70096
HandRight: 0.3416961, 0.8279223, 2.741001
HipLeft: -0.2133124, 0.143929, 2.432234
KneeLeft: -0.1623574, -0.3759916, 2.346847
AnkleLeft: -0.1528159, -0.6796376, 2.246155
FootLeft: -0.117843, -0.7249666, 2.130904
HipRight: -0.06804487, 0.1337804, 2.476905
KneeRight: -0.1524892, -0.4413343, 2.380398
AnkleRight: -0.1456764, -0.6920055, 2.264414
FootRight: -0.1512673, -0.714072, 2.14865
=========
HipCenter: -0.1470656, 0.2127415, 2.478882
Spine: -0.1669355, 0.2661667, 2.549726
ShoulderCenter: -0.1937405, 0.6518616, 2.632297
Head: -0.1451046, 0.8238317, 2.631248
ShoulderLeft: -0.3231734, 0.532985, 2.564922
ElbowLeft: -0.5810477, 0.5663727, 2.553045
WristLeft: -0.6494138, 0.7727435, 2.491615
HandLeft: -0.6552357, 0.8590453, 2.499083
ShoulderRight: 0.007512196, 0.5328425, 2.650045
ElbowRight: 0.1977177, 0.5189847, 2.691166
WristRight: 0.3219202, 0.7333831, 2.697147
HandRight: 0.343151, 0.8332673, 2.74166
HipLeft: -0.2115945, 0.1445884, 2.4283
KneeLeft: -0.1625903, -0.3749983, 2.345634
AnkleLeft: -0.1542211, -0.6782427, 2.24607
FootLeft: -0.1197528, -0.7242551, 2.131226
HipRight: -0.06637011, 0.1340443, 2.471647
KneeRight: -0.1526424, -0.4413134, 2.378792
AnkleRight: -0.1463868, -0.6927998, 2.26751
FootRight: -0.151555, -0.7147909, 2.150244
=========
HipCenter: -0.1457129, 0.212958, 2.475415
Spine: -0.1655514, 0.2665069, 2.546316
ShoulderCenter: -0.1919012, 0.6527113, 2.629021
Head: -0.1432966, 0.8251051, 2.62894
ShoulderLeft: -0.3216664, 0.5338864, 2.561199
ElbowLeft: -0.5787365, 0.5671335, 2.548521
WristLeft: -0.6476468, 0.7761129, 2.48806
HandLeft: -0.6530206, 0.8615862, 2.494361
ShoulderRight: 0.00975121, 0.5337366, 2.645802
ElbowRight: 0.1987464, 0.5194872, 2.687519
WristRight: 0.3246511, 0.7371987, 2.694916
HandRight: 0.3442345, 0.8370468, 2.741833
HipLeft: -0.2103177, 0.1451162, 2.425175
KneeLeft: -0.1627014, -0.3741996, 2.344722
AnkleLeft: -0.155734, -0.6768588, 2.246067
FootLeft: -0.1214885, -0.7236714, 2.131686
HipRight: -0.06523015, 0.1341924, 2.467959
KneeRight: -0.1527474, -0.441312, 2.377489
AnkleRight: -0.1468755, -0.6933177, 2.269726
FootRight: -0.1517054, -0.7153307, 2.151327
=========
HipCenter: -0.1445666, 0.2130058, 2.472677
Spine: -0.1643687, 0.2666621, 2.543696
ShoulderCenter: -0.1904484, 0.653362, 2.626723
Head: -0.1418545, 0.8261474, 2.627233
ShoulderLeft: -0.3205439, 0.5345132, 2.558479
ElbowLeft: -0.5769193, 0.5678763, 2.544741
WristLeft: -0.6457081, 0.7788303, 2.48475
HandLeft: -0.6503792, 0.8643283, 2.489351
ShoulderRight: 0.01135542, 0.5343431, 2.642465
ElbowRight: 0.1994613, 0.5197845, 2.684785
WristRight: 0.3264498, 0.7398163, 2.693617
HandRight: 0.3455086, 0.8412635, 2.742121
HipLeft: -0.2093456, 0.1454496, 2.422893
KneeLeft: -0.1627661, -0.3734171, 2.343992
AnkleLeft: -0.1570484, -0.6757093, 2.246092
FootLeft: -0.1229342, -0.7232322, 2.132143
HipRight: -0.06423096, 0.1342339, 2.464955
KneeRight: -0.1527806, -0.4413481, 2.37641
AnkleRight: -0.1471707, -0.6936846, 2.271318
FootRight: -0.1517738, -0.7157589, 2.152074
=========
HipCenter: -0.1434269, 0.2127396, 2.470217
Spine: -0.1630989, 0.2665078, 2.541364
ShoulderCenter: -0.1884353, 0.653783, 2.624777
Head: -0.1406683, 0.8269438, 2.6258
ShoulderLeft: -0.319713, 0.5349419, 2.556504
ElbowLeft: -0.57556, 0.5684721, 2.541846
WristLeft: -0.6437365, 0.7806814, 2.481839
HandLeft: -0.6473831, 0.8660622, 2.48402
ShoulderRight: 0.01247232, 0.5347731, 2.639951
ElbowRight: 0.1999446, 0.5199533, 2.682743
WristRight: 0.3283009, 0.740889, 2.691732
HandRight: 0.3460445, 0.8421981, 2.740657
HipLeft: -0.2084844, 0.1455269, 2.420967
KneeLeft: -0.1627988, -0.3727204, 2.343448
AnkleLeft: -0.1581611, -0.6747715, 2.246143
FootLeft: -0.1241223, -0.7228999, 2.132584
HipRight: -0.06332292, 0.1340608, 2.462387
KneeRight: -0.1527285, -0.4414759, 2.375461
AnkleRight: -0.1473279, -0.6939917, 2.272461
FootRight: -0.1517469, -0.7161536, 2.152563
=========
HipCenter: -0.1423443, 0.2125699, 2.468224
Spine: -0.1618381, 0.2664236, 2.539423
ShoulderCenter: -0.1859838, 0.654066, 2.622881
Head: -0.1393187, 0.8276702, 2.624526
ShoulderLeft: -0.3189703, 0.5353079, 2.554988
ElbowLeft: -0.5736022, 0.5688489, 2.538429
WristLeft: -0.6407962, 0.7825629, 2.478007
HandLeft: -0.6436189, 0.8673273, 2.478964
ShoulderRight: 0.01356933, 0.5351821, 2.638102
ElbowRight: 0.2003104, 0.5198439, 2.680793
WristRight: 0.3295255, 0.7410718, 2.690194
HandRight: 0.3440288, 0.8237488, 2.715424
HipLeft: -0.2076368, 0.1455697, 2.419272
KneeLeft: -0.1627728, -0.372146, 2.343015
AnkleLeft: -0.1590672, -0.6740282, 2.246178
FootLeft: -0.1250711, -0.7226585, 2.13297
HipRight: -0.06248753, 0.1339345, 2.460434
KneeRight: -0.1525537, -0.4415303, 2.374595
AnkleRight: -0.1473626, -0.6941454, 2.273281
FootRight: -0.1516252, -0.7164765, 2.152857
=========
HipCenter: -0.1414145, 0.2123885, 2.466624
Spine: -0.1608734, 0.2663294, 2.537929
ShoulderCenter: -0.1845843, 0.6543792, 2.621546
Head: -0.1378581, 0.8283903, 2.623649
ShoulderLeft: -0.3179158, 0.5357453, 2.553737
ElbowLeft: -0.5716484, 0.5689993, 2.535446
WristLeft: -0.6380603, 0.7839516, 2.474572
HandLeft: -0.6405814, 0.8680612, 2.475222
ShoulderRight: 0.01441744, 0.5354882, 2.63678
ElbowRight: 0.2005658, 0.5196874, 2.679072
WristRight: 0.3301259, 0.7417169, 2.689642
HandRight: 0.3441221, 0.8244991, 2.713525
HipLeft: -0.2068176, 0.1455844, 2.41784
KneeLeft: -0.1627101, -0.3716374, 2.342664
AnkleLeft: -0.1598271, -0.673429, 2.246194
FootLeft: -0.1257747, -0.7224827, 2.133293
HipRight: -0.0617477, 0.1337994, 2.458894
KneeRight: -0.1523896, -0.4415539, 2.373766
AnkleRight: -0.1473882, -0.6942248, 2.273849
FootRight: -0.1514514, -0.7167695, 2.152934
=========
HipCenter: -0.1404502, 0.2121452, 2.46508
Spine: -0.1599119, 0.2661817, 2.536503
ShoulderCenter: -0.1833407, 0.6546868, 2.620387
Head: -0.1364971, 0.8290922, 2.623063
ShoulderLeft: -0.3163402, 0.53618, 2.552523
ElbowLeft: -0.5692771, 0.5692946, 2.532209
WristLeft: -0.6354291, 0.7849447, 2.471539
HandLeft: -0.6379796, 0.8684786, 2.472238
ShoulderRight: 0.01513889, 0.5357389, 2.635695
ElbowRight: 0.2007959, 0.5195699, 2.677614
WristRight: 0.3305095, 0.7414027, 2.689064
HandRight: 0.3436767, 0.8181564, 2.703433
HipLeft: -0.2059549, 0.145567, 2.416477
KneeLeft: -0.1625628, -0.3711162, 2.34235
AnkleLeft: -0.1604362, -0.6729503, 2.246217
FootLeft: -0.1263688, -0.7223482, 2.133593
HipRight: -0.06101789, 0.1336529, 2.45752
KneeRight: -0.1521672, -0.4414795, 2.372935
AnkleRight: -0.1473094, -0.694159, 2.274221
FootRight: -0.1512136, -0.7170144, 2.152845
=========
HipCenter: -0.139524, 0.2119325, 2.463667
Spine: -0.1590046, 0.2660467, 2.535217
ShoulderCenter: -0.1821876, 0.6549916, 2.619443
Head: -0.135355, 0.82965, 2.622585
ShoulderLeft: -0.3146448, 0.5366453, 2.551414
ElbowLeft: -0.5668052, 0.5695658, 2.5291
WristLeft: -0.6327059, 0.7857398, 2.468263
HandLeft: -0.6351569, 0.8688731, 2.469038
ShoulderRight: 0.01583857, 0.535962, 2.63481
ElbowRight: 0.2014406, 0.5195631, 2.676034
WristRight: 0.3309572, 0.7416992, 2.688848
HandRight: 0.3439854, 0.8246538, 2.710628
HipLeft: -0.2050554, 0.1455663, 2.415076
KneeLeft: -0.1623396, -0.3706508, 2.342052
AnkleLeft: -0.1609022, -0.6725863, 2.246219
FootLeft: -0.1269214, -0.7221947, 2.133802
HipRight: -0.06031181, 0.1335149, 2.4563
KneeRight: -0.1518832, -0.4413442, 2.37212
AnkleRight: -0.1471193, -0.6939641, 2.27441
FootRight: -0.150756, -0.717196, 2.15255
=========
HipCenter: -0.1384796, 0.2117018, 2.462061
Spine: -0.1580956, 0.2658924, 2.533876
ShoulderCenter: -0.1812425, 0.6553066, 2.618736
Head: -0.1342033, 0.8301462, 2.622225
ShoulderLeft: -0.3127795, 0.5370215, 2.550167
ElbowLeft: -0.564518, 0.5698854, 2.526335
WristLeft: -0.6297563, 0.7861044, 2.464791
HandLeft: -0.6320952, 0.8694283, 2.465557
ShoulderRight: 0.01653795, 0.5361775, 2.634102
ElbowRight: 0.2024689, 0.5196736, 2.674552
WristRight: 0.3312449, 0.7414646, 2.688582
HandRight: 0.3440204, 0.8270914, 2.714743
HipLeft: -0.2040481, 0.1455596, 2.413519
KneeLeft: -0.1620495, -0.3702356, 2.341756
AnkleLeft: -0.1612848, -0.6722866, 2.246222
FootLeft: -0.1273642, -0.7220686, 2.133986
HipRight: -0.0593191, 0.1333857, 2.454586
KneeRight: -0.1514467, -0.4411817, 2.37124
AnkleRight: -0.1467415, -0.6936753, 2.274386
FootRight: -0.1502125, -0.7173729, 2.152056
=========
HipCenter: -0.137117, 0.2115851, 2.460161
Spine: -0.1566833, 0.2658855, 2.532063
ShoulderCenter: -0.1775694, 0.6556778, 2.616329
Head: -0.1328909, 0.8306599, 2.621806
ShoulderLeft: -0.3104633, 0.5373274, 2.548456
ElbowLeft: -0.5623842, 0.570246, 2.52374
WristLeft: -0.6268007, 0.7866095, 2.460873
HandLeft: -0.6291655, 0.8699536, 2.462192
ShoulderRight: 0.01778604, 0.5368257, 2.633337
ElbowRight: 0.2033581, 0.5198842, 2.673184
WristRight: 0.3311136, 0.7374707, 2.687452
HandRight: 0.3436565, 0.826447, 2.717285
HipLeft: -0.2028366, 0.1455657, 2.411773
KneeLeft: -0.1616943, -0.3698476, 2.341416
AnkleLeft: -0.1615958, -0.6720525, 2.246211
FootLeft: -0.1276763, -0.7219808, 2.134128
HipRight: -0.05814017, 0.1334126, 2.452679
KneeRight: -0.1508757, -0.4408965, 2.370314
AnkleRight: -0.1461645, -0.6931981, 2.274155
FootRight: -0.1495919, -0.7175029, 2.151458
=========
HipCenter: -0.1360684, 0.2116186, 2.458565
Spine: -0.1555333, 0.2659902, 2.530504
ShoulderCenter: -0.1746501, 0.6560077, 2.61428
Head: -0.1312797, 0.8311648, 2.621377
ShoulderLeft: -0.3086702, 0.5376256, 2.547115
ElbowLeft: -0.5607187, 0.5707799, 2.521483
WristLeft: -0.6245013, 0.7870131, 2.457914
HandLeft: -0.6266837, 0.8705567, 2.459446
ShoulderRight: 0.01985502, 0.5380023, 2.632735
ElbowRight: 0.2042279, 0.5201201, 2.671846
WristRight: 0.3309747, 0.7335322, 2.686352
HandRight: 0.3434641, 0.824872, 2.720413
HipLeft: -0.2019258, 0.1456053, 2.410429
KneeLeft: -0.1612273, -0.3694404, 2.341029
AnkleLeft: -0.1618437, -0.6718689, 2.246201
FootLeft: -0.1279373, -0.7219226, 2.134255
HipRight: -0.05721704, 0.1335883, 2.450769
KneeRight: -0.1502555, -0.4404363, 2.36934
AnkleRight: -0.1454823, -0.692489, 2.273723
FootRight: -0.1490046, -0.7175797, 2.15082
=========
HipCenter: -0.1351458, 0.2117259, 2.457102
Spine: -0.1545718, 0.2661122, 2.529162
ShoulderCenter: -0.1729706, 0.6563894, 2.613075
Head: -0.129838, 0.8316251, 2.621051
ShoulderLeft: -0.3072788, 0.5378994, 2.546055
ElbowLeft: -0.5593138, 0.571283, 2.519569
WristLeft: -0.6225353, 0.7871835, 2.455505
HandLeft: -0.6248474, 0.8710219, 2.457469
ShoulderRight: 0.02189948, 0.5390639, 2.632203
ElbowRight: 0.2050634, 0.520422, 2.670578
WristRight: 0.3307868, 0.7300045, 2.685122
HandRight: 0.3432933, 0.8232561, 2.722642
HipLeft: -0.2011142, 0.1456687, 2.409129
KneeLeft: -0.1607326, -0.3691134, 2.340652
AnkleLeft: -0.1620461, -0.6717152, 2.246193
FootLeft: -0.1281498, -0.7218762, 2.134371
HipRight: -0.05620706, 0.1338707, 2.448757
KneeRight: -0.1496191, -0.4398541, 2.368356
AnkleRight: -0.1447514, -0.6916256, 2.273147
FootRight: -0.1484952, -0.7176199, 2.150194
=========
HipCenter: -0.1343097, 0.2119206, 2.455702
Spine: -0.1536691, 0.266301, 2.527844
ShoulderCenter: -0.1715474, 0.6567239, 2.611961
Head: -0.1286605, 0.8320015, 2.620744
ShoulderLeft: -0.3061361, 0.5381832, 2.545178
ElbowLeft: -0.5580835, 0.5719183, 2.517792
WristLeft: -0.6208181, 0.7871955, 2.453451
HandLeft: -0.6234022, 0.871392, 2.455915
ShoulderRight: 0.02379899, 0.5399215, 2.631659
ElbowRight: 0.2058186, 0.5207348, 2.669505
WristRight: 0.3306633, 0.7273127, 2.684161
HandRight: 0.3431774, 0.8218648, 2.724293
HipLeft: -0.2004262, 0.1457788, 2.407973
KneeLeft: -0.1601558, -0.3688302, 2.340262
AnkleLeft: -0.1622133, -0.6715822, 2.246186
FootLeft: -0.128331, -0.7218378, 2.134481
HipRight: -0.05528387, 0.1342089, 2.446819
KneeRight: -0.1490269, -0.4392899, 2.367421
AnkleRight: -0.1440587, -0.6907918, 2.272511
FootRight: -0.1480606, -0.717654, 2.149577
=========
HipCenter: -0.1334097, 0.2122335, 2.454004
Spine: -0.1526981, 0.266423, 2.526079
ShoulderCenter: -0.1692516, 0.6582344, 2.610309
Head: -0.1271142, 0.8325793, 2.620276
ShoulderLeft: -0.3049316, 0.5386823, 2.544107
ElbowLeft: -0.556713, 0.5725996, 2.51599
WristLeft: -0.6187211, 0.7872095, 2.451073
HandLeft: -0.6220717, 0.8716335, 2.454445
ShoulderRight: 0.02592345, 0.5406094, 2.63083
ElbowRight: 0.2083523, 0.5226384, 2.667793
WristRight: 0.3308164, 0.7239159, 2.682829
HandRight: 0.3432256, 0.8196293, 2.725387
HipLeft: -0.1996916, 0.1460018, 2.406435
KneeLeft: -0.159522, -0.3686066, 2.339854
AnkleLeft: -0.1623413, -0.6714692, 2.246176
FootLeft: -0.1284803, -0.7218092, 2.134583
HipRight: -0.0542636, 0.1345394, 2.444489
KneeRight: -0.1483805, -0.4388109, 2.366316
AnkleRight: -0.1433184, -0.6900681, 2.271638
FootRight: -0.1476232, -0.7177599, 2.148654
=========
HipCenter: -0.1323394, 0.2125732, 2.45201
Spine: -0.1514868, 0.2666418, 2.523976
ShoulderCenter: -0.1668396, 0.6596401, 2.60809
Head: -0.1255528, 0.8332846, 2.61947
ShoulderLeft: -0.303762, 0.5392049, 2.542903
ElbowLeft: -0.5553455, 0.5734417, 2.51398
WristLeft: -0.6168643, 0.787128, 2.449043
HandLeft: -0.6208547, 0.8719675, 2.453128
ShoulderRight: 0.02787045, 0.5410795, 2.629616
ElbowRight: 0.2117428, 0.5250768, 2.666207
WristRight: 0.3310342, 0.7213069, 2.68165
HandRight: 0.3434437, 0.8176696, 2.725975
HipLeft: -0.1987925, 0.1462714, 2.40446
KneeLeft: -0.1588253, -0.3684276, 2.339442
AnkleLeft: -0.1624434, -0.6713738, 2.246167
FootLeft: -0.1286046, -0.7217849, 2.134681
HipRight: -0.05327491, 0.1347871, 2.442389
KneeRight: -0.1477594, -0.4383451, 2.365242
AnkleRight: -0.1426037, -0.6893759, 2.270724
FootRight: -0.1472507, -0.7178599, 2.147758
=========
HipCenter: -0.1312739, 0.2129927, 2.450038
Spine: -0.1503658, 0.266951, 2.521974
ShoulderCenter: -0.1651058, 0.6607248, 2.606323
Head: -0.1241702, 0.8339517, 2.618697
ShoulderLeft: -0.3025475, 0.5398155, 2.541559
ElbowLeft: -0.5542147, 0.5742835, 2.512121
WristLeft: -0.6154339, 0.7870966, 2.447521
HandLeft: -0.619805, 0.8723555, 2.452032
ShoulderRight: 0.02959056, 0.5414298, 2.628423
ElbowRight: 0.2138296, 0.526705, 2.664936
WristRight: 0.3327101, 0.7257966, 2.682493
HandRight: 0.3450045, 0.8221307, 2.728805
HipLeft: -0.1979047, 0.1466201, 2.402597
KneeLeft: -0.1581808, -0.368276, 2.33907
AnkleLeft: -0.1625261, -0.6712881, 2.246161
FootLeft: -0.1286888, -0.7217743, 2.134738
HipRight: -0.05222583, 0.1351401, 2.440278
KneeRight: -0.1471291, -0.4378529, 2.364177
AnkleRight: -0.1418799, -0.6886722, 2.26976
FootRight: -0.1469135, -0.7179878, 2.146709
=========
HipCenter: -0.1302896, 0.213285, 2.448235
Spine: -0.1494432, 0.2671829, 2.520324
ShoulderCenter: -0.1640909, 0.6616821, 2.605193
Head: -0.1229395, 0.8345305, 2.617887
ShoulderLeft: -0.3014297, 0.5403627, 2.54018
ElbowLeft: -0.5533223, 0.5750861, 2.51042
WristLeft: -0.6141549, 0.7873212, 2.446137
HandLeft: -0.6188323, 0.8727805, 2.451032
ShoulderRight: 0.03103868, 0.5416645, 2.627155
ElbowRight: 0.2156793, 0.5282617, 2.663911
WristRight: 0.3332751, 0.7257148, 2.682079
HandRight: 0.3454416, 0.8222561, 2.729261
HipLeft: -0.197023, 0.1468778, 2.400769
KneeLeft: -0.1574673, -0.3681647, 2.338713
AnkleLeft: -0.1625925, -0.6712148, 2.246155
FootLeft: -0.1287806, -0.7217582, 2.134782
HipRight: -0.05119603, 0.1353806, 2.438391
KneeRight: -0.1464951, -0.4373513, 2.363172
AnkleRight: -0.1411566, -0.6879794, 2.268814
FootRight: -0.1465877, -0.7180734, 2.145761
=========
HipCenter: -0.1295971, 0.2134683, 2.446724
Spine: -0.1487925, 0.2673623, 2.518974
ShoulderCenter: -0.1634201, 0.6624914, 2.604288
Head: -0.1218058, 0.8350565, 2.616809
ShoulderLeft: -0.3003776, 0.5408924, 2.538787
ElbowLeft: -0.5526171, 0.5758655, 2.508759
WristLeft: -0.6131217, 0.7875434, 2.445017
HandLeft: -0.6179498, 0.8731058, 2.45012
ShoulderRight: 0.0322886, 0.5417789, 2.625872
ElbowRight: 0.2169939, 0.5294033, 2.663177
WristRight: 0.3337936, 0.7250468, 2.681295
HandRight: 0.3458651, 0.8215404, 2.728631
HipLeft: -0.1963794, 0.1470647, 2.399377
KneeLeft: -0.1567431, -0.3679947, 2.338354
AnkleLeft: -0.1626464, -0.6711514, 2.246151
FootLeft: -0.1288549, -0.7217438, 2.134821
HipRight: -0.05053102, 0.1355234, 2.436636
KneeRight: -0.1459277, -0.4368719, 2.362265
AnkleRight: -0.1405107, -0.6873341, 2.267935
FootRight: -0.1463185, -0.7181407, 2.144943
=========
HipCenter: -0.12882, 0.2138815, 2.445202
Spine: -0.1480843, 0.267732, 2.517628
ShoulderCenter: -0.1629498, 0.6631587, 2.603568
Head: -0.1207129, 0.8355787, 2.615699
ShoulderLeft: -0.2995205, 0.5413641, 2.53754
ElbowLeft: -0.5520459, 0.5766079, 2.507277
WristLeft: -0.612239, 0.7877892, 2.444107
HandLeft: -0.6169204, 0.8735529, 2.449222
ShoulderRight: 0.03336027, 0.5419205, 2.624688
ElbowRight: 0.2178551, 0.5301226, 2.662591
WristRight: 0.3343048, 0.7236342, 2.680083
HandRight: 0.3463188, 0.8198724, 2.726525
HipLeft: -0.1958504, 0.147227, 2.39828
KneeLeft: -0.1560653, -0.3678364, 2.338031
AnkleLeft: -0.1626857, -0.6710953, 2.246148
FootLeft: -0.1289164, -0.7217318, 2.134855
HipRight: -0.04896583, 0.137159, 2.433776
KneeRight: -0.1350109, -0.4059891, 2.362546
AnkleRight: -0.129304, -0.6556395, 2.268232
FootRight: -0.1418558, -0.7055248, 2.154757
=========
HipCenter: -0.1282282, 0.2142068, 2.444018
Spine: -0.1475344, 0.2680384, 2.516587
ShoulderCenter: -0.1626242, 0.6637061, 2.603002
Head: -0.1196751, 0.836036, 2.614609
ShoulderLeft: -0.2988304, 0.5417974, 2.53642
ElbowLeft: -0.5516432, 0.5775555, 2.505737
WristLeft: -0.6113638, 0.7881817, 2.443319
HandLeft: -0.6156268, 0.8745028, 2.448501
ShoulderRight: 0.03442939, 0.5419036, 2.623401
ElbowRight: 0.2189015, 0.5309402, 2.662181
WristRight: 0.3346195, 0.722195, 2.678852
HandRight: 0.3465165, 0.8181753, 2.724005
HipLeft: -0.1954481, 0.1473523, 2.397449
KneeLeft: -0.1554796, -0.3677, 2.33776
AnkleLeft: -0.1627159, -0.6710436, 2.246146
FootLeft: -0.1289703, -0.7217208, 2.134887
HipRight: -0.04799165, 0.1380818, 2.431747
KneeRight: -0.1322909, -0.4044615, 2.360938
AnkleRight: -0.1265177, -0.6539219, 2.266629
FootRight: -0.1413427, -0.7060645, 2.152869
=========
HipCenter: -0.1275361, 0.2147346, 2.442797
Spine: -0.1468628, 0.2685386, 2.515492
ShoulderCenter: -0.1623062, 0.6641937, 2.602457
Head: -0.1187743, 0.8364098, 2.613532
ShoulderLeft: -0.2982875, 0.5421842, 2.535438
ElbowLeft: -0.5513329, 0.5784271, 2.504423
WristLeft: -0.6104867, 0.7886966, 2.442613
HandLeft: -0.6143427, 0.875394, 2.447834
ShoulderRight: 0.03530504, 0.5419059, 2.62227
ElbowRight: 0.2200281, 0.5317608, 2.661808
WristRight: 0.3347088, 0.7206528, 2.677498
HandRight: 0.3465639, 0.8163983, 2.721427
HipLeft: -0.1950394, 0.1475087, 2.396593
KneeLeft: -0.1549355, -0.3675762, 2.337509
AnkleLeft: -0.1627392, -0.6709962, 2.246145
FootLeft: -0.1290191, -0.7217104, 2.134918
HipRight: -0.04688236, 0.1393095, 2.429947
KneeRight: -0.1265545, -0.3882102, 2.361367
AnkleRight: -0.1207602, -0.6376129, 2.267017
FootRight: -0.1379822, -0.6981693, 2.159072
=========
HipCenter: -0.1267665, 0.2153723, 2.441636
Spine: -0.146123, 0.2691263, 2.514453
ShoulderCenter: -0.1620525, 0.6646036, 2.60199
Head: -0.1180193, 0.8367057, 2.612588
ShoulderLeft: -0.297845, 0.5425341, 2.534604
ElbowLeft: -0.5511156, 0.5791574, 2.50337
WristLeft: -0.6097016, 0.7892964, 2.442009
HandLeft: -0.6132432, 0.8761896, 2.447283
ShoulderRight: 0.03604912, 0.5419692, 2.621272
ElbowRight: 0.2206532, 0.5322297, 2.661479
WristRight: 0.3342301, 0.7181851, 2.675447
HandRight: 0.3462617, 0.8137343, 2.718229
HipLeft: -0.1946194, 0.1476596, 2.395826
KneeLeft: -0.1544461, -0.3674616, 2.337284
AnkleLeft: -0.1627556, -0.6709522, 2.246145
FootLeft: -0.1290593, -0.7216994, 2.134947
HipRight: -0.0455799, 0.1408773, 2.428262
KneeRight: -0.1228912, -0.3780707, 2.361749
AnkleRight: -0.1170987, -0.6274803, 2.267362
FootRight: -0.1359043, -0.6933554, 2.162976
=========
HipCenter: -0.1260415, 0.2159555, 2.440601
Spine: -0.1453937, 0.26968, 2.513514
ShoulderCenter: -0.1618082, 0.6649547, 2.601537
Head: -0.1173326, 0.836979, 2.611617
ShoulderLeft: -0.2974665, 0.5428345, 2.533881
ElbowLeft: -0.550959, 0.5797362, 2.502565
WristLeft: -0.6090451, 0.7898385, 2.441538
HandLeft: -0.6122786, 0.8769242, 2.446794
ShoulderRight: 0.03672881, 0.5420465, 2.620264
ElbowRight: 0.2283817, 0.5365775, 2.662525
WristRight: 0.3344245, 0.7199697, 2.674423
HandRight: 0.3465226, 0.8154216, 2.716803
HipLeft: -0.1942097, 0.1477924, 2.395127
KneeLeft: -0.1540008, -0.3673598, 2.337076
AnkleLeft: -0.1627671, -0.6709108, 2.246145
FootLeft: -0.1290936, -0.7216892, 2.134975
HipRight: -0.04450812, 0.1421488, 2.426952
KneeRight: -0.1204537, -0.37372, 2.361825
AnkleRight: -0.1146642, -0.6231034, 2.26742
FootRight: -0.1348643, -0.6915529, 2.164469
=========
HipCenter: -0.1252768, 0.2164756, 2.439594
Spine: -0.1445385, 0.2702078, 2.512548
ShoulderCenter: -0.160904, 0.6652005, 2.600688
Head: -0.1167021, 0.8371884, 2.610381
ShoulderLeft: -0.2970987, 0.5430617, 2.533093
ElbowLeft: -0.5508471, 0.5802253, 2.501939
WristLeft: -0.6085026, 0.7902939, 2.441171
HandLeft: -0.6114388, 0.8775548, 2.446306
ShoulderRight: 0.0373314, 0.5421343, 2.619237
ElbowRight: 0.2322138, 0.5387846, 2.662723
WristRight: 0.3375534, 0.7560689, 2.684919
HandRight: 0.3519423, 0.8520643, 2.728
HipLeft: -0.1936664, 0.1478969, 2.394202
KneeLeft: -0.1536268, -0.367292, 2.336872
AnkleLeft: -0.1627759, -0.6708745, 2.246144
FootLeft: -0.1291298, -0.72168, 2.135
HipRight: -0.04364474, 0.1431051, 2.425965
KneeRight: -0.1184622, -0.3710344, 2.361815
AnkleRight: -0.1126654, -0.620409, 2.267393
FootRight: -0.134061, -0.6905168, 2.165407
=========
HipCenter: -0.1246532, 0.2168863, 2.438634
Spine: -0.1438626, 0.2706237, 2.511655
ShoulderCenter: -0.1602989, 0.6653966, 2.599942
Head: -0.1161873, 0.837361, 2.609357
ShoulderLeft: -0.2966383, 0.5432636, 2.532253
ElbowLeft: -0.550737, 0.5806661, 2.50144
WristLeft: -0.6080016, 0.7908073, 2.440845
HandLeft: -0.6106359, 0.878188, 2.445785
ShoulderRight: 0.03782437, 0.5422155, 2.618275
ElbowRight: 0.2344878, 0.5401127, 2.662792
WristRight: 0.33874, 0.7719249, 2.689574
HandRight: 0.3544101, 0.8699595, 2.732985
HipLeft: -0.1931813, 0.1479895, 2.393301
KneeLeft: -0.1532556, -0.3672427, 2.336667
AnkleLeft: -0.1627803, -0.670839, 2.246144
FootLeft: -0.1291556, -0.721676, 2.135013
HipRight: -0.04302189, 0.1438177, 2.425142
KneeRight: -0.116996, -0.3698938, 2.361598
AnkleRight: -0.1169631, -0.6306054, 2.253679
FootRight: -0.1395338, -0.7096464, 2.138268
