=========
HipCenter: -0.03637938, 0.1855381, 2.585162
Spine: -0.04291385, 0.2350408, 2.661119
ShoulderCenter: -0.06966485, 0.6147476, 2.758741
Head: -0.05907679, 0.8311023, 2.731272
ShoulderLeft: -0.2231696, 0.4858702, 2.714806
ElbowLeft: -0.4243785, 0.4854864, 2.746538
WristLeft: -0.5422156, 0.7041975, 2.712597
HandLeft: -0.5544927, 0.8017834, 2.721063
ShoulderRight: 0.1180303, 0.4930593, 2.724702
ElbowRight: 0.323904, 0.4782356, 2.780601
WristRight: 0.4363105, 0.6920499, 2.826961
HandRight: 0.4485738, 0.7833452, 2.86246
HipLeft: -0.1077021, 0.1136799, 2.550194
KneeLeft: -0.09161501, -0.3398094, 2.339523
AnkleLeft: -0.08513035, -0.6906383, 2.342273
FootLeft: -0.07831246, -0.7502725, 2.247654
HipRight: 0.04583778, 0.116915, 2.558486
KneeRight: -0.02401675, -0.3805112, 2.422776
AnkleRight: -0.03257791, -0.727613, 2.401324
FootRight: -0.06277783, -0.7658277, 2.270696
=========
HipCenter: -0.03591962, 0.1847731, 2.584105
Spine: -0.0423233, 0.2344154, 2.66011
ShoulderCenter: -0.06980429, 0.6145749, 2.757658
Head: -0.05857997, 0.8310349, 2.730589
ShoulderLeft: -0.223542, 0.4862497, 2.714622
ElbowLeft: -0.4315543, 0.4945311, 2.742414
WristLeft: -0.5446849, 0.7154753, 2.712067
HandLeft: -0.5565384, 0.8117294, 2.720242
ShoulderRight: 0.1179035, 0.4940251, 2.723108
ElbowRight: 0.3240959, 0.4783017, 2.778989
WristRight: 0.4356336, 0.6950568, 2.82374
HandRight: 0.4504992, 0.7974057, 2.864684
HipLeft: -0.1073412, 0.112954, 2.54992
KneeLeft: -0.09265274, -0.3279366, 2.330039
AnkleLeft: -0.09814747, -0.6684575, 2.303288
FootLeft: -0.08841923, -0.7367716, 2.216692
HipRight: 0.04671132, 0.1158675, 2.556204
KneeRight: -0.02386934, -0.3805169, 2.422314
AnkleRight: -0.03289808, -0.7270885, 2.399433
FootRight: -0.06103716, -0.7654386, 2.270555
=========
HipCenter: -0.03580366, 0.1849954, 2.58293
Spine: -0.04211697, 0.2347624, 2.658769
ShoulderCenter: -0.06867557, 0.614872, 2.753728
Head: -0.05866833, 0.8316433, 2.729344
ShoulderLeft: -0.2237901, 0.4865824, 2.713852
ElbowLeft: -0.4319018, 0.4954437, 2.740076
WristLeft: -0.5447106, 0.7174581, 2.711279
HandLeft: -0.5570274, 0.8167887, 2.718758
ShoulderRight: 0.117948, 0.4946283, 2.722232
ElbowRight: 0.3362249, 0.4969156, 2.772915
WristRight: 0.4373911, 0.7029029, 2.817448
HandRight: 0.4527651, 0.8077349, 2.861217
HipLeft: -0.1073246, 0.1129374, 2.549458
KneeLeft: -0.09393847, -0.3186386, 2.318801
AnkleLeft: -0.1076626, -0.6412784, 2.243998
FootLeft: -0.09558286, -0.7164079, 2.162587
HipRight: 0.04692728, 0.1161281, 2.554279
KneeRight: -0.02343223, -0.3807911, 2.422286
AnkleRight: -0.03288503, -0.7269471, 2.39826
FootRight: -0.05876377, -0.7640095, 2.265406
=========
HipCenter: -0.03602728, 0.1868396, 2.577897
Spine: -0.04216945, 0.2365687, 2.653583
ShoulderCenter: -0.06797659, 0.6159304, 2.747236
Head: -0.05932295, 0.8331979, 2.724477
ShoulderLeft: -0.2252083, 0.4889032, 2.709568
ElbowLeft: -0.4386241, 0.5025077, 2.727028
WristLeft: -0.544773, 0.7135406, 2.701227
HandLeft: -0.5573353, 0.8175274, 2.716428
ShoulderRight: 0.1180115, 0.4963658, 2.717265
ElbowRight: 0.3569334, 0.5262492, 2.761995
WristRight: 0.437528, 0.7089951, 2.805449
HandRight: 0.4518155, 0.8174794, 2.841871
HipLeft: -0.1079783, 0.1146295, 2.544673
KneeLeft: -0.09526294, -0.3104323, 2.306822
AnkleLeft: -0.1101981, -0.6198967, 2.178952
FootLeft: -0.1046922, -0.6619368, 2.077496
HipRight: 0.04698598, 0.1174645, 2.54899
KneeRight: -0.01299823, -0.341068, 2.414929
AnkleRight: -0.0318654, -0.7253523, 2.398292
FootRight: -0.03115501, -0.7757129, 2.300352
=========
HipCenter: -0.03636616, 0.190363, 2.565689
Spine: -0.04158126, 0.2402343, 2.640704
ShoulderCenter: -0.06644858, 0.6183386, 2.730412
Head: -0.06001406, 0.83683, 2.717807
ShoulderLeft: -0.228497, 0.4931946, 2.701066
ElbowLeft: -0.4433949, 0.5079156, 2.716713
WristLeft: -0.5456285, 0.7138544, 2.690787
HandLeft: -0.5600752, 0.8205715, 2.702742
ShoulderRight: 0.117175, 0.5002328, 2.700193
ElbowRight: 0.3643443, 0.5376837, 2.756346
WristRight: 0.4361018, 0.7169167, 2.780001
HandRight: 0.4503908, 0.8229888, 2.819366
HipLeft: -0.1092109, 0.1176957, 2.533258
KneeLeft: -0.102449, -0.2948577, 2.267368
AnkleLeft: -0.1096545, -0.6026612, 2.121074
FootLeft: -0.1023072, -0.6455887, 2.017006
HipRight: 0.04713478, 0.1198433, 2.536462
KneeRight: -0.01152766, -0.353321, 2.407088
AnkleRight: -0.03123132, -0.7252991, 2.398424
FootRight: -0.01694952, -0.7824212, 2.317893
=========
HipCenter: -0.03797352, 0.1948398, 2.547214
Spine: -0.04292125, 0.2447229, 2.621981
ShoulderCenter: -0.06673124, 0.621799, 2.710896
Head: -0.06162699, 0.8424416, 2.705984
ShoulderLeft: -0.2325763, 0.498845, 2.680878
ElbowLeft: -0.4518064, 0.516825, 2.701504
WristLeft: -0.5465133, 0.7153057, 2.67995
HandLeft: -0.5637743, 0.8227482, 2.685943
ShoulderRight: 0.1168979, 0.5049739, 2.682949
ElbowRight: 0.3698651, 0.5457023, 2.750252
WristRight: 0.4354098, 0.7254655, 2.760756
HandRight: 0.4489069, 0.8300517, 2.798041
HipLeft: -0.1113451, 0.1208354, 2.518408
KneeLeft: -0.1057478, -0.2870905, 2.247492
AnkleLeft: -0.1075677, -0.5869392, 2.078176
FootLeft: -0.09953497, -0.6315991, 1.965861
HipRight: 0.0457317, 0.1242351, 2.513763
KneeRight: -0.03248253, -0.3581362, 2.369004
AnkleRight: -0.03057831, -0.7253249, 2.398852
FootRight: -0.01077402, -0.7850751, 2.325822
=========
HipCenter: -0.0398718, 0.1997032, 2.52721
Spine: -0.04433012, 0.2491438, 2.603046
ShoulderCenter: -0.06767304, 0.6253071, 2.696808
Head: -0.06472418, 0.8473951, 2.6764
ShoulderLeft: -0.2349208, 0.5039911, 2.664155
ElbowLeft: -0.4579742, 0.5223218, 2.684443
WristLeft: -0.5486819, 0.7187585, 2.66209
HandLeft: -0.5674575, 0.8247208, 2.663354
ShoulderRight: 0.1161599, 0.509706, 2.663482
ElbowRight: 0.3743144, 0.5518669, 2.737415
WristRight: 0.4351212, 0.7337213, 2.740397
HandRight: 0.4479508, 0.8352959, 2.779439
HipLeft: -0.1136995, 0.1256918, 2.499152
KneeLeft: -0.1075985, -0.2817207, 2.236388
AnkleLeft: -0.107544, -0.5757269, 2.05507
FootLeft: -0.09912533, -0.6254368, 1.94825
HipRight: 0.04392276, 0.1288448, 2.491606
KneeRight: -0.04030184, -0.3569955, 2.353776
AnkleRight: -0.02975561, -0.7252223, 2.399694
FootRight: -0.006966051, -0.7866201, 2.33057
=========
HipCenter: -0.04335754, 0.201975, 2.499807
Spine: -0.04792789, 0.2514094, 2.576951
ShoulderCenter: -0.06913144, 0.6294584, 2.679459
Head: -0.06702538, 0.8515347, 2.654516
ShoulderLeft: -0.2371098, 0.5096662, 2.637828
ElbowLeft: -0.4588519, 0.5260209, 2.660412
WristLeft: -0.5551082, 0.7399501, 2.63087
HandLeft: -0.5702026, 0.828199, 2.645154
ShoulderRight: 0.1148024, 0.5138574, 2.644963
ElbowRight: 0.3756325, 0.5556216, 2.711517
WristRight: 0.4322321, 0.7640126, 2.714497
HandRight: 0.4383079, 0.8459187, 2.746806
HipLeft: -0.1183105, 0.1283202, 2.466035
KneeLeft: -0.1131133, -0.2786438, 2.205947
AnkleLeft: -0.1075261, -0.5702584, 2.039346
FootLeft: -0.09549089, -0.6291369, 1.944027
HipRight: 0.04066051, 0.1310614, 2.468146
KneeRight: -0.04634977, -0.3557955, 2.340565
AnkleRight: -0.02904346, -0.7251862, 2.400459
FootRight: -0.004500244, -0.7876304, 2.333728
=========
HipCenter: -0.04585567, 0.2038078, 2.479139
Spine: -0.04946419, 0.2535251, 2.557224
ShoulderCenter: -0.07174803, 0.6346073, 2.664227
Head: -0.06830604, 0.855434, 2.632844
ShoulderLeft: -0.2378091, 0.5143614, 2.618655
ElbowLeft: -0.4592529, 0.5281736, 2.645059
WristLeft: -0.5596025, 0.7555354, 2.612534
HandLeft: -0.571465, 0.8345947, 2.62987
ShoulderRight: 0.1045745, 0.5196559, 2.607567
ElbowRight: 0.3638747, 0.5636769, 2.680328
WristRight: 0.430732, 0.7761421, 2.703741
HandRight: 0.4356494, 0.8548002, 2.732814
HipLeft: -0.1199832, 0.1308848, 2.448063
KneeLeft: -0.115051, -0.2738167, 2.193891
AnkleLeft: -0.1074565, -0.5669494, 2.029388
FootLeft: -0.09373514, -0.6271647, 1.936332
HipRight: 0.03653529, 0.1340455, 2.444625
KneeRight: -0.04473404, -0.3594735, 2.337048
AnkleRight: -0.02819874, -0.7250082, 2.40156
FootRight: -0.003634328, -0.7879016, 2.335206
=========
HipCenter: -0.04901074, 0.206999, 2.458393
Spine: -0.05275476, 0.2569572, 2.536116
ShoulderCenter: -0.07400352, 0.6405954, 2.642614
Head: -0.07049183, 0.8598971, 2.617206
ShoulderLeft: -0.2388123, 0.5182898, 2.598399
ElbowLeft: -0.4588687, 0.5305611, 2.627064
WristLeft: -0.5609493, 0.7606138, 2.598981
HandLeft: -0.5718706, 0.8399798, 2.615411
ShoulderRight: 0.1011627, 0.5223966, 2.592942
ElbowRight: 0.3607925, 0.5684748, 2.664901
WristRight: 0.4258758, 0.7772681, 2.676153
HandRight: 0.4331005, 0.8618301, 2.709249
HipLeft: -0.122476, 0.1348414, 2.4288
KneeLeft: -0.1161512, -0.2709893, 2.187
AnkleLeft: -0.1077045, -0.5647123, 2.027459
FootLeft: -0.09157234, -0.6299027, 1.938642
HipRight: 0.03217617, 0.1376753, 2.423492
KneeRight: -0.052284, -0.3591944, 2.318604
AnkleRight: -0.02753545, -0.7247565, 2.402498
FootRight: -0.004013117, -0.7875966, 2.335253
=========
HipCenter: -0.05195087, 0.2100167, 2.438969
Spine: -0.05620681, 0.2600011, 2.517644
ShoulderCenter: -0.07864856, 0.6463897, 2.627346
Head: -0.07031216, 0.8641172, 2.605263
ShoulderLeft: -0.2392414, 0.5218562, 2.575928
ElbowLeft: -0.4642345, 0.5375942, 2.601697
WristLeft: -0.5625915, 0.7679231, 2.582353
HandLeft: -0.572139, 0.8452839, 2.598665
ShoulderRight: 0.09760492, 0.5266861, 2.577479
ElbowRight: 0.352932, 0.5694697, 2.644412
WristRight: 0.4223439, 0.7741163, 2.661953
HandRight: 0.4314997, 0.8638811, 2.697775
HipLeft: -0.1240638, 0.1403784, 2.405451
KneeLeft: -0.1171238, -0.2684082, 2.181778
AnkleLeft: -0.1079791, -0.5646057, 2.030337
FootLeft: -0.08937487, -0.6338991, 1.941165
HipRight: 0.02880497, 0.1407584, 2.40695
KneeRight: -0.04616467, -0.3617093, 2.316326
AnkleRight: -0.02707499, -0.7245187, 2.403169
FootRight: -0.005177515, -0.7868304, 2.334516
=========
HipCenter: -0.05508425, 0.2138357, 2.419228
Spine: -0.05950826, 0.2638599, 2.498548
ShoulderCenter: -0.08309492, 0.6526352, 2.613396
Head: -0.07084045, 0.8654838, 2.596324
ShoulderLeft: -0.2407513, 0.5261386, 2.559774
ElbowLeft: -0.4680742, 0.5423397, 2.585216
WristLeft: -0.563576, 0.7697232, 2.565398
HandLeft: -0.5735241, 0.850683, 2.578624
ShoulderRight: 0.09230758, 0.5314205, 2.560257
ElbowRight: 0.34081, 0.5671947, 2.622833
WristRight: 0.4186687, 0.77056, 2.648338
HandRight: 0.4298599, 0.8655178, 2.683269
HipLeft: -0.1258323, 0.1466825, 2.383491
KneeLeft: -0.1177846, -0.2661326, 2.178078
AnkleLeft: -0.1082536, -0.5655212, 2.034411
FootLeft: -0.08816629, -0.6367195, 1.943352
HipRight: 0.02496379, 0.1445137, 2.389678
KneeRight: -0.04075096, -0.3613881, 2.313566
AnkleRight: -0.02676958, -0.7234689, 2.403249
FootRight: -0.006625338, -0.7857062, 2.333168
=========
HipCenter: -0.06238088, 0.2194177, 2.396327
Spine: -0.06637109, 0.2693538, 2.47683
ShoulderCenter: -0.08716007, 0.6607236, 2.59797
Head: -0.07325426, 0.8687805, 2.583459
ShoulderLeft: -0.2419179, 0.531983, 2.544481
ElbowLeft: -0.4672533, 0.5476251, 2.566659
WristLeft: -0.5650359, 0.77288, 2.550131
HandLeft: -0.5751765, 0.8554814, 2.560462
ShoulderRight: 0.08866732, 0.5361019, 2.54771
ElbowRight: 0.3280214, 0.5659417, 2.604212
WristRight: 0.4161632, 0.7735533, 2.634494
HandRight: 0.428362, 0.8696407, 2.670641
HipLeft: -0.1328647, 0.1549892, 2.359823
KneeLeft: -0.1182283, -0.2650198, 2.175212
AnkleLeft: -0.1085996, -0.5666119, 2.038532
FootLeft: -0.08755992, -0.6387941, 1.94568
HipRight: 0.01540151, 0.1502439, 2.366274
KneeRight: -0.03570326, -0.3517818, 2.295619
AnkleRight: -0.02877346, -0.7136785, 2.390258
FootRight: -0.008358482, -0.7837797, 2.33013
=========
HipCenter: -0.06776308, 0.2234793, 2.379281
Spine: -0.07213111, 0.2736461, 2.459799
ShoulderCenter: -0.09108482, 0.6677557, 2.583832
Head: -0.07482944, 0.870062, 2.573553
ShoulderLeft: -0.2413806, 0.5462303, 2.519559
ElbowLeft: -0.4728728, 0.5570679, 2.551539
WristLeft: -0.567335, 0.7805306, 2.530953
HandLeft: -0.5780274, 0.8617564, 2.540529
ShoulderRight: 0.08225141, 0.5435058, 2.527436
ElbowRight: 0.3205408, 0.5669498, 2.592571
WristRight: 0.4114251, 0.7722146, 2.617954
HandRight: 0.42592, 0.8712544, 2.65697
HipLeft: -0.1373486, 0.1608246, 2.342823
KneeLeft: -0.1183255, -0.2647707, 2.173306
AnkleLeft: -0.1093137, -0.5669155, 2.041678
FootLeft: -0.08735686, -0.640185, 1.947641
HipRight: 0.008687769, 0.154636, 2.350643
KneeRight: -0.03283367, -0.342299, 2.27704
AnkleRight: -0.0305329, -0.7057244, 2.378694
FootRight: -0.01053665, -0.7796138, 2.322876
=========
HipCenter: -0.07185895, 0.2266323, 2.365024
Spine: -0.07671833, 0.2773911, 2.445548
ShoulderCenter: -0.09589923, 0.6763017, 2.569209
Head: -0.07643697, 0.8709229, 2.560451
ShoulderLeft: -0.2397675, 0.5554903, 2.501163
ElbowLeft: -0.4870207, 0.5761969, 2.536491
WristLeft: -0.5686098, 0.7850901, 2.51729
HandLeft: -0.5796738, 0.867611, 2.526365
ShoulderRight: 0.07700941, 0.550352, 2.510602
ElbowRight: 0.3148212, 0.5681198, 2.583795
WristRight: 0.4083183, 0.771246, 2.608116
HandRight: 0.4241674, 0.8725154, 2.645487
HipLeft: -0.1402238, 0.1653883, 2.328387
KneeLeft: -0.1180995, -0.2647722, 2.171956
AnkleLeft: -0.1099609, -0.5672177, 2.044091
FootLeft: -0.08718228, -0.6411679, 1.948845
HipRight: 0.003517268, 0.1584047, 2.338614
KneeRight: -0.03277504, -0.331197, 2.251806
AnkleRight: -0.0359556, -0.6924049, 2.348739
FootRight: -0.01237406, -0.7645271, 2.29232
=========
HipCenter: -0.07454489, 0.2293926, 2.35196
Spine: -0.07996444, 0.2813752, 2.431254
ShoulderCenter: -0.1000868, 0.6855003, 2.541873
Head: -0.07734789, 0.872384, 2.552932
ShoulderLeft: -0.2383844, 0.5623071, 2.486251
ElbowLeft: -0.4880131, 0.5834168, 2.519941
WristLeft: -0.5693587, 0.7879191, 2.508245
HandLeft: -0.5815428, 0.8729364, 2.515467
ShoulderRight: 0.07267865, 0.5572538, 2.496581
ElbowRight: 0.3102208, 0.5700284, 2.575744
WristRight: 0.4053146, 0.7703395, 2.600248
HandRight: 0.4219111, 0.8734761, 2.635238
HipLeft: -0.1416302, 0.1687589, 2.314813
KneeLeft: -0.1174358, -0.2657104, 2.169599
AnkleLeft: -0.1105938, -0.5674034, 2.045873
FootLeft: -0.08685023, -0.6430831, 1.952004
HipRight: -9.011291E-05, 0.1617795, 2.329037
KneeRight: -0.0372766, -0.323392, 2.225475
AnkleRight: -0.04083142, -0.6758612, 2.304444
FootRight: -0.01167041, -0.7460021, 2.249031
=========
HipCenter: -0.07595097, 0.2315388, 2.341556
Spine: -0.08184791, 0.2841683, 2.420858
ShoulderCenter: -0.101711, 0.6902518, 2.530035
Head: -0.07863824, 0.8731908, 2.544991
ShoulderLeft: -0.236459, 0.567955, 2.473656
ElbowLeft: -0.4914188, 0.5896532, 2.506847
WristLeft: -0.5702416, 0.788097, 2.496373
HandLeft: -0.5853273, 0.8805639, 2.505006
ShoulderRight: 0.07008187, 0.5626225, 2.486505
ElbowRight: 0.3047146, 0.5741448, 2.564838
WristRight: 0.402802, 0.7717205, 2.593497
HandRight: 0.4190742, 0.875834, 2.628442
HipLeft: -0.1418977, 0.1712729, 2.303818
KneeLeft: -0.1162437, -0.2680697, 2.165845
AnkleLeft: -0.1111412, -0.5675373, 2.047185
FootLeft: -0.08667527, -0.6444468, 1.954347
HipRight: -0.002586867, 0.1648371, 2.320782
KneeRight: -0.04352073, -0.3182715, 2.204832
AnkleRight: -0.04256346, -0.659722, 2.252125
FootRight: -0.02774966, -0.7071692, 2.156384
=========
HipCenter: -0.07641318, 0.2365958, 2.327448
Spine: -0.08358958, 0.2909746, 2.405217
ShoulderCenter: -0.0995578, 0.7003463, 2.506886
Head: -0.07917371, 0.8817108, 2.524853
ShoulderLeft: -0.2343007, 0.5753512, 2.451032
ElbowLeft: -0.4957065, 0.599537, 2.491246
WristLeft: -0.5771009, 0.8284307, 2.470439
HandLeft: -0.5917399, 0.9132154, 2.489279
ShoulderRight: 0.07223252, 0.5717945, 2.477228
ElbowRight: 0.3006518, 0.5808883, 2.553147
WristRight: 0.3996042, 0.7761508, 2.585884
HandRight: 0.4151476, 0.8802488, 2.622
HipLeft: -0.1420524, 0.1757535, 2.289072
KneeLeft: -0.1154357, -0.2700426, 2.159903
AnkleLeft: -0.1116204, -0.5676845, 2.048268
FootLeft: -0.08360855, -0.6478828, 1.960007
HipRight: -0.003854791, 0.1690004, 2.309891
KneeRight: -0.06798711, -0.3182075, 2.163034
AnkleRight: -0.04757105, -0.6293826, 2.149681
FootRight: -0.04871195, -0.665352, 2.02753
=========
HipCenter: -0.07729678, 0.2407286, 2.317677
Spine: -0.08509612, 0.2955265, 2.395592
ShoulderCenter: -0.1004857, 0.7055211, 2.497372
Head: -0.07982432, 0.8877537, 2.511689
ShoulderLeft: -0.2348853, 0.5795197, 2.438841
ElbowLeft: -0.4981698, 0.6051819, 2.482648
WristLeft: -0.5800132, 0.8471484, 2.457555
HandLeft: -0.5939249, 0.926321, 2.480081
ShoulderRight: 0.07418839, 0.5801998, 2.469296
ElbowRight: 0.2985083, 0.5858174, 2.545714
WristRight: 0.3963992, 0.7790803, 2.578508
HandRight: 0.4093264, 0.8850231, 2.610304
HipLeft: -0.142905, 0.1793878, 2.278481
KneeLeft: -0.1151481, -0.271045, 2.153161
AnkleLeft: -0.1118779, -0.5659978, 2.051594
FootLeft: -0.07827146, -0.64797, 1.966955
HipRight: -0.004857198, 0.1727193, 2.300554
KneeRight: -0.07776291, -0.3181806, 2.146392
AnkleRight: -0.04957428, -0.6169505, 2.107488
FootRight: -0.06375711, -0.6361606, 1.964878
=========
HipCenter: -0.07901224, 0.2442281, 2.308487
Spine: -0.08616327, 0.2990488, 2.387252
ShoulderCenter: -0.1011089, 0.7089927, 2.491007
Head: -0.08037328, 0.8924878, 2.501745
ShoulderLeft: -0.2360634, 0.5823349, 2.43035
ElbowLeft: -0.497946, 0.6090722, 2.474427
WristLeft: -0.5814769, 0.8560842, 2.450303
HandLeft: -0.5952851, 0.9340221, 2.472935
ShoulderRight: 0.06902391, 0.5866958, 2.450025
ElbowRight: 0.296225, 0.5902149, 2.538902
WristRight: 0.3935279, 0.7833268, 2.57245
HandRight: 0.4061036, 0.8889446, 2.604067
HipLeft: -0.1448913, 0.1832458, 2.268094
KneeLeft: -0.1192584, -0.268117, 2.141531
AnkleLeft: -0.08996856, -0.5847654, 2.052696
FootLeft: -0.05926897, -0.6512965, 1.957583
HipRight: -0.006780707, 0.1756945, 2.29181
KneeRight: -0.08244296, -0.3177212, 2.137107
AnkleRight: -0.05061517, -0.6104628, 2.086243
FootRight: -0.06423216, -0.6333344, 1.96228
=========
HipCenter: -0.08009266, 0.2463331, 2.302673
Spine: -0.08709092, 0.3013936, 2.381719
ShoulderCenter: -0.1029257, 0.7123123, 2.485527
Head: -0.08088914, 0.8954914, 2.494864
ShoulderLeft: -0.2370963, 0.5845614, 2.424151
ElbowLeft: -0.4981192, 0.6117523, 2.468899
WristLeft: -0.5824115, 0.8617414, 2.445245
HandLeft: -0.5962241, 0.9387723, 2.467251
ShoulderRight: 0.06660854, 0.5900321, 2.440849
ElbowRight: 0.294934, 0.5936353, 2.533895
WristRight: 0.3912605, 0.7873403, 2.566791
HandRight: 0.4069732, 0.8814144, 2.581062
HipLeft: -0.1459051, 0.1853861, 2.26212
KneeLeft: -0.1219373, -0.2665118, 2.133044
AnkleLeft: -0.08023059, -0.5932849, 2.052443
FootLeft: -0.04875837, -0.6528397, 1.950117
HipRight: -0.008045196, 0.1776388, 2.286105
KneeRight: -0.08536746, -0.3175444, 2.130922
AnkleRight: -0.05091093, -0.6062896, 2.072092
FootRight: -0.06354763, -0.6308169, 1.958996
=========
HipCenter: -0.08079057, 0.2479312, 2.29855
Spine: -0.08783402, 0.3033727, 2.377506
ShoulderCenter: -0.1047598, 0.7149795, 2.479189
Head: -0.08145381, 0.8974134, 2.48992
ShoulderLeft: -0.2382328, 0.5863465, 2.419279
ElbowLeft: -0.4968063, 0.613725, 2.462848
WristLeft: -0.5832743, 0.8653156, 2.440015
HandLeft: -0.5968668, 0.9410276, 2.459676
ShoulderRight: 0.06576328, 0.5925012, 2.435901
ElbowRight: 0.2950743, 0.597278, 2.529741
WristRight: 0.3905703, 0.7906252, 2.556611
HandRight: 0.4073449, 0.8742256, 2.565971
HipLeft: -0.1465214, 0.1868207, 2.258088
KneeLeft: -0.1235954, -0.2655298, 2.127394
AnkleLeft: -0.07586358, -0.5971073, 2.052447
FootLeft: -0.04286261, -0.6535033, 1.945378
HipRight: -0.008809282, 0.1790127, 2.282211
KneeRight: -0.08636005, -0.317868, 2.128417
AnkleRight: -0.05000116, -0.6051777, 2.067307
FootRight: -0.06313483, -0.6289877, 1.957576
=========
HipCenter: -0.08149812, 0.2491657, 2.295121
Spine: -0.0885989, 0.3049418, 2.373937
ShoulderCenter: -0.1060698, 0.7170164, 2.474384
Head: -0.08223302, 0.8986348, 2.485642
ShoulderLeft: -0.2394296, 0.5877229, 2.415486
ElbowLeft: -0.4940658, 0.6148937, 2.455984
WristLeft: -0.5837537, 0.8665617, 2.434186
HandLeft: -0.596432, 0.9410784, 2.452246
ShoulderRight: 0.06516246, 0.5942216, 2.432363
ElbowRight: 0.2953694, 0.6011791, 2.52565
WristRight: 0.3906702, 0.7938914, 2.546924
HandRight: 0.4072692, 0.865036, 2.549045
HipLeft: -0.1470672, 0.1878426, 2.255054
KneeLeft: -0.1245947, -0.2649351, 2.123567
AnkleLeft: -0.07252747, -0.6000358, 2.052278
FootLeft: -0.03934183, -0.6538345, 1.942466
HipRight: -0.00961701, 0.1801099, 2.278689
KneeRight: -0.08564429, -0.3185103, 2.129358
AnkleRight: -0.04841791, -0.6066293, 2.070788
FootRight: -0.06148966, -0.6302763, 1.963863
=========
HipCenter: -0.08212627, 0.2500144, 2.291715
Spine: -0.08926092, 0.3060937, 2.370708
ShoulderCenter: -0.1074456, 0.7189535, 2.470913
Head: -0.08355241, 0.8989053, 2.478889
ShoulderLeft: -0.2410711, 0.5890425, 2.410851
ElbowLeft: -0.4911356, 0.615333, 2.448211
WristLeft: -0.5834164, 0.8638055, 2.424909
HandLeft: -0.5942607, 0.9371208, 2.434505
ShoulderRight: 0.06453303, 0.5958425, 2.428463
ElbowRight: 0.2955668, 0.6044128, 2.521412
WristRight: 0.3907318, 0.7958071, 2.540477
HandRight: 0.4050483, 0.8748041, 2.545247
HipLeft: -0.1474918, 0.1885315, 2.252154
KneeLeft: -0.1252359, -0.264561, 2.120982
AnkleLeft: -0.07031628, -0.6019947, 2.052193
FootLeft: -0.03702898, -0.6540252, 1.940503
HipRight: -0.01028592, 0.1809223, 2.275092
KneeRight: -0.08403777, -0.3192903, 2.132384
AnkleRight: -0.04682662, -0.6093552, 2.078518
FootRight: -0.05898403, -0.6346185, 1.976147
=========
HipCenter: -0.08280391, 0.2506999, 2.288383
Spine: -0.09008393, 0.3070662, 2.367457
ShoulderCenter: -0.1084926, 0.7205756, 2.468053
Head: -0.08474948, 0.8988114, 2.473473
ShoulderLeft: -0.2424369, 0.590265, 2.406021
ElbowLeft: -0.4887759, 0.6153344, 2.441679
WristLeft: -0.5826123, 0.8605736, 2.416278
HandLeft: -0.5926251, 0.9344707, 2.422409
ShoulderRight: 0.0641841, 0.5970379, 2.425659
ElbowRight: 0.2957338, 0.6069843, 2.517592
WristRight: 0.3908837, 0.7970729, 2.535939
HandRight: 0.4039875, 0.8833226, 2.544343
HipLeft: -0.1480236, 0.1891165, 2.24909
KneeLeft: -0.1257058, -0.2642923, 2.119143
AnkleLeft: -0.06876576, -0.6033889, 2.052108
FootLeft: -0.03557884, -0.6540878, 1.939048
HipRight: -0.01096333, 0.1815038, 2.271782
KneeRight: -0.08216998, -0.320594, 2.136227
AnkleRight: -0.0454989, -0.612863, 2.087258
FootRight: -0.05722517, -0.6376939, 1.983955
=========
HipCenter: -0.08326257, 0.2513615, 2.285496
Spine: -0.09069412, 0.3079988, 2.364536
ShoulderCenter: -0.1091565, 0.722082, 2.465156
Head: -0.08552067, 0.8986753, 2.469308
ShoulderLeft: -0.2434588, 0.5913396, 2.40194
ElbowLeft: -0.4867173, 0.6150946, 2.436023
WristLeft: -0.5816539, 0.857801, 2.409622
HandLeft: -0.5913184, 0.9327449, 2.414209
ShoulderRight: 0.06416508, 0.5980361, 2.423454
ElbowRight: 0.2960186, 0.6089233, 2.514452
WristRight: 0.3910727, 0.7981035, 2.532222
HandRight: 0.4037264, 0.8903312, 2.543899
HipLeft: -0.1484028, 0.1896064, 2.246636
KneeLeft: -0.126028, -0.2640603, 2.117811
AnkleLeft: -0.06771857, -0.6043624, 2.05198
FootLeft: -0.03459331, -0.6541105, 1.938055
HipRight: -0.01138116, 0.1820564, 2.268757
KneeRight: -0.08052611, -0.3216829, 2.139714
AnkleRight: -0.04452747, -0.6158635, 2.094847
FootRight: -0.05608189, -0.6397264, 1.988936
=========
HipCenter: -0.08356573, 0.2520627, 2.282849
Spine: -0.09116586, 0.3089069, 2.361846
ShoulderCenter: -0.1096231, 0.7234076, 2.462594
Head: -0.08606895, 0.8978891, 2.464217
ShoulderLeft: -0.2443346, 0.5925537, 2.397937
ElbowLeft: -0.4848777, 0.6148461, 2.430802
WristLeft: -0.5796658, 0.8550342, 2.401439
HandLeft: -0.5894223, 0.9311432, 2.40711
ShoulderRight: 0.06466901, 0.5989907, 2.421306
ElbowRight: 0.2964947, 0.6105797, 2.510808
WristRight: 0.3967024, 0.834308, 2.523114
HandRight: 0.4035748, 0.9106791, 2.548005
HipLeft: -0.1487084, 0.190084, 2.244436
KneeLeft: -0.1262085, -0.2637354, 2.116812
AnkleLeft: -0.06704897, -0.6050041, 2.051837
FootLeft: -0.03417467, -0.6540118, 1.937341
HipRight: -0.01153883, 0.1826191, 2.265838
KneeRight: -0.07920478, -0.3225007, 2.142555
AnkleRight: -0.04384376, -0.6181989, 2.100865
FootRight: -0.05534155, -0.6410709, 1.992185
=========
HipCenter: -0.08369799, 0.2527073, 2.280524
Spine: -0.09148829, 0.3097098, 2.359506
ShoulderCenter: -0.1099528, 0.7246109, 2.460387
Head: -0.08646176, 0.8973607, 2.459164
ShoulderLeft: -0.2448664, 0.5936838, 2.394226
ElbowLeft: -0.4833369, 0.614722, 2.4265
WristLeft: -0.5777699, 0.8530145, 2.395047
HandLeft: -0.5877065, 0.9299374, 2.401763
ShoulderRight: 0.06562997, 0.5998409, 2.419292
ElbowRight: 0.2969195, 0.6117833, 2.507843
WristRight: 0.3992876, 0.8505173, 2.519402
HandRight: 0.4035897, 0.9420996, 2.560019
HipLeft: -0.1489006, 0.1904949, 2.242579
KneeLeft: -0.1262293, -0.263286, 2.116088
AnkleLeft: -0.06654309, -0.60548, 2.051747
FootLeft: -0.03416441, -0.6538492, 1.936863
HipRight: -0.01142901, 0.1831444, 2.263086
KneeRight: -0.07816967, -0.3230977, 2.144776
AnkleRight: -0.04335836, -0.6199561, 2.105463
FootRight: -0.05481482, -0.6419688, 1.994361
=========
HipCenter: -0.08366633, 0.2534468, 2.278336
Spine: -0.09164514, 0.3105254, 2.357361
ShoulderCenter: -0.1101322, 0.7256761, 2.458519
Head: -0.08684643, 0.8970039, 2.454498
ShoulderLeft: -0.245232, 0.5947071, 2.391064
ElbowLeft: -0.4818055, 0.6147616, 2.422373
WristLeft: -0.5760876, 0.8517517, 2.389852
HandLeft: -0.5862252, 0.9291329, 2.397649
ShoulderRight: 0.06679228, 0.6007276, 2.417423
ElbowRight: 0.2973482, 0.61279, 2.505073
WristRight: 0.4005922, 0.8585243, 2.517414
HandRight: 0.4037985, 0.9499677, 2.561509
HipLeft: -0.1490215, 0.1910914, 2.240628
KneeLeft: -0.1260582, -0.2611018, 2.115532
AnkleLeft: -0.06637992, -0.6056791, 2.0516
FootLeft: -0.03436907, -0.6536419, 1.936595
HipRight: -0.01107874, 0.1836739, 2.260591
KneeRight: -0.07740112, -0.3235128, 2.146423
AnkleRight: -0.04302908, -0.621241, 2.10887
FootRight: -0.05442148, -0.6425785, 1.99585
=========
HipCenter: -0.0834643, 0.2541478, 2.276322
Spine: -0.09164222, 0.3113196, 2.35535
ShoulderCenter: -0.1102606, 0.7268813, 2.456163
Head: -0.08711441, 0.8969917, 2.450817
ShoulderLeft: -0.2453933, 0.595667, 2.388425
ElbowLeft: -0.4805759, 0.6149381, 2.419224
WristLeft: -0.5747284, 0.8509607, 2.386004
HandLeft: -0.5848374, 0.9285923, 2.394421
ShoulderRight: 0.06795663, 0.6015747, 2.415781
ElbowRight: 0.2977615, 0.6135581, 2.502306
WristRight: 0.4014148, 0.8635489, 2.516064
HandRight: 0.4039859, 0.9557825, 2.562698
HipLeft: -0.1489763, 0.1916592, 2.238803
KneeLeft: -0.1257759, -0.2591579, 2.115134
AnkleLeft: -0.06641577, -0.6057012, 2.051451
FootLeft: -0.03474332, -0.653405, 1.93649
HipRight: -0.01056854, 0.1841578, 2.258427
KneeRight: -0.07683165, -0.3237921, 2.147617
AnkleRight: -0.04280045, -0.6221651, 2.111356
FootRight: -0.05415726, -0.6429954, 1.996903
=========
HipCenter: -0.08323605, 0.2547721, 2.274541
Spine: -0.09159762, 0.3120213, 2.353576
ShoulderCenter: -0.1104467, 0.7279912, 2.454
Head: -0.0872068, 0.8972455, 2.44803
ShoulderLeft: -0.2454433, 0.5964724, 2.386204
ElbowLeft: -0.4795427, 0.6151219, 2.416726
WristLeft: -0.5735069, 0.8504277, 2.382733
HandLeft: -0.5833638, 0.928206, 2.391435
ShoulderRight: 0.06908462, 0.6022918, 2.414197
ElbowRight: 0.2981303, 0.6139979, 2.49957
WristRight: 0.4019996, 0.8670318, 2.515141
HandRight: 0.4041288, 0.9599432, 2.563525
HipLeft: -0.1488989, 0.1921856, 2.237152
KneeLeft: -0.1255367, -0.2573609, 2.114844
AnkleLeft: -0.06657663, -0.6056095, 2.05131
FootLeft: -0.03523453, -0.6531568, 1.936495
HipRight: -0.01004013, 0.1845703, 2.256567
KneeRight: -0.07641674, -0.3239776, 2.148454
AnkleRight: -0.04264113, -0.6228237, 2.11314
FootRight: -0.05396021, -0.6433069, 1.997663
=========
HipCenter: -0.08231169, 0.255548, 2.271724
Spine: -0.09076246, 0.3128896, 2.350744
ShoulderCenter: -0.1090149, 0.7292806, 2.449914
Head: -0.08673086, 0.898472, 2.443658
ShoulderLeft: -0.2452294, 0.5973817, 2.383899
ElbowLeft: -0.47825, 0.6156526, 2.413751
WristLeft: -0.571129, 0.8490289, 2.377647
HandLeft: -0.5783643, 0.9266558, 2.385046
ShoulderRight: 0.07059679, 0.6031249, 2.411932
ElbowRight: 0.2984799, 0.6142334, 2.496037
WristRight: 0.4026656, 0.869076, 2.514401
HandRight: 0.4045936, 0.9625209, 2.56375
HipLeft: -0.1483668, 0.1927796, 2.234799
KneeLeft: -0.1248937, -0.2557329, 2.114388
AnkleLeft: -0.06685993, -0.6054404, 2.051163
FootLeft: -0.03583051, -0.6529197, 1.936582
HipRight: -0.008648152, 0.1851441, 2.253413
KneeRight: -0.07612749, -0.3241085, 2.148984
AnkleRight: -0.04252284, -0.6232851, 2.114335
FootRight: -0.05382688, -0.6435439, 1.998057
=========
HipCenter: -0.08133832, 0.2561187, 2.269155
Spine: -0.08990525, 0.3135112, 2.348295
ShoulderCenter: -0.1076112, 0.7302586, 2.446946
Head: -0.08603851, 0.8996571, 2.440139
ShoulderLeft: -0.2446381, 0.5982506, 2.381623
ElbowLeft: -0.4771741, 0.6161619, 2.411301
WristLeft: -0.5689587, 0.8478197, 2.374006
HandLeft: -0.573984, 0.9252914, 2.380361
ShoulderRight: 0.07194097, 0.6038838, 2.409927
ElbowRight: 0.2987598, 0.6142768, 2.493099
WristRight: 0.4033841, 0.8697184, 2.513869
HandRight: 0.4052181, 0.9635851, 2.563467
HipLeft: -0.1477261, 0.1932771, 2.232536
KneeLeft: -0.1242857, -0.2543155, 2.113903
AnkleLeft: -0.06720112, -0.6052378, 2.051022
FootLeft: -0.03634066, -0.6526977, 1.936697
HipRight: -0.007362663, 0.1855693, 2.250638
KneeRight: -0.07590777, -0.3242085, 2.14936
AnkleRight: -0.04243433, -0.6236253, 2.115191
FootRight: -0.05374255, -0.6437203, 1.998146
=========
HipCenter: -0.08007564, 0.2565291, 2.266627
Spine: -0.08879438, 0.3139636, 2.345886
ShoulderCenter: -0.1061741, 0.731021, 2.444325
Head: -0.08518852, 0.9008591, 2.437355
ShoulderLeft: -0.2436824, 0.5990693, 2.37937
ElbowLeft: -0.4761606, 0.6166393, 2.409236
WristLeft: -0.5670872, 0.8467669, 2.371304
HandLeft: -0.5705258, 0.9242389, 2.376943
ShoulderRight: 0.07323898, 0.6045223, 2.408163
ElbowRight: 0.2990476, 0.6141264, 2.490747
WristRight: 0.4043311, 0.8686478, 2.513198
HandRight: 0.406208, 0.9625553, 2.562124
HipLeft: -0.1467922, 0.1936044, 2.23033
KneeLeft: -0.1233687, -0.2534012, 2.113328
AnkleLeft: -0.06755267, -0.6050214, 2.050899
FootLeft: -0.03682004, -0.6524997, 1.936836
HipRight: -0.005810779, 0.1859493, 2.247929
KneeRight: -0.07573072, -0.3242825, 2.149625
AnkleRight: -0.04236758, -0.6238758, 2.115818
FootRight: -0.0537007, -0.6438431, 1.998013
=========
HipCenter: -0.07877456, 0.2566976, 2.264365
Spine: -0.0876374, 0.3141774, 2.343727
ShoulderCenter: -0.1047843, 0.7315442, 2.442121
Head: -0.08426699, 0.9019574, 2.435028
ShoulderLeft: -0.2425668, 0.5997316, 2.377235
ElbowLeft: -0.4753267, 0.6170914, 2.407568
WristLeft: -0.5652834, 0.845645, 2.369264
HandLeft: -0.5680291, 0.9236101, 2.374693
ShoulderRight: 0.07448751, 0.6050993, 2.406639
ElbowRight: 0.2993749, 0.6139073, 2.488909
WristRight: 0.4051566, 0.8670222, 2.512744
HandRight: 0.4070728, 0.960948, 2.560838
HipLeft: -0.1457247, 0.1936304, 2.228302
KneeLeft: -0.121997, -0.2535501, 2.112411
AnkleLeft: -0.06785977, -0.6048275, 2.050801
FootLeft: -0.03724025, -0.6523273, 1.936978
HipRight: -0.00432911, 0.1861888, 2.245563
KneeRight: -0.07558056, -0.324329, 2.14979
AnkleRight: -0.04231746, -0.6240597, 2.11628
FootRight: -0.05367351, -0.6439176, 1.997694
=========
HipCenter: -0.07751497, 0.2567351, 2.262443
Spine: -0.08652342, 0.3142705, 2.341851
ShoulderCenter: -0.1030969, 0.7318722, 2.439794
Head: -0.08318912, 0.9030554, 2.433004
ShoulderLeft: -0.2410564, 0.6002965, 2.374982
ElbowLeft: -0.4746096, 0.6174823, 2.406183
WristLeft: -0.563845, 0.8447661, 2.367816
HandLeft: -0.5662425, 0.9231417, 2.373123
ShoulderRight: 0.07678014, 0.6057956, 2.40533
ElbowRight: 0.2997731, 0.6136021, 2.487485
WristRight: 0.4058517, 0.8653113, 2.512486
HandRight: 0.4078898, 0.9596702, 2.560164
HipLeft: -0.1446764, 0.1934782, 2.226574
KneeLeft: -0.1204776, -0.2543762, 2.111319
AnkleLeft: -0.0681451, -0.6046421, 2.050719
FootLeft: -0.037622, -0.6521787, 1.937123
HipRight: -0.002875663, 0.1863014, 2.243509
KneeRight: -0.07545312, -0.3243827, 2.149859
AnkleRight: -0.04228225, -0.6242107, 2.11661
FootRight: -0.05366803, -0.6439867, 1.997207
=========
HipCenter: -0.07617997, 0.2565702, 2.260622
Spine: -0.08549961, 0.3142417, 2.340239
ShoulderCenter: -0.102033, 0.7322982, 2.438188
Head: -0.08137901, 0.9044139, 2.43103
ShoulderLeft: -0.2390991, 0.6008707, 2.372701
ElbowLeft: -0.4739458, 0.6177955, 2.405026
WristLeft: -0.5625013, 0.8440301, 2.366773
HandLeft: -0.5648813, 0.9228289, 2.372048
ShoulderRight: 0.07864498, 0.6062688, 2.40411
ElbowRight: 0.3001485, 0.6130534, 2.486318
WristRight: 0.4066595, 0.8635188, 2.512566
HandRight: 0.4089736, 0.9580179, 2.560136
HipLeft: -0.1432948, 0.1931134, 2.224737
KneeLeft: -0.1189433, -0.2554032, 2.110274
AnkleLeft: -0.0683981, -0.6044714, 2.05065
FootLeft: -0.03796266, -0.6520535, 1.937258
HipRight: -0.001521257, 0.1863307, 2.24178
KneeRight: -0.0753364, -0.324424, 2.14985
AnkleRight: -0.04225551, -0.6243296, 2.116836
FootRight: -0.05364263, -0.6440336, 1.996645
=========
HipCenter: -0.07468574, 0.2560267, 2.25866
Spine: -0.08432052, 0.3139364, 2.338578
ShoulderCenter: -0.1010382, 0.7327203, 2.436953
Head: -0.07669122, 0.9063023, 2.429472
ShoulderLeft: -0.2366799, 0.6014223, 2.37043
ElbowLeft: -0.4723365, 0.6180623, 2.403524
WristLeft: -0.5609165, 0.8429563, 2.365843
HandLeft: -0.5636922, 0.9226082, 2.371305
ShoulderRight: 0.08031067, 0.6065159, 2.402728
ElbowRight: 0.3006262, 0.6117629, 2.48512
WristRight: 0.4121414, 0.8577213, 2.513666
HandRight: 0.4139867, 0.9519884, 2.561922
HipLeft: -0.1416137, 0.1923833, 2.22272
KneeLeft: -0.1171075, -0.2576567, 2.108794
AnkleLeft: -0.06857052, -0.6043246, 2.050602
FootLeft: -0.03828707, -0.651943, 1.937391
HipRight: -0.0002928904, 0.1862151, 2.240148
KneeRight: -0.07513425, -0.3244126, 2.149647
AnkleRight: -0.04220406, -0.624411, 2.116923
FootRight: -0.0535432, -0.6440528, 1.995899
=========
HipCenter: -0.07322386, 0.2552959, 2.256737
Spine: -0.08300564, 0.3134234, 2.336874
ShoulderCenter: -0.09962732, 0.7331133, 2.43572
Head: -0.07310267, 0.9079479, 2.428333
ShoulderLeft: -0.2341675, 0.6018857, 2.368392
ElbowLeft: -0.4703139, 0.6182109, 2.402106
WristLeft: -0.559598, 0.8421344, 2.365223
HandLeft: -0.5627042, 0.9224297, 2.370801
ShoulderRight: 0.0815904, 0.6066185, 2.401254
ElbowRight: 0.3010213, 0.6103273, 2.484035
WristRight: 0.4159241, 0.8539214, 2.514769
HandRight: 0.4181781, 0.9474597, 2.564098
HipLeft: -0.1400352, 0.191654, 2.22089
KneeLeft: -0.1155817, -0.2596416, 2.107495
AnkleLeft: -0.06871183, -0.6041904, 2.050565
FootLeft: -0.0385714, -0.6518486, 1.937514
HipRight: 0.0007469733, 0.1860207, 2.238689
KneeRight: -0.07489698, -0.3243429, 2.149339
AnkleRight: -0.04213629, -0.6244503, 2.116907
FootRight: -0.0534421, -0.6440384, 1.995131
=========
HipCenter: -0.07167143, 0.2546857, 2.255008
Spine: -0.08154664, 0.3129576, 2.335261
ShoulderCenter: -0.0981135, 0.7334116, 2.434481
Head: -0.06972539, 0.9092984, 2.427348
ShoulderLeft: -0.2319488, 0.6022457, 2.366787
ElbowLeft: -0.468353, 0.6182961, 2.400927
WristLeft: -0.5582552, 0.8413962, 2.364889
HandLeft: -0.5617473, 0.9223433, 2.370569
ShoulderRight: 0.08355236, 0.6065723, 2.399873
ElbowRight: 0.3007866, 0.6083064, 2.482689
WristRight: 0.4186059, 0.851447, 2.515579
HandRight: 0.4313977, 0.9304039, 2.554546
HipLeft: -0.138459, 0.1910075, 2.219275
KneeLeft: -0.1142083, -0.2613308, 2.106373
AnkleLeft: -0.06882317, -0.6040686, 2.050531
FootLeft: -0.03881829, -0.6517758, 1.937624
HipRight: 0.002150889, 0.1858021, 2.237143
KneeRight: -0.07455679, -0.324241, 2.148916
AnkleRight: -0.04201648, -0.6244605, 2.116787
FootRight: -0.05331523, -0.6440128, 1.994373
=========
HipCenter: -0.07033651, 0.2541709, 2.253526
Spine: -0.08017413, 0.3125432, 2.333788
ShoulderCenter: -0.09580106, 0.7335484, 2.432836
Head: -0.06684423, 0.9104546, 2.426601
ShoulderLeft: -0.2299789, 0.602531, 2.365512
ElbowLeft: -0.4665622, 0.6183529, 2.399943
WristLeft: -0.55687, 0.840912, 2.364713
HandLeft: -0.560681, 0.922373, 2.3706
ShoulderRight: 0.08516705, 0.6064522, 2.398723
ElbowRight: 0.3008543, 0.6065354, 2.481632
WristRight: 0.4204895, 0.849755, 2.516159
HandRight: 0.4348855, 0.9279664, 2.555681
HipLeft: -0.1371873, 0.1905111, 2.218013
KneeLeft: -0.1132646, -0.2624334, 2.105457
AnkleLeft: -0.06890711, -0.6039533, 2.0505
FootLeft: -0.03904691, -0.6517125, 1.93772
HipRight: 0.003380013, 0.1855975, 2.235677
KneeRight: -0.07412025, -0.3241065, 2.148391
AnkleRight: -0.04183784, -0.6244409, 2.116565
FootRight: -0.05315175, -0.6439825, 1.993621
=========
HipCenter: -0.06894469, 0.2537496, 2.252199
Spine: -0.07871658, 0.3121746, 2.332416
ShoulderCenter: -0.09332431, 0.7334919, 2.431178
Head: -0.06489826, 0.9110918, 2.426165
ShoulderLeft: -0.2280608, 0.6027368, 2.364389
ElbowLeft: -0.464953, 0.6183682, 2.39912
WristLeft: -0.5552772, 0.840628, 2.36473
HandLeft: -0.5595927, 0.9225366, 2.370871
ShoulderRight: 0.08726322, 0.6063154, 2.397834
ElbowRight: 0.3005679, 0.6047015, 2.480409
WristRight: 0.4219744, 0.8485658, 2.516594
HandRight: 0.4430016, 0.9206773, 2.551375
HipLeft: -0.1359523, 0.1900854, 2.216951
KneeLeft: -0.1123899, -0.2633198, 2.104654
AnkleLeft: -0.06896372, -0.6038572, 2.050472
FootLeft: -0.03926195, -0.6516634, 1.937802
HipRight: 0.004825368, 0.185395, 2.234172
KneeRight: -0.073646, -0.3239493, 2.147831
AnkleRight: -0.04161991, -0.6243951, 2.116275
FootRight: -0.05313125, -0.6439524, 1.992981
=========
HipCenter: -0.06773145, 0.2534865, 2.251093
Spine: -0.07739382, 0.311931, 2.331234
ShoulderCenter: -0.09087656, 0.7332981, 2.429525
Head: -0.06335777, 0.9115826, 2.425884
ShoulderLeft: -0.2264549, 0.6029332, 2.363548
ElbowLeft: -0.4634855, 0.6183894, 2.398443
WristLeft: -0.5534683, 0.8406464, 2.364935
HandLeft: -0.5584083, 0.9227789, 2.371319
ShoulderRight: 0.08950328, 0.6061389, 2.397089
ElbowRight: 0.3001229, 0.6029809, 2.479177
WristRight: 0.423026, 0.8476183, 2.516866
HandRight: 0.4441294, 0.9221516, 2.553128
HipLeft: -0.1349234, 0.1897942, 2.216105
KneeLeft: -0.1116603, -0.2639666, 2.103971
AnkleLeft: -0.06899659, -0.6037651, 2.050448
FootLeft: -0.03945047, -0.6516221, 1.937875
HipRight: 0.006118302, 0.1852561, 2.232836
KneeRight: -0.07310883, -0.3237818, 2.147213
AnkleRight: -0.04134469, -0.6243299, 2.115904
FootRight: -0.0531017, -0.6439197, 1.992369
=========
HipCenter: -0.06660442, 0.2532369, 2.25008
Spine: -0.07616727, 0.3116879, 2.330218
ShoulderCenter: -0.08910366, 0.7331845, 2.428491
Head: -0.0621588, 0.9119655, 2.425687
ShoulderLeft: -0.2250654, 0.603052, 2.36282
ElbowLeft: -0.4626628, 0.6185986, 2.397972
WristLeft: -0.5515763, 0.8408095, 2.365332
HandLeft: -0.5572668, 0.923027, 2.371826
ShoulderRight: 0.0909343, 0.605952, 2.396161
ElbowRight: 0.2993905, 0.6012359, 2.477644
WristRight: 0.4237943, 0.8467563, 2.517003
HandRight: 0.4436695, 0.9241275, 2.555018
HipLeft: -0.1338478, 0.1895541, 2.215244
KneeLeft: -0.1110709, -0.2644137, 2.103378
AnkleLeft: -0.06901579, -0.6036788, 2.050423
FootLeft: -0.03962319, -0.6515799, 1.937933
HipRight: 0.007244086, 0.1851376, 2.231655
KneeRight: -0.07254902, -0.323559, 2.146576
AnkleRight: -0.04102955, -0.6242185, 2.115476
FootRight: -0.05306415, -0.6438704, 1.991804
=========
HipCenter: -0.06556785, 0.2530433, 2.249199
Spine: -0.07506412, 0.3114809, 2.329349
ShoulderCenter: -0.08769137, 0.7330785, 2.427729
Head: -0.06117892, 0.9122679, 2.425536
ShoulderLeft: -0.2234998, 0.6031739, 2.362062
ElbowLeft: -0.4620763, 0.6189288, 2.397605
WristLeft: -0.5496369, 0.8411713, 2.365922
HandLeft: -0.5560126, 0.9233424, 2.372484
ShoulderRight: 0.09223206, 0.6057746, 2.395317
ElbowRight: 0.3019469, 0.6004552, 2.477046
WristRight: 0.4231418, 0.8156384, 2.508274
HandRight: 0.4395386, 0.9108489, 2.550037
HipLeft: -0.1327922, 0.1893918, 2.214434
KneeLeft: -0.1105781, -0.2647262, 2.102851
AnkleLeft: -0.06901415, -0.6035907, 2.050398
FootLeft: -0.03977246, -0.6515435, 1.937981
HipRight: 0.008238875, 0.1850359, 2.230652
KneeRight: -0.07193507, -0.3233241, 2.145901
AnkleRight: -0.04065336, -0.6240853, 2.114981
FootRight: -0.05300905, -0.6438171, 1.991251
=========
HipCenter: -0.06462178, 0.252837, 2.248328
Spine: -0.07409239, 0.3112636, 2.328548
ShoulderCenter: -0.08662832, 0.7329979, 2.427186
Head: -0.0601556, 0.9123702, 2.425461
ShoulderLeft: -0.2219666, 0.6033047, 2.361346
ElbowLeft: -0.4614336, 0.6192871, 2.397287
WristLeft: -0.5476192, 0.8417072, 2.36658
HandLeft: -0.5544327, 0.9236687, 2.373179
ShoulderRight: 0.0932057, 0.6056097, 2.394538
ElbowRight: 0.3241452, 0.6091228, 2.481785
WristRight: 0.4259322, 0.8192974, 2.506899
HandRight: 0.4400351, 0.9098633, 2.545832
HipLeft: -0.1318312, 0.1892711, 2.21368
KneeLeft: -0.1102053, -0.2648781, 2.102319
AnkleLeft: -0.06900258, -0.6035061, 2.050373
FootLeft: -0.0398965, -0.6515111, 1.938024
HipRight: 0.009118985, 0.1849378, 2.229639
KneeRight: -0.07128951, -0.3230262, 2.145211
AnkleRight: -0.04022741, -0.6238984, 2.114436
FootRight: -0.05293784, -0.6437495, 1.990735
=========
HipCenter: -0.06378815, 0.2526931, 2.247558
Spine: -0.07326837, 0.3110865, 2.32788
ShoulderCenter: -0.08585021, 0.7329799, 2.426886
Head: -0.05924955, 0.912452, 2.42537
ShoulderLeft: -0.2206534, 0.6033934, 2.360731
ElbowLeft: -0.4609165, 0.6198546, 2.397062
WristLeft: -0.5455809, 0.8422261, 2.367107
HandLeft: -0.5523837, 0.9239604, 2.373787
ShoulderRight: 0.09414586, 0.6054624, 2.39381
ElbowRight: 0.3372082, 0.6141942, 2.484698
WristRight: 0.4282106, 0.8251848, 2.506393
HandRight: 0.4375381, 0.919647, 2.548795
HipLeft: -0.1309487, 0.1892204, 2.212953
KneeLeft: -0.1099065, -0.2649065, 2.101764
AnkleLeft: -0.06896909, -0.6034213, 2.050348
FootLeft: -0.0399905, -0.6514878, 1.938059
HipRight: 0.009968503, 0.1848694, 2.228646
KneeRight: -0.07065923, -0.322651, 2.144533
AnkleRight: -0.03978034, -0.6236458, 2.11386
FootRight: -0.05283967, -0.6436608, 1.990242
=========
HipCenter: -0.06293339, 0.2525828, 2.246809
Spine: -0.07247026, 0.3109287, 2.327257
ShoulderCenter: -0.08524667, 0.7329723, 2.42669
Head: -0.05827007, 0.9125101, 2.425332
ShoulderLeft: -0.2194239, 0.6035121, 2.360166
ElbowLeft: -0.4604731, 0.6206264, 2.396899
WristLeft: -0.543584, 0.8427852, 2.367584
HandLeft: -0.5498758, 0.9243801, 2.374495
ShoulderRight: 0.09502757, 0.6053265, 2.393164
ElbowRight: 0.3440873, 0.6168842, 2.486224
WristRight: 0.4296024, 0.8311982, 2.506401
HandRight: 0.4357351, 0.927197, 2.551236
HipLeft: -0.1299694, 0.189215, 2.212172
KneeLeft: -0.1096087, -0.2648691, 2.101185
AnkleLeft: -0.06892522, -0.6033415, 2.050325
FootLeft: -0.04005002, -0.6514738, 1.938091
HipRight: 0.01084165, 0.1848101, 2.227684
KneeRight: -0.07004876, -0.3222787, 2.143906
AnkleRight: -0.03931626, -0.6233767, 2.113287
FootRight: -0.05269228, -0.6435816, 1.98978
=========
HipCenter: -0.06202505, 0.2524893, 2.246039
Spine: -0.07163498, 0.3107665, 2.326635
ShoulderCenter: -0.08465969, 0.7329699, 2.426619
Head: -0.057093, 0.9125298, 2.425286
ShoulderLeft: -0.2182706, 0.6036191, 2.359648
ElbowLeft: -0.4596716, 0.6212642, 2.39663
WristLeft: -0.541723, 0.8433018, 2.367939
HandLeft: -0.5470626, 0.9249236, 2.375198
ShoulderRight: 0.09603338, 0.6051128, 2.392546
ElbowRight: 0.3483643, 0.6185828, 2.487133
WristRight: 0.4302749, 0.8361927, 2.506579
HandRight: 0.4343666, 0.9325611, 2.552999
HipLeft: -0.1289289, 0.1892537, 2.211313
KneeLeft: -0.1091981, -0.2645969, 2.100583
AnkleLeft: -0.06887338, -0.6032596, 2.050303
FootLeft: -0.04011527, -0.6514656, 1.938124
HipRight: 0.01179963, 0.1847057, 2.226678
KneeRight: -0.06944943, -0.3218989, 2.143327
AnkleRight: -0.03883373, -0.6230865, 2.112722
FootRight: -0.05250577, -0.6435019, 1.989349
=========
HipCenter: -0.06113679, 0.252418, 2.245262
Spine: -0.07082187, 0.3106165, 2.326015
ShoulderCenter: -0.08409913, 0.7329849, 2.426628
Head: -0.05570608, 0.9125758, 2.425274
ShoulderLeft: -0.2171902, 0.6037109, 2.35916
ElbowLeft: -0.4586977, 0.6218176, 2.396338
WristLeft: -0.5401332, 0.8437118, 2.368165
HandLeft: -0.5446525, 0.9253581, 2.375726
ShoulderRight: 0.09697028, 0.6048951, 2.392002
ElbowRight: 0.347326, 0.6167973, 2.48586
WristRight: 0.4303104, 0.8400319, 2.506663
HandRight: 0.4329145, 0.9364791, 2.553978
HipLeft: -0.12795, 0.1893214, 2.210463
KneeLeft: -0.1086411, -0.2641601, 2.09995
AnkleLeft: -0.06881876, -0.6031809, 2.050282
FootLeft: -0.04017147, -0.6514607, 1.938156
HipRight: 0.01274112, 0.184603, 2.225639
KneeRight: -0.06890692, -0.3215542, 2.142817
AnkleRight: -0.03836679, -0.6228047, 2.112187
FootRight: -0.05231607, -0.6434274, 1.988961
