=========
HipCenter: -0.07491876, 0.2629469, 2.312637
Spine: -0.09008665, 0.3166049, 2.387191
ShoulderCenter: -0.1052666, 0.7090988, 2.472926
Head: -0.07297682, 0.8757054, 2.479519
ShoulderLeft: -0.2462374, 0.5838677, 2.396943
ElbowLeft: -0.4800338, 0.6316211, 2.387444
WristLeft: -0.5433596, 0.8210389, 2.315386
HandLeft: -0.5460581, 0.8977038, 2.290072
ShoulderRight: 0.09494159, 0.5787604, 2.462616
ElbowRight: 0.3024389, 0.5984077, 2.525187
WristRight: 0.3983369, 0.7966465, 2.525121
HandRight: 0.4197097, 0.8558841, 2.520082
HipLeft: -0.1467259, 0.1912047, 2.267722
KneeLeft: -0.1111023, -0.2518556, 2.092927
AnkleLeft: -0.1374577, -0.5939837, 2.049973
FootLeft: -0.1008538, -0.6656812, 1.970438
HipRight: 0.00680466, 0.1889064, 2.300247
KneeRight: -0.07004078, -0.2919507, 2.164607
AnkleRight: -0.07299868, -0.631255, 2.145843
FootRight: -0.08939312, -0.6750164, 2.000045
=========
HipCenter: -0.07471582, 0.2629877, 2.311542
Spine: -0.09008662, 0.3166171, 2.386126
ShoulderCenter: -0.1050867, 0.7092304, 2.472277
Head: -0.07297288, 0.8757919, 2.478472
ShoulderLeft: -0.2458189, 0.5845007, 2.395121
ElbowLeft: -0.4827074, 0.6361185, 2.385571
WristLeft: -0.5432413, 0.8211879, 2.31409
HandLeft: -0.5459281, 0.8973507, 2.28916
ShoulderRight: 0.09555548, 0.5792786, 2.462179
ElbowRight: 0.3028388, 0.5993071, 2.523537
WristRight: 0.4087558, 0.8273447, 2.51653
HandRight: 0.4227922, 0.9055553, 2.537759
HipLeft: -0.1465936, 0.1911386, 2.266321
KneeLeft: -0.1110556, -0.2517629, 2.090962
AnkleLeft: -0.1446964, -0.5716442, 2.014024
FootLeft: -0.104208, -0.6579443, 1.952254
HipRight: 0.007092844, 0.1888895, 2.29916
KneeRight: -0.07018004, -0.2917179, 2.164117
AnkleRight: -0.07293651, -0.6313039, 2.145843
FootRight: -0.08598854, -0.675065, 1.997122
=========
HipCenter: -0.07456498, 0.2631429, 2.310649
Spine: -0.08999646, 0.3167505, 2.385316
ShoulderCenter: -0.1051427, 0.709428, 2.471764
Head: -0.07263262, 0.8779641, 2.476142
ShoulderLeft: -0.2456894, 0.5849494, 2.394133
ElbowLeft: -0.4827398, 0.6373424, 2.380004
WristLeft: -0.5424015, 0.8211117, 2.310775
HandLeft: -0.5447716, 0.8953562, 2.284739
ShoulderRight: 0.0959322, 0.5797267, 2.461202
ElbowRight: 0.303076, 0.6002579, 2.522004
WristRight: 0.4124258, 0.8378961, 2.513536
HandRight: 0.4249397, 0.916588, 2.538043
HipLeft: -0.1464471, 0.1912701, 2.265343
KneeLeft: -0.1137209, -0.2443947, 2.077048
AnkleLeft: -0.144645, -0.5486882, 1.973281
FootLeft: -0.107966, -0.6406168, 1.910836
HipRight: 0.007366162, 0.1890189, 2.298105
KneeRight: -0.07023295, -0.2915238, 2.163733
AnkleRight: -0.07292177, -0.6313078, 2.145839
FootRight: -0.08367752, -0.6735004, 1.996958
=========
HipCenter: -0.07404745, 0.2640886, 2.307056
Spine: -0.08957466, 0.3175947, 2.38204
ShoulderCenter: -0.1054533, 0.7104067, 2.469677
Head: -0.07174109, 0.8852918, 2.465648
ShoulderLeft: -0.2456347, 0.5863061, 2.389924
ElbowLeft: -0.4803655, 0.6375927, 2.366963
WristLeft: -0.5396832, 0.8192629, 2.298949
HandLeft: -0.5424719, 0.890578, 2.275634
ShoulderRight: 0.09728518, 0.5816261, 2.456026
ElbowRight: 0.3035932, 0.6031137, 2.514471
WristRight: 0.4153694, 0.846628, 2.507712
HandRight: 0.4271572, 0.926921, 2.5336
HipLeft: -0.14599, 0.1920231, 2.261712
KneeLeft: -0.1155182, -0.2378838, 2.065964
AnkleLeft: -0.1412614, -0.5206626, 1.931098
FootLeft: -0.1129805, -0.6169957, 1.845296
HipRight: 0.008400881, 0.1900064, 2.293691
KneeRight: -0.07619491, -0.2936884, 2.145879
AnkleRight: -0.07281312, -0.6312787, 2.145782
FootRight: -0.07888226, -0.6668147, 1.99761
=========
HipCenter: -0.07276531, 0.266592, 2.294597
Spine: -0.08785931, 0.3205427, 2.369091
ShoulderCenter: -0.1027271, 0.7143175, 2.451337
Head: -0.07156598, 0.8885474, 2.454817
ShoulderLeft: -0.2457132, 0.5893576, 2.381049
ElbowLeft: -0.4806851, 0.6416355, 2.347824
WristLeft: -0.5378233, 0.8220329, 2.279513
HandLeft: -0.5414997, 0.8865607, 2.251965
ShoulderRight: 0.09958334, 0.5866123, 2.444858
ElbowRight: 0.3041031, 0.6070192, 2.502931
WristRight: 0.4180301, 0.853856, 2.498312
HandRight: 0.4292631, 0.9392005, 2.520234
HipLeft: -0.145376, 0.1935367, 2.252038
KneeLeft: -0.1179924, -0.2286794, 2.050317
AnkleLeft: -0.1384074, -0.5103662, 1.897739
FootLeft: -0.1135588, -0.5964022, 1.794229
HipRight: 0.01037991, 0.1926827, 2.278912
KneeRight: -0.07895238, -0.2930425, 2.134297
AnkleRight: -0.07258922, -0.6311929, 2.145679
FootRight: -0.07420802, -0.6598921, 1.999265
=========
HipCenter: -0.07072933, 0.2714476, 2.273419
Spine: -0.08501556, 0.3255867, 2.346901
ShoulderCenter: -0.09649556, 0.7167864, 2.421391
Head: -0.07239654, 0.8894552, 2.439684
ShoulderLeft: -0.2450692, 0.5935388, 2.364766
ElbowLeft: -0.4812101, 0.6450793, 2.330384
WristLeft: -0.5366017, 0.8250189, 2.262906
HandLeft: -0.5373858, 0.8734315, 2.236616
ShoulderRight: 0.1025742, 0.5926755, 2.428398
ElbowRight: 0.3052094, 0.6119692, 2.487219
WristRight: 0.4199541, 0.8608612, 2.481958
HandRight: 0.4305028, 0.948427, 2.502227
HipLeft: -0.1444266, 0.1971374, 2.233725
KneeLeft: -0.1191614, -0.2222729, 2.038013
AnkleLeft: -0.136916, -0.5056287, 1.88256
FootLeft: -0.1139754, -0.5893973, 1.77636
HipRight: 0.01252246, 0.1975079, 2.256938
KneeRight: -0.0795627, -0.2887213, 2.122828
AnkleRight: -0.07146469, -0.6304461, 2.142848
FootRight: -0.0708314, -0.6549896, 1.998405
=========
HipCenter: -0.06944028, 0.2755693, 2.2531
Spine: -0.08346707, 0.3291837, 2.32779
ShoulderCenter: -0.09400603, 0.7186391, 2.407198
Head: -0.07266611, 0.890803, 2.426363
ShoulderLeft: -0.2436797, 0.5970798, 2.341152
ElbowLeft: -0.4810577, 0.6473997, 2.315059
WristLeft: -0.5357202, 0.8266311, 2.244044
HandLeft: -0.5374932, 0.8751129, 2.220368
ShoulderRight: 0.1052169, 0.5968818, 2.407809
ElbowRight: 0.3047478, 0.6172034, 2.467139
WristRight: 0.4210215, 0.865292, 2.463875
HandRight: 0.4311744, 0.9536134, 2.478734
HipLeft: -0.1436512, 0.2015014, 2.209749
KneeLeft: -0.1201731, -0.2175796, 2.024251
AnkleLeft: -0.1357696, -0.5036395, 1.873544
FootLeft: -0.1138488, -0.585486, 1.766536
HipRight: 0.01370815, 0.2014079, 2.237408
KneeRight: -0.07869472, -0.2848669, 2.114215
AnkleRight: -0.06914468, -0.6279206, 2.134488
FootRight: -0.06806019, -0.6509618, 1.995427
=========
HipCenter: -0.06846723, 0.2791185, 2.233315
Spine: -0.08242943, 0.3320301, 2.310734
ShoulderCenter: -0.09370425, 0.7211146, 2.39841
Head: -0.07194438, 0.8919671, 2.404963
ShoulderLeft: -0.2430569, 0.6003718, 2.324616
ElbowLeft: -0.4800743, 0.6491586, 2.30094
WristLeft: -0.5353745, 0.8274913, 2.228661
HandLeft: -0.5380715, 0.8774805, 2.208342
ShoulderRight: 0.105032, 0.5998003, 2.385595
ElbowRight: 0.3025998, 0.6209855, 2.444909
WristRight: 0.4209061, 0.8663111, 2.438727
HandRight: 0.4314278, 0.9541187, 2.452428
HipLeft: -0.1421545, 0.2061904, 2.187559
KneeLeft: -0.1203347, -0.2153315, 2.016677
AnkleLeft: -0.134387, -0.5061389, 1.871359
FootLeft: -0.1127311, -0.5851905, 1.765702
HipRight: 0.01474089, 0.2053256, 2.215752
KneeRight: -0.07598277, -0.2825397, 2.105165
AnkleRight: -0.06727955, -0.6258683, 2.12774
FootRight: -0.06620225, -0.6481767, 1.993115
=========
HipCenter: -0.06786206, 0.2811924, 2.212761
Spine: -0.08224741, 0.3339978, 2.292015
ShoulderCenter: -0.09479894, 0.7252042, 2.390558
Head: -0.07114536, 0.8925561, 2.391177
ShoulderLeft: -0.2416832, 0.6031516, 2.305378
ElbowLeft: -0.4786985, 0.650571, 2.287679
WristLeft: -0.5349861, 0.8281535, 2.215105
HandLeft: -0.5385209, 0.8804328, 2.195386
ShoulderRight: 0.1042511, 0.6017492, 2.366925
ElbowRight: 0.3010223, 0.6240339, 2.425741
WristRight: 0.419614, 0.8652662, 2.416103
HandRight: 0.4308521, 0.9522858, 2.428072
HipLeft: -0.1406443, 0.2092995, 2.165795
KneeLeft: -0.1201214, -0.2142097, 2.011177
AnkleLeft: -0.1332277, -0.5114934, 1.874538
FootLeft: -0.1117023, -0.5861369, 1.76604
HipRight: 0.015091, 0.207984, 2.195551
KneeRight: -0.07336057, -0.2729544, 2.075576
AnkleRight: -0.06580666, -0.6238169, 2.120949
FootRight: -0.06479062, -0.6461775, 1.990411
=========
HipCenter: -0.06734459, 0.2826593, 2.196103
Spine: -0.08240771, 0.3357825, 2.275193
ShoulderCenter: -0.09898455, 0.731762, 2.378448
Head: -0.07058123, 0.8931182, 2.381161
ShoulderLeft: -0.2406241, 0.6062196, 2.290019
ElbowLeft: -0.477152, 0.653432, 2.274688
WristLeft: -0.5356083, 0.8300033, 2.20429
HandLeft: -0.5400977, 0.8847756, 2.182674
ShoulderRight: 0.1038293, 0.6040449, 2.352722
ElbowRight: 0.2996303, 0.6257175, 2.409996
WristRight: 0.418337, 0.8640214, 2.400261
HandRight: 0.4298015, 0.9498846, 2.409162
HipLeft: -0.1392722, 0.2121283, 2.148904
KneeLeft: -0.1194967, -0.2133861, 2.002869
AnkleLeft: -0.1325379, -0.5162134, 1.878485
FootLeft: -0.1105951, -0.5891311, 1.771977
HipRight: 0.01565749, 0.2090136, 2.179222
KneeRight: -0.07055239, -0.2689079, 2.060992
AnkleRight: -0.06459795, -0.6216997, 2.114407
FootRight: -0.06320073, -0.6454803, 1.987485
=========
HipCenter: -0.06694735, 0.2836601, 2.180751
Spine: -0.08273456, 0.3370059, 2.259892
ShoulderCenter: -0.102539, 0.7371544, 2.368062
Head: -0.06951366, 0.8940992, 2.36732
ShoulderLeft: -0.2387549, 0.6098662, 2.274451
ElbowLeft: -0.4731879, 0.6557537, 2.261446
WristLeft: -0.5365914, 0.8307801, 2.195399
HandLeft: -0.542118, 0.8870109, 2.172771
ShoulderRight: 0.1033557, 0.606469, 2.338742
ElbowRight: 0.2990103, 0.6274253, 2.397164
WristRight: 0.4172322, 0.8621807, 2.387076
HandRight: 0.428961, 0.9460824, 2.392352
HipLeft: -0.1380081, 0.2145888, 2.134068
KneeLeft: -0.1113558, -0.2158429, 1.996056
AnkleLeft: -0.1322571, -0.5194949, 1.881413
FootLeft: -0.1096429, -0.5922534, 1.779046
HipRight: 0.01595813, 0.2095685, 2.164047
KneeRight: -0.0680104, -0.2663499, 2.049454
AnkleRight: -0.06345017, -0.6113381, 2.092805
FootRight: -0.06039905, -0.647373, 1.976372
=========
HipCenter: -0.06659185, 0.2859777, 2.16598
Spine: -0.08265395, 0.3396148, 2.24508
ShoulderCenter: -0.1052072, 0.7439693, 2.355942
Head: -0.06709829, 0.8982651, 2.353947
ShoulderLeft: -0.2371262, 0.6135391, 2.260995
ElbowLeft: -0.4704299, 0.6593191, 2.249041
WristLeft: -0.5391174, 0.8326427, 2.185272
HandLeft: -0.5459778, 0.8900432, 2.16184
ShoulderRight: 0.1015065, 0.608981, 2.32165
ElbowRight: 0.2983781, 0.6292341, 2.386604
WristRight: 0.4159545, 0.8590435, 2.375058
HandRight: 0.4275191, 0.9386755, 2.374168
HipLeft: -0.1370182, 0.2168802, 2.123929
KneeLeft: -0.1013537, -0.2196991, 1.990709
AnkleLeft: -0.132155, -0.5219221, 1.883744
FootLeft: -0.1089123, -0.5948638, 1.785113
HipRight: 0.01535299, 0.2149782, 2.141533
KneeRight: -0.06447215, -0.2611067, 2.035709
AnkleRight: -0.06338751, -0.6040812, 2.077489
FootRight: -0.05803655, -0.6500612, 1.963567
=========
HipCenter: -0.06601905, 0.288716, 2.15427
Spine: -0.08265757, 0.3424767, 2.233409
ShoulderCenter: -0.1071799, 0.7497728, 2.346321
Head: -0.0638641, 0.9031545, 2.340003
ShoulderLeft: -0.2351906, 0.617299, 2.24707
ElbowLeft: -0.4681245, 0.6638071, 2.239067
WristLeft: -0.5429607, 0.835227, 2.174595
HandLeft: -0.5503966, 0.8933226, 2.152669
ShoulderRight: 0.1007519, 0.6113278, 2.310156
ElbowRight: 0.2984617, 0.6316982, 2.377771
WristRight: 0.4141941, 0.8553098, 2.363748
HandRight: 0.4259176, 0.9313661, 2.358866
HipLeft: -0.1351338, 0.220654, 2.11189
KneeLeft: -0.09209482, -0.2236821, 1.986238
AnkleLeft: -0.1317364, -0.5246918, 1.886207
FootLeft: -0.1079242, -0.5973899, 1.791546
HipRight: 0.01522813, 0.2181292, 2.129963
KneeRight: -0.0620574, -0.2936157, 2.015474
AnkleRight: -0.06121645, -0.5934133, 2.048133
FootRight: -0.05548519, -0.6516083, 1.952964
=========
HipCenter: -0.06589673, 0.2915767, 2.14324
Spine: -0.08283901, 0.3453733, 2.222575
ShoulderCenter: -0.108967, 0.7548653, 2.337198
Head: -0.0614399, 0.9075465, 2.318334
ShoulderLeft: -0.2345994, 0.6206327, 2.235966
ElbowLeft: -0.4664904, 0.6675971, 2.231399
WristLeft: -0.5471344, 0.8371089, 2.164646
HandLeft: -0.5543028, 0.8956517, 2.145799
ShoulderRight: 0.09975684, 0.6150901, 2.298979
ElbowRight: 0.298674, 0.6351407, 2.368963
WristRight: 0.412149, 0.8512129, 2.353469
HandRight: 0.4242336, 0.9235645, 2.345127
HipLeft: -0.1342072, 0.2233675, 2.102441
KneeLeft: -0.0833758, -0.2289171, 1.98209
AnkleLeft: -0.1313578, -0.5267564, 1.888178
FootLeft: -0.1059381, -0.5999559, 1.797962
HipRight: 0.01498392, 0.2219113, 2.118585
KneeRight: -0.06189929, -0.309678, 2.005547
AnkleRight: -0.06141417, -0.5885603, 2.003366
FootRight: -0.05442579, -0.6369504, 1.898517
=========
HipCenter: -0.06536249, 0.2950228, 2.132788
Spine: -0.08232561, 0.3495792, 2.211162
ShoulderCenter: -0.1062849, 0.7610469, 2.313077
Head: -0.0597856, 0.9150001, 2.306629
ShoulderLeft: -0.234337, 0.6244616, 2.226649
ElbowLeft: -0.4648961, 0.6707801, 2.225007
WristLeft: -0.5502785, 0.8383603, 2.157874
HandLeft: -0.5575025, 0.8971344, 2.14046
ShoulderRight: 0.09931864, 0.6193707, 2.290173
ElbowRight: 0.2991516, 0.6388758, 2.360629
WristRight: 0.4098006, 0.8467374, 2.344223
HandRight: 0.4224296, 0.9169399, 2.334339
HipLeft: -0.1324483, 0.2295874, 2.082042
KneeLeft: -0.07691289, -0.2341257, 1.978324
AnkleLeft: -0.1270539, -0.5326492, 1.892734
FootLeft: -0.1001085, -0.6034499, 1.805014
HipRight: 0.01493366, 0.2239398, 2.11212
KneeRight: -0.06155138, -0.3166615, 1.998861
AnkleRight: -0.05008115, -0.5859292, 1.97393
FootRight: -0.0555019, -0.6196381, 1.850503
=========
HipCenter: -0.06526638, 0.2961349, 2.121944
Spine: -0.08224437, 0.3513401, 2.201092
ShoulderCenter: -0.1051903, 0.7639717, 2.302549
Head: -0.05889079, 0.9200732, 2.295579
ShoulderLeft: -0.2327527, 0.6282275, 2.216423
ElbowLeft: -0.4634746, 0.6742437, 2.218915
WristLeft: -0.5536245, 0.8396751, 2.151793
HandLeft: -0.5599717, 0.8982261, 2.136549
ShoulderRight: 0.09897908, 0.6233085, 2.281508
ElbowRight: 0.3005717, 0.643905, 2.352539
WristRight: 0.4081163, 0.8435574, 2.337756
HandRight: 0.42132, 0.9127699, 2.327524
HipLeft: -0.1317035, 0.2320275, 2.070454
KneeLeft: -0.07264805, -0.239696, 1.974536
AnkleLeft: -0.119611, -0.537048, 1.896182
FootLeft: -0.0872313, -0.6063799, 1.805136
HipRight: 0.01434549, 0.2243145, 2.104964
KneeRight: -0.06143409, -0.3272566, 1.987234
AnkleRight: -0.05453049, -0.5868484, 1.904622
FootRight: -0.06888896, -0.6036603, 1.788126
=========
HipCenter: -0.06526733, 0.2962961, 2.113269
Spine: -0.08198313, 0.351999, 2.192878
ShoulderCenter: -0.1045941, 0.7658927, 2.295841
Head: -0.05816038, 0.9236432, 2.286485
ShoulderLeft: -0.2318077, 0.6311285, 2.209044
ElbowLeft: -0.4623736, 0.6777258, 2.21283
WristLeft: -0.5565821, 0.8411787, 2.146989
HandLeft: -0.5623157, 0.8993231, 2.133393
ShoulderRight: 0.0984486, 0.6277219, 2.271798
ElbowRight: 0.3017523, 0.6478838, 2.346473
WristRight: 0.4065007, 0.8406086, 2.332592
HandRight: 0.4204808, 0.9096732, 2.322732
HipLeft: -0.1312799, 0.2330376, 2.062494
KneeLeft: -0.07024742, -0.2439692, 1.971625
AnkleLeft: -0.1091748, -0.5413398, 1.896236
FootLeft: -0.07188867, -0.6077548, 1.795342
HipRight: 0.01368498, 0.2238612, 2.098386
KneeRight: -0.05077609, -0.3375242, 1.970649
AnkleRight: -0.05222258, -0.5891118, 1.879204
FootRight: -0.07562973, -0.5966281, 1.75687
=========
HipCenter: -0.06524408, 0.2959252, 2.106275
Spine: -0.08163752, 0.352062, 2.186192
ShoulderCenter: -0.1040103, 0.7673528, 2.290789
Head: -0.05764211, 0.9266624, 2.279426
ShoulderLeft: -0.23108, 0.6335536, 2.202761
ElbowLeft: -0.4616095, 0.6809766, 2.207214
WristLeft: -0.5589362, 0.8428224, 2.143586
HandLeft: -0.5645543, 0.9005046, 2.130959
ShoulderRight: 0.09801402, 0.6311523, 2.262774
ElbowRight: 0.3022787, 0.6510635, 2.341094
WristRight: 0.4049844, 0.8379601, 2.328665
HandRight: 0.4198854, 0.9075047, 2.319438
HipLeft: -0.1309438, 0.2332557, 2.055653
KneeLeft: -0.06906807, -0.247287, 1.969383
AnkleLeft: -0.1018891, -0.5441599, 1.895559
FootLeft: -0.06401142, -0.6082488, 1.78978
HipRight: 0.01306968, 0.2227636, 2.093024
KneeRight: -0.04684438, -0.3425719, 1.963706
AnkleRight: -0.04987629, -0.5915409, 1.863634
FootRight: -0.07814434, -0.5929568, 1.741665
=========
HipCenter: -0.06550173, 0.2915466, 2.096734
Spine: -0.08139186, 0.3493599, 2.177897
ShoulderCenter: -0.1033463, 0.7685015, 2.28646
Head: -0.05724601, 0.929401, 2.273023
ShoulderLeft: -0.2298335, 0.6357185, 2.195596
ElbowLeft: -0.4608389, 0.6840448, 2.201895
WristLeft: -0.5611371, 0.844504, 2.141254
HandLeft: -0.5667911, 0.9017438, 2.129238
ShoulderRight: 0.09696427, 0.6339447, 2.253644
ElbowRight: 0.3054099, 0.6561103, 2.335699
WristRight: 0.4044201, 0.8369976, 2.326162
HandRight: 0.4194479, 0.9059222, 2.317074
HipLeft: -0.1308233, 0.2318419, 2.049905
KneeLeft: -0.06911314, -0.2505133, 1.967588
AnkleLeft: -0.09668841, -0.5461509, 1.894673
FootLeft: -0.05946645, -0.6084195, 1.786102
HipRight: 0.0114082, 0.2169911, 2.0832
KneeRight: -0.04333593, -0.347942, 1.957933
AnkleRight: -0.04668573, -0.5980465, 1.853517
FootRight: -0.08016383, -0.5924724, 1.736376
=========
HipCenter: -0.06553139, 0.2846475, 2.085814
Spine: -0.08082245, 0.3445674, 2.168278
ShoulderCenter: -0.1023741, 0.7697007, 2.282041
Head: -0.05744312, 0.932546, 2.266675
ShoulderLeft: -0.2261695, 0.6373968, 2.18237
ElbowLeft: -0.4602121, 0.6865282, 2.196522
WristLeft: -0.5627831, 0.8462813, 2.139554
HandLeft: -0.5686665, 0.9030446, 2.127936
ShoulderRight: 0.0933951, 0.6356327, 2.235404
ElbowRight: 0.3084735, 0.6606563, 2.331081
WristRight: 0.4042029, 0.8367215, 2.324267
HandRight: 0.4191097, 0.9047145, 2.315425
HipLeft: -0.1305413, 0.2285038, 2.044266
KneeLeft: -0.06948355, -0.2528704, 1.96639
AnkleLeft: -0.09305139, -0.5475726, 1.893915
FootLeft: -0.05657162, -0.6084241, 1.783542
HipRight: 0.009622933, 0.2102552, 2.071512
KneeRight: -0.03997802, -0.3529834, 1.952755
AnkleRight: -0.04312203, -0.6049245, 1.847605
FootRight: -0.08160505, -0.5934857, 1.73549
=========
HipCenter: -0.06477966, 0.2790327, 2.077731
Spine: -0.0799123, 0.3402367, 2.16048
ShoulderCenter: -0.1009769, 0.7707547, 2.276878
Head: -0.05751516, 0.935445, 2.260025
ShoulderLeft: -0.2224838, 0.6382613, 2.171516
ElbowLeft: -0.4603731, 0.6890609, 2.190693
WristLeft: -0.5642245, 0.8493777, 2.138046
HandLeft: -0.570599, 0.9050573, 2.126729
ShoulderRight: 0.09224443, 0.6365367, 2.22556
ElbowRight: 0.3113973, 0.6642389, 2.327656
WristRight: 0.404391, 0.8372054, 2.322851
HandRight: 0.4188517, 0.9037836, 2.314317
HipLeft: -0.1294389, 0.2238053, 2.038466
KneeLeft: -0.06992604, -0.2546538, 1.96574
AnkleLeft: -0.09028853, -0.5486277, 1.893284
FootLeft: -0.05478078, -0.6083177, 1.781603
HipRight: 0.009296639, 0.2049696, 2.063304
KneeRight: -0.0367041, -0.35752, 1.948267
AnkleRight: -0.03932637, -0.6112268, 1.844778
FootRight: -0.08202519, -0.5960955, 1.740247
=========
HipCenter: -0.06372017, 0.2759065, 2.07256
Spine: -0.0789829, 0.3376925, 2.15521
ShoulderCenter: -0.09954969, 0.7715919, 2.272237
Head: -0.05671659, 0.9374821, 2.252601
ShoulderLeft: -0.2184956, 0.6380998, 2.161678
ElbowLeft: -0.4605922, 0.6910315, 2.185846
WristLeft: -0.5653647, 0.8524241, 2.135878
HandLeft: -0.5723647, 0.907145, 2.124963
ShoulderRight: 0.09203868, 0.6371675, 2.21965
ElbowRight: 0.313915, 0.6669749, 2.325136
WristRight: 0.4049052, 0.8382992, 2.321846
HandRight: 0.4186628, 0.9030884, 2.313641
HipLeft: -0.126463, 0.2197665, 2.03117
KneeLeft: -0.07042843, -0.2559955, 1.965476
AnkleLeft: -0.08838864, -0.5493476, 1.892784
FootLeft: -0.05381785, -0.608103, 1.78005
HipRight: 0.009504343, 0.2019396, 2.058698
KneeRight: -0.03390994, -0.3608892, 1.944806
AnkleRight: -0.03585656, -0.615833, 1.843997
FootRight: -0.08207618, -0.598596, 1.745739
=========
HipCenter: -0.06260972, 0.2737411, 2.068838
Spine: -0.07797811, 0.3358861, 2.15134
ShoulderCenter: -0.09830495, 0.7722241, 2.268459
Head: -0.05620849, 0.9391093, 2.247689
ShoulderLeft: -0.2154417, 0.6374545, 2.154327
ElbowLeft: -0.4604003, 0.6921048, 2.181785
WristLeft: -0.5659783, 0.8544047, 2.134222
HandLeft: -0.5736632, 0.908673, 2.123555
ShoulderRight: 0.09222516, 0.6371905, 2.214483
ElbowRight: 0.3157287, 0.6690029, 2.323077
WristRight: 0.4055543, 0.8395718, 2.321182
HandRight: 0.4185212, 0.9025773, 2.313321
HipLeft: -0.1235321, 0.2166958, 2.025051
KneeLeft: -0.07096414, -0.2569754, 1.965454
AnkleLeft: -0.0870505, -0.5498505, 1.892376
FootLeft: -0.05350949, -0.6078017, 1.778813
HipRight: 0.009832061, 0.199865, 2.055672
KneeRight: -0.03163028, -0.363462, 1.942113
AnkleRight: -0.03291213, -0.6191333, 1.844407
FootRight: -0.08192915, -0.6005449, 1.750356
=========
HipCenter: -0.06145621, 0.2722318, 2.06604
Spine: -0.07699598, 0.3346145, 2.148349
ShoulderCenter: -0.0970151, 0.7726772, 2.264798
Head: -0.05598607, 0.9402296, 2.24446
ShoulderLeft: -0.2131253, 0.636845, 2.149039
ElbowLeft: -0.4599656, 0.6925479, 2.178082
WristLeft: -0.5662938, 0.8558728, 2.132207
HandLeft: -0.5746734, 0.9098851, 2.121972
ShoulderRight: 0.09262443, 0.6370746, 2.210896
ElbowRight: 0.3172945, 0.6704595, 2.321455
WristRight: 0.4062955, 0.8409703, 2.320798
HandRight: 0.4184314, 0.9022303, 2.313282
HipLeft: -0.1211226, 0.2145495, 2.020436
KneeLeft: -0.07147204, -0.2576589, 1.965581
AnkleLeft: -0.0860966, -0.5501947, 1.892022
FootLeft: -0.05350754, -0.6075158, 1.77789
HipRight: 0.01035435, 0.1983306, 2.05357
KneeRight: -0.02975218, -0.3654384, 1.939977
AnkleRight: -0.03045592, -0.6213654, 1.845411
FootRight: -0.08166595, -0.6020001, 1.754083
=========
HipCenter: -0.05992683, 0.2708714, 2.063162
Spine: -0.07552536, 0.3333168, 2.145052
ShoulderCenter: -0.095326, 0.7726205, 2.260206
Head: -0.05589306, 0.9411084, 2.241385
ShoulderLeft: -0.2110161, 0.6361485, 2.144878
ElbowLeft: -0.4564747, 0.6899936, 2.171932
WristLeft: -0.5655379, 0.8554147, 2.129865
HandLeft: -0.5749801, 0.9098094, 2.119624
ShoulderRight: 0.09333261, 0.6363488, 2.207042
ElbowRight: 0.3177495, 0.6704662, 2.319283
WristRight: 0.4064754, 0.8412389, 2.320412
HandRight: 0.4183857, 0.9019812, 2.313366
HipLeft: -0.1188682, 0.212793, 2.01619
KneeLeft: -0.07188223, -0.258121, 1.96573
AnkleLeft: -0.08543565, -0.5504209, 1.891688
FootLeft: -0.05381263, -0.6072111, 1.777184
HipRight: 0.01106135, 0.1970891, 2.051845
KneeRight: -0.02806291, -0.3671266, 1.937804
AnkleRight: -0.02861131, -0.6228461, 1.845951
FootRight: -0.08126336, -0.6030433, 1.756901
=========
HipCenter: -0.05829379, 0.2698182, 2.060528
Spine: -0.073874, 0.3322439, 2.142016
ShoulderCenter: -0.09343172, 0.7723876, 2.256182
Head: -0.05581168, 0.9418092, 2.238719
ShoulderLeft: -0.2095398, 0.6356734, 2.142078
ElbowLeft: -0.4512976, 0.6857237, 2.165914
WristLeft: -0.5632108, 0.852447, 2.126005
HandLeft: -0.5746565, 0.9083845, 2.116356
ShoulderRight: 0.09404404, 0.6354176, 2.203795
ElbowRight: 0.3184466, 0.6701483, 2.317514
WristRight: 0.4066532, 0.8414553, 2.320116
HandRight: 0.4183729, 0.9017533, 2.313346
HipLeft: -0.1169262, 0.2115066, 2.012596
KneeLeft: -0.07221971, -0.2584232, 1.965863
AnkleLeft: -0.0849864, -0.5505472, 1.891368
FootLeft: -0.05430745, -0.6069044, 1.776665
HipRight: 0.01194934, 0.1961145, 2.050384
KneeRight: -0.02650138, -0.3685788, 1.935593
AnkleRight: -0.02715002, -0.6237834, 1.846295
FootRight: -0.08087754, -0.6037616, 1.758735
=========
HipCenter: -0.0565017, 0.2686352, 2.057686
Spine: -0.07230332, 0.3310864, 2.138979
ShoulderCenter: -0.09201182, 0.7721663, 2.253203
Head: -0.05539702, 0.9422435, 2.23621
ShoulderLeft: -0.2071032, 0.6348207, 2.139326
ElbowLeft: -0.4468387, 0.6818311, 2.161523
WristLeft: -0.5604832, 0.8486238, 2.121696
HandLeft: -0.5739413, 0.9061744, 2.112622
ShoulderRight: 0.09477633, 0.6343514, 2.20118
ElbowRight: 0.3185335, 0.6687453, 2.315448
WristRight: 0.4067833, 0.8413049, 2.319854
HandRight: 0.4183911, 0.901585, 2.313389
HipLeft: -0.1152513, 0.2104433, 2.009611
KneeLeft: -0.07246709, -0.2586151, 1.965941
AnkleLeft: -0.08469978, -0.5506013, 1.891066
FootLeft: -0.05487282, -0.6066184, 1.776299
HipRight: 0.01303677, 0.1952118, 2.048746
KneeRight: -0.02511729, -0.3699813, 1.933207
AnkleRight: -0.02607674, -0.6244529, 1.846416
FootRight: -0.0805851, -0.6042726, 1.760032
=========
HipCenter: -0.05468333, 0.2656914, 2.053379
Spine: -0.0706747, 0.3287241, 2.135081
ShoulderCenter: -0.09098595, 0.7719707, 2.25107
Head: -0.05499954, 0.9425381, 2.234159
ShoulderLeft: -0.2053268, 0.6341774, 2.137467
ElbowLeft: -0.4456937, 0.6804695, 2.158834
WristLeft: -0.5588031, 0.8482826, 2.118152
HandLeft: -0.5734019, 0.9058028, 2.109086
ShoulderRight: 0.09445126, 0.6330889, 2.198291
ElbowRight: 0.3184076, 0.6671669, 2.313626
WristRight: 0.4069077, 0.8410351, 2.319635
HandRight: 0.4184459, 0.9014516, 2.313493
HipLeft: -0.1140259, 0.2092017, 2.007443
KneeLeft: -0.07262702, -0.2587443, 1.965962
AnkleLeft: -0.08454536, -0.5506005, 1.890779
FootLeft: -0.05547971, -0.6063536, 1.776046
HipRight: 0.01433624, 0.1933225, 2.043511
KneeRight: -0.02396117, -0.3720789, 1.930195
AnkleRight: -0.0253409, -0.6250793, 1.846366
FootRight: -0.0803154, -0.6046411, 1.761016
=========
HipCenter: -0.05324096, 0.2631154, 2.049778
Spine: -0.06928518, 0.3265616, 2.131776
ShoulderCenter: -0.09011891, 0.7717789, 2.249501
Head: -0.05431732, 0.9425844, 2.23203
ShoulderLeft: -0.2040175, 0.6336874, 2.136196
ElbowLeft: -0.4454192, 0.6796012, 2.156724
WristLeft: -0.5570791, 0.8491369, 2.11427
HandLeft: -0.5725538, 0.9061101, 2.105225
ShoulderRight: 0.09412365, 0.6321322, 2.196104
ElbowRight: 0.3186237, 0.6661671, 2.312439
WristRight: 0.407073, 0.8409768, 2.319484
HandRight: 0.4185289, 0.9013421, 2.313624
HipLeft: -0.113091, 0.2080654, 2.00585
KneeLeft: -0.07272457, -0.2588222, 1.965948
AnkleLeft: -0.08447215, -0.550564, 1.890516
FootLeft: -0.05608362, -0.6061151, 1.775882
HipRight: 0.01555847, 0.1916548, 2.038178
KneeRight: -0.02298602, -0.3741411, 1.927082
AnkleRight: -0.02475887, -0.625565, 1.846254
FootRight: -0.08015731, -0.6048787, 1.761655
=========
HipCenter: -0.05215525, 0.2611162, 2.047
Spine: -0.06818236, 0.3248098, 2.12915
ShoulderCenter: -0.08938593, 0.7715921, 2.248305
Head: -0.05370383, 0.9425899, 2.230258
ShoulderLeft: -0.2030439, 0.6333094, 2.135322
ElbowLeft: -0.44581, 0.6791592, 2.155127
WristLeft: -0.5555929, 0.8506547, 2.110658
HandLeft: -0.5716164, 0.9068442, 2.101516
ShoulderRight: 0.09411693, 0.6312186, 2.194461
ElbowRight: 0.3190966, 0.6653178, 2.311565
WristRight: 0.4072981, 0.8410022, 2.31937
HandRight: 0.4186327, 0.9012529, 2.313772
HipLeft: -0.112404, 0.2070075, 2.004674
KneeLeft: -0.07276548, -0.2588425, 1.965892
AnkleLeft: -0.08445599, -0.5505056, 1.890271
FootLeft: -0.05662999, -0.6059102, 1.775783
HipRight: 0.0168685, 0.1902072, 2.033217
KneeRight: -0.02218056, -0.3761421, 1.924093
AnkleRight: -0.02427258, -0.625971, 1.846068
FootRight: -0.08005896, -0.6050431, 1.762101
=========
HipCenter: -0.05084388, 0.2593401, 2.044698
Spine: -0.06697401, 0.3232578, 2.126999
ShoulderCenter: -0.08876732, 0.7714437, 2.247457
Head: -0.05288159, 0.942432, 2.228406
ShoulderLeft: -0.2022925, 0.6330042, 2.134737
ElbowLeft: -0.4465648, 0.67905, 2.154028
WristLeft: -0.5543706, 0.8523779, 2.10777
HandLeft: -0.570691, 0.9077814, 2.098353
ShoulderRight: 0.0943201, 0.6305603, 2.193406
ElbowRight: 0.31997, 0.6645165, 2.310943
WristRight: 0.4077405, 0.8411962, 2.319291
HandRight: 0.4207294, 0.9044729, 2.314904
HipLeft: -0.1115842, 0.2056812, 2.003749
KneeLeft: -0.07269776, -0.2588103, 1.965767
AnkleLeft: -0.08447073, -0.550437, 1.89005
FootLeft: -0.05710766, -0.6057397, 1.77571
HipRight: 0.0191703, 0.1889061, 2.028856
KneeRight: -0.0209872, -0.3781327, 1.92128
AnkleRight: -0.0235567, -0.62635, 1.845729
FootRight: -0.0799088, -0.6051531, 1.762492
=========
HipCenter: -0.04981663, 0.2577541, 2.042692
Spine: -0.06599491, 0.3218507, 2.12513
ShoulderCenter: -0.08826969, 0.7713128, 2.246836
Head: -0.04738255, 0.9404899, 2.224902
ShoulderLeft: -0.2017092, 0.6327487, 2.134358
ElbowLeft: -0.4475637, 0.6792205, 2.153367
WristLeft: -0.5533403, 0.8542178, 2.105377
HandLeft: -0.5694772, 0.9089969, 2.095572
ShoulderRight: 0.09462893, 0.6296981, 2.192508
ElbowRight: 0.3210249, 0.66378, 2.310538
WristRight: 0.4082965, 0.8415253, 2.319225
HandRight: 0.4228962, 0.9078316, 2.316
HipLeft: -0.1109747, 0.2042557, 2.002934
KneeLeft: -0.07254065, -0.258746, 1.96557
AnkleLeft: -0.08451001, -0.5503584, 1.889848
FootLeft: -0.05752199, -0.6055979, 1.775661
HipRight: 0.02090845, 0.1878284, 2.025358
KneeRight: -0.02014777, -0.3800245, 1.918594
AnkleRight: -0.02300217, -0.6266739, 1.845258
FootRight: -0.07983207, -0.6052174, 1.76273
=========
HipCenter: -0.04903819, 0.2565664, 2.041139
Spine: -0.06527244, 0.3207787, 2.12368
ShoulderCenter: -0.08788331, 0.7712059, 2.246405
Head: -0.03479608, 0.9360293, 2.219954
ShoulderLeft: -0.2010217, 0.6324831, 2.134207
ElbowLeft: -0.4486576, 0.6795728, 2.153021
WristLeft: -0.552317, 0.8561919, 2.103342
HandLeft: -0.5682391, 0.9103547, 2.093086
ShoulderRight: 0.09507293, 0.6288585, 2.191945
ElbowRight: 0.3222591, 0.6630574, 2.310281
WristRight: 0.4089565, 0.8419367, 2.319172
HandRight: 0.4248802, 0.9108837, 2.316979
HipLeft: -0.1104793, 0.2030952, 2.002214
KneeLeft: -0.07232738, -0.2586325, 1.965295
AnkleLeft: -0.08457055, -0.5502755, 1.88966
FootLeft: -0.057886, -0.6054744, 1.77563
HipRight: 0.02213848, 0.1870874, 2.022902
KneeRight: -0.01950455, -0.3816485, 1.916224
AnkleRight: -0.02251933, -0.6269048, 1.8447
FootRight: -0.0797796, -0.6052304, 1.762855
=========
HipCenter: -0.04838488, 0.2554657, 2.03975
Spine: -0.06467506, 0.3197879, 2.12239
ShoulderCenter: -0.08756191, 0.7711104, 2.246099
Head: -0.02771676, 0.9338092, 2.21768
ShoulderLeft: -0.2001997, 0.6321979, 2.134213
ElbowLeft: -0.4497477, 0.6800323, 2.152912
WristLeft: -0.5513829, 0.858128, 2.101728
HandLeft: -0.5670139, 0.9117711, 2.09097
ShoulderRight: 0.09570893, 0.6278036, 2.191556
ElbowRight: 0.3235756, 0.6623689, 2.310157
WristRight: 0.4096816, 0.8424043, 2.319157
HandRight: 0.4266433, 0.9135391, 2.317952
HipLeft: -0.1100676, 0.2020101, 2.001594
KneeLeft: -0.07207555, -0.2584954, 1.964962
AnkleLeft: -0.08460806, -0.5502177, 1.889531
FootLeft: -0.05819772, -0.6053708, 1.775612
HipRight: 0.02307656, 0.1864374, 2.020893
KneeRight: -0.01899394, -0.3831744, 1.914083
AnkleRight: -0.02208266, -0.6271054, 1.84405
FootRight: -0.07975181, -0.6051973, 1.762883
=========
HipCenter: -0.04787854, 0.2546193, 2.038633
Spine: -0.06419958, 0.3189938, 2.121315
ShoulderCenter: -0.08704057, 0.7709402, 2.24594
Head: -0.02432974, 0.9327956, 2.216485
ShoulderLeft: -0.1993123, 0.6319232, 2.134325
ElbowLeft: -0.4480716, 0.679525, 2.153513
WristLeft: -0.551037, 0.8571283, 2.101037
HandLeft: -0.5662973, 0.9114319, 2.0897
ShoulderRight: 0.09655166, 0.6267959, 2.191449
ElbowRight: 0.3249246, 0.6617392, 2.310156
WristRight: 0.4105338, 0.8429072, 2.319169
HandRight: 0.4282847, 0.9157623, 2.318844
HipLeft: -0.1097332, 0.2010842, 2.00093
KneeLeft: -0.07178318, -0.2583315, 1.964568
AnkleLeft: -0.08468768, -0.5501302, 1.889372
FootLeft: -0.05845757, -0.6052822, 1.775606
HipRight: 0.02374976, 0.1859631, 2.019438
KneeRight: -0.0186182, -0.3844995, 1.912202
AnkleRight: -0.02170609, -0.6272313, 1.843339
FootRight: -0.07974816, -0.6051096, 1.762788
=========
HipCenter: -0.04747217, 0.2539369, 2.037694
Spine: -0.06381904, 0.3183347, 2.12039
ShoulderCenter: -0.08647158, 0.7707539, 2.245879
Head: -0.02184834, 0.9321857, 2.215881
ShoulderLeft: -0.1984361, 0.6316576, 2.134476
ElbowLeft: -0.4477204, 0.6797019, 2.153787
WristLeft: -0.5507934, 0.8573294, 2.100396
HandLeft: -0.5657558, 0.911631, 2.088662
ShoulderRight: 0.09757446, 0.6258397, 2.191628
ElbowRight: 0.3261886, 0.6611632, 2.310205
WristRight: 0.4115506, 0.8433781, 2.319207
HandRight: 0.4298356, 0.9175131, 2.319566
HipLeft: -0.1094738, 0.2003101, 2.000349
KneeLeft: -0.0714824, -0.2581682, 1.964142
AnkleLeft: -0.08473764, -0.5500728, 1.889263
FootLeft: -0.05867419, -0.605205, 1.775612
HipRight: 0.02427404, 0.1855789, 2.018259
KneeRight: -0.01836005, -0.3856759, 1.910529
AnkleRight: -0.0213913, -0.6273141, 1.842569
FootRight: -0.07977986, -0.6049776, 1.762579
=========
HipCenter: -0.04715821, 0.2534072, 2.036926
Spine: -0.06350799, 0.3177645, 2.119574
ShoulderCenter: -0.08558369, 0.770007, 2.245933
Head: -0.01987962, 0.9317676, 2.216571
ShoulderLeft: -0.197644, 0.6314315, 2.134648
ElbowLeft: -0.4474628, 0.6800488, 2.154126
WristLeft: -0.5506032, 0.8575733, 2.099901
HandLeft: -0.5652009, 0.9119439, 2.087772
ShoulderRight: 0.09857149, 0.6251189, 2.191943
ElbowRight: 0.3273546, 0.660642, 2.310288
WristRight: 0.4126978, 0.8438088, 2.319255
HandRight: 0.4311922, 0.9188828, 2.320117
HipLeft: -0.109267, 0.1996374, 1.999747
KneeLeft: -0.071183, -0.2580108, 1.963688
AnkleLeft: -0.08482961, -0.5499933, 1.889117
FootLeft: -0.05881583, -0.605154, 1.775613
HipRight: 0.02465793, 0.1852908, 2.017374
KneeRight: -0.01819717, -0.3866994, 1.909073
AnkleRight: -0.02113822, -0.6273382, 1.841792
FootRight: -0.07974477, -0.6048315, 1.762134
=========
HipCenter: -0.04689788, 0.2529928, 2.036263
Spine: -0.06321324, 0.3172887, 2.118798
ShoulderCenter: -0.08355352, 0.7686052, 2.245566
Head: -0.01887821, 0.9317247, 2.217162
ShoulderLeft: -0.1969325, 0.6312369, 2.134803
ElbowLeft: -0.4472911, 0.6805292, 2.154489
WristLeft: -0.5505102, 0.8579183, 2.099469
HandLeft: -0.5647441, 0.9123145, 2.086993
ShoulderRight: 0.09970522, 0.6245144, 2.192457
ElbowRight: 0.3284292, 0.6601678, 2.31039
WristRight: 0.4139924, 0.8441789, 2.31935
HandRight: 0.4324314, 0.9199467, 2.320569
HipLeft: -0.1091006, 0.1990474, 1.999099
KneeLeft: -0.0709069, -0.2578721, 1.963237
AnkleLeft: -0.08492927, -0.5499201, 1.888974
FootLeft: -0.05893011, -0.6051118, 1.775614
HipRight: 0.02494468, 0.185068, 2.0167
KneeRight: -0.01811417, -0.3875893, 1.907783
AnkleRight: -0.02094307, -0.6273138, 1.840995
FootRight: -0.07972456, -0.6046804, 1.76157
=========
HipCenter: -0.04669774, 0.252634, 2.03563
Spine: -0.06297535, 0.3168783, 2.118073
ShoulderCenter: -0.08187889, 0.7675794, 2.245373
Head: -0.01833605, 0.9319186, 2.217941
ShoulderLeft: -0.1962301, 0.6310557, 2.134922
ElbowLeft: -0.4472333, 0.6811829, 2.15487
WristLeft: -0.5503001, 0.8587403, 2.099111
HandLeft: -0.5642153, 0.9129479, 2.086262
ShoulderRight: 0.1006705, 0.6240433, 2.192925
ElbowRight: 0.3286515, 0.6589889, 2.31002
WristRight: 0.4149993, 0.8434982, 2.319382
HandRight: 0.4332326, 0.9200001, 2.320866
HipLeft: -0.1089913, 0.1984947, 1.998308
KneeLeft: -0.07065861, -0.2577495, 1.962802
AnkleLeft: -0.08502715, -0.5498514, 1.888835
FootLeft: -0.05902256, -0.6050759, 1.775616
HipRight: 0.02514362, 0.1848723, 2.016157
KneeRight: -0.01810712, -0.3884291, 1.906573
AnkleRight: -0.02080703, -0.6272672, 1.840157
FootRight: -0.07975347, -0.6044875, 1.760941
=========
HipCenter: -0.04653522, 0.2523392, 2.035053
Spine: -0.06276522, 0.3165278, 2.117389
ShoulderCenter: -0.08026234, 0.766698, 2.245224
Head: -0.0180039, 0.932216, 2.218755
ShoulderLeft: -0.1955819, 0.630899, 2.135004
ElbowLeft: -0.4472868, 0.6819715, 2.155247
WristLeft: -0.5498853, 0.8601661, 2.098916
HandLeft: -0.563524, 0.9139569, 2.085742
ShoulderRight: 0.1015672, 0.6236618, 2.1934
ElbowRight: 0.3289813, 0.6580237, 2.309729
WristRight: 0.4160439, 0.8428976, 2.319442
HandRight: 0.4339999, 0.9199599, 2.32111
HipLeft: -0.1089167, 0.1979769, 1.997345
KneeLeft: -0.07044403, -0.2576393, 1.962382
AnkleLeft: -0.0851256, -0.5497858, 1.8887
FootLeft: -0.05910236, -0.6050445, 1.775616
HipRight: 0.02528592, 0.1847053, 2.015731
KneeRight: -0.01814555, -0.3892024, 1.905478
AnkleRight: -0.02071334, -0.6271969, 1.839338
FootRight: -0.07983748, -0.6042579, 1.760378
=========
HipCenter: -0.04641057, 0.2520989, 2.034535
Spine: -0.0625847, 0.3162072, 2.116735
ShoulderCenter: -0.07883562, 0.7656303, 2.245063
Head: -0.01828509, 0.9327107, 2.220449
ShoulderLeft: -0.1950701, 0.6307802, 2.135063
ElbowLeft: -0.4474013, 0.6829321, 2.155625
WristLeft: -0.5490714, 0.8624855, 2.099206
HandLeft: -0.5626041, 0.9155759, 2.085737
ShoulderRight: 0.1023129, 0.6233599, 2.193793
ElbowRight: 0.3293617, 0.6572199, 2.309509
WristRight: 0.4170747, 0.8424085, 2.319501
HandRight: 0.4347046, 0.9198947, 2.321289
HipLeft: -0.1088903, 0.1975123, 1.996375
KneeLeft: -0.07024667, -0.257546, 1.961976
AnkleLeft: -0.08521925, -0.5497261, 1.888573
FootLeft: -0.05915338, -0.6050246, 1.775615
HipRight: 0.02538566, 0.1845564, 2.015383
KneeRight: -0.0182035, -0.3899162, 1.904494
AnkleRight: -0.02064323, -0.6271082, 1.838556
FootRight: -0.07992642, -0.6040503, 1.759857
=========
HipCenter: -0.04630719, 0.2518934, 2.034051
Spine: -0.06241968, 0.3159056, 2.116103
ShoulderCenter: -0.07761383, 0.7646202, 2.244951
Head: -0.01877717, 0.9331692, 2.222126
ShoulderLeft: -0.1946024, 0.6306865, 2.135092
ElbowLeft: -0.4475978, 0.6839299, 2.155969
WristLeft: -0.547634, 0.8657116, 2.100129
HandLeft: -0.5613909, 0.9177355, 2.086066
ShoulderRight: 0.1029519, 0.6231164, 2.194125
ElbowRight: 0.3298409, 0.6565961, 2.309398
WristRight: 0.4181165, 0.842125, 2.319579
HandRight: 0.4353917, 0.9198951, 2.321442
HipLeft: -0.1088702, 0.1970987, 1.995365
KneeLeft: -0.07007559, -0.2574665, 1.961597
AnkleLeft: -0.08532326, -0.54967, 1.888439
FootLeft: -0.05919906, -0.6050068, 1.775608
HipRight: 0.02545294, 0.1844145, 2.015095
KneeRight: -0.01828547, -0.3905816, 1.90359
AnkleRight: -0.02060154, -0.6270084, 1.837804
FootRight: -0.08001859, -0.6038531, 1.759354
