=========
HipCenter: -0.166088, 0.02671294, 3.054728
Spine: -0.1744734, 0.07734755, 3.133091
ShoulderCenter: -0.1800713, 0.4688839, 3.23903
Head: -0.169421, 0.6933689, 3.227445
ShoulderLeft: -0.3439351, 0.350826, 3.18783
ElbowLeft: -0.58562, 0.401134, 3.2122
WristLeft: -0.6599663, 0.6082965, 3.151847
HandLeft: -0.654802, 0.7107127, 3.157821
ShoulderRight: -0.005560763, 0.3465459, 3.225706
ElbowRight: 0.2218204, 0.3721624, 3.299052
WristRight: 0.3114657, 0.5677702, 3.279794
HandRight: 0.3198326, 0.6588534, 3.326541
HipLeft: -0.239886, -0.04259209, 3.010391
KneeLeft: -0.2429879, -0.4483431, 2.884694
AnkleLeft: -0.2162591, -0.8178198, 2.775706
FootLeft: -0.1894173, -0.894888, 2.699435
HipRight: -0.08763231, -0.04466879, 3.0353
KneeRight: -0.1284211, -0.454489, 2.880294
AnkleRight: -0.1445319, -0.8492594, 2.899395
FootRight: -0.145274, -0.9275179, 2.776245
=========
HipCenter: -0.1657614, 0.02712131, 3.05328
Spine: -0.1740122, 0.07760103, 3.131801
ShoulderCenter: -0.1800943, 0.4690377, 3.238256
Head: -0.1716544, 0.6689823, 3.233476
ShoulderLeft: -0.3444023, 0.3513264, 3.186581
ElbowLeft: -0.5829034, 0.3987715, 3.211112
WristLeft: -0.6598221, 0.6066897, 3.149031
HandLeft: -0.6553147, 0.7083689, 3.14973
ShoulderRight: -0.005957128, 0.3472565, 3.223217
ElbowRight: 0.2157495, 0.3694141, 3.292151
WristRight: 0.3087285, 0.5614465, 3.279934
HandRight: 0.3161784, 0.6522996, 3.32538
HipLeft: -0.2393489, -0.04222768, 3.006369
KneeLeft: -0.2139459, -0.5060628, 2.879175
AnkleLeft: -0.216115, -0.8182951, 2.77497
FootLeft: -0.1860958, -0.8950284, 2.698282
HipRight: -0.08739959, -0.04452311, 3.034957
KneeRight: -0.1415717, -0.5084618, 2.86876
AnkleRight: -0.1469405, -0.8564109, 2.864667
FootRight: -0.1483494, -0.9150504, 2.737988
=========
HipCenter: -0.1657187, 0.02728604, 3.052744
Spine: -0.1739711, 0.07772294, 3.131335
ShoulderCenter: -0.1801593, 0.4691499, 3.238
Head: -0.1732937, 0.65776, 3.236249
ShoulderLeft: -0.3447794, 0.3516522, 3.185519
ElbowLeft: -0.5817546, 0.3979946, 3.210254
WristLeft: -0.6598035, 0.6063761, 3.148419
HandLeft: -0.655499, 0.7078063, 3.148033
ShoulderRight: -0.006211094, 0.3474623, 3.222158
ElbowRight: 0.2141867, 0.368806, 3.290009
WristRight: 0.3075714, 0.5598608, 3.279114
HandRight: 0.3144922, 0.650434, 3.32363
HipLeft: -0.239273, -0.04195441, 3.004439
KneeLeft: -0.2187942, -0.4872992, 2.876771
AnkleLeft: -0.2155602, -0.818903, 2.774466
FootLeft: -0.1837229, -0.8950442, 2.697047
HipRight: -0.08736135, -0.04448751, 3.034868
KneeRight: -0.135147, -0.4857517, 2.859228
AnkleRight: -0.151465, -0.8499601, 2.824317
FootRight: -0.1501036, -0.904491, 2.71014
=========
HipCenter: -0.16531, 0.02780154, 3.051837
Spine: -0.1736721, 0.07807696, 3.130693
ShoulderCenter: -0.1804302, 0.4701152, 3.238105
Head: -0.1738565, 0.652706, 3.237233
ShoulderLeft: -0.3455294, 0.3523628, 3.183888
ElbowLeft: -0.5804154, 0.3973131, 3.208868
WristLeft: -0.6662245, 0.5924882, 3.140845
HandLeft: -0.6651785, 0.6915872, 3.138138
ShoulderRight: -0.007211768, 0.3487535, 3.219326
ElbowRight: 0.2114246, 0.3681684, 3.286238
WristRight: 0.3053503, 0.5577199, 3.27704
HandRight: 0.3115048, 0.647988, 3.319567
HipLeft: -0.2383681, -0.04115551, 3.001615
KneeLeft: -0.191276, -0.5252199, 2.867085
AnkleLeft: -0.2014251, -0.8290367, 2.769614
FootLeft: -0.1724924, -0.8925765, 2.684583
HipRight: -0.08686277, -0.0440739, 3.034503
KneeRight: -0.1544933, -0.5234268, 2.848686
AnkleRight: -0.153169, -0.8459716, 2.780661
FootRight: -0.1560969, -0.8902699, 2.655648
=========
HipCenter: -0.1645465, 0.0284312, 3.049841
Spine: -0.1731484, 0.07861856, 3.129185
ShoulderCenter: -0.1813983, 0.4717781, 3.237565
Head: -0.1742403, 0.6495269, 3.237785
ShoulderLeft: -0.3467221, 0.3534396, 3.18131
ElbowLeft: -0.5796465, 0.3983721, 3.204362
WristLeft: -0.6720728, 0.5866494, 3.136291
HandLeft: -0.6751076, 0.6838031, 3.129214
ShoulderRight: -0.00857063, 0.3507866, 3.21526
ElbowRight: 0.2115006, 0.3715212, 3.281153
WristRight: 0.3045985, 0.5590716, 3.274869
HandRight: 0.3080143, 0.6532034, 3.309463
HipLeft: -0.2369161, -0.04059172, 2.997211
KneeLeft: -0.2077687, -0.4880359, 2.870153
AnkleLeft: -0.1926794, -0.8321858, 2.76539
FootLeft: -0.1572247, -0.8894574, 2.666915
HipRight: -0.08596631, -0.04355988, 3.033537
KneeRight: -0.1613318, -0.5353349, 2.845358
AnkleRight: -0.1545858, -0.8413582, 2.749313
FootRight: -0.1586149, -0.8833463, 2.628627
=========
HipCenter: -0.1637946, 0.02923581, 3.046463
Spine: -0.1727172, 0.07938429, 3.126539
ShoulderCenter: -0.1831527, 0.4741706, 3.23659
Head: -0.1745477, 0.6475387, 3.23772
ShoulderLeft: -0.3480691, 0.3551988, 3.178085
ElbowLeft: -0.5794057, 0.3998996, 3.199839
WristLeft: -0.6766306, 0.5829674, 3.132725
HandLeft: -0.676478, 0.6838802, 3.123081
ShoulderRight: -0.009931552, 0.3531989, 3.210887
ElbowRight: 0.2107938, 0.3730381, 3.276771
WristRight: 0.3036303, 0.559364, 3.273009
HandRight: 0.3055277, 0.6549489, 3.302483
HipLeft: -0.2357031, -0.03999165, 2.992581
KneeLeft: -0.21608, -0.4689916, 2.871444
AnkleLeft: -0.1860583, -0.8342663, 2.76148
FootLeft: -0.1504421, -0.8878814, 2.659032
HipRight: -0.08480626, -0.0427332, 3.030864
KneeRight: -0.1648154, -0.5413682, 2.843328
AnkleRight: -0.1550745, -0.8396157, 2.735846
FootRight: -0.1598339, -0.8799793, 2.616121
=========
HipCenter: -0.1635997, 0.03050947, 3.04065
Spine: -0.1727669, 0.08080508, 3.121365
ShoulderCenter: -0.1849474, 0.4775184, 3.234095
Head: -0.1746307, 0.647671, 3.237158
ShoulderLeft: -0.3495531, 0.3574801, 3.173751
ElbowLeft: -0.5818333, 0.4045475, 3.192686
WristLeft: -0.6824234, 0.5827143, 3.127474
HandLeft: -0.676655, 0.6849734, 3.117066
ShoulderRight: -0.01079175, 0.3554357, 3.20664
ElbowRight: 0.2111014, 0.3759997, 3.272388
WristRight: 0.3032415, 0.5613374, 3.270854
HandRight: 0.3047433, 0.6576279, 3.297821
HipLeft: -0.2358605, -0.03907359, 2.982921
KneeLeft: -0.2212794, -0.4582034, 2.87243
AnkleLeft: -0.1814416, -0.835725, 2.758247
FootLeft: -0.1464544, -0.8869978, 2.654504
HipRight: -0.08402445, -0.04187002, 3.027244
KneeRight: -0.1672767, -0.5450865, 2.842203
AnkleRight: -0.155569, -0.8385728, 2.726833
FootRight: -0.1604871, -0.877854, 2.607872
=========
HipCenter: -0.1635273, 0.03118079, 3.034884
Spine: -0.1729634, 0.08176564, 3.116301
ShoulderCenter: -0.1861199, 0.4804326, 3.231871
Head: -0.1747777, 0.6505012, 3.233022
ShoulderLeft: -0.3505266, 0.3601221, 3.168051
ElbowLeft: -0.5864735, 0.4117768, 3.181236
WristLeft: -0.6718953, 0.5948679, 3.099969
HandLeft: -0.6733834, 0.6897911, 3.103877
ShoulderRight: -0.01123169, 0.3574595, 3.202883
ElbowRight: 0.2123602, 0.379393, 3.268552
WristRight: 0.3031771, 0.5655645, 3.267106
HandRight: 0.3050029, 0.6616659, 3.292929
HipLeft: -0.2360705, -0.03872976, 2.976194
KneeLeft: -0.2235867, -0.4525753, 2.872858
AnkleLeft: -0.1777405, -0.8368332, 2.755141
FootLeft: -0.1438223, -0.8864329, 2.651475
HipRight: -0.08349963, -0.04138438, 3.022302
KneeRight: -0.1688241, -0.5463638, 2.842312
AnkleRight: -0.155807, -0.8376843, 2.722447
FootRight: -0.1607928, -0.8774739, 2.604157
=========
HipCenter: -0.1637494, 0.03147528, 3.029348
Spine: -0.1733795, 0.08236434, 3.111225
ShoulderCenter: -0.1871399, 0.4828884, 3.229558
Head: -0.1751404, 0.6536253, 3.228717
ShoulderLeft: -0.3505248, 0.3625023, 3.161247
ElbowLeft: -0.5892048, 0.4158864, 3.174213
WristLeft: -0.6675785, 0.6003141, 3.088888
HandLeft: -0.6700934, 0.6967382, 3.094524
ShoulderRight: -0.01173735, 0.3597254, 3.197822
ElbowRight: 0.2137158, 0.3826842, 3.265046
WristRight: 0.3036733, 0.5704598, 3.262085
HandRight: 0.306311, 0.6662478, 3.287247
HipLeft: -0.2362004, -0.03836529, 2.971829
KneeLeft: -0.2869159, -0.4745416, 2.883154
AnkleLeft: -0.1752043, -0.8380263, 2.752763
FootLeft: -0.1419447, -0.8860424, 2.649333
HipRight: -0.08423516, -0.04173784, 3.014414
KneeRight: -0.1708104, -0.5482945, 2.84254
AnkleRight: -0.1557088, -0.8372923, 2.722853
FootRight: -0.1606884, -0.8786988, 2.604786
=========
HipCenter: -0.1643074, 0.03190147, 3.022801
Spine: -0.1742694, 0.0831167, 3.104729
ShoulderCenter: -0.1884253, 0.4855908, 3.22519
Head: -0.1767181, 0.6585575, 3.218774
ShoulderLeft: -0.3501766, 0.364571, 3.153339
ElbowLeft: -0.5908579, 0.420337, 3.16243
WristLeft: -0.6852917, 0.5907947, 3.056812
HandLeft: -0.6907064, 0.6878155, 3.06123
ShoulderRight: -0.01191096, 0.3620176, 3.193099
ElbowRight: 0.2149908, 0.3853773, 3.262009
WristRight: 0.3029799, 0.5755101, 3.256963
HandRight: 0.3088607, 0.6719096, 3.279459
HipLeft: -0.2364264, -0.03781923, 2.968161
KneeLeft: -0.3110791, -0.4825835, 2.8871
AnkleLeft: -0.1735308, -0.838842, 2.751105
FootLeft: -0.1405938, -0.8857842, 2.647701
HipRight: -0.08532558, -0.0418564, 3.004894
KneeRight: -0.1724813, -0.5494546, 2.843441
AnkleRight: -0.1555382, -0.8371361, 2.723233
FootRight: -0.1605939, -0.8803989, 2.607256
=========
HipCenter: -0.1647206, 0.03238389, 3.017244
Spine: -0.1748725, 0.08396485, 3.099036
ShoulderCenter: -0.1890371, 0.4884812, 3.219429
Head: -0.178116, 0.6626424, 3.209971
ShoulderLeft: -0.3501284, 0.366177, 3.147097
ElbowLeft: -0.5915183, 0.4229992, 3.155257
WristLeft: -0.6803811, 0.5980671, 3.049768
HandLeft: -0.686398, 0.6944388, 3.05612
ShoulderRight: -0.01179894, 0.3641541, 3.188744
ElbowRight: 0.2164728, 0.387808, 3.25853
WristRight: 0.3013715, 0.5907975, 3.253577
HandRight: 0.3087514, 0.6798857, 3.275337
HipLeft: -0.2366394, -0.03727461, 2.965351
KneeLeft: -0.3238109, -0.4868078, 2.889228
AnkleLeft: -0.1724026, -0.8393639, 2.750053
FootLeft: -0.1397367, -0.8856766, 2.646502
HipRight: -0.08597895, -0.04181168, 2.997162
KneeRight: -0.17378, -0.550141, 2.844835
AnkleRight: -0.1549822, -0.8375727, 2.72856
FootRight: -0.1604605, -0.8821204, 2.609506
=========
HipCenter: -0.1647281, 0.03307537, 3.012811
Spine: -0.1751841, 0.08482523, 3.094607
ShoulderCenter: -0.1889216, 0.4905831, 3.215517
Head: -0.1782473, 0.6662772, 3.20285
ShoulderLeft: -0.3491013, 0.3678386, 3.13816
ElbowLeft: -0.5919119, 0.4252262, 3.149621
WristLeft: -0.6755908, 0.6041735, 3.047822
HandLeft: -0.6813387, 0.7009099, 3.055342
ShoulderRight: -0.01115861, 0.3664083, 3.184766
ElbowRight: 0.2176197, 0.3898376, 3.255407
WristRight: 0.3010114, 0.5990886, 3.25136
HandRight: 0.3166516, 0.6808982, 3.267087
HipLeft: -0.2364976, -0.0354189, 2.961161
KneeLeft: -0.3314716, -0.4880602, 2.890604
AnkleLeft: -0.1717533, -0.8394942, 2.749249
FootLeft: -0.1392705, -0.885685, 2.645691
HipRight: -0.08619278, -0.04175616, 2.992264
KneeRight: -0.1746769, -0.5504203, 2.846591
AnkleRight: -0.1544518, -0.8380838, 2.733564
FootRight: -0.1602113, -0.8836635, 2.612086
=========
HipCenter: -0.1646917, 0.03412063, 3.008786
Spine: -0.1755605, 0.08594164, 3.090631
ShoulderCenter: -0.1895291, 0.4926889, 3.21196
Head: -0.1766747, 0.6702979, 3.18891
ShoulderLeft: -0.3478104, 0.3699484, 3.130096
ElbowLeft: -0.5914002, 0.4267011, 3.144696
WristLeft: -0.67098, 0.6091769, 3.048335
HandLeft: -0.6772366, 0.7054193, 3.053925
ShoulderRight: -0.01017454, 0.3690944, 3.1807
ElbowRight: 0.218427, 0.3920601, 3.252028
WristRight: 0.3009087, 0.604474, 3.249895
HandRight: 0.321808, 0.6813695, 3.262272
HipLeft: -0.2362826, -0.03328272, 2.95764
KneeLeft: -0.3352135, -0.4865818, 2.891441
AnkleLeft: -0.1716573, -0.8388565, 2.748553
FootLeft: -0.1389291, -0.8858497, 2.644882
HipRight: -0.08616967, -0.0412666, 2.987897
KneeRight: -0.1753509, -0.5503215, 2.848532
AnkleRight: -0.1533206, -0.8387739, 2.737824
FootRight: -0.1600567, -0.8848056, 2.613644
=========
HipCenter: -0.1644924, 0.03497419, 3.005348
Spine: -0.1757233, 0.0868336, 3.087191
ShoulderCenter: -0.1897898, 0.4942244, 3.208631
Head: -0.175557, 0.6726937, 3.179861
ShoulderLeft: -0.3463907, 0.3717105, 3.123984
ElbowLeft: -0.5902441, 0.4274574, 3.14031
WristLeft: -0.6673203, 0.6127469, 3.050087
HandLeft: -0.673801, 0.7091492, 3.053672
ShoulderRight: -0.009287918, 0.3715664, 3.177346
ElbowRight: 0.2188222, 0.3938146, 3.2487
WristRight: 0.301012, 0.6083872, 3.248592
HandRight: 0.326469, 0.6816074, 3.256491
HipLeft: -0.2359641, -0.03151486, 2.954851
KneeLeft: -0.3356765, -0.4839489, 2.891761
AnkleLeft: -0.171766, -0.8381761, 2.748024
FootLeft: -0.13874, -0.8860386, 2.644302
HipRight: -0.08602495, -0.0408707, 2.984527
KneeRight: -0.1758292, -0.5500761, 2.850421
AnkleRight: -0.1524098, -0.8394104, 2.740795
FootRight: -0.1602509, -0.8855489, 2.614077
=========
HipCenter: -0.164165, 0.03573227, 3.002429
Spine: -0.1756203, 0.08757501, 3.084328
ShoulderCenter: -0.1897238, 0.4953435, 3.205941
Head: -0.1749342, 0.6740881, 3.174544
ShoulderLeft: -0.3454436, 0.3729365, 3.119997
ElbowLeft: -0.5887629, 0.4278133, 3.136615
WristLeft: -0.6645368, 0.6153089, 3.051254
HandLeft: -0.6711001, 0.7122444, 3.053712
ShoulderRight: -0.008392116, 0.3737859, 3.174224
ElbowRight: 0.2190707, 0.3951711, 3.245955
WristRight: 0.3011697, 0.6112214, 3.247519
HandRight: 0.3301607, 0.6816229, 3.250708
HipLeft: -0.2356425, -0.03012207, 2.952757
KneeLeft: -0.3337092, -0.4808085, 2.891507
AnkleLeft: -0.1723243, -0.8370496, 2.747612
FootLeft: -0.1386492, -0.88625, 2.64382
HipRight: -0.0856483, -0.04036884, 2.981341
KneeRight: -0.176132, -0.549995, 2.852143
AnkleRight: -0.1518476, -0.8399323, 2.742342
FootRight: -0.1603641, -0.8861653, 2.614465
=========
HipCenter: -0.1635961, 0.03666554, 2.999545
Spine: -0.1752867, 0.08852852, 3.081361
ShoulderCenter: -0.1890429, 0.4963896, 3.201605
Head: -0.1742113, 0.6752421, 3.171186
ShoulderLeft: -0.3444537, 0.3740714, 3.116623
ElbowLeft: -0.5848016, 0.4278717, 3.130584
WristLeft: -0.6624501, 0.6171761, 3.051582
HandLeft: -0.6689403, 0.7147163, 3.053253
ShoulderRight: -0.007629264, 0.3755739, 3.171879
ElbowRight: 0.2194454, 0.3962957, 3.243691
WristRight: 0.301391, 0.6133527, 3.246612
HandRight: 0.3326057, 0.6817294, 3.246898
HipLeft: -0.2350465, -0.02842398, 2.950504
KneeLeft: -0.3290132, -0.4759622, 2.89066
AnkleLeft: -0.1732747, -0.8352472, 2.747559
FootLeft: -0.1386583, -0.8864572, 2.643476
HipRight: -0.08513758, -0.03983609, 2.978716
KneeRight: -0.1763179, -0.5499207, 2.853636
AnkleRight: -0.1509637, -0.8407062, 2.743999
FootRight: -0.1604414, -0.8866353, 2.614762
=========
HipCenter: -0.1618163, 0.03820047, 2.996329
Spine: -0.1738307, 0.09011853, 3.077976
ShoulderCenter: -0.1870274, 0.4980019, 3.19585
Head: -0.1729541, 0.6765792, 3.169101
ShoulderLeft: -0.3435419, 0.375112, 3.113831
ElbowLeft: -0.5811665, 0.4280154, 3.124695
WristLeft: -0.6606358, 0.6180862, 3.051494
HandLeft: -0.665994, 0.7170227, 3.050757
ShoulderRight: -0.006863406, 0.3770328, 3.170016
ElbowRight: 0.2180596, 0.3947316, 3.239103
WristRight: 0.3016109, 0.6148347, 3.245913
HandRight: 0.3309561, 0.689164, 3.249597
HipLeft: -0.2334236, -0.02628083, 2.948022
KneeLeft: -0.3237575, -0.471336, 2.889564
AnkleLeft: -0.1740849, -0.8336372, 2.747676
FootLeft: -0.1386617, -0.8866438, 2.643141
HipRight: -0.08320676, -0.03874278, 2.975922
KneeRight: -0.1764425, -0.5499694, 2.854872
AnkleRight: -0.1503502, -0.8411973, 2.745037
FootRight: -0.1603527, -0.8869856, 2.615218
=========
HipCenter: -0.1602842, 0.03947556, 2.993855
Spine: -0.1724893, 0.09146625, 3.075354
ShoulderCenter: -0.185305, 0.4993534, 3.191603
Head: -0.1709367, 0.677882, 3.168005
ShoulderLeft: -0.3426765, 0.3760712, 3.111579
ElbowLeft: -0.577737, 0.4279644, 3.118673
WristLeft: -0.6557966, 0.6584699, 3.039202
HandLeft: -0.6621033, 0.7337115, 3.048046
ShoulderRight: -0.005793161, 0.3783692, 3.168088
ElbowRight: 0.2183931, 0.3949444, 3.236938
WristRight: 0.3018689, 0.6158452, 3.245384
HandRight: 0.3313056, 0.6904827, 3.249189
HipLeft: -0.2318788, -0.02437774, 2.945715
KneeLeft: -0.3187031, -0.4675584, 2.888356
AnkleLeft: -0.1746564, -0.8325245, 2.747795
FootLeft: -0.1386582, -0.8867877, 2.642916
HipRight: -0.0816102, -0.03789232, 2.973944
KneeRight: -0.1765115, -0.550006, 2.855861
AnkleRight: -0.149752, -0.8415858, 2.745841
FootRight: -0.1602612, -0.8872555, 2.615553
=========
HipCenter: -0.1589675, 0.04052135, 2.991971
Spine: -0.1713593, 0.09255317, 3.073356
ShoulderCenter: -0.1840293, 0.5002729, 3.188296
Head: -0.1684527, 0.6791307, 3.16736
ShoulderLeft: -0.3418898, 0.3768531, 3.109679
ElbowLeft: -0.5749261, 0.4277533, 3.112898
WristLeft: -0.6537777, 0.67743, 3.033303
HandLeft: -0.6596901, 0.7348968, 3.04486
ShoulderRight: -0.00452845, 0.3794411, 3.166418
ElbowRight: 0.2180513, 0.3937758, 3.234198
WristRight: 0.3022574, 0.6166255, 3.245096
HandRight: 0.3317451, 0.6907026, 3.249057
HipLeft: -0.2305836, -0.02297989, 2.943962
KneeLeft: -0.3140076, -0.4668334, 2.88677
AnkleLeft: -0.1748774, -0.8320524, 2.747786
FootLeft: -0.1386683, -0.8869, 2.642782
HipRight: -0.08012328, -0.03711801, 2.972431
KneeRight: -0.1765455, -0.5500669, 2.856675
AnkleRight: -0.1491488, -0.8418838, 2.746511
FootRight: -0.1601684, -0.8874616, 2.615836
=========
HipCenter: -0.1577649, 0.04143072, 2.990366
Spine: -0.1702591, 0.0936219, 3.071513
ShoulderCenter: -0.1816898, 0.5005413, 3.182008
Head: -0.1657009, 0.6800797, 3.167063
ShoulderLeft: -0.3410252, 0.3775845, 3.107685
ElbowLeft: -0.5732623, 0.4278228, 3.109533
WristLeft: -0.6527529, 0.6861824, 3.030665
HandLeft: -0.6579302, 0.7346628, 3.042107
ShoulderRight: -0.002660358, 0.3803035, 3.164754
ElbowRight: 0.2200886, 0.3946271, 3.233031
WristRight: 0.3027095, 0.6171498, 3.244914
HandRight: 0.3281003, 0.6962711, 3.255187
HipLeft: -0.2295336, -0.02193182, 2.942548
KneeLeft: -0.3108054, -0.4662856, 2.885522
AnkleLeft: -0.1750197, -0.8317134, 2.7478
FootLeft: -0.1386848, -0.8869963, 2.642689
HipRight: -0.07871814, -0.03649377, 2.971197
KneeRight: -0.1765518, -0.5501186, 2.857309
AnkleRight: -0.1484876, -0.8420506, 2.747054
FootRight: -0.160085, -0.887617, 2.616066
=========
HipCenter: -0.1567364, 0.04220189, 2.989135
Spine: -0.1692804, 0.09452125, 3.070081
ShoulderCenter: -0.1795838, 0.5007184, 3.177735
Head: -0.1635139, 0.6807182, 3.167034
ShoulderLeft: -0.3402155, 0.3781638, 3.106044
ElbowLeft: -0.5722045, 0.4280105, 3.107346
WristLeft: -0.6520238, 0.6916141, 3.029029
HandLeft: -0.6569392, 0.7398783, 3.040365
ShoulderRight: -0.0008269173, 0.3809598, 3.16338
ElbowRight: 0.2214923, 0.3953064, 3.231828
WristRight: 0.3033414, 0.6173552, 3.244671
HandRight: 0.3245576, 0.7002914, 3.260773
HipLeft: -0.2286901, -0.02113889, 2.941492
KneeLeft: -0.3084891, -0.4660484, 2.884503
AnkleLeft: -0.1750476, -0.8314896, 2.74788
FootLeft: -0.1387095, -0.8870819, 2.642607
HipRight: -0.0775435, -0.03595617, 2.970267
KneeRight: -0.176539, -0.5502106, 2.85785
AnkleRight: -0.147847, -0.8421692, 2.747508
FootRight: -0.1601283, -0.8877155, 2.616194
=========
HipCenter: -0.1558926, 0.04276987, 2.988152
Spine: -0.1685624, 0.09516758, 3.068977
ShoulderCenter: -0.1779841, 0.5008632, 3.174999
Head: -0.1617866, 0.6811472, 3.167289
ShoulderLeft: -0.3380965, 0.3786882, 3.10295
ElbowLeft: -0.5714988, 0.4283273, 3.105637
WristLeft: -0.6516023, 0.6952882, 3.02787
HandLeft: -0.6562424, 0.7436841, 3.038848
ShoulderRight: 0.0008677828, 0.3814014, 3.162016
ElbowRight: 0.2229345, 0.3961322, 3.230953
WristRight: 0.3040153, 0.6173349, 3.244411
HandRight: 0.3250771, 0.6943297, 3.25183
HipLeft: -0.2279793, -0.02054447, 2.94061
KneeLeft: -0.3069813, -0.4658309, 2.883693
AnkleLeft: -0.1749897, -0.8313781, 2.747988
FootLeft: -0.1387317, -0.8871574, 2.642544
HipRight: -0.07662557, -0.03555755, 2.96957
KneeRight: -0.1765152, -0.5502949, 2.858281
AnkleRight: -0.1472036, -0.8422123, 2.747891
FootRight: -0.1602127, -0.8877857, 2.616148
=========
HipCenter: -0.1549537, 0.04335682, 2.987318
Spine: -0.1678478, 0.09575331, 3.068086
ShoulderCenter: -0.1769603, 0.5010377, 3.173287
Head: -0.1602118, 0.6814364, 3.167743
ShoulderLeft: -0.3365015, 0.3791135, 3.100762
ElbowLeft: -0.5710353, 0.4286896, 3.104449
WristLeft: -0.6515809, 0.6968907, 3.027291
HandLeft: -0.6557217, 0.7462156, 3.037815
ShoulderRight: 0.002513017, 0.381698, 3.161005
ElbowRight: 0.2244608, 0.3970472, 3.2304
WristRight: 0.3048933, 0.6169927, 3.24401
HandRight: 0.3220316, 0.6965429, 3.252863
HipLeft: -0.2271448, -0.02001098, 2.939814
KneeLeft: -0.3058555, -0.4657674, 2.882997
AnkleLeft: -0.1748925, -0.8313169, 2.74814
FootLeft: -0.1387451, -0.887214, 2.642506
HipRight: -0.07543632, -0.03505558, 2.968951
KneeRight: -0.1764231, -0.550369, 2.858691
AnkleRight: -0.1462391, -0.8421907, 2.748322
FootRight: -0.1602862, -0.8878118, 2.616033
=========
HipCenter: -0.1542195, 0.04382502, 2.986621
Spine: -0.1672666, 0.09623753, 3.067337
ShoulderCenter: -0.1763355, 0.5012129, 3.17199
Head: -0.1583504, 0.6815314, 3.168376
ShoulderLeft: -0.3352912, 0.3794588, 3.099112
ElbowLeft: -0.5707202, 0.4293281, 3.10303
WristLeft: -0.6517808, 0.6968104, 3.027115
HandLeft: -0.6553105, 0.7480065, 3.036826
ShoulderRight: 0.004277253, 0.3819036, 3.159898
ElbowRight: 0.2327389, 0.4025705, 3.229486
WristRight: 0.3057962, 0.6166813, 3.243486
HandRight: 0.3205261, 0.6980441, 3.253797
HipLeft: -0.2265004, -0.01964012, 2.93923
KneeLeft: -0.3043438, -0.4671644, 2.881711
AnkleLeft: -0.1747878, -0.8312802, 2.748317
FootLeft: -0.1387871, -0.8872727, 2.642536
HipRight: -0.07440688, -0.03449698, 2.968243
KneeRight: -0.1762801, -0.5504224, 2.859037
AnkleRight: -0.145664, -0.8421935, 2.748587
FootRight: -0.1599444, -0.8877567, 2.616514
=========
HipCenter: -0.1536311, 0.04417367, 2.986035
Spine: -0.1667721, 0.09660745, 3.066718
ShoulderCenter: -0.1758879, 0.501343, 3.171067
Head: -0.1569309, 0.6815691, 3.168962
ShoulderLeft: -0.3343644, 0.3797302, 3.097896
ElbowLeft: -0.5705539, 0.4299245, 3.101923
WristLeft: -0.6518196, 0.6962296, 3.026808
HandLeft: -0.6549814, 0.7494513, 3.035968
ShoulderRight: 0.005795138, 0.3820031, 3.158735
ElbowRight: 0.2307309, 0.3979786, 3.225008
WristRight: 0.3071663, 0.615532, 3.242172
HandRight: 0.3196526, 0.698571, 3.254201
HipLeft: -0.2259878, -0.01938688, 2.938778
KneeLeft: -0.302994, -0.4688558, 2.880387
AnkleLeft: -0.1746781, -0.8312672, 2.748498
FootLeft: -0.1388288, -0.8873232, 2.642579
HipRight: -0.07358103, -0.03403205, 2.967577
KneeRight: -0.1761269, -0.5504582, 2.859319
AnkleRight: -0.144927, -0.8421812, 2.748871
FootRight: -0.1600112, -0.8877477, 2.616572
=========
HipCenter: -0.1531215, 0.04443402, 2.98551
Spine: -0.1663489, 0.0968844, 3.066191
ShoulderCenter: -0.1755549, 0.5014439, 3.1704
Head: -0.1556749, 0.6815233, 3.169512
ShoulderLeft: -0.3335992, 0.3799679, 3.0969
ElbowLeft: -0.5704964, 0.4304777, 3.101091
WristLeft: -0.6517959, 0.695303, 3.026698
HandLeft: -0.6546386, 0.7505684, 3.035292
ShoulderRight: 0.007099021, 0.3820312, 3.15774
ElbowRight: 0.2287337, 0.394404, 3.222106
WristRight: 0.3084666, 0.6148587, 3.241035
HandRight: 0.3190978, 0.6991195, 3.254684
HipLeft: -0.2255037, -0.01924799, 2.938289
KneeLeft: -0.3016608, -0.470791, 2.878979
AnkleLeft: -0.1745558, -0.8312815, 2.748682
FootLeft: -0.1388579, -0.8873661, 2.642555
HipRight: -0.0728988, -0.03367661, 2.967003
KneeRight: -0.17596, -0.5504974, 2.859547
AnkleRight: -0.1439863, -0.8423653, 2.749012
FootRight: -0.1601073, -0.8877298, 2.616609
=========
HipCenter: -0.152567, 0.04468179, 2.985019
Spine: -0.1659024, 0.09713642, 3.065715
ShoulderCenter: -0.1753335, 0.5015515, 3.169898
Head: -0.1545323, 0.6814188, 3.170087
ShoulderLeft: -0.3330157, 0.3801522, 3.096114
ElbowLeft: -0.5704705, 0.4309616, 3.100447
WristLeft: -0.6516082, 0.6947152, 3.026674
HandLeft: -0.6458883, 0.7563447, 3.038296
ShoulderRight: 0.008366807, 0.3819418, 3.15659
ElbowRight: 0.226587, 0.391167, 3.219831
WristRight: 0.309566, 0.6144725, 3.239988
HandRight: 0.318762, 0.699729, 3.255057
HipLeft: -0.224996, -0.01915851, 2.937867
KneeLeft: -0.3008176, -0.4717312, 2.878016
AnkleLeft: -0.1744346, -0.8312941, 2.748861
FootLeft: -0.1388842, -0.8874025, 2.642534
HipRight: -0.07192923, -0.03327491, 2.966359
KneeRight: -0.1757524, -0.5505103, 2.859708
AnkleRight: -0.1432836, -0.8424973, 2.749043
FootRight: -0.1602654, -0.8877134, 2.61658
