=========
HipCenter: -0.128978, 0.06526894, 2.888962
Spine: -0.1344367, 0.1134226, 2.97111
ShoulderCenter: -0.1498299, 0.5076298, 3.094006
Head: -0.1505318, 0.6895293, 3.084371
ShoulderLeft: -0.3151911, 0.3976476, 3.037061
ElbowLeft: -0.5559062, 0.4229452, 3.054625
WristLeft: -0.6427988, 0.6658294, 2.972827
HandLeft: -0.6483834, 0.7368758, 2.976724
ShoulderRight: 0.02603708, 0.4002458, 3.0516
ElbowRight: 0.2396649, 0.39655, 3.107385
WristRight: 0.3456212, 0.6457359, 3.135913
HandRight: 0.3674035, 0.7099301, 3.158242
HipLeft: -0.2024988, -0.004379651, 2.846144
KneeLeft: -0.1733674, -0.4662757, 2.729674
AnkleLeft: -0.1801677, -0.7932802, 2.641633
FootLeft: -0.1558746, -0.8577146, 2.549153
HipRight: -0.0489461, -0.003210463, 2.862933
KneeRight: -0.1405448, -0.51875, 2.76037
AnkleRight: -0.1161768, -0.8290309, 2.746552
FootRight: -0.124451, -0.876177, 2.598082
=========
HipCenter: -0.1343796, 0.07950839, 2.880446
Spine: -0.1389031, 0.1239583, 2.962997
ShoulderCenter: -0.1517062, 0.5088291, 3.091164
Head: -0.1523696, 0.6886202, 3.08031
ShoulderLeft: -0.3165784, 0.3958149, 3.030204
ElbowLeft: -0.5536418, 0.4217556, 3.04985
WristLeft: -0.6410655, 0.625671, 2.963355
HandLeft: -0.6477794, 0.7137063, 2.970026
ShoulderRight: 0.02047583, 0.397442, 3.042192
ElbowRight: 0.2373088, 0.3966732, 3.101198
WristRight: 0.3440293, 0.6457515, 3.131017
HandRight: 0.3679918, 0.7071893, 3.150697
HipLeft: -0.2072195, 0.0119096, 2.838135
KneeLeft: -0.1830339, -0.4355982, 2.721097
AnkleLeft: -0.1809191, -0.7812102, 2.64148
FootLeft: -0.1559385, -0.8571517, 2.548806
HipRight: -0.05625589, 0.01374081, 2.851612
KneeRight: -0.1433413, -0.5183243, 2.750841
AnkleRight: -0.1195297, -0.8296125, 2.730068
FootRight: -0.1264801, -0.8752903, 2.591152
=========
HipCenter: -0.1361645, 0.08237606, 2.874318
Spine: -0.1411339, 0.1262581, 2.956996
ShoulderCenter: -0.1544069, 0.5093769, 3.085741
Head: -0.1528627, 0.6884834, 3.079387
ShoulderLeft: -0.3166659, 0.3950067, 3.024667
ElbowLeft: -0.5526371, 0.4210513, 3.043486
WristLeft: -0.6401984, 0.6071257, 2.958639
HandLeft: -0.647459, 0.7004738, 2.965266
ShoulderRight: 0.01910127, 0.3968712, 3.039805
ElbowRight: 0.2363783, 0.3972812, 3.096037
WristRight: 0.3431042, 0.6459809, 3.128366
HandRight: 0.368549, 0.7056806, 3.148715
HipLeft: -0.2083929, 0.01522794, 2.8333
KneeLeft: -0.186657, -0.4238408, 2.717715
AnkleLeft: -0.181087, -0.7794603, 2.641304
FootLeft: -0.1559505, -0.857052, 2.548726
HipRight: -0.05856151, 0.01768944, 2.844367
KneeRight: -0.1442884, -0.5181017, 2.746154
AnkleRight: -0.1205889, -0.8296965, 2.724836
FootRight: -0.1268109, -0.8750731, 2.589115
=========
HipCenter: -0.1369679, 0.0830765, 2.867873
Spine: -0.1428562, 0.1269702, 2.950946
ShoulderCenter: -0.1571266, 0.5099707, 3.080865
Head: -0.153743, 0.6894403, 3.077657
ShoulderLeft: -0.3173667, 0.3946802, 3.017257
ElbowLeft: -0.5521194, 0.4209025, 3.035659
WristLeft: -0.6430703, 0.62121, 2.945852
HandLeft: -0.6475177, 0.6977294, 2.96342
ShoulderRight: 0.01812856, 0.3965824, 3.037905
ElbowRight: 0.2352858, 0.3978738, 3.090548
WristRight: 0.3419944, 0.6460059, 3.125784
HandRight: 0.3690449, 0.7039686, 3.14708
HipLeft: -0.2087946, 0.01638048, 2.828508
KneeLeft: -0.1885462, -0.4169588, 2.715768
AnkleLeft: -0.1813007, -0.7787134, 2.640923
FootLeft: -0.1559478, -0.8569695, 2.548645
HipRight: -0.05873526, 0.01809608, 2.834813
KneeRight: -0.1452433, -0.5172768, 2.740128
AnkleRight: -0.1246851, -0.8271518, 2.713617
FootRight: -0.1269439, -0.8747603, 2.587006
=========
HipCenter: -0.1372251, 0.08264685, 2.86042
Spine: -0.144137, 0.1268132, 2.943978
ShoulderCenter: -0.1600567, 0.5106855, 3.076044
Head: -0.1555689, 0.6917967, 3.073044
ShoulderLeft: -0.3177598, 0.3955946, 3.01119
ElbowLeft: -0.5519226, 0.4210563, 3.029965
WristLeft: -0.6449693, 0.6322392, 2.939454
HandLeft: -0.6480015, 0.6987643, 2.961403
ShoulderRight: 0.01712735, 0.3968207, 3.035189
ElbowRight: 0.2345122, 0.3988996, 3.086002
WristRight: 0.3408169, 0.6465684, 3.122814
HandRight: 0.3692445, 0.703101, 3.145828
HipLeft: -0.2085416, 0.01655174, 2.822639
KneeLeft: -0.1895708, -0.4129044, 2.714483
AnkleLeft: -0.181505, -0.7793489, 2.640315
FootLeft: -0.1559058, -0.8569027, 2.548512
HipRight: -0.05837086, 0.01731821, 2.825695
KneeRight: -0.1461672, -0.5161659, 2.732884
AnkleRight: -0.1275016, -0.8250501, 2.702937
FootRight: -0.1307025, -0.8707998, 2.571055
=========
HipCenter: -0.1366524, 0.08111478, 2.851346
Spine: -0.1445107, 0.1263758, 2.934042
ShoulderCenter: -0.1642925, 0.5124629, 3.048989
Head: -0.1566391, 0.6941542, 3.068257
ShoulderLeft: -0.3185191, 0.3972818, 3.004281
ElbowLeft: -0.5521024, 0.4213601, 3.021556
WristLeft: -0.6465645, 0.6415601, 2.935669
HandLeft: -0.6491865, 0.7037938, 2.958293
ShoulderRight: 0.01591484, 0.3979857, 3.030743
ElbowRight: 0.2333265, 0.3998567, 3.081154
WristRight: 0.3393635, 0.6469353, 3.119431
HandRight: 0.3692498, 0.7021115, 3.144564
HipLeft: -0.2074242, 0.01505926, 2.814225
KneeLeft: -0.1469277, -0.4133718, 2.706754
AnkleLeft: -0.181624, -0.7805768, 2.639266
FootLeft: -0.1555268, -0.8566911, 2.547856
HipRight: -0.05753591, 0.01584929, 2.81806
KneeRight: -0.1471336, -0.5149813, 2.726738
AnkleRight: -0.1282244, -0.8190351, 2.686787
FootRight: -0.134483, -0.8654183, 2.555158
=========
HipCenter: -0.1352559, 0.07929268, 2.842463
Spine: -0.1443515, 0.1257847, 2.925618
ShoulderCenter: -0.166181, 0.5145908, 3.038699
Head: -0.1573854, 0.6961017, 3.064535
ShoulderLeft: -0.3192535, 0.3992879, 2.994504
ElbowLeft: -0.551621, 0.4219384, 3.013397
WristLeft: -0.6475846, 0.6479511, 2.933485
HandLeft: -0.650275, 0.7094658, 2.954913
ShoulderRight: 0.01442791, 0.3994399, 3.0249
ElbowRight: 0.2324715, 0.4016584, 3.076253
WristRight: 0.3385046, 0.6475999, 3.117015
HandRight: 0.3693821, 0.7016841, 3.143523
HipLeft: -0.2055151, 0.01331322, 2.806144
KneeLeft: -0.1539226, -0.4162433, 2.705896
AnkleLeft: -0.1801138, -0.7834046, 2.636772
FootLeft: -0.1535283, -0.8556909, 2.544572
HipRight: -0.05582636, 0.01394112, 2.809848
KneeRight: -0.1484722, -0.5093679, 2.718867
AnkleRight: -0.1253785, -0.8086336, 2.663089
FootRight: -0.1361894, -0.8581698, 2.531219
=========
HipCenter: -0.1334214, 0.07733084, 2.833817
Spine: -0.1435947, 0.1249323, 2.917043
ShoulderCenter: -0.1671237, 0.5162723, 3.032121
Head: -0.1580879, 0.6981716, 3.061039
ShoulderLeft: -0.3184108, 0.4014828, 2.983908
ElbowLeft: -0.5504243, 0.4230575, 3.002084
WristLeft: -0.6482217, 0.6524224, 2.932009
HandLeft: -0.6510054, 0.7139803, 2.950747
ShoulderRight: 0.01309656, 0.4013973, 3.018269
ElbowRight: 0.2322048, 0.4043066, 3.071681
WristRight: 0.33797, 0.6493848, 3.113876
HandRight: 0.3695877, 0.7020547, 3.141527
HipLeft: -0.2031919, 0.01155511, 2.798672
KneeLeft: -0.1339033, -0.4203535, 2.701469
AnkleLeft: -0.1779982, -0.7863247, 2.633568
FootLeft: -0.1494914, -0.8539283, 2.536249
HipRight: -0.05413903, 0.01220018, 2.802322
KneeRight: -0.149345, -0.5045608, 2.713121
AnkleRight: -0.1277275, -0.8010551, 2.636848
FootRight: -0.139771, -0.8527577, 2.514754
=========
HipCenter: -0.1325822, 0.07642523, 2.827433
Spine: -0.1432343, 0.1248898, 2.910251
ShoulderCenter: -0.1674289, 0.518576, 3.026122
Head: -0.1586947, 0.7001803, 3.057601
ShoulderLeft: -0.3176774, 0.4031283, 2.975614
ElbowLeft: -0.5497382, 0.4242157, 2.994376
WristLeft: -0.6484867, 0.6556682, 2.93002
HandLeft: -0.6508422, 0.7175925, 2.945938
ShoulderRight: 0.01169597, 0.4037319, 3.010554
ElbowRight: 0.2320402, 0.4066299, 3.067944
WristRight: 0.3373624, 0.6517606, 3.109955
HandRight: 0.3688161, 0.7118687, 3.137632
HipLeft: -0.2019238, 0.01068775, 2.793078
KneeLeft: -0.159521, -0.4236858, 2.701514
AnkleLeft: -0.1751672, -0.7891423, 2.630094
FootLeft: -0.1465189, -0.8525932, 2.529952
HipRight: -0.05355686, 0.01142301, 2.796794
KneeRight: -0.1498658, -0.5010839, 2.709154
AnkleRight: -0.1288939, -0.79802, 2.625399
FootRight: -0.1414021, -0.850143, 2.506726
=========
HipCenter: -0.132139, 0.07643399, 2.822607
Spine: -0.1430186, 0.1255509, 2.905161
ShoulderCenter: -0.1674018, 0.5215747, 3.022098
Head: -0.15888, 0.7025806, 3.054188
ShoulderLeft: -0.3169949, 0.4048285, 2.969454
ElbowLeft: -0.5494646, 0.4253767, 2.988721
WristLeft: -0.6484481, 0.6589985, 2.927365
HandLeft: -0.6506273, 0.7209471, 2.941197
ShoulderRight: 0.01081646, 0.4060568, 3.003672
ElbowRight: 0.2320122, 0.4091879, 3.063609
WristRight: 0.337019, 0.655035, 3.103588
HandRight: 0.3505887, 0.723027, 3.123114
HipLeft: -0.2009413, 0.01141937, 2.786942
KneeLeft: -0.1665717, -0.4247305, 2.701296
AnkleLeft: -0.1727117, -0.7911737, 2.627458
FootLeft: -0.1435404, -0.851593, 2.524756
HipRight: -0.05334078, 0.01117778, 2.793077
KneeRight: -0.1504389, -0.4992954, 2.706498
AnkleRight: -0.1294173, -0.7961575, 2.618852
FootRight: -0.1414355, -0.8486616, 2.498149
=========
HipCenter: -0.1315777, 0.07623775, 2.81679
Spine: -0.1423218, 0.1259677, 2.899919
ShoulderCenter: -0.1671295, 0.5242323, 3.019511
Head: -0.1582853, 0.705491, 3.04834
ShoulderLeft: -0.3138756, 0.4076576, 2.961267
ElbowLeft: -0.5495291, 0.4268458, 2.983529
WristLeft: -0.6464994, 0.6642274, 2.914265
HandLeft: -0.6491219, 0.7259163, 2.926218
ShoulderRight: 0.007705139, 0.4097035, 2.987087
ElbowRight: 0.2364991, 0.4162489, 3.055455
WristRight: 0.3381214, 0.65873, 3.095654
HandRight: 0.3523931, 0.7247735, 3.114927
HipLeft: -0.1965678, 0.0128817, 2.744851
KneeLeft: -0.1718551, -0.425294, 2.701066
AnkleLeft: -0.1709186, -0.7925758, 2.625582
FootLeft: -0.1406025, -0.8510587, 2.520047
HipRight: -0.05318929, 0.01059222, 2.790784
KneeRight: -0.1508634, -0.4982962, 2.704777
AnkleRight: -0.1298442, -0.7951769, 2.614502
FootRight: -0.1414974, -0.8477665, 2.493117
=========
HipCenter: -0.131343, 0.07680465, 2.811922
Spine: -0.1418153, 0.1268626, 2.895355
ShoulderCenter: -0.1666841, 0.5266361, 3.017452
Head: -0.157244, 0.7080425, 3.042246
ShoulderLeft: -0.3121425, 0.4096369, 2.95572
ElbowLeft: -0.5497723, 0.4286091, 2.977991
WristLeft: -0.6451076, 0.6670173, 2.904819
HandLeft: -0.6480539, 0.7290446, 2.912518
ShoulderRight: 0.006415309, 0.4118081, 2.977813
ElbowRight: 0.2395792, 0.420839, 3.04911
WristRight: 0.3394207, 0.6617849, 3.089127
HandRight: 0.3546876, 0.7259892, 3.10858
HipLeft: -0.1959832, 0.01484083, 2.735237
KneeLeft: -0.1773213, -0.4237172, 2.700097
AnkleLeft: -0.170057, -0.7928366, 2.62416
FootLeft: -0.138531, -0.850738, 2.516863
HipRight: -0.05327338, 0.01038639, 2.788401
KneeRight: -0.1513214, -0.4977749, 2.703572
AnkleRight: -0.1302264, -0.7952625, 2.612759
FootRight: -0.1415509, -0.8471758, 2.489804
=========
HipCenter: -0.1310686, 0.07732271, 2.808312
Spine: -0.1412823, 0.1277027, 2.891818
ShoulderCenter: -0.1661656, 0.5291378, 3.015471
Head: -0.1561563, 0.7102222, 3.036305
ShoulderLeft: -0.3106273, 0.4112679, 2.951596
ElbowLeft: -0.5501366, 0.4305592, 2.972443
WristLeft: -0.643187, 0.6687217, 2.895345
HandLeft: -0.6461083, 0.7321693, 2.899507
ShoulderRight: 0.006050364, 0.4129704, 2.971394
ElbowRight: 0.2441805, 0.4261346, 3.041423
WristRight: 0.3439857, 0.6657873, 3.077066
HandRight: 0.3613651, 0.7302693, 3.102193
HipLeft: -0.1954743, 0.01605591, 2.729505
KneeLeft: -0.1808504, -0.4228213, 2.699243
AnkleLeft: -0.1693229, -0.7930319, 2.622958
FootLeft: -0.1370235, -0.8505728, 2.514649
HipRight: -0.05331952, 0.01027582, 2.786593
KneeRight: -0.1517744, -0.4978015, 2.702888
AnkleRight: -0.1302753, -0.7965921, 2.613412
FootRight: -0.1417343, -0.8467385, 2.487358
=========
HipCenter: -0.1310193, 0.07801791, 2.804803
Spine: -0.1409391, 0.1285846, 2.888491
ShoulderCenter: -0.1654596, 0.5314674, 3.013894
Head: -0.154888, 0.7120124, 3.031484
ShoulderLeft: -0.3093619, 0.4127322, 2.947863
ElbowLeft: -0.5516109, 0.4348051, 2.966746
WristLeft: -0.6414264, 0.6702629, 2.887759
HandLeft: -0.6446141, 0.7341396, 2.890769
ShoulderRight: 0.006026797, 0.4138792, 2.966876
ElbowRight: 0.2413908, 0.4254219, 3.030949
WristRight: 0.3477995, 0.6660218, 3.065575
HandRight: 0.3673269, 0.7336477, 3.09731
HipLeft: -0.1954435, 0.01760904, 2.726954
KneeLeft: -0.1843691, -0.4207771, 2.697845
AnkleLeft: -0.1689802, -0.7922344, 2.621335
FootLeft: -0.1359668, -0.8504704, 2.513137
HipRight: -0.0537926, 0.01048162, 2.783513
KneeRight: -0.1521205, -0.4982793, 2.702715
AnkleRight: -0.1299128, -0.7985516, 2.615801
FootRight: -0.1416598, -0.8467683, 2.486075
=========
HipCenter: -0.1306849, 0.07875893, 2.802056
Spine: -0.1403253, 0.1295324, 2.885726
ShoulderCenter: -0.1639206, 0.5338823, 3.011904
Head: -0.1532377, 0.7134013, 3.026517
ShoulderLeft: -0.3084079, 0.4139083, 2.944773
ElbowLeft: -0.552745, 0.4392498, 2.960936
WristLeft: -0.6401552, 0.6712169, 2.882809
HandLeft: -0.643559, 0.7352713, 2.885429
ShoulderRight: 0.006210895, 0.41458, 2.963695
ElbowRight: 0.2396909, 0.4244959, 3.024284
WristRight: 0.3507385, 0.6658353, 3.058411
HandRight: 0.3713471, 0.7360145, 3.093094
HipLeft: -0.1953424, 0.01923017, 2.727258
KneeLeft: -0.1864891, -0.41956, 2.696664
AnkleLeft: -0.1685202, -0.7916591, 2.619845
FootLeft: -0.1351861, -0.8504136, 2.512052
HipRight: -0.05390264, 0.01073342, 2.781301
KneeRight: -0.1523676, -0.4990851, 2.702946
AnkleRight: -0.1290233, -0.8006802, 2.619288
FootRight: -0.1416769, -0.8466288, 2.485946
=========
HipCenter: -0.129976, 0.07959729, 2.799703
Spine: -0.1392557, 0.1307088, 2.883147
ShoulderCenter: -0.1590163, 0.53725, 3.00759
Head: -0.1510543, 0.7147698, 3.021372
ShoulderLeft: -0.3072642, 0.4148915, 2.940996
ElbowLeft: -0.5551097, 0.4439621, 2.955957
WristLeft: -0.6390642, 0.6717387, 2.879169
HandLeft: -0.6427511, 0.7359504, 2.881747
ShoulderRight: 0.007896732, 0.4154275, 2.961272
ElbowRight: 0.2386383, 0.423681, 3.020073
WristRight: 0.3536505, 0.6654603, 3.051823
HandRight: 0.3748576, 0.7296115, 3.074393
HipLeft: -0.1950853, 0.02056971, 2.729415
KneeLeft: -0.1878943, -0.418643, 2.695644
AnkleLeft: -0.1680491, -0.7911336, 2.618491
FootLeft: -0.1345812, -0.8504021, 2.511254
HipRight: -0.05355664, 0.01107044, 2.779322
KneeRight: -0.1525188, -0.5001642, 2.703463
AnkleRight: -0.1282228, -0.8023829, 2.622409
FootRight: -0.1417539, -0.8466333, 2.486901
=========
HipCenter: -0.129458, 0.08060454, 2.797479
Spine: -0.1384774, 0.1317894, 2.880927
ShoulderCenter: -0.1556811, 0.5394101, 3.004802
Head: -0.1489783, 0.7158171, 3.017005
ShoulderLeft: -0.306195, 0.4157631, 2.937883
ElbowLeft: -0.5548964, 0.4474322, 2.951381
WristLeft: -0.6376722, 0.6724341, 2.875885
HandLeft: -0.6408029, 0.7370397, 2.878441
ShoulderRight: 0.00957968, 0.4160578, 2.959535
ElbowRight: 0.2381137, 0.4231047, 3.017251
WristRight: 0.3559594, 0.665244, 3.047179
HandRight: 0.3776625, 0.7293267, 3.068151
HipLeft: -0.1951318, 0.02191795, 2.732248
KneeLeft: -0.1892416, -0.4169901, 2.69419
AnkleLeft: -0.1679292, -0.789796, 2.616761
FootLeft: -0.134112, -0.8504143, 2.510681
HipRight: -0.05344462, 0.01204862, 2.776194
KneeRight: -0.1524291, -0.5012581, 2.704118
AnkleRight: -0.1275578, -0.8037421, 2.625031
FootRight: -0.1417502, -0.8468655, 2.488651
=========
HipCenter: -0.1287027, 0.08143379, 2.79554
Spine: -0.1374482, 0.1327285, 2.878856
ShoulderCenter: -0.1521115, 0.5410183, 3.001523
Head: -0.1473631, 0.7165877, 3.013906
ShoulderLeft: -0.3052489, 0.4165387, 2.935343
ElbowLeft: -0.5527563, 0.4499699, 2.946801
WristLeft: -0.6363152, 0.6731996, 2.873291
HandLeft: -0.6387127, 0.7381592, 2.875755
ShoulderRight: 0.01124553, 0.4164521, 2.95828
ElbowRight: 0.2377817, 0.4225246, 3.015318
WristRight: 0.3576042, 0.6650369, 3.043954
HandRight: 0.3793697, 0.7294526, 3.064595
HipLeft: -0.1947931, 0.02273133, 2.734521
KneeLeft: -0.2166353, -0.3953629, 2.67616
AnkleLeft: -0.1888628, -0.7455773, 2.603858
FootLeft: -0.1404025, -0.8367917, 2.519101
HipRight: -0.05303117, 0.0126717, 2.773916
KneeRight: -0.1521305, -0.5027761, 2.70493
AnkleRight: -0.1268871, -0.8048598, 2.627218
FootRight: -0.1416882, -0.8471026, 2.490776
=========
HipCenter: -0.128039, 0.08217414, 2.793981
Spine: -0.1365594, 0.1335522, 2.877184
ShoulderCenter: -0.1495884, 0.5421943, 2.999172
Head: -0.1451985, 0.7175861, 3.010575
ShoulderLeft: -0.3045016, 0.4172461, 2.933301
ElbowLeft: -0.5509985, 0.4517215, 2.943706
WristLeft: -0.6347706, 0.6739861, 2.870894
HandLeft: -0.6363286, 0.7392687, 2.873211
ShoulderRight: 0.01275395, 0.4167628, 2.957248
ElbowRight: 0.2375778, 0.4219645, 3.013983
WristRight: 0.3588247, 0.6648611, 3.041675
HandRight: 0.3808592, 0.7297314, 3.06237
HipLeft: -0.194519, 0.02331953, 2.736523
KneeLeft: -0.2246362, -0.3887688, 2.671197
AnkleLeft: -0.1980766, -0.7255088, 2.598699
FootLeft: -0.1442684, -0.8284209, 2.52446
HipRight: -0.05263262, 0.01323485, 2.772098
KneeRight: -0.151711, -0.5041283, 2.705715
AnkleRight: -0.1263276, -0.8057107, 2.628967
FootRight: -0.1415693, -0.847029, 2.492829
=========
HipCenter: -0.1273607, 0.08279227, 2.792745
Spine: -0.1357722, 0.1341914, 2.875866
ShoulderCenter: -0.147682, 0.5428297, 2.997302
Head: -0.1434661, 0.71865, 3.008444
ShoulderLeft: -0.3037426, 0.4180421, 2.931614
ElbowLeft: -0.5495102, 0.4531801, 2.941493
WristLeft: -0.6333493, 0.6747078, 2.868861
HandLeft: -0.634217, 0.7402714, 2.871139
ShoulderRight: 0.01565984, 0.4174722, 2.956982
ElbowRight: 0.2374687, 0.4213636, 3.013182
WristRight: 0.3597943, 0.6646746, 3.039969
HandRight: 0.3822117, 0.730399, 3.061506
HipLeft: -0.1942, 0.02369416, 2.738152
KneeLeft: -0.2295893, -0.3845149, 2.668243
AnkleLeft: -0.2030694, -0.7145383, 2.596053
FootLeft: -0.1466553, -0.8232751, 2.527854
HipRight: -0.05206662, 0.01363308, 2.770678
KneeRight: -0.1512562, -0.505266, 2.706368
AnkleRight: -0.1254438, -0.8067931, 2.630959
FootRight: -0.1413052, -0.8469226, 2.495339
=========
HipCenter: -0.1263962, 0.08394506, 2.791434
Spine: -0.1348807, 0.1351181, 2.874561
ShoulderCenter: -0.1463547, 0.5432976, 2.995961
Head: -0.1420554, 0.7195843, 3.006835
ShoulderLeft: -0.3031063, 0.4187446, 2.930358
ElbowLeft: -0.5483078, 0.4542346, 2.93992
WristLeft: -0.6320335, 0.6754447, 2.867151
HandLeft: -0.6323044, 0.7412013, 2.869436
ShoulderRight: 0.01892595, 0.4183115, 2.957236
ElbowRight: 0.2394727, 0.4208367, 3.013516
WristRight: 0.3606255, 0.6646007, 3.03873
HandRight: 0.383411, 0.7312436, 3.061774
HipLeft: -0.1938977, 0.0241541, 2.739421
KneeLeft: -0.2328783, -0.3815235, 2.666324
AnkleLeft: -0.2060891, -0.7077382, 2.594456
FootLeft: -0.1482011, -0.8198729, 2.530113
HipRight: -0.05064864, 0.01488247, 2.768752
KneeRight: -0.1507305, -0.5062791, 2.706923
AnkleRight: -0.1246953, -0.8076473, 2.632552
FootRight: -0.1411544, -0.847362, 2.498001
=========
HipCenter: -0.1256038, 0.08488367, 2.790457
Spine: -0.1342062, 0.1358415, 2.8736
ShoulderCenter: -0.1454711, 0.5436252, 2.995043
Head: -0.1410171, 0.7202682, 3.005731
ShoulderLeft: -0.3025368, 0.4193772, 2.929344
ElbowLeft: -0.5462068, 0.4546637, 2.938206
WristLeft: -0.6308721, 0.6759205, 2.865642
HandLeft: -0.6308329, 0.7418876, 2.868025
ShoulderRight: 0.0219991, 0.4190952, 2.957804
ElbowRight: 0.2417598, 0.4204248, 3.014207
WristRight: 0.3612701, 0.6645353, 3.037842
HandRight: 0.3841735, 0.7322862, 3.062792
HipLeft: -0.1936435, 0.02449811, 2.740427
KneeLeft: -0.2351523, -0.3792922, 2.665058
AnkleLeft: -0.2081493, -0.7030835, 2.593329
FootLeft: -0.1492352, -0.8175853, 2.531656
HipRight: -0.04945525, 0.01581919, 2.767341
KneeRight: -0.150072, -0.5072799, 2.707396
AnkleRight: -0.1241286, -0.8082575, 2.633776
FootRight: -0.1407546, -0.847657, 2.500216
=========
HipCenter: -0.1246567, 0.08546298, 2.789634
Spine: -0.1335524, 0.1363009, 2.872809
ShoulderCenter: -0.1448322, 0.5438417, 2.994355
Head: -0.1401229, 0.7208581, 3.004929
ShoulderLeft: -0.3016139, 0.4200687, 2.928054
ElbowLeft: -0.544551, 0.4548911, 2.937
WristLeft: -0.6293054, 0.676446, 2.863385
HandLeft: -0.6295297, 0.7424766, 2.866779
ShoulderRight: 0.02457197, 0.419456, 2.958176
ElbowRight: 0.2437363, 0.4201033, 3.014938
WristRight: 0.3620335, 0.6643871, 3.037127
HandRight: 0.3851998, 0.7322119, 3.063108
HipLeft: -0.1930955, 0.02452363, 2.741223
KneeLeft: -0.2345056, -0.3776667, 2.665301
AnkleLeft: -0.2088445, -0.6999497, 2.592945
FootLeft: -0.1498376, -0.8161031, 2.532649
HipRight: -0.04810806, 0.01633349, 2.766309
KneeRight: -0.1493986, -0.5082167, 2.707817
AnkleRight: -0.12373, -0.808677, 2.634672
FootRight: -0.1402906, -0.8480523, 2.502141
=========
HipCenter: -0.1237106, 0.08586, 2.788969
Spine: -0.1329845, 0.1366286, 2.872177
ShoulderCenter: -0.1443973, 0.5439653, 2.99375
Head: -0.1375258, 0.7209942, 3.003256
ShoulderLeft: -0.299938, 0.4210303, 2.926742
ElbowLeft: -0.5433012, 0.4550269, 2.936177
WristLeft: -0.6278703, 0.6768893, 2.861324
HandLeft: -0.6284517, 0.7429399, 2.865777
ShoulderRight: 0.02673572, 0.4198463, 2.958672
ElbowRight: 0.2455071, 0.419868, 3.015702
WristRight: 0.3629846, 0.6642477, 3.03672
HandRight: 0.3864061, 0.7326934, 3.064835
HipLeft: -0.1922519, 0.02438824, 2.741963
KneeLeft: -0.2335394, -0.3766147, 2.665633
AnkleLeft: -0.2081282, -0.6983449, 2.593264
FootLeft: -0.1501886, -0.8150653, 2.5334
HipRight: -0.04691533, 0.0166807, 2.765564
KneeRight: -0.1487872, -0.5089355, 2.708145
AnkleRight: -0.1234344, -0.8089816, 2.635339
FootRight: -0.1396982, -0.848385, 2.503726
=========
HipCenter: -0.1227187, 0.08613564, 2.788463
Spine: -0.1324266, 0.1368663, 2.871691
ShoulderCenter: -0.1440705, 0.5440675, 2.99334
Head: -0.1353082, 0.7210138, 3.002202
ShoulderLeft: -0.2975919, 0.422323, 2.925673
ElbowLeft: -0.5424178, 0.4551559, 2.935581
WristLeft: -0.6266397, 0.6771749, 2.859522
HandLeft: -0.627506, 0.7432504, 2.864807
ShoulderRight: 0.02873359, 0.4202414, 2.959273
ElbowRight: 0.2471637, 0.419737, 3.016383
WristRight: 0.3639837, 0.6640949, 3.036446
HandRight: 0.3873039, 0.7323464, 3.065525
HipLeft: -0.191154, 0.0242037, 2.742708
KneeLeft: -0.2320471, -0.3758158, 2.666082
AnkleLeft: -0.2068325, -0.6970267, 2.593794
FootLeft: -0.1504258, -0.8141561, 2.534026
HipRight: -0.04578203, 0.0169105, 2.765023
KneeRight: -0.1481942, -0.5095413, 2.708413
AnkleRight: -0.1231151, -0.8092454, 2.635941
FootRight: -0.1391748, -0.8486437, 2.505141
=========
HipCenter: -0.1218011, 0.08630683, 2.787946
Spine: -0.1317977, 0.1370208, 2.871192
ShoulderCenter: -0.1438442, 0.5441233, 2.993011
Head: -0.1335757, 0.7209874, 3.00142
ShoulderLeft: -0.2957306, 0.4233626, 2.924915
ElbowLeft: -0.5408704, 0.4548561, 2.934874
WristLeft: -0.6255951, 0.6774341, 2.858029
HandLeft: -0.626682, 0.7434513, 2.863923
ShoulderRight: 0.02988883, 0.4203112, 2.959184
ElbowRight: 0.2486924, 0.4196192, 3.016974
WristRight: 0.3652959, 0.6639702, 3.036281
HandRight: 0.3880982, 0.7318211, 3.066128
HipLeft: -0.1902311, 0.02408093, 2.743126
KneeLeft: -0.2305025, -0.3752653, 2.666606
AnkleLeft: -0.205397, -0.6961809, 2.594419
FootLeft: -0.1505314, -0.8133731, 2.534569
HipRight: -0.04477803, 0.01702976, 2.764553
KneeRight: -0.1476217, -0.5100658, 2.708625
AnkleRight: -0.1228878, -0.8094082, 2.636362
FootRight: -0.1384019, -0.8485002, 2.506206
=========
HipCenter: -0.1209819, 0.08654923, 2.787437
Spine: -0.1312414, 0.1372015, 2.870704
ShoulderCenter: -0.1436908, 0.5441464, 2.992738
Head: -0.1322152, 0.7209365, 3.00088
ShoulderLeft: -0.2942495, 0.4241856, 2.924319
ElbowLeft: -0.539845, 0.454667, 2.934437
WristLeft: -0.6246717, 0.6777182, 2.856767
HandLeft: -0.6259346, 0.7436244, 2.863103
ShoulderRight: 0.03121906, 0.4204171, 2.959201
ElbowRight: 0.249941, 0.4194855, 3.017412
WristRight: 0.3676631, 0.6643713, 3.037139
HandRight: 0.3889561, 0.7318195, 3.067183
HipLeft: -0.1895512, 0.02410039, 2.743264
KneeLeft: -0.227131, -0.3747749, 2.66773
AnkleLeft: -0.2037223, -0.695924, 2.595036
FootLeft: -0.1505222, -0.8128161, 2.534966
HipRight: -0.04386551, 0.01715633, 2.764155
KneeRight: -0.1470596, -0.5105221, 2.708776
AnkleRight: -0.1226652, -0.8095481, 2.636715
FootRight: -0.1376733, -0.8483232, 2.507098
=========
HipCenter: -0.1201047, 0.08694213, 2.786937
Spine: -0.1306686, 0.1374431, 2.870237
ShoulderCenter: -0.1435943, 0.544145, 2.99252
Head: -0.1312506, 0.7209294, 3.000503
ShoulderLeft: -0.293126, 0.4247956, 2.923877
ElbowLeft: -0.5391034, 0.4545459, 2.934123
WristLeft: -0.6237764, 0.6779956, 2.855671
HandLeft: -0.6251816, 0.743767, 2.862194
ShoulderRight: 0.03276172, 0.4206434, 2.959358
ElbowRight: 0.2509479, 0.4193983, 3.017726
WristRight: 0.3696984, 0.6647671, 3.037944
HandRight: 0.3898186, 0.7321355, 3.068363
HipLeft: -0.1889445, 0.02416874, 2.743301
KneeLeft: -0.2252793, -0.3744052, 2.668267
AnkleLeft: -0.2019446, -0.6960874, 2.595613
FootLeft: -0.1504325, -0.8124389, 2.535271
HipRight: -0.04249167, 0.01761585, 2.763603
KneeRight: -0.1465178, -0.5108964, 2.708879
AnkleRight: -0.1224924, -0.8096473, 2.63698
FootRight: -0.1373556, -0.8480994, 2.50776
=========
HipCenter: -0.1190828, 0.08711404, 2.786492
Spine: -0.1297548, 0.1375758, 2.869768
ShoulderCenter: -0.143458, 0.5441415, 2.99231
Head: -0.130359, 0.7208977, 3.000166
ShoulderLeft: -0.2920139, 0.4252836, 2.923509
ElbowLeft: -0.5363975, 0.4536751, 2.933507
WristLeft: -0.6227263, 0.6783453, 2.854629
HandLeft: -0.6242012, 0.7439783, 2.86112
ShoulderRight: 0.03387398, 0.4204591, 2.958587
ElbowRight: 0.251784, 0.4193137, 3.017984
WristRight: 0.3717702, 0.6649833, 3.038489
HandRight: 0.3905243, 0.7325937, 3.069414
HipLeft: -0.1880147, 0.02413192, 2.743378
KneeLeft: -0.2226763, -0.374119, 2.668697
AnkleLeft: -0.1990868, -0.6975352, 2.596062
FootLeft: -0.1497502, -0.8127491, 2.53521
HipRight: -0.0412964, 0.01788218, 2.763177
KneeRight: -0.1459347, -0.5111961, 2.708898
AnkleRight: -0.1222609, -0.8097599, 2.637254
FootRight: -0.1370491, -0.848109, 2.508492
