=========
HipCenter: -0.259755, 0.1005464, 2.835889
Spine: -0.2733996, 0.1482383, 2.912131
ShoulderCenter: -0.2966203, 0.5264137, 3.019132
Head: -0.2689235, 0.7012953, 3.002816
ShoulderLeft: -0.4486371, 0.3868352, 2.934283
ElbowLeft: -0.4885015, 0.1492335, 2.842985
WristLeft: -0.4641538, -0.1040986, 2.699967
HandLeft: -0.4560379, -0.1885426, 2.657199
ShoulderRight: -0.1273115, 0.3867769, 2.983744
ElbowRight: -0.1118525, 0.1494574, 2.888913
WristRight: -0.1060219, -0.09325452, 2.724904
HandRight: -0.1018461, -0.1581996, 2.689594
HipLeft: -0.3262695, 0.03374545, 2.789498
KneeLeft: -0.2986304, -0.5111713, 2.728347
AnkleLeft: -0.301549, -0.793274, 2.637868
FootLeft: -0.2881851, -0.8458526, 2.526312
HipRight: -0.181673, 0.03371925, 2.820164
KneeRight: -0.2860218, -0.5120348, 2.727211
AnkleRight: -0.2677239, -0.799722, 2.630857
FootRight: -0.286534, -0.8480061, 2.516329
=========
HipCenter: -0.2598064, 0.1005735, 2.835759
Spine: -0.2732983, 0.1482703, 2.912017
ShoulderCenter: -0.2963819, 0.525598, 3.018296
Head: -0.2687384, 0.7024868, 3.003946
ShoulderLeft: -0.4488939, 0.3871469, 2.934508
ElbowLeft: -0.48874, 0.1494976, 2.843075
WristLeft: -0.4693996, -0.1031622, 2.69657
HandLeft: -0.4802795, -0.1771663, 2.668616
ShoulderRight: -0.1281373, 0.3862543, 2.982596
ElbowRight: -0.1111112, 0.1468576, 2.887473
WristRight: -0.1059947, -0.09644347, 2.723161
HandRight: -0.09979501, -0.1613242, 2.688368
HipLeft: -0.3263713, 0.03388937, 2.789156
KneeLeft: -0.3176878, -0.4521833, 2.726499
AnkleLeft: -0.3017123, -0.792902, 2.637821
FootLeft: -0.2886071, -0.8461639, 2.526401
HipRight: -0.1818493, 0.03365637, 2.820237
KneeRight: -0.2698404, -0.4592835, 2.727786
AnkleRight: -0.2676518, -0.7998328, 2.630935
FootRight: -0.2865528, -0.8481694, 2.516396
=========
HipCenter: -0.2598144, 0.1005784, 2.835738
Spine: -0.2732826, 0.1482774, 2.911998
ShoulderCenter: -0.296355, 0.5253164, 3.01786
Head: -0.2687191, 0.7026789, 3.004113
ShoulderLeft: -0.4489474, 0.38719, 2.934542
ElbowLeft: -0.4887797, 0.149522, 2.843085
WristLeft: -0.4706471, -0.1019607, 2.696928
HandLeft: -0.4853803, -0.1718445, 2.671376
ShoulderRight: -0.1282713, 0.3861705, 2.98241
ElbowRight: -0.1109822, 0.1464365, 2.887249
WristRight: -0.1060068, -0.09698543, 2.722881
HandRight: -0.09875406, -0.1619801, 2.688392
HipLeft: -0.3263874, 0.03391176, 2.789101
KneeLeft: -0.3068391, -0.4761897, 2.72736
AnkleLeft: -0.3017389, -0.7928502, 2.63781
FootLeft: -0.2886698, -0.8462119, 2.526414
HipRight: -0.1818759, 0.03364702, 2.820248
KneeRight: -0.2769467, -0.4769959, 2.727701
AnkleRight: -0.2676396, -0.7998481, 2.63096
FootRight: -0.2865648, -0.8482005, 2.516393
=========
HipCenter: -0.2598221, 0.1005841, 2.835719
Spine: -0.273272, 0.1482853, 2.911979
ShoulderCenter: -0.2964002, 0.5249919, 3.017341
Head: -0.2687186, 0.7028323, 3.004227
ShoulderLeft: -0.448995, 0.3872202, 2.934564
ElbowLeft: -0.4888135, 0.1495328, 2.843095
WristLeft: -0.4717267, -0.09962285, 2.698155
HandLeft: -0.4885831, -0.1663893, 2.67376
ShoulderRight: -0.1283845, 0.3861069, 2.982258
ElbowRight: -0.1108888, 0.1461233, 2.887075
WristRight: -0.1060665, -0.09754836, 2.722792
HandRight: -0.09758236, -0.1621092, 2.687899
HipLeft: -0.3264004, 0.0339302, 2.789058
KneeLeft: -0.2813596, -0.4382721, 2.72594
AnkleLeft: -0.301764, -0.7928244, 2.637789
FootLeft: -0.288716, -0.8462719, 2.526428
HipRight: -0.1818968, 0.03364114, 2.820255
KneeRight: -0.2672915, -0.4414677, 2.72814
AnkleRight: -0.2676319, -0.7998601, 2.630976
FootRight: -0.2866977, -0.8483611, 2.51649
=========
HipCenter: -0.2598301, 0.1005908, 2.835703
Spine: -0.2732659, 0.1482928, 2.911961
ShoulderCenter: -0.2965336, 0.5246539, 3.016887
Head: -0.2687207, 0.7029498, 3.004301
ShoulderLeft: -0.4490533, 0.3872408, 2.934582
ElbowLeft: -0.4888487, 0.1495467, 2.843108
WristLeft: -0.4725573, -0.0967726, 2.699902
HandLeft: -0.4902954, -0.1614274, 2.67565
ShoulderRight: -0.128474, 0.3860594, 2.982138
ElbowRight: -0.1108174, 0.1458392, 2.886884
WristRight: -0.1061105, -0.09817025, 2.722759
HandRight: -0.09632621, -0.1623005, 2.687433
HipLeft: -0.3264178, 0.03395504, 2.789045
KneeLeft: -0.2825551, -0.4792848, 2.724708
AnkleLeft: -0.3017937, -0.7928284, 2.637732
FootLeft: -0.2883973, -0.8464166, 2.526189
HipRight: -0.1819152, 0.03364222, 2.820249
KneeRight: -0.285808, -0.4800538, 2.724669
AnkleRight: -0.2676293, -0.7998732, 2.630981
FootRight: -0.2867983, -0.8484805, 2.516387
=========
HipCenter: -0.259839, 0.1005989, 2.835689
Spine: -0.2732651, 0.1483014, 2.911945
ShoulderCenter: -0.2967837, 0.5243989, 3.016524
Head: -0.2687266, 0.7030386, 3.004345
ShoulderLeft: -0.4491348, 0.3872582, 2.934599
ElbowLeft: -0.4888844, 0.1495543, 2.843122
WristLeft: -0.4731785, -0.0941041, 2.701628
HandLeft: -0.4911114, -0.157386, 2.676974
ShoulderRight: -0.1285599, 0.3860277, 2.982038
ElbowRight: -0.1107716, 0.1455807, 2.886678
WristRight: -0.1062196, -0.09904851, 2.722979
HandRight: -0.09446836, -0.1622176, 2.686848
HipLeft: -0.3264338, 0.03397811, 2.78904
KneeLeft: -0.2639043, -0.4488847, 2.724266
AnkleLeft: -0.3018693, -0.792836, 2.637653
FootLeft: -0.2879714, -0.8465647, 2.525945
HipRight: -0.1819297, 0.03364465, 2.820248
KneeRight: -0.2730902, -0.4414183, 2.72466
AnkleRight: -0.2676456, -0.7985497, 2.631149
FootRight: -0.2868745, -0.8485691, 2.516325
=========
HipCenter: -0.2598493, 0.1006081, 2.835676
Spine: -0.2732678, 0.1483112, 2.911927
ShoulderCenter: -0.2970171, 0.5241112, 3.016126
Head: -0.2687544, 0.7031173, 3.004342
ShoulderLeft: -0.4492416, 0.3872726, 2.934629
ElbowLeft: -0.4889371, 0.149547, 2.843185
WristLeft: -0.4736248, -0.09183417, 2.703238
HandLeft: -0.4914761, -0.1543804, 2.678083
ShoulderRight: -0.1286423, 0.3860032, 2.98196
ElbowRight: -0.1107432, 0.1453672, 2.886504
WristRight: -0.1063414, -0.1000776, 2.723459
HandRight: -0.09053622, -0.16292, 2.688676
HipLeft: -0.3264534, 0.03399739, 2.789021
KneeLeft: -0.2776375, -0.4836534, 2.724605
AnkleLeft: -0.3019431, -0.7928729, 2.637557
FootLeft: -0.2875353, -0.8467253, 2.525741
HipRight: -0.1819442, 0.03364678, 2.820252
KneeRight: -0.2835794, -0.4784334, 2.724367
AnkleRight: -0.2676658, -0.7984137, 2.631161
FootRight: -0.2869309, -0.8486536, 2.516306
=========
HipCenter: -0.2599511, 0.1007014, 2.835641
Spine: -0.2733211, 0.1483551, 2.911877
ShoulderCenter: -0.2973367, 0.523558, 3.015447
Head: -0.2687948, 0.7031891, 3.00429
ShoulderLeft: -0.4493438, 0.3872854, 2.934652
ElbowLeft: -0.4889907, 0.1494686, 2.843211
WristLeft: -0.4739789, -0.08984578, 2.704748
HandLeft: -0.4914546, -0.1519502, 2.678934
ShoulderRight: -0.1287509, 0.3859923, 2.981892
ElbowRight: -0.1107318, 0.1451936, 2.886363
WristRight: -0.1064631, -0.1011853, 2.724125
HandRight: -0.08713702, -0.1636484, 2.690576
HipLeft: -0.3265753, 0.03412988, 2.789015
KneeLeft: -0.3094163, -0.4572782, 2.723922
AnkleLeft: -0.3020361, -0.7929173, 2.637434
FootLeft: -0.286937, -0.8468897, 2.525563
HipRight: -0.1821359, 0.03379867, 2.820229
KneeRight: -0.276056, -0.4489151, 2.72354
AnkleRight: -0.2677272, -0.7981775, 2.631173
FootRight: -0.2869723, -0.8487236, 2.516279
=========
HipCenter: -0.2600612, 0.1008023, 2.835604
Spine: -0.2733807, 0.1483996, 2.911824
ShoulderCenter: -0.2975718, 0.5232679, 3.015118
Head: -0.2688386, 0.7032558, 3.004218
ShoulderLeft: -0.4494414, 0.3872949, 2.93467
ElbowLeft: -0.4890409, 0.1493926, 2.843231
WristLeft: -0.474274, -0.08813364, 2.706141
HandLeft: -0.4912223, -0.1499932, 2.679578
ShoulderRight: -0.128881, 0.385991, 2.981818
ElbowRight: -0.1107324, 0.1450481, 2.886232
WristRight: -0.1065746, -0.1022687, 2.724838
HandRight: -0.08391938, -0.1642902, 2.692552
HipLeft: -0.3266987, 0.03426808, 2.78899
KneeLeft: -0.3102686, -0.491261, 2.726079
AnkleLeft: -0.3021766, -0.7929837, 2.637259
FootLeft: -0.2863166, -0.8470796, 2.52541
HipRight: -0.1823403, 0.03396322, 2.820222
KneeRight: -0.2861278, -0.4843303, 2.725398
AnkleRight: -0.2679203, -0.7982504, 2.631075
FootRight: -0.2869964, -0.8488069, 2.516303
=========
HipCenter: -0.2601825, 0.1008685, 2.835545
Spine: -0.2734616, 0.1484142, 2.911726
ShoulderCenter: -0.2979133, 0.5226069, 3.014431
Head: -0.268883, 0.7033023, 3.004156
ShoulderLeft: -0.4495331, 0.387302, 2.934688
ElbowLeft: -0.4891377, 0.149269, 2.843271
WristLeft: -0.4745075, -0.08675993, 2.707248
HandLeft: -0.4908454, -0.1483554, 2.680025
ShoulderRight: -0.1290708, 0.385982, 2.981673
ElbowRight: -0.1107403, 0.1449319, 2.886127
WristRight: -0.1051743, -0.09475373, 2.734233
HandRight: -0.08567436, -0.1572349, 2.700016
HipLeft: -0.3268231, 0.03438358, 2.788965
KneeLeft: -0.3545558, -0.432157, 2.714606
AnkleLeft: -0.3096348, -0.7854337, 2.636177
FootLeft: -0.2855028, -0.8473327, 2.52517
HipRight: -0.1825396, 0.03406204, 2.82017
KneeRight: -0.2721721, -0.4499806, 2.727183
AnkleRight: -0.2681265, -0.7979681, 2.631001
FootRight: -0.287019, -0.8488806, 2.516311
=========
HipCenter: -0.2603087, 0.1009233, 2.835478
Spine: -0.2735534, 0.1484201, 2.911612
ShoulderCenter: -0.2982184, 0.5220133, 3.013806
Head: -0.2689499, 0.7033379, 3.004061
ShoulderLeft: -0.4496206, 0.3873075, 2.934704
ElbowLeft: -0.4892192, 0.1490896, 2.843293
WristLeft: -0.4746869, -0.08562888, 2.708173
HandLeft: -0.4903345, -0.1469551, 2.680365
ShoulderRight: -0.1292519, 0.3859763, 2.981529
ElbowRight: -0.1107544, 0.1448262, 2.886027
WristRight: -0.1040868, -0.08893279, 2.741257
HandRight: -0.08738462, -0.1516352, 2.705706
HipLeft: -0.3269515, 0.03447376, 2.788919
KneeLeft: -0.3711088, -0.4120046, 2.711148
AnkleLeft: -0.312836, -0.7827804, 2.635566
FootLeft: -0.284776, -0.8475565, 2.524942
HipRight: -0.1827223, 0.03412599, 2.820118
KneeRight: -0.2819417, -0.4838556, 2.727801
AnkleRight: -0.2684319, -0.7981607, 2.630777
FootRight: -0.2870354, -0.8489478, 2.516317
=========
HipCenter: -0.2604394, 0.1009654, 2.835392
Spine: -0.2736581, 0.1484216, 2.911452
ShoulderCenter: -0.2984853, 0.5211629, 3.012537
Head: -0.2690204, 0.7033637, 3.003923
ShoulderLeft: -0.4497032, 0.387311, 2.934717
ElbowLeft: -0.489299, 0.1489349, 2.843351
WristLeft: -0.4748267, -0.0846249, 2.709013
HandLeft: -0.4897192, -0.1456936, 2.680669
ShoulderRight: -0.1294418, 0.385967, 2.981356
ElbowRight: -0.1107606, 0.1447041, 2.885906
WristRight: -0.1034089, -0.08511003, 2.745882
HandRight: -0.08887523, -0.147446, 2.70988
HipLeft: -0.3270779, 0.03454906, 2.788865
KneeLeft: -0.3807668, -0.3975928, 2.708899
AnkleLeft: -0.3152354, -0.7810452, 2.635025
FootLeft: -0.2841313, -0.8477612, 2.524771
HipRight: -0.1828945, 0.03416602, 2.820054
KneeRight: -0.2874093, -0.5016674, 2.727935
AnkleRight: -0.2687258, -0.7983829, 2.630553
FootRight: -0.2870522, -0.8490117, 2.516332
=========
HipCenter: -0.2605596, 0.1010003, 2.835305
Spine: -0.273754, 0.1484189, 2.911284
ShoulderCenter: -0.2985998, 0.5204388, 3.011461
Head: -0.2690858, 0.7033895, 3.003806
ShoulderLeft: -0.4497881, 0.387312, 2.934728
ElbowLeft: -0.4893472, 0.1488116, 2.843391
WristLeft: -0.4749218, -0.08384007, 2.709673
HandLeft: -0.4890837, -0.1446511, 2.680914
ShoulderRight: -0.1296119, 0.3859636, 2.981196
ElbowRight: -0.110769, 0.144586, 2.885779
WristRight: -0.1029059, -0.08235184, 2.749139
HandRight: -0.09009012, -0.1443447, 2.712909
HipLeft: -0.327194, 0.03461119, 2.788811
KneeLeft: -0.3860213, -0.3861273, 2.707408
AnkleLeft: -0.3169477, -0.7798809, 2.634549
FootLeft: -0.2836529, -0.8479245, 2.524647
HipRight: -0.1830401, 0.03419187, 2.819988
KneeRight: -0.2900581, -0.5102847, 2.727959
AnkleRight: -0.2689853, -0.7986343, 2.630357
FootRight: -0.2870711, -0.8490742, 2.516345
=========
HipCenter: -0.2606804, 0.1010443, 2.835213
Spine: -0.2738602, 0.1484346, 2.911105
ShoulderCenter: -0.2988181, 0.5199691, 3.010598
Head: -0.2692269, 0.7034321, 3.003617
ShoulderLeft: -0.4498714, 0.3873143, 2.934737
ElbowLeft: -0.4893895, 0.1486951, 2.843419
WristLeft: -0.4749861, -0.08319674, 2.710234
HandLeft: -0.4884726, -0.1438279, 2.681094
ShoulderRight: -0.1297675, 0.3859623, 2.98105
ElbowRight: -0.1107774, 0.1444778, 2.885661
WristRight: -0.1025469, -0.08027774, 2.751384
HandRight: -0.09098844, -0.1425158, 2.714506
HipLeft: -0.3273013, 0.03467656, 2.788745
KneeLeft: -0.3885483, -0.3788066, 2.706615
AnkleLeft: -0.3182315, -0.7790651, 2.634145
FootLeft: -0.2832561, -0.8480649, 2.524549
HipRight: -0.1831721, 0.0342182, 2.819927
KneeRight: -0.2913576, -0.5148275, 2.728038
AnkleRight: -0.2691752, -0.7989005, 2.63018
FootRight: -0.2870887, -0.8491332, 2.516357
=========
HipCenter: -0.2607995, 0.1010637, 2.835112
Spine: -0.2739685, 0.1484261, 2.910909
ShoulderCenter: -0.2990068, 0.5195763, 3.009879
Head: -0.2693684, 0.7034655, 3.003421
ShoulderLeft: -0.4499497, 0.3873173, 2.934742
ElbowLeft: -0.4894272, 0.1486001, 2.843442
WristLeft: -0.475035, -0.08268826, 2.710685
HandLeft: -0.4879174, -0.1432377, 2.681157
ShoulderRight: -0.1299488, 0.385934, 2.980857
ElbowRight: -0.1107707, 0.1443438, 2.885516
WristRight: -0.1022767, -0.07878505, 2.752933
HandRight: -0.09174284, -0.1412501, 2.715419
HipLeft: -0.3274017, 0.03472315, 2.78867
KneeLeft: -0.390307, -0.3741089, 2.70612
AnkleLeft: -0.3192078, -0.7785359, 2.633798
FootLeft: -0.2828558, -0.8482135, 2.524478
HipRight: -0.1832954, 0.03421389, 2.819861
KneeRight: -0.292286, -0.5180519, 2.728086
AnkleRight: -0.2693309, -0.7991685, 2.630017
FootRight: -0.2871068, -0.849187, 2.516364
=========
HipCenter: -0.2609095, 0.1010704, 2.835012
Spine: -0.2740811, 0.1484079, 2.910711
ShoulderCenter: -0.299164, 0.5192654, 3.009302
Head: -0.2695212, 0.7034834, 3.003232
ShoulderLeft: -0.4500189, 0.3873218, 2.934741
ElbowLeft: -0.4894709, 0.1485078, 2.843486
WristLeft: -0.4750554, -0.08233394, 2.710997
HandLeft: -0.487405, -0.1427888, 2.681181
ShoulderRight: -0.1301077, 0.385944, 2.980746
ElbowRight: -0.1107475, 0.1442338, 2.885403
WristRight: -0.1021165, -0.07772287, 2.753984
HandRight: -0.09250353, -0.1403667, 2.715661
HipLeft: -0.3274905, 0.03475587, 2.788593
KneeLeft: -0.3906408, -0.3709316, 2.705982
AnkleLeft: -0.3199585, -0.7782158, 2.633498
FootLeft: -0.2824676, -0.8483671, 2.524407
HipRight: -0.1834048, 0.03419482, 2.819803
KneeRight: -0.2929554, -0.5203907, 2.728131
AnkleRight: -0.2694684, -0.7996585, 2.629799
FootRight: -0.2871354, -0.8492429, 2.516371
=========
HipCenter: -0.2610105, 0.1010735, 2.834915
Spine: -0.2741989, 0.1483885, 2.910511
ShoulderCenter: -0.2992833, 0.5190148, 3.008824
Head: -0.2696613, 0.7035, 3.003054
ShoulderLeft: -0.450088, 0.3873234, 2.934721
ElbowLeft: -0.4895234, 0.148423, 2.84351
WristLeft: -0.4750743, -0.08206908, 2.711228
HandLeft: -0.4868946, -0.1424508, 2.681123
ShoulderRight: -0.1302099, 0.3859818, 2.980702
ElbowRight: -0.110716, 0.1440988, 2.885265
WristRight: -0.1019952, -0.07689703, 2.754694
HandRight: -0.09338725, -0.1400077, 2.715041
HipLeft: -0.3275799, 0.03478217, 2.788488
KneeLeft: -0.3899403, -0.3689759, 2.706093
AnkleLeft: -0.3205465, -0.7780684, 2.633209
FootLeft: -0.2821502, -0.848515, 2.524338
HipRight: -0.1834946, 0.03416757, 2.819755
KneeRight: -0.2934328, -0.5218522, 2.728098
AnkleRight: -0.2695858, -0.8004392, 2.629503
FootRight: -0.2871583, -0.8492983, 2.516385
=========
HipCenter: -0.2611177, 0.1010609, 2.834801
Spine: -0.2743284, 0.1483579, 2.910294
ShoulderCenter: -0.2995322, 0.5188873, 3.008442
Head: -0.2698236, 0.7035106, 3.002847
ShoulderLeft: -0.4501658, 0.3873176, 2.934669
ElbowLeft: -0.4895756, 0.1483472, 2.843532
WristLeft: -0.4750839, -0.0818667, 2.711403
HandLeft: -0.4864294, -0.1422024, 2.681049
ShoulderRight: -0.1303343, 0.3860328, 2.980634
ElbowRight: -0.1106891, 0.1439606, 2.885115
WristRight: -0.1019056, -0.07624437, 2.75512
HandRight: -0.09433675, -0.1400831, 2.713476
HipLeft: -0.3276661, 0.03479853, 2.788373
KneeLeft: -0.3886636, -0.367946, 2.706371
AnkleLeft: -0.3210268, -0.7780772, 2.632934
FootLeft: -0.2819079, -0.8486333, 2.524284
HipRight: -0.1835789, 0.03412667, 2.819699
KneeRight: -0.293735, -0.5224911, 2.727986
AnkleRight: -0.2696752, -0.8014289, 2.629158
FootRight: -0.2871796, -0.8493426, 2.516406
=========
HipCenter: -0.2612289, 0.1010065, 2.834624
Spine: -0.2744883, 0.14828, 2.909988
ShoulderCenter: -0.2997729, 0.5187835, 3.008128
Head: -0.2702212, 0.7033682, 3.00208
ShoulderLeft: -0.4502449, 0.3872978, 2.934442
ElbowLeft: -0.4896457, 0.1481473, 2.843461
WristLeft: -0.474696, -0.08311088, 2.71065
HandLeft: -0.4859638, -0.1431395, 2.679991
ShoulderRight: -0.1305414, 0.386035, 2.980469
ElbowRight: -0.1106796, 0.1439104, 2.885048
WristRight: -0.1018499, -0.07575712, 2.755165
HandRight: -0.0947317, -0.1398941, 2.713337
HipLeft: -0.3277356, 0.03480924, 2.788165
KneeLeft: -0.3820043, -0.3682914, 2.707747
AnkleLeft: -0.3207697, -0.7788192, 2.632495
FootLeft: -0.2816893, -0.8487346, 2.524194
HipRight: -0.1836616, 0.03402598, 2.819606
KneeRight: -0.2939403, -0.522392, 2.727751
AnkleRight: -0.2697463, -0.8024306, 2.628826
FootRight: -0.2872208, -0.8493966, 2.516197
=========
HipCenter: -0.2613141, 0.1008486, 2.834329
Spine: -0.274657, 0.1480867, 2.909523
ShoulderCenter: -0.3000831, 0.5186046, 3.007694
Head: -0.2705233, 0.7032294, 3.001563
ShoulderLeft: -0.4502969, 0.3872505, 2.933906
ElbowLeft: -0.4881839, 0.14491, 2.840082
WristLeft: -0.4746258, -0.08320985, 2.710579
HandLeft: -0.4855409, -0.1430728, 2.679654
ShoulderRight: -0.1308154, 0.3859441, 2.980125
ElbowRight: -0.1105959, 0.1428626, 2.884624
WristRight: -0.1019892, -0.08638216, 2.748474
HandRight: -0.09371929, -0.1476095, 2.7111
HipLeft: -0.3277478, 0.03475726, 2.787935
KneeLeft: -0.3787227, -0.3681737, 2.708503
AnkleLeft: -0.3197964, -0.780074, 2.632187
FootLeft: -0.2815118, -0.8488652, 2.524204
HipRight: -0.183697, 0.03380367, 2.819366
KneeRight: -0.2940725, -0.5216897, 2.727484
AnkleRight: -0.2699339, -0.8043361, 2.628235
FootRight: -0.2872588, -0.8494462, 2.51613
=========
HipCenter: -0.2613851, 0.1006864, 2.834032
Spine: -0.274821, 0.1478912, 2.909066
ShoulderCenter: -0.3003524, 0.5184434, 3.007321
Head: -0.2708132, 0.7030868, 3.001068
ShoulderLeft: -0.4503309, 0.3871835, 2.933371
ElbowLeft: -0.4869792, 0.1405621, 2.8368
WristLeft: -0.4745592, -0.08328427, 2.710513
HandLeft: -0.4851642, -0.1429958, 2.679357
ShoulderRight: -0.1310218, 0.3858876, 2.979922
ElbowRight: -0.1105089, 0.1421525, 2.884345
WristRight: -0.1020718, -0.09648535, 2.742577
HandRight: -0.09807958, -0.1630067, 2.708191
HipLeft: -0.3277474, 0.03469998, 2.787713
KneeLeft: -0.3760165, -0.36822, 2.709144
AnkleLeft: -0.3187521, -0.7812606, 2.631968
FootLeft: -0.2813921, -0.8489839, 2.524268
HipRight: -0.183717, 0.03358379, 2.819092
KneeRight: -0.2940865, -0.5205691, 2.72723
AnkleRight: -0.2700622, -0.8058632, 2.627759
FootRight: -0.2873033, -0.8494931, 2.516084
=========
HipCenter: -0.2614553, 0.1004926, 2.833703
Spine: -0.2749821, 0.1476801, 2.908601
ShoulderCenter: -0.3006344, 0.5183094, 3.006972
Head: -0.271073, 0.7029585, 3.000639
ShoulderLeft: -0.4503302, 0.387081, 2.932765
ElbowLeft: -0.4867953, 0.1397218, 2.83617
WristLeft: -0.4738377, -0.08998366, 2.70596
HandLeft: -0.4898349, -0.147302, 2.676461
ShoulderRight: -0.1312645, 0.3857903, 2.979626
ElbowRight: -0.1104074, 0.1415519, 2.884082
WristRight: -0.1019666, -0.1036913, 2.73875
HandRight: -0.09700117, -0.1717498, 2.712089
HipLeft: -0.3277369, 0.03463069, 2.787493
KneeLeft: -0.3739503, -0.3683278, 2.709661
AnkleLeft: -0.3181594, -0.7819287, 2.631846
FootLeft: -0.2812998, -0.8491177, 2.5244
HipRight: -0.1837386, 0.03334817, 2.818787
KneeRight: -0.2940087, -0.5192889, 2.727008
AnkleRight: -0.2701583, -0.8070955, 2.627376
FootRight: -0.2873485, -0.849541, 2.516062
=========
HipCenter: -0.2615148, 0.1002857, 2.833361
Spine: -0.2751212, 0.1474599, 2.908136
ShoulderCenter: -0.3008517, 0.5181505, 3.006624
Head: -0.27131, 0.7028216, 3.000224
ShoulderLeft: -0.4503331, 0.3869767, 2.932213
ElbowLeft: -0.4864689, 0.1380058, 2.835262
WristLeft: -0.4735549, -0.09075659, 2.705344
HandLeft: -0.4897586, -0.1475898, 2.675858
ShoulderRight: -0.1315177, 0.3856577, 2.979308
ElbowRight: -0.1103024, 0.1409774, 2.883816
WristRight: -0.1018001, -0.1092109, 2.736153
HandRight: -0.09594943, -0.1782445, 2.715099
HipLeft: -0.3277166, 0.03453873, 2.787226
KneeLeft: -0.3723046, -0.3684891, 2.710081
AnkleLeft: -0.3172627, -0.7828437, 2.631757
FootLeft: -0.2811713, -0.8492674, 2.524529
HipRight: -0.1837531, 0.03310087, 2.81848
KneeRight: -0.2938685, -0.5180206, 2.726821
AnkleRight: -0.2702238, -0.8080939, 2.627071
FootRight: -0.2873888, -0.849587, 2.51604
=========
HipCenter: -0.2615604, 0.1001133, 2.833055
Spine: -0.2752275, 0.1472745, 2.907732
ShoulderCenter: -0.3010538, 0.5180187, 3.006349
Head: -0.2714567, 0.7027626, 3.000002
ShoulderLeft: -0.4503318, 0.3868816, 2.931719
ElbowLeft: -0.486317, 0.1371431, 2.83482
WristLeft: -0.4687307, -0.1011699, 2.700075
HandLeft: -0.467277, -0.1822022, 2.658259
ShoulderRight: -0.1318475, 0.3855109, 2.978855
ElbowRight: -0.1101705, 0.1404245, 2.883552
WristRight: -0.1016618, -0.1138137, 2.734365
HandRight: -0.09438071, -0.1832335, 2.71727
HipLeft: -0.3276608, 0.03447574, 2.786914
KneeLeft: -0.3710143, -0.3686127, 2.710426
AnkleLeft: -0.3165021, -0.7835348, 2.631716
FootLeft: -0.2810465, -0.8494171, 2.524683
HipRight: -0.1837645, 0.03290815, 2.818245
KneeRight: -0.2936866, -0.5167022, 2.726672
AnkleRight: -0.2702506, -0.8086724, 2.626885
FootRight: -0.2874426, -0.8496411, 2.516051
=========
HipCenter: -0.2615736, 0.1000366, 2.832819
Spine: -0.2752946, 0.1471692, 2.907397
ShoulderCenter: -0.3012433, 0.517891, 3.006068
Head: -0.2716008, 0.7027189, 2.999741
ShoulderLeft: -0.4503323, 0.3867948, 2.931291
ElbowLeft: -0.4866386, 0.1371847, 2.835509
WristLeft: -0.4664507, -0.1050008, 2.698196
HandLeft: -0.4584006, -0.1931844, 2.652488
ShoulderRight: -0.1321518, 0.3853723, 2.978424
ElbowRight: -0.108412, 0.1355555, 2.879308
WristRight: -0.09539698, -0.1074553, 2.742482
HandRight: -0.0922974, -0.1786099, 2.720929
HipLeft: -0.3275349, 0.03449729, 2.786572
KneeLeft: -0.3699511, -0.3686618, 2.710726
AnkleLeft: -0.3158591, -0.7839807, 2.631714
FootLeft: -0.2809602, -0.8495386, 2.524824
HipRight: -0.1837634, 0.03280221, 2.818101
KneeRight: -0.2934201, -0.5151978, 2.726553
AnkleRight: -0.2702495, -0.8090687, 2.626745
FootRight: -0.2874796, -0.8496817, 2.51604
=========
HipCenter: -0.2617455, 0.1002876, 2.832309
Spine: -0.2754623, 0.147275, 2.906931
ShoulderCenter: -0.3015808, 0.5178977, 3.006
Head: -0.2717366, 0.7027348, 2.999517
ShoulderLeft: -0.450374, 0.3867859, 2.930954
ElbowLeft: -0.4870267, 0.1376801, 2.836221
WristLeft: -0.4645577, -0.1077335, 2.696765
HandLeft: -0.4832599, -0.1693492, 2.660603
ShoulderRight: -0.1329888, 0.385105, 2.977217
ElbowRight: -0.09941456, 0.1287857, 2.87331
WristRight: -0.06389038, -0.09082184, 2.750246
HandRight: -0.05685475, -0.1694718, 2.721051
HipLeft: -0.3275346, 0.03542839, 2.785686
KneeLeft: -0.3689105, -0.368274, 2.711043
AnkleLeft: -0.3155027, -0.7841166, 2.631734
FootLeft: -0.2808878, -0.8496348, 2.524919
HipRight: -0.1840757, 0.03317089, 2.817439
KneeRight: -0.2927922, -0.5124935, 2.726508
AnkleRight: -0.2701328, -0.809238, 2.6266
FootRight: -0.2875625, -0.8497702, 2.515966
=========
HipCenter: -0.2621802, 0.1006581, 2.831583
Spine: -0.2758528, 0.1474808, 2.906287
ShoulderCenter: -0.3021539, 0.5179884, 3.005958
Head: -0.271865, 0.7027438, 2.999356
ShoulderLeft: -0.4503564, 0.3867597, 2.930537
ElbowLeft: -0.4874442, 0.1383334, 2.837024
WristLeft: -0.4633256, -0.1096865, 2.695772
HandLeft: -0.4999607, -0.1530805, 2.666201
ShoulderRight: -0.1340993, 0.3848891, 2.975658
ElbowRight: -0.08668911, 0.1246267, 2.866679
WristRight: -0.02653304, -0.07748865, 2.744158
HandRight: -0.02107874, -0.160138, 2.710758
HipLeft: -0.3276877, 0.03656043, 2.784732
KneeLeft: -0.3688336, -0.3676036, 2.71156
AnkleLeft: -0.3156331, -0.78394, 2.631863
FootLeft: -0.2808045, -0.8497234, 2.525061
HipRight: -0.1849339, 0.03363758, 2.816453
KneeRight: -0.2922475, -0.5103229, 2.726429
AnkleRight: -0.2700335, -0.8093695, 2.626499
FootRight: -0.2876628, -0.8498636, 2.515897
=========
HipCenter: -0.2636565, 0.1013875, 2.830505
Spine: -0.2770738, 0.1479854, 2.905427
ShoulderCenter: -0.3034474, 0.5184858, 3.006418
Head: -0.2719889, 0.7027423, 2.999235
ShoulderLeft: -0.4503423, 0.3867259, 2.930105
ElbowLeft: -0.4878225, 0.1389379, 2.837692
WristLeft: -0.4627967, -0.1112531, 2.694994
HandLeft: -0.5109805, -0.1434791, 2.666559
ShoulderRight: -0.1348219, 0.3849825, 2.974643
ElbowRight: -0.04427629, 0.1364264, 2.850965
WristRight: 0.03698777, -0.06514713, 2.725072
HandRight: 0.05494183, -0.1376645, 2.692986
HipLeft: -0.3288662, 0.03788744, 2.784503
KneeLeft: -0.3696688, -0.3662148, 2.712041
AnkleLeft: -0.3157386, -0.7834748, 2.631994
FootLeft: -0.2806918, -0.8498082, 2.525257
HipRight: -0.1883793, 0.03487664, 2.813012
KneeRight: -0.2916443, -0.5078508, 2.726372
AnkleRight: -0.2699062, -0.8093603, 2.626419
FootRight: -0.2876952, -0.8499069, 2.515869
=========
HipCenter: -0.2664802, 0.1019336, 2.828719
Spine: -0.2788677, 0.1483654, 2.9042
ShoulderCenter: -0.3041017, 0.5187548, 3.006601
Head: -0.2721165, 0.7027263, 2.999124
ShoulderLeft: -0.4503677, 0.3867118, 2.929803
ElbowLeft: -0.4881711, 0.1394749, 2.83812
WristLeft: -0.4633285, -0.1126705, 2.693908
HandLeft: -0.5149229, -0.142576, 2.666186
ShoulderRight: -0.1355231, 0.3852124, 2.973577
ElbowRight: 0.001810772, 0.1666077, 2.836822
WristRight: 0.1128275, -0.01878155, 2.70785
HandRight: 0.1431582, -0.09264258, 2.68289
HipLeft: -0.3325128, 0.03945814, 2.783595
KneeLeft: -0.3692212, -0.3649868, 2.712266
AnkleLeft: -0.3154458, -0.7831139, 2.632142
FootLeft: -0.280583, -0.849889, 2.525444
HipRight: -0.1928821, 0.03512222, 2.80919
KneeRight: -0.2913782, -0.5066848, 2.726291
AnkleRight: -0.2698678, -0.8094518, 2.626371
FootRight: -0.2877176, -0.8499454, 2.515839
=========
HipCenter: -0.2691261, 0.1025643, 2.827215
Spine: -0.2805375, 0.1487591, 2.903143
ShoulderCenter: -0.3044761, 0.5189276, 3.006759
Head: -0.2722298, 0.7027158, 2.999031
ShoulderLeft: -0.4504097, 0.386697, 2.929547
ElbowLeft: -0.4884257, 0.1397729, 2.838345
WristLeft: -0.4641414, -0.1140602, 2.692713
HandLeft: -0.517081, -0.1446978, 2.665372
ShoulderRight: -0.1360816, 0.3855521, 2.972746
ElbowRight: 0.02338205, 0.1829388, 2.831078
WristRight: 0.1589256, 0.01742953, 2.699664
HandRight: 0.2023769, -0.05656584, 2.673569
HipLeft: -0.3362874, 0.04124029, 2.782341
KneeLeft: -0.3687594, -0.3640102, 2.712399
AnkleLeft: -0.3149926, -0.7824966, 2.632352
FootLeft: -0.2804856, -0.8499613, 2.525641
HipRight: -0.1963469, 0.03525792, 2.806677
KneeRight: -0.2911728, -0.5057748, 2.726222
AnkleRight: -0.2698351, -0.8095211, 2.626341
FootRight: -0.2876811, -0.8499605, 2.515873
=========
HipCenter: -0.2711743, 0.1030555, 2.826086
Spine: -0.2819147, 0.1490896, 2.902304
ShoulderCenter: -0.3048203, 0.5190922, 3.006911
Head: -0.2723245, 0.7027094, 2.998952
ShoulderLeft: -0.4504541, 0.3866881, 2.929348
ElbowLeft: -0.4886586, 0.1400116, 2.838498
WristLeft: -0.466194, -0.1141405, 2.691799
HandLeft: -0.5101305, -0.1497233, 2.664386
ShoulderRight: -0.1365369, 0.3859598, 2.972088
ElbowRight: 0.03557734, 0.200196, 2.829963
WristRight: 0.1861428, 0.04840747, 2.697811
HandRight: 0.2380491, -0.01980976, 2.673602
HipLeft: -0.3387993, 0.04247261, 2.781878
KneeLeft: -0.3679866, -0.3624668, 2.712401
AnkleLeft: -0.3145446, -0.7818243, 2.632564
FootLeft: -0.2803916, -0.8500264, 2.525844
HipRight: -0.1987794, 0.03542926, 2.804791
KneeRight: -0.2910095, -0.5049933, 2.726136
AnkleRight: -0.2698079, -0.8095686, 2.626322
FootRight: -0.2876369, -0.8499703, 2.515914
=========
HipCenter: -0.2727441, 0.1034368, 2.825297
Spine: -0.2830659, 0.1493705, 2.901703
ShoulderCenter: -0.305506, 0.5195885, 3.007454
Head: -0.2725871, 0.7027142, 2.998837
ShoulderLeft: -0.4505083, 0.3866841, 2.92919
ElbowLeft: -0.4889062, 0.1402573, 2.838599
WristLeft: -0.4686176, -0.1115362, 2.692163
HandLeft: -0.5052287, -0.1507479, 2.664871
ShoulderRight: -0.1369954, 0.3863823, 2.971511
ElbowRight: 0.04361064, 0.216249, 2.828775
WristRight: 0.1965958, 0.07343142, 2.698912
HandRight: 0.2461935, 0.003293055, 2.67511
HipLeft: -0.3405102, 0.04332954, 2.781668
KneeLeft: -0.3675596, -0.3615009, 2.712302
AnkleLeft: -0.3136522, -0.7809054, 2.632876
FootLeft: -0.2803105, -0.850079, 2.526038
HipRight: -0.2005417, 0.03561012, 2.803538
KneeRight: -0.290868, -0.5042697, 2.726064
AnkleRight: -0.2697749, -0.8095878, 2.626328
FootRight: -0.2875949, -0.849977, 2.51596
=========
HipCenter: -0.2744804, 0.103622, 2.824446
Spine: -0.2843527, 0.1495564, 2.901052
ShoulderCenter: -0.3061503, 0.5201337, 3.007956
Head: -0.2729039, 0.7027658, 2.998742
ShoulderLeft: -0.4505626, 0.3866802, 2.929066
ElbowLeft: -0.4892011, 0.1405767, 2.838696
WristLeft: -0.4710183, -0.1077525, 2.693217
HandLeft: -0.5008924, -0.1508878, 2.665749
ShoulderRight: -0.1375214, 0.3868974, 2.97076
ElbowRight: 0.0524614, 0.255446, 2.833294
WristRight: 0.2302212, 0.1144608, 2.696929
HandRight: 0.3002474, 0.04499264, 2.669494
HipLeft: -0.3421361, 0.04390863, 2.781583
KneeLeft: -0.3671822, -0.3607157, 2.712116
AnkleLeft: -0.3130411, -0.7802886, 2.633071
FootLeft: -0.2802066, -0.850122, 2.526253
HipRight: -0.2024743, 0.03564379, 2.802092
KneeRight: -0.2907786, -0.503818, 2.726008
AnkleRight: -0.2697425, -0.8096188, 2.626339
FootRight: -0.2875377, -0.8499812, 2.515999
=========
HipCenter: -0.2764325, 0.1036816, 2.823757
Spine: -0.2856435, 0.1496933, 2.900525
ShoulderCenter: -0.3065178, 0.5205797, 3.008292
Head: -0.2734554, 0.7028989, 2.998725
ShoulderLeft: -0.4507481, 0.3866445, 2.92896
ElbowLeft: -0.4895629, 0.1410829, 2.838821
WristLeft: -0.4734761, -0.1027717, 2.694653
HandLeft: -0.4969514, -0.150198, 2.666888
ShoulderRight: -0.1379579, 0.3876016, 2.970013
ElbowRight: 0.05022038, 0.2904483, 2.851674
WristRight: 0.245251, 0.1375512, 2.696423
HandRight: 0.3215132, 0.0750993, 2.667564
HipLeft: -0.3446317, 0.04393558, 2.782165
KneeLeft: -0.3668984, -0.3601479, 2.71187
AnkleLeft: -0.3128054, -0.7800255, 2.633141
FootLeft: -0.2800732, -0.850158, 2.526478
HipRight: -0.2048466, 0.03558917, 2.800544
KneeRight: -0.2907152, -0.5034817, 2.72596
AnkleRight: -0.2697083, -0.8096508, 2.626354
FootRight: -0.2874704, -0.8499852, 2.516038
=========
HipCenter: -0.2780326, 0.1037197, 2.823275
Spine: -0.2868014, 0.149827, 2.900138
ShoulderCenter: -0.3069306, 0.5211028, 3.00862
Head: -0.2740416, 0.7030951, 2.998649
ShoulderLeft: -0.4509099, 0.3866366, 2.928889
ElbowLeft: -0.4900227, 0.1417974, 2.839156
WristLeft: -0.4753442, -0.09852424, 2.69613
HandLeft: -0.4938178, -0.1496057, 2.668016
ShoulderRight: -0.1380765, 0.3889728, 2.969461
ElbowRight: 0.06725225, 0.3138752, 2.844453
WristRight: 0.2626284, 0.1932833, 2.710761
HandRight: 0.357849, 0.1276465, 2.666343
HipLeft: -0.3466983, 0.04378095, 2.783051
KneeLeft: -0.3666618, -0.3596553, 2.711601
AnkleLeft: -0.3126263, -0.7798238, 2.63319
FootLeft: -0.2799419, -0.8501945, 2.526679
HipRight: -0.2067541, 0.03564293, 2.799254
KneeRight: -0.2906624, -0.5031587, 2.725916
AnkleRight: -0.269693, -0.8096604, 2.626372
FootRight: -0.2874022, -0.8499913, 2.516081
=========
HipCenter: -0.2793947, 0.1036976, 2.822927
Spine: -0.2878358, 0.1499096, 2.899851
ShoulderCenter: -0.3073556, 0.521622, 3.008926
Head: -0.2757056, 0.7034946, 2.998198
ShoulderLeft: -0.4510565, 0.3866285, 2.928836
ElbowLeft: -0.4904869, 0.1426823, 2.839798
WristLeft: -0.4771568, -0.0937054, 2.698354
HandLeft: -0.4912232, -0.1489992, 2.66917
ShoulderRight: -0.1380915, 0.3910906, 2.968922
ElbowRight: 0.07502335, 0.3248666, 2.841133
WristRight: 0.274434, 0.221391, 2.715172
HandRight: 0.3746896, 0.1645465, 2.667832
HipLeft: -0.3484186, 0.04344848, 2.784044
KneeLeft: -0.366498, -0.3592643, 2.71135
AnkleLeft: -0.3124981, -0.7796788, 2.633228
FootLeft: -0.279812, -0.8502238, 2.526863
HipRight: -0.2083392, 0.03570747, 2.798151
KneeRight: -0.2906207, -0.50287, 2.725879
AnkleRight: -0.2696774, -0.8096588, 2.626392
FootRight: -0.2873248, -0.8499976, 2.516123
=========
HipCenter: -0.2804881, 0.1036585, 2.822695
Spine: -0.2886654, 0.14997, 2.899663
ShoulderCenter: -0.3078366, 0.5223998, 3.009418
Head: -0.2772329, 0.7038845, 2.997772
ShoulderLeft: -0.451185, 0.3866372, 2.928818
ElbowLeft: -0.4908454, 0.1434697, 2.840419
WristLeft: -0.4785182, -0.08423005, 2.702038
HandLeft: -0.4890262, -0.1483785, 2.670346
ShoulderRight: -0.1379017, 0.3931721, 2.968281
ElbowRight: 0.0961736, 0.3506477, 2.821484
WristRight: 0.2963742, 0.2683252, 2.718351
HandRight: 0.3954785, 0.2253685, 2.674701
HipLeft: -0.3498382, 0.04301141, 2.785153
KneeLeft: -0.3663664, -0.3589431, 2.711115
AnkleLeft: -0.312402, -0.7795715, 2.633255
FootLeft: -0.2796971, -0.8502502, 2.527014
HipRight: -0.2095919, 0.03578231, 2.797213
KneeRight: -0.2905898, -0.5025951, 2.725847
AnkleRight: -0.2696638, -0.8096442, 2.626417
FootRight: -0.2872722, -0.8500102, 2.516105
=========
HipCenter: -0.2817999, 0.1034761, 2.822433
Spine: -0.2897853, 0.1499232, 2.899447
ShoulderCenter: -0.3087623, 0.523259, 3.009966
Head: -0.2788025, 0.7042762, 2.997154
ShoulderLeft: -0.4513043, 0.3866604, 2.928824
ElbowLeft: -0.4911908, 0.1443308, 2.841069
WristLeft: -0.4794526, -0.07794072, 2.704801
HandLeft: -0.4869576, -0.1463609, 2.671739
ShoulderRight: -0.1376186, 0.3952222, 2.967577
ElbowRight: 0.1034242, 0.3608549, 2.815723
WristRight: 0.307208, 0.2883402, 2.72078
HandRight: 0.4060722, 0.2674342, 2.681382
HipLeft: -0.3512883, 0.04235987, 2.786145
KneeLeft: -0.3662645, -0.3587295, 2.710897
AnkleLeft: -0.3123304, -0.7795113, 2.633267
FootLeft: -0.2795982, -0.8502702, 2.527143
HipRight: -0.2107846, 0.03582431, 2.796251
KneeRight: -0.2905662, -0.502395, 2.725825
AnkleRight: -0.2696537, -0.8096407, 2.62643
FootRight: -0.2872208, -0.8500226, 2.516074
=========
HipCenter: -0.2831105, 0.1033082, 2.822164
Spine: -0.2909136, 0.1498729, 2.89924
ShoulderCenter: -0.3097438, 0.5240647, 3.010547
Head: -0.2805955, 0.7046692, 2.996567
ShoulderLeft: -0.4513782, 0.3866676, 2.928821
ElbowLeft: -0.4913907, 0.1448465, 2.841706
WristLeft: -0.4801087, -0.07371735, 2.706822
HandLeft: -0.4853252, -0.1446348, 2.672885
ShoulderRight: -0.1370288, 0.3975352, 2.966794
ElbowRight: 0.1077464, 0.3675067, 2.812986
WristRight: 0.3149017, 0.3016905, 2.722409
HandRight: 0.4137672, 0.292845, 2.690739
HipLeft: -0.3526324, 0.04173227, 2.787038
KneeLeft: -0.3661891, -0.3585632, 2.710673
AnkleLeft: -0.3122803, -0.7794855, 2.633263
FootLeft: -0.2795274, -0.8502875, 2.527244
HipRight: -0.2120711, 0.03600482, 2.794895
KneeRight: -0.2905467, -0.5021998, 2.725805
AnkleRight: -0.2696395, -0.8096292, 2.626445
FootRight: -0.2871775, -0.8500374, 2.516026
=========
HipCenter: -0.2843638, 0.1031859, 2.82188
Spine: -0.29189, 0.1498393, 2.899031
ShoulderCenter: -0.3104455, 0.5246269, 3.010914
Head: -0.2830857, 0.7051001, 2.995035
ShoulderLeft: -0.4515342, 0.3866545, 2.928885
ElbowLeft: -0.4914956, 0.1452803, 2.842381
WristLeft: -0.4805306, -0.07092842, 2.708271
HandLeft: -0.4839298, -0.1432815, 2.673894
ShoulderRight: -0.1360712, 0.4003393, 2.966026
ElbowRight: 0.09332135, 0.3844883, 2.848542
WristRight: 0.3229288, 0.3424076, 2.735642
HandRight: 0.4163384, 0.3352719, 2.714202
HipLeft: -0.354173, 0.04102137, 2.787736
KneeLeft: -0.366145, -0.358463, 2.710432
AnkleLeft: -0.3122576, -0.7795269, 2.633229
FootLeft: -0.2794349, -0.8503162, 2.527332
HipRight: -0.213143, 0.03620328, 2.79361
KneeRight: -0.290536, -0.5020341, 2.725782
AnkleRight: -0.2696367, -0.8096223, 2.626451
FootRight: -0.287147, -0.8500624, 2.515963
=========
HipCenter: -0.285639, 0.1030144, 2.82159
Spine: -0.2928577, 0.1497783, 2.898802
ShoulderCenter: -0.3109296, 0.5249398, 3.01093
Head: -0.285212, 0.7054489, 2.993783
ShoulderLeft: -0.4516858, 0.3865817, 2.92895
ElbowLeft: -0.4915358, 0.1456346, 2.843057
WristLeft: -0.4808015, -0.0689506, 2.709421
HandLeft: -0.4828227, -0.1426482, 2.674711
ShoulderRight: -0.1351453, 0.4027289, 2.965335
ElbowRight: 0.09654795, 0.3924569, 2.858451
WristRight: 0.3253841, 0.3626138, 2.742429
HandRight: 0.4111068, 0.3633925, 2.724555
HipLeft: -0.3557904, 0.04008178, 2.788488
KneeLeft: -0.3670349, -0.3596218, 2.709458
AnkleLeft: -0.3132704, -0.7812088, 2.632641
FootLeft: -0.2793533, -0.8503429, 2.527406
HipRight: -0.2143369, 0.03634757, 2.792171
KneeRight: -0.2905324, -0.5019187, 2.725758
AnkleRight: -0.2696386, -0.8096212, 2.626447
FootRight: -0.2871099, -0.8500965, 2.515823
=========
HipCenter: -0.2867519, 0.1028954, 2.821349
Spine: -0.2937108, 0.1497482, 2.898606
ShoulderCenter: -0.3113724, 0.525198, 3.010879
Head: -0.2879751, 0.7055372, 2.991888
ShoulderLeft: -0.45184, 0.3864959, 2.929031
ElbowLeft: -0.4914934, 0.1458032, 2.843639
WristLeft: -0.480975, -0.06752664, 2.710301
HandLeft: -0.4819492, -0.1421707, 2.675386
ShoulderRight: -0.1343741, 0.4045978, 2.9647
ElbowRight: 0.08879758, 0.4065447, 2.876664
WristRight: 0.3242228, 0.3827853, 2.752436
HandRight: 0.4099401, 0.3778299, 2.730238
HipLeft: -0.3571902, 0.03922996, 2.78929
KneeLeft: -0.3677389, -0.3605658, 2.708612
AnkleLeft: -0.3140677, -0.7826117, 2.632123
FootLeft: -0.2792785, -0.8503703, 2.52746
HipRight: -0.2154839, 0.036639, 2.790535
KneeRight: -0.2905436, -0.5017723, 2.725728
AnkleRight: -0.269642, -0.8096062, 2.626435
FootRight: -0.2870815, -0.8501366, 2.515632
=========
HipCenter: -0.2877294, 0.1027694, 2.821148
Spine: -0.2944537, 0.1497072, 2.89844
ShoulderCenter: -0.3117529, 0.5254008, 3.010791
Head: -0.2900131, 0.7054591, 2.990376
ShoulderLeft: -0.4519442, 0.3864593, 2.929115
ElbowLeft: -0.4914188, 0.1459899, 2.844171
WristLeft: -0.481086, -0.06649481, 2.710977
HandLeft: -0.4811887, -0.1417114, 2.675992
ShoulderRight: -0.1332467, 0.4066233, 2.964143
ElbowRight: 0.09627145, 0.4154653, 2.880253
WristRight: 0.3216707, 0.3988026, 2.759009
HandRight: 0.4073056, 0.3895191, 2.734556
HipLeft: -0.3583777, 0.0384453, 2.789956
KneeLeft: -0.3683939, -0.3614605, 2.707853
AnkleLeft: -0.3148034, -0.7839379, 2.63165
FootLeft: -0.2792284, -0.8503914, 2.527493
HipRight: -0.216386, 0.03684646, 2.78923
KneeRight: -0.2905539, -0.5016513, 2.725697
AnkleRight: -0.2696455, -0.8095953, 2.626416
FootRight: -0.2870571, -0.8501722, 2.515468
=========
HipCenter: -0.2885174, 0.1026961, 2.820964
Spine: -0.2950574, 0.1496872, 2.89829
ShoulderCenter: -0.3121183, 0.5255685, 3.010691
Head: -0.2914196, 0.7052726, 2.989155
ShoulderLeft: -0.4520474, 0.3864195, 2.929224
ElbowLeft: -0.4913126, 0.146223, 2.844754
WristLeft: -0.4811512, -0.06575055, 2.711505
HandLeft: -0.4805798, -0.1413461, 2.676488
ShoulderRight: -0.1321496, 0.4084146, 2.963702
ElbowRight: 0.105249, 0.4217308, 2.880321
WristRight: 0.3219742, 0.4115279, 2.764799
HandRight: 0.4064384, 0.3982991, 2.738011
HipLeft: -0.3592765, 0.03786875, 2.790402
KneeLeft: -0.3686425, -0.3618642, 2.707394
AnkleLeft: -0.3150845, -0.7846072, 2.631384
FootLeft: -0.2791775, -0.8504046, 2.527534
HipRight: -0.2170009, 0.03705324, 2.788157
KneeRight: -0.2905605, -0.5015343, 2.725659
AnkleRight: -0.2694507, -0.8095732, 2.626432
FootRight: -0.287055, -0.8502027, 2.515307
=========
HipCenter: -0.2891568, 0.1026495, 2.820803
Spine: -0.2955464, 0.1496667, 2.898161
ShoulderCenter: -0.312456, 0.5256871, 3.010657
Head: -0.2924602, 0.7050386, 2.988194
ShoulderLeft: -0.4521424, 0.386375, 2.929348
ElbowLeft: -0.491163, 0.1464964, 2.845341
WristLeft: -0.4811753, -0.06522841, 2.71193
HandLeft: -0.4797699, -0.1399224, 2.677657
ShoulderRight: -0.1312021, 0.4099201, 2.963377
ElbowRight: 0.1164907, 0.4292226, 2.877005
WristRight: 0.3440617, 0.4292541, 2.765954
HandRight: 0.4136124, 0.4077499, 2.739179
HipLeft: -0.3599664, 0.03742036, 2.790733
KneeLeft: -0.3687915, -0.3621791, 2.707005
AnkleLeft: -0.3152525, -0.7851455, 2.631157
FootLeft: -0.279135, -0.8504156, 2.527572
HipRight: -0.2174435, 0.03727415, 2.787197
KneeRight: -0.2905595, -0.5014189, 2.72562
AnkleRight: -0.2692382, -0.8095485, 2.626447
FootRight: -0.2870564, -0.8502331, 2.51516
=========
HipCenter: -0.2896885, 0.102602, 2.820668
Spine: -0.2959316, 0.1496475, 2.898058
ShoulderCenter: -0.3126731, 0.525788, 3.010624
Head: -0.29326, 0.7048419, 2.987344
ShoulderLeft: -0.4522566, 0.3862759, 2.929474
ElbowLeft: -0.4909335, 0.14662, 2.845793
WristLeft: -0.4811638, -0.06487115, 2.712283
HandLeft: -0.47911, -0.1387184, 2.678539
ShoulderRight: -0.1301701, 0.4114541, 2.963124
ElbowRight: 0.1367828, 0.4420903, 2.874007
WristRight: 0.3694766, 0.4604095, 2.783759
HandRight: 0.4303834, 0.4289979, 2.750057
HipLeft: -0.3605962, 0.03695579, 2.79094
KneeLeft: -0.3690049, -0.3625455, 2.706633
AnkleLeft: -0.31549, -0.7857617, 2.630928
FootLeft: -0.2790948, -0.8504248, 2.527617
HipRight: -0.2177667, 0.03739455, 2.786507
KneeRight: -0.2905554, -0.5013413, 2.725586
AnkleRight: -0.2690785, -0.8095579, 2.626449
FootRight: -0.2870535, -0.8502473, 2.515096
=========
HipCenter: -0.2900645, 0.1025553, 2.820549
Spine: -0.296224, 0.1496305, 2.897966
ShoulderCenter: -0.3128612, 0.5259166, 3.010589
Head: -0.2938528, 0.7046835, 2.986696
ShoulderLeft: -0.4523035, 0.3861524, 2.929525
ElbowLeft: -0.4907054, 0.146698, 2.846151
WristLeft: -0.4811183, -0.06464991, 2.71258
HandLeft: -0.4786026, -0.1380417, 2.679139
ShoulderRight: -0.1290622, 0.4130726, 2.963029
ElbowRight: 0.1416384, 0.452744, 2.876458
WristRight: 0.3831865, 0.4800987, 2.790961
HandRight: 0.4437252, 0.4470977, 2.756486
HipLeft: -0.3610059, 0.03657571, 2.791039
KneeLeft: -0.3691312, -0.3628248, 2.706317
AnkleLeft: -0.3156261, -0.7862515, 2.630728
FootLeft: -0.2790584, -0.8504298, 2.527663
HipRight: -0.2179415, 0.03746321, 2.785968
KneeRight: -0.290543, -0.5012825, 2.725557
AnkleRight: -0.26881, -0.8095967, 2.626441
FootRight: -0.2870513, -0.8502584, 2.515047
=========
HipCenter: -0.2902944, 0.1025354, 2.820474
Spine: -0.296416, 0.1496294, 2.897905
ShoulderCenter: -0.313103, 0.5261317, 3.010581
Head: -0.2942691, 0.7045719, 2.986136
ShoulderLeft: -0.4523369, 0.3860493, 2.929563
ElbowLeft: -0.4904722, 0.1467566, 2.846478
WristLeft: -0.481043, -0.0645389, 2.712847
HandLeft: -0.4780898, -0.1377989, 2.679522
ShoulderRight: -0.1277892, 0.4150339, 2.963214
ElbowRight: 0.1436966, 0.460445, 2.878518
WristRight: 0.3924674, 0.4978724, 2.797557
HandRight: 0.455377, 0.4657647, 2.763301
HipLeft: -0.3612006, 0.03629095, 2.791097
KneeLeft: -0.3692043, -0.3630116, 2.706066
AnkleLeft: -0.3157015, -0.7866027, 2.630569
FootLeft: -0.2790229, -0.8504328, 2.527701
HipRight: -0.2178746, 0.03755558, 2.785521
KneeRight: -0.2905056, -0.5011773, 2.725518
AnkleRight: -0.2685685, -0.8095865, 2.626439
FootRight: -0.287042, -0.8502625, 2.51498
=========
HipCenter: -0.2904635, 0.102524, 2.820417
Spine: -0.2965623, 0.1496341, 2.897858
ShoulderCenter: -0.3132942, 0.526346, 3.010582
Head: -0.2945721, 0.7044842, 2.985699
ShoulderLeft: -0.4523447, 0.385941, 2.929553
ElbowLeft: -0.4902404, 0.1467974, 2.846773
WristLeft: -0.4809576, -0.06450921, 2.713085
HandLeft: -0.4775043, -0.1380969, 2.679667
ShoulderRight: -0.1264895, 0.4167479, 2.963466
ElbowRight: 0.1449538, 0.4675824, 2.880792
WristRight: 0.3969889, 0.5117682, 2.805301
HandRight: 0.4630125, 0.4813146, 2.771194
HipLeft: -0.3613144, 0.0360551, 2.791123
KneeLeft: -0.3692499, -0.3631509, 2.705856
AnkleLeft: -0.3157456, -0.7868831, 2.630437
FootLeft: -0.2790038, -0.8504345, 2.527734
HipRight: -0.2177322, 0.03763685, 2.785161
KneeRight: -0.2904638, -0.5010693, 2.725481
AnkleRight: -0.2682651, -0.8095716, 2.62645
FootRight: -0.2870319, -0.8502658, 2.514916
=========
HipCenter: -0.2904094, 0.1026305, 2.820373
Spine: -0.2965553, 0.1497356, 2.89783
ShoulderCenter: -0.3133104, 0.5266778, 3.010622
Head: -0.2947695, 0.704467, 2.985446
ShoulderLeft: -0.4523415, 0.3858473, 2.929528
ElbowLeft: -0.4900121, 0.1468191, 2.847026
WristLeft: -0.4808664, -0.06453362, 2.713284
HandLeft: -0.4770169, -0.1384441, 2.679717
ShoulderRight: -0.1240204, 0.4197066, 2.964616
ElbowRight: 0.1444678, 0.4761624, 2.884176
WristRight: 0.3938865, 0.5258358, 2.819697
HandRight: 0.4578804, 0.5200159, 2.818702
HipLeft: -0.3611638, 0.03587433, 2.791083
KneeLeft: -0.369157, -0.3632115, 2.705644
AnkleLeft: -0.3145618, -0.7871181, 2.630392
FootLeft: -0.2789895, -0.8504335, 2.527736
HipRight: -0.2169012, 0.03783287, 2.784924
KneeRight: -0.290379, -0.5008321, 2.725438
AnkleRight: -0.2680027, -0.809464, 2.626442
FootRight: -0.2870234, -0.8502676, 2.514862
=========
HipCenter: -0.2901872, 0.1028352, 2.820377
Spine: -0.2964532, 0.1498988, 2.897828
ShoulderCenter: -0.3133223, 0.5269865, 3.010638
Head: -0.2948517, 0.7044937, 2.985276
ShoulderLeft: -0.4523332, 0.3857674, 2.929508
ElbowLeft: -0.4898196, 0.1468365, 2.847174
WristLeft: -0.4807747, -0.06460535, 2.71347
HandLeft: -0.4765953, -0.1388293, 2.679726
ShoulderRight: -0.1217787, 0.4224061, 2.965747
ElbowRight: 0.1424305, 0.4835391, 2.888378
WristRight: 0.3935576, 0.5398895, 2.829608
HandRight: 0.4587539, 0.5385634, 2.835839
HipLeft: -0.3607715, 0.03575353, 2.791108
KneeLeft: -0.3689618, -0.3631975, 2.705459
AnkleLeft: -0.3138978, -0.787214, 2.630403
FootLeft: -0.2789785, -0.8504326, 2.527737
HipRight: -0.215793, 0.03809198, 2.784768
KneeRight: -0.2902794, -0.5005114, 2.725402
AnkleRight: -0.2678085, -0.8093193, 2.626446
FootRight: -0.287018, -0.8502681, 2.514798
=========
HipCenter: -0.2898898, 0.1030656, 2.820408
Spine: -0.2962984, 0.1500826, 2.897849
ShoulderCenter: -0.3133284, 0.5272879, 3.010667
Head: -0.2948692, 0.7045336, 2.985153
ShoulderLeft: -0.4523217, 0.3856959, 2.929488
ElbowLeft: -0.489613, 0.1467922, 2.847272
WristLeft: -0.4806832, -0.06470742, 2.713641
HandLeft: -0.4762327, -0.1392424, 2.679707
ShoulderRight: -0.1199975, 0.4245758, 2.966696
ElbowRight: 0.1398061, 0.4894937, 2.891815
WristRight: 0.3952035, 0.5522019, 2.834211
HandRight: 0.4609855, 0.5522373, 2.844688
HipLeft: -0.3602979, 0.03567047, 2.791118
KneeLeft: -0.3687686, -0.3631341, 2.705311
AnkleLeft: -0.3126796, -0.7871089, 2.630537
FootLeft: -0.2789703, -0.8504322, 2.527738
HipRight: -0.214595, 0.03831921, 2.784758
KneeRight: -0.290162, -0.5001845, 2.72538
AnkleRight: -0.2676269, -0.809157, 2.62645
FootRight: -0.287018, -0.8502727, 2.514745
=========
HipCenter: -0.2895087, 0.1032936, 2.820453
Spine: -0.296082, 0.1502668, 2.89788
ShoulderCenter: -0.3133071, 0.5275507, 3.010689
Head: -0.2948823, 0.7046218, 2.985197
ShoulderLeft: -0.4523033, 0.3856122, 2.929455
ElbowLeft: -0.4893803, 0.1467212, 2.847335
WristLeft: -0.4805937, -0.06482403, 2.713795
HandLeft: -0.4759291, -0.139632, 2.679667
ShoulderRight: -0.1186289, 0.4262359, 2.967497
ElbowRight: 0.1369491, 0.4936919, 2.894639
WristRight: 0.3959805, 0.5592729, 2.836787
HandRight: 0.4654306, 0.5674918, 2.847952
HipLeft: -0.3597015, 0.03557687, 2.791062
KneeLeft: -0.3685637, -0.3630496, 2.705184
AnkleLeft: -0.3115215, -0.7869557, 2.630697
FootLeft: -0.2789466, -0.8504346, 2.527719
HipRight: -0.2133225, 0.03847007, 2.784867
KneeRight: -0.2900475, -0.4998889, 2.725369
AnkleRight: -0.2674659, -0.8090019, 2.626454
FootRight: -0.2870118, -0.8502848, 2.514639
=========
HipCenter: -0.2891174, 0.1035266, 2.820506
Spine: -0.2958239, 0.1504804, 2.897922
ShoulderCenter: -0.3130891, 0.5279085, 3.010648
Head: -0.294827, 0.7047545, 2.985354
ShoulderLeft: -0.4522975, 0.3855369, 2.929429
ElbowLeft: -0.4888908, 0.1460775, 2.847186
WristLeft: -0.4805036, -0.06495406, 2.713939
HandLeft: -0.4756782, -0.1399775, 2.67961
ShoulderRight: -0.1175513, 0.4275199, 2.968166
ElbowRight: 0.1349611, 0.4964697, 2.896492
WristRight: 0.3965008, 0.5638831, 2.838371
HandRight: 0.4703321, 0.577549, 2.848926
HipLeft: -0.3591697, 0.03551187, 2.790985
KneeLeft: -0.3683489, -0.3629516, 2.705073
AnkleLeft: -0.3105146, -0.7867917, 2.630852
FootLeft: -0.2789271, -0.8504398, 2.527691
HipRight: -0.2122077, 0.03858811, 2.785013
KneeRight: -0.2899371, -0.4996099, 2.725357
AnkleRight: -0.2673168, -0.8088439, 2.626458
FootRight: -0.2870049, -0.8502991, 2.514539
=========
HipCenter: -0.2887416, 0.1037449, 2.82056
Spine: -0.2955587, 0.1506909, 2.897967
ShoulderCenter: -0.3128535, 0.5282544, 3.010593
Head: -0.2947356, 0.7048985, 2.985551
ShoulderLeft: -0.4523088, 0.3854539, 2.92941
ElbowLeft: -0.4883437, 0.1451493, 2.846932
WristLeft: -0.4804003, -0.06510373, 2.714067
HandLeft: -0.4754633, -0.1403016, 2.679542
ShoulderRight: -0.1167653, 0.4284528, 2.968681
ElbowRight: 0.1331721, 0.4984721, 2.898015
WristRight: 0.3968413, 0.5670095, 2.8389
HandRight: 0.4732475, 0.5834412, 2.849883
HipLeft: -0.3586906, 0.0354613, 2.79089
KneeLeft: -0.3680774, -0.3628297, 2.704972
AnkleLeft: -0.3096366, -0.786623, 2.630997
FootLeft: -0.2789077, -0.8504505, 2.527658
HipRight: -0.211249, 0.03867747, 2.785174
KneeRight: -0.2898262, -0.4993536, 2.725348
AnkleRight: -0.2672113, -0.8087353, 2.626452
FootRight: -0.2869991, -0.850317, 2.514479
=========
HipCenter: -0.2882369, 0.1040211, 2.820688
Spine: -0.2952058, 0.1509401, 2.898066
ShoulderCenter: -0.3126298, 0.5285457, 3.010549
Head: -0.2945278, 0.7051285, 2.986037
ShoulderLeft: -0.4523363, 0.3853571, 2.92939
ElbowLeft: -0.4879065, 0.1444703, 2.846744
WristLeft: -0.4802928, -0.06527027, 2.71416
HandLeft: -0.4752843, -0.1405902, 2.679466
ShoulderRight: -0.1161274, 0.4291806, 2.969138
ElbowRight: 0.1318485, 0.4998763, 2.89906
WristRight: 0.3970487, 0.5689342, 2.838493
HandRight: 0.4758845, 0.5873942, 2.8497
HipLeft: -0.3581724, 0.03542883, 2.790817
KneeLeft: -0.3677557, -0.3626706, 2.704886
AnkleLeft: -0.3089328, -0.7864343, 2.631114
FootLeft: -0.2789033, -0.8504477, 2.527634
HipRight: -0.2101453, 0.03877293, 2.785459
KneeRight: -0.2896965, -0.4990632, 2.725347
AnkleRight: -0.2670715, -0.8085318, 2.626433
FootRight: -0.2869983, -0.8503306, 2.514416
=========
HipCenter: -0.2875451, 0.104268, 2.820866
Spine: -0.2946478, 0.1511994, 2.898201
ShoulderCenter: -0.3121346, 0.5288608, 3.010342
Head: -0.2941047, 0.7055297, 2.987019
ShoulderLeft: -0.4523701, 0.3852756, 2.929389
ElbowLeft: -0.4875036, 0.1439466, 2.84657
WristLeft: -0.4801912, -0.06544345, 2.714238
HandLeft: -0.4751322, -0.1408592, 2.679388
ShoulderRight: -0.1155914, 0.429747, 2.969537
ElbowRight: 0.1335859, 0.5026451, 2.89848
WristRight: 0.3970328, 0.5698298, 2.837371
HandRight: 0.4788978, 0.5883529, 2.846608
HipLeft: -0.3574355, 0.03526399, 2.7907
KneeLeft: -0.3643232, -0.365077, 2.704294
AnkleLeft: -0.3076733, -0.7880077, 2.631144
FootLeft: -0.2789077, -0.8504433, 2.52763
HipRight: -0.2088134, 0.03877098, 2.785952
KneeRight: -0.2895741, -0.4988157, 2.725351
AnkleRight: -0.2669827, -0.8084075, 2.626426
FootRight: -0.2869976, -0.8503411, 2.514382
=========
HipCenter: -0.2865897, 0.1050253, 2.821231
Spine: -0.2939745, 0.1517327, 2.898417
ShoulderCenter: -0.3117868, 0.5290912, 3.010113
Head: -0.2935031, 0.7058901, 2.988052
ShoulderLeft: -0.4524021, 0.3852036, 2.929385
ElbowLeft: -0.4872557, 0.1437242, 2.846497
WristLeft: -0.4800956, -0.06560864, 2.714306
HandLeft: -0.4750057, -0.1410995, 2.679316
ShoulderRight: -0.1150864, 0.4302426, 2.969949
ElbowRight: 0.1335844, 0.5040584, 2.898619
WristRight: 0.3967789, 0.5700721, 2.835942
HandRight: 0.4806727, 0.5885751, 2.843609
HipLeft: -0.3564236, 0.03569107, 2.791034
KneeLeft: -0.3627279, -0.364583, 2.704506
AnkleLeft: -0.3073108, -0.7876835, 2.631152
FootLeft: -0.279007, -0.8504475, 2.527661
HipRight: -0.2074569, 0.03906149, 2.786331
KneeRight: -0.2893637, -0.4982567, 2.725376
AnkleRight: -0.2667797, -0.8079296, 2.626445
FootRight: -0.286976, -0.8503571, 2.514359
=========
HipCenter: -0.2857788, 0.1057487, 2.821556
Spine: -0.2933862, 0.1522494, 2.898624
ShoulderCenter: -0.311618, 0.5293331, 3.010089
Head: -0.2928387, 0.7062237, 2.989283
ShoulderLeft: -0.452448, 0.3851371, 2.929399
ElbowLeft: -0.4870639, 0.1435773, 2.846457
WristLeft: -0.4800054, -0.06577018, 2.714363
HandLeft: -0.4749103, -0.1412717, 2.679248
ShoulderRight: -0.1146953, 0.4306135, 2.97028
ElbowRight: 0.1330229, 0.5050659, 2.898984
WristRight: 0.3961132, 0.5697935, 2.834526
HandRight: 0.4810239, 0.5882747, 2.840445
HipLeft: -0.3556471, 0.03616703, 2.791296
KneeLeft: -0.3612694, -0.3638674, 2.704777
AnkleLeft: -0.3070447, -0.7871695, 2.631179
FootLeft: -0.2791075, -0.8504483, 2.527694
HipRight: -0.2063466, 0.03934031, 2.78663
KneeRight: -0.2891586, -0.4976932, 2.725404
AnkleRight: -0.2666411, -0.8076345, 2.626465
FootRight: -0.2869544, -0.850373, 2.514345
=========
HipCenter: -0.2850376, 0.1062084, 2.821852
Spine: -0.292796, 0.1526274, 2.898847
ShoulderCenter: -0.3114202, 0.5295669, 3.010127
Head: -0.2923512, 0.7064962, 2.990354
ShoulderLeft: -0.4524971, 0.3850708, 2.929418
ElbowLeft: -0.4868932, 0.1434757, 2.846431
WristLeft: -0.4798627, -0.06602215, 2.714413
HandLeft: -0.474833, -0.1414136, 2.679193
ShoulderRight: -0.1143838, 0.4309079, 2.970564
ElbowRight: 0.1323764, 0.5057771, 2.899314
WristRight: 0.3955604, 0.5696919, 2.833494
HandRight: 0.480895, 0.5877311, 2.837976
HipLeft: -0.3549554, 0.03629276, 2.791348
KneeLeft: -0.3578492, -0.3664592, 2.704362
AnkleLeft: -0.3061239, -0.7885133, 2.631317
FootLeft: -0.2792034, -0.8504452, 2.527726
HipRight: -0.2053055, 0.03945077, 2.787067
KneeRight: -0.2890028, -0.497332, 2.725423
AnkleRight: -0.2665179, -0.8074213, 2.626492
FootRight: -0.2869297, -0.8503885, 2.514339
=========
HipCenter: -0.2844523, 0.1066585, 2.822143
Spine: -0.2923156, 0.1529972, 2.899084
ShoulderCenter: -0.3113179, 0.5297396, 3.010192
Head: -0.2920161, 0.7067377, 2.991486
ShoulderLeft: -0.452561, 0.3849965, 2.929457
ElbowLeft: -0.4867456, 0.1434146, 2.846438
WristLeft: -0.4796763, -0.06624779, 2.714478
HandLeft: -0.4747626, -0.1415368, 2.679135
ShoulderRight: -0.1141633, 0.4311154, 2.97077
ElbowRight: 0.1317787, 0.5062693, 2.899582
WristRight: 0.3951204, 0.5696475, 2.83264
HandRight: 0.4805049, 0.5870298, 2.836027
HipLeft: -0.35442, 0.03641509, 2.791545
KneeLeft: -0.3552644, -0.3682971, 2.704209
AnkleLeft: -0.3053258, -0.7897632, 2.631486
FootLeft: -0.279286, -0.8504453, 2.527759
HipRight: -0.2045923, 0.03975628, 2.78728
KneeRight: -0.2887673, -0.4967284, 2.725466
AnkleRight: -0.2663316, -0.8070597, 2.626557
FootRight: -0.2869034, -0.8504032, 2.514342
=========
HipCenter: -0.2839622, 0.1070198, 2.822412
Spine: -0.2919109, 0.1533057, 2.899308
ShoulderCenter: -0.3112705, 0.5298739, 3.010254
Head: -0.291752, 0.7068968, 2.992408
ShoulderLeft: -0.4526257, 0.3849188, 2.929502
ElbowLeft: -0.4866052, 0.1432683, 2.846428
WristLeft: -0.4794906, -0.06646714, 2.714541
HandLeft: -0.4747023, -0.141644, 2.67908
ShoulderRight: -0.1139918, 0.4312715, 2.970956
ElbowRight: 0.1311987, 0.5066137, 2.89986
WristRight: 0.3946989, 0.5696428, 2.831954
HandRight: 0.4800625, 0.5864426, 2.834557
HipLeft: -0.3538043, 0.03639979, 2.791945
KneeLeft: -0.3529969, -0.3699852, 2.704107
AnkleLeft: -0.3046776, -0.7908575, 2.631655
FootLeft: -0.2793637, -0.8504448, 2.527789
HipRight: -0.2040273, 0.04003193, 2.787442
KneeRight: -0.2885578, -0.4961774, 2.725513
AnkleRight: -0.2659688, -0.8064316, 2.626781
FootRight: -0.2868842, -0.8504144, 2.514338
=========
HipCenter: -0.2835514, 0.1073101, 2.822644
Spine: -0.2915495, 0.1535633, 2.899515
ShoulderCenter: -0.3112211, 0.529986, 3.010328
Head: -0.2915385, 0.7070152, 2.993172
ShoulderLeft: -0.4527065, 0.3848194, 2.929566
ElbowLeft: -0.4864771, 0.1431677, 2.846452
WristLeft: -0.4793142, -0.06667427, 2.714603
HandLeft: -0.4746498, -0.1417383, 2.67903
ShoulderRight: -0.1138598, 0.4313905, 2.971116
ElbowRight: 0.1306705, 0.506844, 2.90008
WristRight: 0.3931767, 0.5698362, 2.830853
HandRight: 0.4798507, 0.5863771, 2.834082
HipLeft: -0.3532632, 0.03632186, 2.792344
KneeLeft: -0.3511444, -0.3713909, 2.70405
AnkleLeft: -0.3041601, -0.7917846, 2.631799
FootLeft: -0.279438, -0.8504446, 2.527824
HipRight: -0.2035605, 0.0402865, 2.787549
KneeRight: -0.2883693, -0.4957052, 2.725549
AnkleRight: -0.2656935, -0.8060371, 2.626945
FootRight: -0.2868656, -0.8504254, 2.514341
=========
HipCenter: -0.2832093, 0.1075404, 2.822849
Spine: -0.2912419, 0.1537776, 2.899704
ShoulderCenter: -0.3111879, 0.5300763, 3.010391
Head: -0.2913083, 0.7070993, 2.993632
ShoulderLeft: -0.4528163, 0.3847035, 2.929648
ElbowLeft: -0.4863414, 0.143075, 2.846503
WristLeft: -0.4791192, -0.06695904, 2.714713
HandLeft: -0.4745753, -0.1421593, 2.678901
ShoulderRight: -0.1137413, 0.4314778, 2.971275
ElbowRight: 0.1302158, 0.5069882, 2.900262
WristRight: 0.391916, 0.5700634, 2.829811
HandRight: 0.4796577, 0.5863165, 2.833851
HipLeft: -0.3528127, 0.03622316, 2.792693
KneeLeft: -0.3503293, -0.3719192, 2.704047
AnkleLeft: -0.3038778, -0.7922043, 2.63188
FootLeft: -0.2795322, -0.8504533, 2.527889
HipRight: -0.2031623, 0.04046655, 2.787668
KneeRight: -0.288168, -0.4953533, 2.725601
AnkleRight: -0.2652999, -0.8055675, 2.6272
FootRight: -0.2868479, -0.8504403, 2.514357
=========
HipCenter: -0.282896, 0.1077138, 2.823039
Spine: -0.2909408, 0.1539383, 2.899889
ShoulderCenter: -0.3111225, 0.5301188, 3.01046
Head: -0.2910948, 0.707157, 2.993987
ShoulderLeft: -0.4529241, 0.384591, 2.929734
ElbowLeft: -0.4862044, 0.1429926, 2.846574
WristLeft: -0.4789512, -0.06720293, 2.714837
HandLeft: -0.4746341, -0.1412131, 2.678962
ShoulderRight: -0.1136354, 0.4315456, 2.971444
ElbowRight: 0.1297456, 0.5070475, 2.900439
WristRight: 0.390889, 0.5702884, 2.828975
HandRight: 0.4793961, 0.5863119, 2.833991
HipLeft: -0.3524224, 0.036119, 2.792968
KneeLeft: -0.3498279, -0.3721624, 2.704119
AnkleLeft: -0.3036462, -0.7924563, 2.631975
FootLeft: -0.2796356, -0.850456, 2.527963
HipRight: -0.2027902, 0.04058681, 2.787813
KneeRight: -0.2879758, -0.4950957, 2.725658
AnkleRight: -0.2649606, -0.805207, 2.627396
FootRight: -0.286831, -0.8504521, 2.514362
=========
HipCenter: -0.2826453, 0.1078502, 2.823205
Spine: -0.290669, 0.1540738, 2.900065
ShoulderCenter: -0.3110318, 0.5301735, 3.010566
Head: -0.290773, 0.7071625, 2.994282
ShoulderLeft: -0.4530625, 0.3844789, 2.929938
ElbowLeft: -0.4860432, 0.142873, 2.846754
WristLeft: -0.4788079, -0.06742522, 2.714965
HandLeft: -0.4746202, -0.1405839, 2.67915
ShoulderRight: -0.1135323, 0.4315934, 2.971606
ElbowRight: 0.1293504, 0.5070645, 2.900566
WristRight: 0.3901019, 0.5705162, 2.828268
HandRight: 0.4791726, 0.5863231, 2.834323
HipLeft: -0.3521524, 0.03603829, 2.793178
KneeLeft: -0.3495867, -0.3721665, 2.704247
AnkleLeft: -0.3033611, -0.7925423, 2.632114
FootLeft: -0.2798195, -0.8504637, 2.527989
HipRight: -0.2024992, 0.04067501, 2.787942
KneeRight: -0.2877871, -0.4948925, 2.72571
AnkleRight: -0.2647527, -0.8049802, 2.627491
FootRight: -0.286813, -0.8504622, 2.514363
=========
HipCenter: -0.2824212, 0.1079394, 2.823361
Spine: -0.2904239, 0.1541699, 2.900232
ShoulderCenter: -0.3109531, 0.5301986, 3.010629
Head: -0.2904128, 0.7071661, 2.994564
ShoulderLeft: -0.4531907, 0.3843732, 2.930134
ElbowLeft: -0.4858811, 0.1427536, 2.846967
WristLeft: -0.4786318, -0.06773668, 2.715173
HandLeft: -0.4746146, -0.1401346, 2.679379
ShoulderRight: -0.1134064, 0.4316267, 2.971792
ElbowRight: 0.1290522, 0.5070829, 2.900619
WristRight: 0.389522, 0.5707231, 2.827743
HandRight: 0.4790374, 0.5863246, 2.834598
HipLeft: -0.351926, 0.03594558, 2.793361
KneeLeft: -0.3496221, -0.3719137, 2.704461
AnkleLeft: -0.3030975, -0.7924475, 2.632279
FootLeft: -0.2800008, -0.8504696, 2.528012
HipRight: -0.202213, 0.04069462, 2.788093
KneeRight: -0.2876352, -0.4947645, 2.725752
AnkleRight: -0.2645377, -0.8047867, 2.627578
FootRight: -0.2867903, -0.850473, 2.514361
