=========
HipCenter: -0.2621018, 0.1022969, 2.796167
Spine: -0.2798299, 0.1500276, 2.871671
ShoulderCenter: -0.305329, 0.5276198, 2.976254
Head: -0.2710423, 0.7086187, 2.958211
ShoulderLeft: -0.4478055, 0.3946899, 2.886188
ElbowLeft: -0.4887943, 0.1463889, 2.789627
WristLeft: -0.479696, -0.09555423, 2.660066
HandLeft: -0.4890935, -0.1442934, 2.634412
ShoulderRight: -0.1319329, 0.4031913, 2.957843
ElbowRight: -0.1062739, 0.1510238, 2.853537
WristRight: -0.108015, -0.05896205, 2.712178
HandRight: -0.1048403, -0.1243508, 2.688298
HipLeft: -0.3263451, 0.03316618, 2.744521
KneeLeft: -0.3324378, -0.4124159, 2.679842
AnkleLeft: -0.3200907, -0.7836982, 2.591941
FootLeft: -0.2904338, -0.8365529, 2.476621
HipRight: -0.1841423, 0.03776968, 2.785894
KneeRight: -0.3254811, -0.4208032, 2.68352
AnkleRight: -0.2820227, -0.7894291, 2.583723
FootRight: -0.3047116, -0.8384274, 2.467873
=========
HipCenter: -0.2632121, 0.1035582, 2.796194
Spine: -0.2808957, 0.1511545, 2.871674
ShoulderCenter: -0.3065197, 0.528437, 2.976591
Head: -0.2707561, 0.7089919, 2.960319
ShoulderLeft: -0.448077, 0.3948413, 2.88623
ElbowLeft: -0.488749, 0.146174, 2.789462
WristLeft: -0.4797868, -0.08688882, 2.66406
HandLeft: -0.4884335, -0.1404537, 2.636571
ShoulderRight: -0.1324867, 0.402688, 2.957545
ElbowRight: -0.1062757, 0.1510229, 2.853389
WristRight: -0.1080865, -0.05903056, 2.712212
HandRight: -0.1046292, -0.123749, 2.688092
HipLeft: -0.3276104, 0.03523178, 2.745034
KneeLeft: -0.3153458, -0.4613221, 2.68188
AnkleLeft: -0.3203528, -0.7831287, 2.592023
FootLeft: -0.2905012, -0.8365669, 2.476218
HipRight: -0.1852482, 0.03880276, 2.785655
KneeRight: -0.3092174, -0.4732017, 2.683163
AnkleRight: -0.2821221, -0.7893453, 2.583767
FootRight: -0.3063237, -0.8378989, 2.466579
=========
HipCenter: -0.2633922, 0.1037622, 2.796199
Spine: -0.2810673, 0.1513354, 2.871676
ShoulderCenter: -0.3067165, 0.5285681, 2.976648
Head: -0.2707281, 0.7090804, 2.96072
ShoulderLeft: -0.4481239, 0.3948645, 2.88624
ElbowLeft: -0.4887414, 0.1461388, 2.789437
WristLeft: -0.4798007, -0.08518705, 2.664831
HandLeft: -0.4883231, -0.1397631, 2.636975
ShoulderRight: -0.132581, 0.4026014, 2.957495
ElbowRight: -0.1062761, 0.1510226, 2.853366
WristRight: -0.1081058, -0.05905885, 2.712217
HandRight: -0.1047422, -0.1238392, 2.687876
HipLeft: -0.3278179, 0.03557074, 2.74511
KneeLeft: -0.3209919, -0.4467812, 2.682079
AnkleLeft: -0.3204016, -0.7830257, 2.59204
FootLeft: -0.2905075, -0.8365697, 2.476161
HipRight: -0.1854242, 0.0389658, 2.785619
KneeRight: -0.3138452, -0.4573455, 2.684278
AnkleRight: -0.2821372, -0.7893321, 2.583775
FootRight: -0.3065544, -0.8377969, 2.466449
=========
HipCenter: -0.2635988, 0.1040394, 2.796218
Spine: -0.2812206, 0.1515254, 2.871678
ShoulderCenter: -0.306856, 0.5286627, 2.976686
Head: -0.270712, 0.7091547, 2.96103
ShoulderLeft: -0.4482041, 0.3948799, 2.886272
ElbowLeft: -0.488727, 0.1461231, 2.789417
WristLeft: -0.4798188, -0.08390966, 2.665394
HandLeft: -0.4882143, -0.139116, 2.637329
ShoulderRight: -0.1326581, 0.4025289, 2.957457
ElbowRight: -0.1062768, 0.1510229, 2.85335
WristRight: -0.108119, -0.05909319, 2.712223
HandRight: -0.1048265, -0.1239641, 2.687651
HipLeft: -0.3280677, 0.03593458, 2.745094
KneeLeft: -0.3091479, -0.4822019, 2.681693
AnkleLeft: -0.3204356, -0.7829534, 2.592048
FootLeft: -0.290509, -0.8365722, 2.476113
HipRight: -0.1856145, 0.03915338, 2.785647
KneeRight: -0.3022703, -0.4903333, 2.682657
AnkleRight: -0.2821457, -0.7893227, 2.583782
FootRight: -0.3066654, -0.8377061, 2.46638
=========
HipCenter: -0.2637586, 0.1042694, 2.796245
Spine: -0.2813722, 0.1516838, 2.871677
ShoulderCenter: -0.3072593, 0.528903, 2.976911
Head: -0.2706144, 0.7092093, 2.961469
ShoulderLeft: -0.4482773, 0.3948916, 2.886306
ElbowLeft: -0.4887063, 0.1461235, 2.789406
WristLeft: -0.4798345, -0.08285871, 2.665829
HandLeft: -0.4880944, -0.1386274, 2.637605
ShoulderRight: -0.1322685, 0.4025878, 2.95839
ElbowRight: -0.1062779, 0.1510223, 2.853339
WristRight: -0.1081291, -0.05912984, 2.712229
HandRight: -0.1049018, -0.1241183, 2.68744
HipLeft: -0.3282338, 0.036192, 2.745119
KneeLeft: -0.2825495, -0.4536211, 2.682084
AnkleLeft: -0.3204606, -0.7828998, 2.592054
FootLeft: -0.2905028, -0.8365821, 2.476069
HipRight: -0.1857262, 0.03929152, 2.785652
KneeRight: -0.3116952, -0.4625421, 2.683418
AnkleRight: -0.2821359, -0.7893195, 2.583793
FootRight: -0.3066955, -0.8376331, 2.466359
=========
HipCenter: -0.2638777, 0.1044466, 2.796268
Spine: -0.2814823, 0.1518053, 2.87168
ShoulderCenter: -0.3076307, 0.5291241, 2.977132
Head: -0.2706388, 0.7095658, 2.962469
ShoulderLeft: -0.4483335, 0.3949028, 2.886337
ElbowLeft: -0.4886872, 0.1461262, 2.7894
WristLeft: -0.4797139, -0.08243167, 2.66607
HandLeft: -0.4879733, -0.1383183, 2.637774
ShoulderRight: -0.1320915, 0.4025295, 2.958776
ElbowRight: -0.1062791, 0.1510213, 2.853333
WristRight: -0.1081336, -0.05918095, 2.712243
HandRight: -0.1049216, -0.1242918, 2.687242
HipLeft: -0.3283547, 0.03638631, 2.745136
KneeLeft: -0.2857166, -0.47815, 2.683065
AnkleLeft: -0.3204785, -0.78286, 2.592058
FootLeft: -0.2904943, -0.8365927, 2.476035
HipRight: -0.1858075, 0.0393955, 2.78566
KneeRight: -0.3045157, -0.4856838, 2.68334
AnkleRight: -0.2821288, -0.7893198, 2.583805
FootRight: -0.3066863, -0.8375694, 2.466354
=========
HipCenter: -0.2640201, 0.1046924, 2.796315
Spine: -0.2816042, 0.1519672, 2.871693
ShoulderCenter: -0.3078695, 0.5292946, 2.977281
Head: -0.2706102, 0.7098295, 2.963201
ShoulderLeft: -0.4483969, 0.3949231, 2.886379
ElbowLeft: -0.4886607, 0.1461089, 2.789411
WristLeft: -0.4796735, -0.08203883, 2.666265
HandLeft: -0.4877951, -0.1381031, 2.637874
ShoulderRight: -0.1319548, 0.4024911, 2.959124
ElbowRight: -0.1062913, 0.1509852, 2.853311
WristRight: -0.1081158, -0.05832887, 2.712951
HandRight: -0.1049254, -0.1241117, 2.687216
HipLeft: -0.3285407, 0.0366773, 2.745239
KneeLeft: -0.2875802, -0.4896447, 2.683097
AnkleLeft: -0.320487, -0.7828277, 2.592058
FootLeft: -0.2904919, -0.8366059, 2.476012
HipRight: -0.1859179, 0.03956487, 2.785653
KneeRight: -0.3025639, -0.4948712, 2.683159
AnkleRight: -0.282122, -0.789326, 2.583815
FootRight: -0.3066204, -0.8375295, 2.466277
=========
HipCenter: -0.2641457, 0.1049527, 2.79639
Spine: -0.2817301, 0.1521524, 2.871727
ShoulderCenter: -0.3080491, 0.5294557, 2.977428
Head: -0.2705467, 0.7099816, 2.963617
ShoulderLeft: -0.4484527, 0.3949435, 2.886429
ElbowLeft: -0.4886343, 0.1460914, 2.789435
WristLeft: -0.4796839, -0.08293776, 2.666043
HandLeft: -0.4876012, -0.1383421, 2.637814
ShoulderRight: -0.1315241, 0.4025233, 2.959986
ElbowRight: -0.1063052, 0.1509486, 2.853291
WristRight: -0.1080812, -0.05741864, 2.713786
HandRight: -0.1049213, -0.1238847, 2.687227
HipLeft: -0.3287141, 0.03698237, 2.745339
KneeLeft: -0.2757531, -0.4515202, 2.682668
AnkleLeft: -0.3204901, -0.7828028, 2.592055
FootLeft: -0.29049, -0.83662, 2.475994
HipRight: -0.1859928, 0.03967519, 2.785682
KneeRight: -0.3148792, -0.4551567, 2.684072
AnkleRight: -0.2821123, -0.7893356, 2.583826
FootRight: -0.3065321, -0.8375027, 2.466224
=========
HipCenter: -0.2642829, 0.1052122, 2.796465
Spine: -0.2818637, 0.152345, 2.871763
ShoulderCenter: -0.3081906, 0.5296001, 2.977558
Head: -0.2705022, 0.7100677, 2.963902
ShoulderLeft: -0.4485084, 0.3949699, 2.886492
ElbowLeft: -0.4886095, 0.1460707, 2.789462
WristLeft: -0.479741, -0.08305337, 2.666132
HandLeft: -0.4874654, -0.1382733, 2.637899
ShoulderRight: -0.1311166, 0.4025722, 2.960784
ElbowRight: -0.1063253, 0.1509294, 2.853285
WristRight: -0.1081206, -0.05709503, 2.714207
HandRight: -0.1049189, -0.1238513, 2.687185
HipLeft: -0.3290609, 0.03744409, 2.745699
KneeLeft: -0.2857153, -0.4640532, 2.68224
AnkleLeft: -0.3204814, -0.782783, 2.592046
FootLeft: -0.2902116, -0.8368799, 2.475679
HipRight: -0.1861188, 0.03981919, 2.785622
KneeRight: -0.3086538, -0.4772672, 2.683949
AnkleRight: -0.282141, -0.7893648, 2.583834
FootRight: -0.306437, -0.8374871, 2.466161
=========
HipCenter: -0.2643893, 0.1053848, 2.796506
Spine: -0.2819674, 0.1524822, 2.871782
ShoulderCenter: -0.308309, 0.5297188, 2.977671
Head: -0.2704562, 0.7101077, 2.964152
ShoulderLeft: -0.4485487, 0.3949862, 2.886542
ElbowLeft: -0.4885853, 0.146047, 2.789488
WristLeft: -0.480541, -0.07791515, 2.668147
HandLeft: -0.4871447, -0.1373501, 2.638428
ShoulderRight: -0.1308744, 0.4025516, 2.961199
ElbowRight: -0.106354, 0.1508971, 2.853276
WristRight: -0.1081728, -0.05690492, 2.714512
HandRight: -0.1048833, -0.1239454, 2.68707
HipLeft: -0.329306, 0.03772273, 2.745863
KneeLeft: -0.2754537, -0.4350172, 2.683334
AnkleLeft: -0.3204534, -0.7827666, 2.592036
FootLeft: -0.2899511, -0.8371229, 2.475377
HipRight: -0.1862089, 0.03989478, 2.785571
KneeRight: -0.3068378, -0.4837729, 2.683946
AnkleRight: -0.2821402, -0.7894036, 2.583859
FootRight: -0.3063454, -0.8374769, 2.466127
=========
HipCenter: -0.2644891, 0.1055679, 2.796538
Spine: -0.28206, 0.1526266, 2.871797
ShoulderCenter: -0.308386, 0.5298239, 2.977781
Head: -0.270393, 0.7101002, 2.964362
ShoulderLeft: -0.4485736, 0.3950036, 2.886589
ElbowLeft: -0.488566, 0.1460295, 2.789531
WristLeft: -0.4813313, -0.07316419, 2.669976
HandLeft: -0.4868753, -0.1364883, 2.638894
ShoulderRight: -0.130692, 0.4025303, 2.961494
ElbowRight: -0.1063898, 0.1508597, 2.853266
WristRight: -0.1082359, -0.05674482, 2.714787
HandRight: -0.1048469, -0.1240075, 2.687005
HipLeft: -0.3296133, 0.03831256, 2.746282
KneeLeft: -0.271385, -0.4233327, 2.683665
AnkleLeft: -0.3204294, -0.7827499, 2.592026
FootLeft: -0.2897557, -0.8373047, 2.475151
HipRight: -0.1863253, 0.04003279, 2.785403
KneeRight: -0.3053103, -0.4890117, 2.683933
AnkleRight: -0.2821086, -0.7894557, 2.583896
FootRight: -0.3062447, -0.8374692, 2.466095
=========
HipCenter: -0.2645665, 0.1057091, 2.796568
Spine: -0.2821363, 0.152745, 2.871814
ShoulderCenter: -0.3084569, 0.5299457, 2.977942
Head: -0.2703257, 0.7100721, 2.964532
ShoulderLeft: -0.4485931, 0.3950227, 2.886641
ElbowLeft: -0.488548, 0.1460047, 2.789602
WristLeft: -0.4820115, -0.06924724, 2.671432
HandLeft: -0.4866441, -0.1357781, 2.639258
ShoulderRight: -0.1305772, 0.4025078, 2.961709
ElbowRight: -0.1064294, 0.1507863, 2.853261
WristRight: -0.1082998, -0.05659668, 2.715108
HandRight: -0.1048235, -0.1240437, 2.68697
HipLeft: -0.3298034, 0.03876393, 2.746795
KneeLeft: -0.2692188, -0.4171056, 2.683851
AnkleLeft: -0.320402, -0.782734, 2.592018
FootLeft: -0.2896137, -0.8374237, 2.475027
HipRight: -0.1864369, 0.04017092, 2.78521
KneeRight: -0.3040448, -0.4931288, 2.68394
AnkleRight: -0.2819569, -0.7894909, 2.583995
FootRight: -0.3061424, -0.8374601, 2.466082
=========
HipCenter: -0.2645968, 0.1059951, 2.796701
Spine: -0.2821786, 0.1530008, 2.871927
ShoulderCenter: -0.3084894, 0.5301642, 2.978233
Head: -0.2702314, 0.7100195, 2.964729
ShoulderLeft: -0.4486118, 0.395046, 2.886702
ElbowLeft: -0.4885249, 0.145995, 2.789718
WristLeft: -0.4825829, -0.0659327, 2.672693
HandLeft: -0.4863793, -0.1350932, 2.63956
ShoulderRight: -0.130486, 0.4024817, 2.961884
ElbowRight: -0.1064635, 0.1507132, 2.853267
WristRight: -0.1083722, -0.05646081, 2.715419
HandRight: -0.1048031, -0.1240695, 2.686946
HipLeft: -0.3298143, 0.03947792, 2.747423
KneeLeft: -0.2678863, -0.4132332, 2.683974
AnkleLeft: -0.320374, -0.7827197, 2.592012
FootLeft: -0.2894997, -0.8375219, 2.474941
HipRight: -0.1864889, 0.04029024, 2.785128
KneeRight: -0.3030312, -0.4963041, 2.683958
AnkleRight: -0.2817012, -0.7895021, 2.584144
FootRight: -0.3060169, -0.8374543, 2.466088
=========
HipCenter: -0.2646045, 0.1063484, 2.796908
Spine: -0.2822064, 0.1533236, 2.872108
ShoulderCenter: -0.3085363, 0.530408, 2.97855
Head: -0.2701011, 0.7099281, 2.964947
ShoulderLeft: -0.4486215, 0.3950792, 2.886783
ElbowLeft: -0.4885171, 0.1459848, 2.789811
WristLeft: -0.4830323, -0.06341232, 2.673644
HandLeft: -0.4861507, -0.1345595, 2.639735
ShoulderRight: -0.1304045, 0.4023711, 2.961993
ElbowRight: -0.1064938, 0.1506034, 2.853256
WristRight: -0.1084365, -0.05635529, 2.715702
HandRight: -0.1047836, -0.1240938, 2.686924
HipLeft: -0.3297167, 0.04032134, 2.748119
KneeLeft: -0.3065606, -0.4065112, 2.681156
AnkleLeft: -0.3203444, -0.7826986, 2.592008
FootLeft: -0.2894053, -0.8376009, 2.474885
HipRight: -0.1865269, 0.04039704, 2.785094
KneeRight: -0.3020546, -0.4994475, 2.683892
AnkleRight: -0.2812242, -0.7895061, 2.584409
FootRight: -0.3058936, -0.8374496, 2.466102
=========
HipCenter: -0.264563, 0.1066411, 2.797104
Spine: -0.2822047, 0.1535841, 2.872265
ShoulderCenter: -0.3084579, 0.5304889, 2.978697
Head: -0.2699317, 0.7097187, 2.965296
ShoulderLeft: -0.4486301, 0.395099, 2.886871
ElbowLeft: -0.4884778, 0.145863, 2.789833
WristLeft: -0.4832849, -0.06211545, 2.674162
HandLeft: -0.4859986, -0.1343383, 2.639794
ShoulderRight: -0.1300093, 0.4021749, 2.962491
ElbowRight: -0.1065212, 0.1504881, 2.853257
WristRight: -0.108488, -0.05629751, 2.715929
HandRight: -0.1047794, -0.1241022, 2.686911
HipLeft: -0.3295945, 0.04093212, 2.748633
KneeLeft: -0.325452, -0.4041295, 2.679791
AnkleLeft: -0.3203166, -0.7826962, 2.592004
FootLeft: -0.289324, -0.8376864, 2.474848
HipRight: -0.1864977, 0.04043196, 2.785085
KneeRight: -0.3013954, -0.5017819, 2.683805
AnkleRight: -0.2808501, -0.7895284, 2.584613
FootRight: -0.3057733, -0.8374728, 2.466169
=========
HipCenter: -0.2645275, 0.1067939, 2.797223
Spine: -0.2821792, 0.1537492, 2.872379
ShoulderCenter: -0.3082733, 0.5305611, 2.978863
Head: -0.2696748, 0.7093225, 2.965907
ShoulderLeft: -0.4486386, 0.3951243, 2.886994
ElbowLeft: -0.4884372, 0.1457185, 2.789845
WristLeft: -0.4823695, -0.08543333, 2.664334
HandLeft: -0.4881982, -0.1445365, 2.630619
ShoulderRight: -0.1298117, 0.4019424, 2.962712
ElbowRight: -0.106549, 0.1503692, 2.853269
WristRight: -0.1085322, -0.05627668, 2.716109
HandRight: -0.1047702, -0.1240911, 2.686905
HipLeft: -0.3294949, 0.0413521, 2.749023
KneeLeft: -0.3328896, -0.4025901, 2.679265
AnkleLeft: -0.3202907, -0.7826932, 2.592001
FootLeft: -0.2892715, -0.8377587, 2.47487
HipRight: -0.1864473, 0.04040164, 2.785055
KneeRight: -0.3009344, -0.5034042, 2.68373
AnkleRight: -0.2805281, -0.7895356, 2.58479
FootRight: -0.3056671, -0.8374997, 2.466246
=========
HipCenter: -0.2644796, 0.1069136, 2.797338
Spine: -0.2821409, 0.1538805, 2.87249
ShoulderCenter: -0.3080553, 0.5305853, 2.979014
Head: -0.2693694, 0.7088259, 2.96668
ShoulderLeft: -0.4486532, 0.3951482, 2.887148
ElbowLeft: -0.4884124, 0.145634, 2.789894
WristLeft: -0.4815939, -0.1016188, 2.657797
HandLeft: -0.491938, -0.1531112, 2.623956
ShoulderRight: -0.1296381, 0.4017028, 2.962928
ElbowRight: -0.1065815, 0.150231, 2.853303
WristRight: -0.1087954, -0.05773622, 2.715681
HandRight: -0.1047606, -0.1242413, 2.686812
HipLeft: -0.3293959, 0.04167406, 2.74933
KneeLeft: -0.337916, -0.4015698, 2.678911
AnkleLeft: -0.3202521, -0.7826905, 2.591995
FootLeft: -0.289228, -0.8378175, 2.47494
HipRight: -0.1863451, 0.04029289, 2.785063
KneeRight: -0.300618, -0.5045393, 2.683663
AnkleRight: -0.280238, -0.7895356, 2.584954
FootRight: -0.3052368, -0.8375229, 2.466856
=========
HipCenter: -0.2644539, 0.1070099, 2.797425
Spine: -0.2821143, 0.153989, 2.872582
ShoulderCenter: -0.3078279, 0.5306292, 2.979229
Head: -0.2688838, 0.7083773, 2.96804
ShoulderLeft: -0.448651, 0.3951792, 2.887336
ElbowLeft: -0.488373, 0.1455834, 2.789924
WristLeft: -0.4803757, -0.1123871, 2.652919
HandLeft: -0.4973493, -0.1579446, 2.618691
ShoulderRight: -0.1295034, 0.4014321, 2.963084
ElbowRight: -0.1066501, 0.149967, 2.853375
WristRight: -0.1133723, -0.09224508, 2.699159
HandRight: -0.1062539, -0.1394274, 2.679108
HipLeft: -0.3293608, 0.04206964, 2.749712
KneeLeft: -0.3415694, -0.4005938, 2.678686
AnkleLeft: -0.3201506, -0.7824092, 2.592021
FootLeft: -0.2891462, -0.8378686, 2.475054
HipRight: -0.1863269, 0.04020455, 2.784957
KneeRight: -0.300393, -0.5053573, 2.683609
AnkleRight: -0.2800457, -0.7895424, 2.585068
FootRight: -0.304864, -0.8375394, 2.467408
=========
HipCenter: -0.2644286, 0.1070859, 2.797502
Spine: -0.282086, 0.1540763, 2.872668
ShoulderCenter: -0.3076902, 0.5306633, 2.979431
Head: -0.2684125, 0.7079784, 2.969287
ShoulderLeft: -0.4486416, 0.3952084, 2.887519
ElbowLeft: -0.4883525, 0.145537, 2.789989
WristLeft: -0.4795123, -0.1196436, 2.649539
HandLeft: -0.5023305, -0.1609475, 2.614535
ShoulderRight: -0.1293864, 0.40115, 2.963174
ElbowRight: -0.1066916, 0.1498066, 2.85342
WristRight: -0.1142274, -0.09802423, 2.696342
HandRight: -0.1067226, -0.1437687, 2.677536
HipLeft: -0.3293146, 0.04240233, 2.750088
KneeLeft: -0.3441888, -0.3999593, 2.678541
AnkleLeft: -0.3200642, -0.7822213, 2.592043
FootLeft: -0.2890551, -0.8379161, 2.475168
HipRight: -0.1863091, 0.04011051, 2.784842
KneeRight: -0.3002214, -0.5059183, 2.68357
AnkleRight: -0.2798848, -0.7895404, 2.585174
FootRight: -0.3044902, -0.8375169, 2.468151
=========
HipCenter: -0.2644149, 0.1071424, 2.797562
Spine: -0.2820679, 0.1541487, 2.872739
ShoulderCenter: -0.3075763, 0.5307651, 2.97965
Head: -0.2680138, 0.7077246, 2.970296
ShoulderLeft: -0.4486266, 0.3952423, 2.887697
ElbowLeft: -0.4883406, 0.1455194, 2.790083
WristLeft: -0.4793452, -0.1205685, 2.648837
HandLeft: -0.5024663, -0.1618345, 2.613936
ShoulderRight: -0.1293386, 0.4008641, 2.96321
ElbowRight: -0.1067238, 0.1496757, 2.853482
WristRight: -0.1147713, -0.1036016, 2.693105
HandRight: -0.1068431, -0.1510214, 2.675886
HipLeft: -0.3292941, 0.04268647, 2.750427
KneeLeft: -0.3459562, -0.3995999, 2.678445
AnkleLeft: -0.3200172, -0.7821374, 2.592053
FootLeft: -0.288949, -0.8379619, 2.475305
HipRight: -0.1863196, 0.04001633, 2.784702
KneeRight: -0.3000907, -0.5063236, 2.683531
AnkleRight: -0.2797107, -0.7895386, 2.585312
FootRight: -0.304193, -0.8374747, 2.468909
=========
HipCenter: -0.2644046, 0.1071867, 2.797611
Spine: -0.2820573, 0.1542007, 2.872796
ShoulderCenter: -0.3074071, 0.5307727, 2.979978
Head: -0.2676765, 0.70744, 2.971303
ShoulderLeft: -0.4486118, 0.3952747, 2.887885
ElbowLeft: -0.4883053, 0.1449764, 2.790063
WristLeft: -0.4791023, -0.1227246, 2.64784
HandLeft: -0.5031435, -0.1631785, 2.612817
ShoulderRight: -0.1292005, 0.4006387, 2.963364
ElbowRight: -0.1067443, 0.1495409, 2.853564
WristRight: -0.1150977, -0.1075875, 2.690795
HandRight: -0.1068252, -0.1571008, 2.674691
HipLeft: -0.3293126, 0.04289391, 2.75067
KneeLeft: -0.3469503, -0.3995026, 2.678403
AnkleLeft: -0.3199793, -0.7820744, 2.592062
FootLeft: -0.2888541, -0.8379958, 2.475444
HipRight: -0.1863312, 0.03991638, 2.784559
KneeRight: -0.3000062, -0.5066023, 2.683482
AnkleRight: -0.2795619, -0.7895344, 2.585438
FootRight: -0.3039717, -0.8374496, 2.469439
=========
HipCenter: -0.2643848, 0.107178, 2.797657
Spine: -0.2820426, 0.1542168, 2.872848
ShoulderCenter: -0.30724, 0.5307789, 2.980366
Head: -0.2674298, 0.7070579, 2.972197
ShoulderLeft: -0.4485863, 0.3952976, 2.888066
ElbowLeft: -0.4882453, 0.1446135, 2.790091
WristLeft: -0.478903, -0.1221296, 2.648233
HandLeft: -0.5025731, -0.163554, 2.612823
ShoulderRight: -0.1290861, 0.4004423, 2.963497
ElbowRight: -0.1067641, 0.1493947, 2.853653
WristRight: -0.1153958, -0.1106242, 2.688876
HandRight: -0.1103653, -0.1645471, 2.672613
HipLeft: -0.3293088, 0.04298472, 2.750806
KneeLeft: -0.3470722, -0.4003641, 2.678229
AnkleLeft: -0.3199507, -0.7820701, 2.592065
FootLeft: -0.2887697, -0.8380283, 2.475613
HipRight: -0.1863203, 0.03972515, 2.784415
KneeRight: -0.2999584, -0.5067818, 2.683423
AnkleRight: -0.2794342, -0.7895274, 2.585551
FootRight: -0.3038048, -0.8374289, 2.469863
=========
HipCenter: -0.2643523, 0.107135, 2.797705
Spine: -0.2820204, 0.1542124, 2.872903
ShoulderCenter: -0.3070875, 0.5307842, 2.980726
Head: -0.2672304, 0.706713, 2.972958
ShoulderLeft: -0.4485582, 0.3953267, 2.888269
ElbowLeft: -0.4880978, 0.1431019, 2.789857
WristLeft: -0.4755113, -0.1271291, 2.646338
HandLeft: -0.4756572, -0.2034125, 2.603029
ShoulderRight: -0.1289832, 0.4002679, 2.963617
ElbowRight: -0.106795, 0.1492991, 2.85374
WristRight: -0.1156094, -0.1128097, 2.687469
HandRight: -0.1121036, -0.1690961, 2.672403
HipLeft: -0.329296, 0.04301084, 2.750911
KneeLeft: -0.3456848, -0.4025032, 2.677958
AnkleLeft: -0.3199221, -0.7820948, 2.592063
FootLeft: -0.2886941, -0.8380573, 2.475766
HipRight: -0.1862736, 0.03948758, 2.7843
KneeRight: -0.2999376, -0.5068819, 2.68336
AnkleRight: -0.2793419, -0.7895137, 2.585638
FootRight: -0.3036716, -0.8374095, 2.470215
=========
HipCenter: -0.264314, 0.107096, 2.79776
Spine: -0.2819902, 0.1541993, 2.872965
ShoulderCenter: -0.3069482, 0.5307586, 2.981084
Head: -0.2670728, 0.7063813, 2.973656
ShoulderLeft: -0.4485046, 0.395393, 2.888562
ElbowLeft: -0.488064, 0.1427386, 2.78988
WristLeft: -0.4740581, -0.1289189, 2.645406
HandLeft: -0.4667077, -0.2158118, 2.599371
ShoulderRight: -0.1288942, 0.4001217, 2.963725
ElbowRight: -0.1068292, 0.149218, 2.853844
WristRight: -0.1157839, -0.1143664, 2.686474
HandRight: -0.1133435, -0.1723518, 2.672273
HipLeft: -0.3292637, 0.04303802, 2.75102
KneeLeft: -0.3451369, -0.4031657, 2.677846
AnkleLeft: -0.3198733, -0.7821313, 2.59207
FootLeft: -0.28863, -0.8380845, 2.475914
HipRight: -0.1862251, 0.03929269, 2.784208
KneeRight: -0.299948, -0.5069231, 2.683294
AnkleRight: -0.2792549, -0.7895036, 2.585722
FootRight: -0.3035602, -0.8373907, 2.470514
=========
HipCenter: -0.2642769, 0.1070615, 2.797814
Spine: -0.2819561, 0.1541837, 2.873029
ShoulderCenter: -0.3068345, 0.5307317, 2.981393
Head: -0.2669108, 0.7060897, 2.974331
ShoulderLeft: -0.4484719, 0.3954968, 2.888961
ElbowLeft: -0.4880387, 0.1424518, 2.789916
WristLeft: -0.4730119, -0.1301951, 2.644682
HandLeft: -0.5012318, -0.1730099, 2.61488
ShoulderRight: -0.1288163, 0.3999933, 2.963822
ElbowRight: -0.106859, 0.1490797, 2.853981
WristRight: -0.1159104, -0.1155195, 2.685712
HandRight: -0.1139052, -0.174833, 2.672353
HipLeft: -0.3292196, 0.04305937, 2.751169
KneeLeft: -0.344582, -0.403462, 2.677778
AnkleLeft: -0.3198117, -0.7820649, 2.592094
FootLeft: -0.2885191, -0.838107, 2.476168
HipRight: -0.1861777, 0.03913611, 2.784117
KneeRight: -0.2999733, -0.5069197, 2.683228
AnkleRight: -0.2791878, -0.7894965, 2.585787
FootRight: -0.3033972, -0.8373667, 2.470821
=========
HipCenter: -0.2642513, 0.1070454, 2.797863
Spine: -0.2819275, 0.1541733, 2.87309
ShoulderCenter: -0.3067489, 0.5306867, 2.981654
Head: -0.2667833, 0.7058647, 2.974935
ShoulderLeft: -0.4484451, 0.3955986, 2.889341
ElbowLeft: -0.4880266, 0.1422352, 2.789952
WristLeft: -0.4722293, -0.1311109, 2.644133
HandLeft: -0.5167878, -0.1552037, 2.620953
ShoulderRight: -0.1287791, 0.3998471, 2.963877
ElbowRight: -0.106894, 0.1489303, 2.854109
WristRight: -0.1159808, -0.116342, 2.685134
HandRight: -0.1123701, -0.1767824, 2.672974
HipLeft: -0.3291953, 0.04313507, 2.751207
KneeLeft: -0.3443217, -0.4027665, 2.677822
AnkleLeft: -0.3196914, -0.7797717, 2.592443
FootLeft: -0.2884002, -0.8381132, 2.476357
HipRight: -0.1861468, 0.03898405, 2.784104
KneeRight: -0.3000225, -0.5068792, 2.683159
AnkleRight: -0.2791283, -0.7894901, 2.585846
FootRight: -0.3033414, -0.8373556, 2.470958
=========
HipCenter: -0.2642268, 0.1070294, 2.79791
Spine: -0.2818999, 0.1541596, 2.873148
ShoulderCenter: -0.3066897, 0.53063, 2.981885
Head: -0.2666839, 0.7056955, 2.975437
ShoulderLeft: -0.4484224, 0.3957006, 2.889691
ElbowLeft: -0.4880478, 0.1420914, 2.790079
WristLeft: -0.4716986, -0.1317156, 2.643788
HandLeft: -0.5250537, -0.1465858, 2.623943
ShoulderRight: -0.1287603, 0.3997186, 2.963922
ElbowRight: -0.1069383, 0.1487575, 2.854209
WristRight: -0.1120974, -0.09915532, 2.693534
HandRight: -0.1108088, -0.1658253, 2.675698
HipLeft: -0.3291637, 0.04319661, 2.751262
KneeLeft: -0.3439798, -0.4020445, 2.67789
AnkleLeft: -0.3196734, -0.778115, 2.59269
FootLeft: -0.2882961, -0.838114, 2.476532
HipRight: -0.1861185, 0.03885772, 2.784087
KneeRight: -0.3000798, -0.5068085, 2.683094
AnkleRight: -0.2790627, -0.7894837, 2.585903
FootRight: -0.3033144, -0.837345, 2.471071
=========
HipCenter: -0.2642072, 0.1069343, 2.79795
Spine: -0.2818579, 0.1540946, 2.873209
ShoulderCenter: -0.3066423, 0.5305759, 2.982087
Head: -0.2666273, 0.7055704, 2.975812
ShoulderLeft: -0.4484081, 0.3957915, 2.890007
ElbowLeft: -0.488048, 0.1420087, 2.790165
WristLeft: -0.4713059, -0.1321534, 2.643562
HandLeft: -0.5305195, -0.1410951, 2.62633
ShoulderRight: -0.1289439, 0.3991647, 2.963444
ElbowRight: -0.1069818, 0.1485937, 2.8543
WristRight: -0.1094457, -0.08752483, 2.69942
HandRight: -0.1090292, -0.1596151, 2.676626
HipLeft: -0.3291528, 0.04320259, 2.751294
KneeLeft: -0.3436255, -0.4014512, 2.677952
AnkleLeft: -0.3196394, -0.7771015, 2.592826
FootLeft: -0.2882054, -0.8381099, 2.476675
HipRight: -0.1860895, 0.03861538, 2.784054
KneeRight: -0.3001394, -0.5067238, 2.683031
AnkleRight: -0.2790006, -0.7894759, 2.585953
FootRight: -0.3032912, -0.8373351, 2.471149
=========
HipCenter: -0.2641971, 0.1068419, 2.797987
Spine: -0.2818228, 0.1540316, 2.873266
ShoulderCenter: -0.3066109, 0.530535, 2.982262
Head: -0.2665968, 0.7054679, 2.976068
ShoulderLeft: -0.4484079, 0.3958768, 2.890295
ElbowLeft: -0.4880859, 0.1419837, 2.790318
WristLeft: -0.4709933, -0.1324288, 2.643422
HandLeft: -0.5340118, -0.1375645, 2.627756
ShoulderRight: -0.1291495, 0.398618, 2.962928
ElbowRight: -0.1070365, 0.1482202, 2.854331
WristRight: -0.1033993, -0.07162141, 2.708212
HandRight: -0.1042095, -0.1516974, 2.677807
HipLeft: -0.3291497, 0.04320306, 2.751329
KneeLeft: -0.3432644, -0.4009175, 2.678017
AnkleLeft: -0.3196167, -0.7764186, 2.592926
FootLeft: -0.2881077, -0.8381058, 2.476799
HipRight: -0.1860872, 0.0384064, 2.783996
KneeRight: -0.3001997, -0.5066314, 2.682972
AnkleRight: -0.2789368, -0.7894737, 2.586
FootRight: -0.3032767, -0.8373255, 2.47121
=========
HipCenter: -0.2641927, 0.1067738, 2.798021
Spine: -0.2817938, 0.1539781, 2.873321
ShoulderCenter: -0.3065945, 0.5304949, 2.982424
Head: -0.2665824, 0.7053977, 2.976237
ShoulderLeft: -0.4484186, 0.3959522, 2.89054
ElbowLeft: -0.4881377, 0.1420106, 2.790514
WristLeft: -0.4707865, -0.1325787, 2.643329
HandLeft: -0.5364547, -0.1352437, 2.628632
ShoulderRight: -0.1295083, 0.3979978, 2.962283
ElbowRight: -0.1072743, 0.1460107, 2.852675
WristRight: -0.09835918, -0.06474873, 2.712127
HandRight: -0.09878967, -0.148037, 2.678028
HipLeft: -0.3291457, 0.04320881, 2.751355
KneeLeft: -0.3428472, -0.4004781, 2.678107
AnkleLeft: -0.3195953, -0.7760019, 2.592982
FootLeft: -0.2880369, -0.8381048, 2.476877
HipRight: -0.1860996, 0.03826344, 2.783961
KneeRight: -0.3002715, -0.5065263, 2.682923
AnkleRight: -0.2788756, -0.7894721, 2.586045
FootRight: -0.303269, -0.837317, 2.471242
=========
HipCenter: -0.2642067, 0.1067336, 2.798056
Spine: -0.2817867, 0.1539448, 2.87338
ShoulderCenter: -0.3066164, 0.5304978, 2.982727
Head: -0.2665966, 0.7053134, 2.976397
ShoulderLeft: -0.4484306, 0.3960202, 2.89074
ElbowLeft: -0.4882385, 0.1421099, 2.790783
WristLeft: -0.4706599, -0.132605, 2.643315
HandLeft: -0.5382769, -0.1338561, 2.629344
ShoulderRight: -0.1299608, 0.3976041, 2.961774
ElbowRight: -0.106718, 0.142983, 2.849952
WristRight: -0.09069983, -0.06039589, 2.714706
HandRight: -0.08472997, -0.1457365, 2.677711
HipLeft: -0.3291522, 0.04323572, 2.751387
KneeLeft: -0.3424599, -0.4000859, 2.678213
AnkleLeft: -0.319575, -0.7757022, 2.593024
FootLeft: -0.2879668, -0.8381006, 2.476944
HipRight: -0.1861753, 0.03817095, 2.783938
KneeRight: -0.3003404, -0.5064221, 2.68288
AnkleRight: -0.2788087, -0.7894721, 2.586095
FootRight: -0.3032604, -0.837311, 2.471272
=========
HipCenter: -0.264246, 0.1066866, 2.798078
Spine: -0.281803, 0.1539025, 2.873425
ShoulderCenter: -0.3067583, 0.5304706, 2.983035
Head: -0.2666218, 0.7052364, 2.976533
ShoulderLeft: -0.4484628, 0.3960722, 2.890901
ElbowLeft: -0.4883732, 0.1422259, 2.791072
WristLeft: -0.47057, -0.132575, 2.64333
HandLeft: -0.5395338, -0.1329589, 2.629708
ShoulderRight: -0.130422, 0.3972555, 2.961286
ElbowRight: -0.1049183, 0.1407594, 2.848804
WristRight: -0.07717631, -0.05547097, 2.716191
HandRight: -0.06982084, -0.1407642, 2.679669
HipLeft: -0.3291717, 0.04325226, 2.751398
KneeLeft: -0.3420728, -0.3997349, 2.678336
AnkleLeft: -0.3195596, -0.7754862, 2.593054
FootLeft: -0.2878949, -0.8380955, 2.477011
HipRight: -0.1862904, 0.03807758, 2.783897
KneeRight: -0.3004034, -0.5063179, 2.682842
AnkleRight: -0.2787614, -0.7894562, 2.58614
FootRight: -0.3032556, -0.8373057, 2.471289
=========
HipCenter: -0.2643746, 0.1066681, 2.798092
Spine: -0.2818686, 0.1538693, 2.873472
ShoulderCenter: -0.3069699, 0.5304247, 2.983401
Head: -0.2666676, 0.7051766, 2.976682
ShoulderLeft: -0.4485027, 0.3961248, 2.891042
ElbowLeft: -0.4885477, 0.1424318, 2.791478
WristLeft: -0.4757531, -0.1108691, 2.652745
HandLeft: -0.5242161, -0.1332019, 2.632782
ShoulderRight: -0.1308036, 0.3969968, 2.960838
ElbowRight: -0.09748112, 0.1385809, 2.846035
WristRight: -0.04247941, -0.04851367, 2.713893
HandRight: -0.03104502, -0.1341952, 2.680657
HipLeft: -0.3292744, 0.04330663, 2.751415
KneeLeft: -0.3417023, -0.3994241, 2.678463
AnkleLeft: -0.3195468, -0.7753281, 2.593077
FootLeft: -0.2878515, -0.838086, 2.477094
HipRight: -0.1866412, 0.03808859, 2.783691
KneeRight: -0.3004628, -0.5062155, 2.682808
AnkleRight: -0.2787198, -0.7894379, 2.586183
FootRight: -0.3032452, -0.837276, 2.471347
=========
HipCenter: -0.2645572, 0.1066729, 2.798101
Spine: -0.2819697, 0.1538505, 2.873519
ShoulderCenter: -0.3072282, 0.5304056, 2.983731
Head: -0.2667797, 0.7053361, 2.977043
ShoulderLeft: -0.4485486, 0.3961718, 2.891163
ElbowLeft: -0.488638, 0.1426375, 2.791742
WristLeft: -0.4763015, -0.1085507, 2.653466
HandLeft: -0.523716, -0.1332838, 2.633969
ShoulderRight: -0.1311655, 0.396829, 2.960402
ElbowRight: -0.08042099, 0.1375173, 2.841321
WristRight: -0.01415277, -0.04638862, 2.708677
HandRight: -0.007245366, -0.1326002, 2.678384
HipLeft: -0.3294053, 0.04337092, 2.751436
KneeLeft: -0.3414063, -0.3992973, 2.67857
AnkleLeft: -0.3194995, -0.7754317, 2.593066
FootLeft: -0.2878153, -0.8380771, 2.477178
HipRight: -0.187081, 0.03817032, 2.783447
KneeRight: -0.3005252, -0.5061157, 2.682779
AnkleRight: -0.2786656, -0.789404, 2.586246
FootRight: -0.3032357, -0.8372548, 2.471389
=========
HipCenter: -0.2647924, 0.1066903, 2.798106
Spine: -0.2820953, 0.1538409, 2.873566
ShoulderCenter: -0.3074773, 0.5304102, 2.98401
Head: -0.2670103, 0.7054976, 2.977368
ShoulderLeft: -0.4486358, 0.3962104, 2.891278
ElbowLeft: -0.4887824, 0.1429412, 2.792119
WristLeft: -0.4765069, -0.1075554, 2.653664
HandLeft: -0.5239329, -0.133351, 2.634897
ShoulderRight: -0.1314742, 0.396764, 2.96
ElbowRight: -0.06225052, 0.143974, 2.839067
WristRight: 0.01268815, -0.04408553, 2.699936
HandRight: 0.02511304, -0.12892, 2.673152
HipLeft: -0.3296643, 0.04342045, 2.751548
KneeLeft: -0.3411484, -0.3992555, 2.678675
AnkleLeft: -0.3194628, -0.7755799, 2.593049
FootLeft: -0.2877918, -0.8380684, 2.477254
HipRight: -0.1876384, 0.03832395, 2.783072
KneeRight: -0.3005844, -0.5060243, 2.682756
AnkleRight: -0.2786263, -0.7893772, 2.586324
FootRight: -0.3032261, -0.837232, 2.471436
=========
HipCenter: -0.2668568, 0.1064525, 2.798069
Spine: -0.2832526, 0.1536565, 2.873671
ShoulderCenter: -0.3077851, 0.5303915, 2.984272
Head: -0.2678567, 0.7059057, 2.977319
ShoulderLeft: -0.4487684, 0.3962386, 2.891394
ElbowLeft: -0.4888711, 0.1432972, 2.792419
WristLeft: -0.4763882, -0.1077997, 2.65372
HandLeft: -0.5247104, -0.1322358, 2.635094
ShoulderRight: -0.1319104, 0.3970561, 2.959398
ElbowRight: -0.04745188, 0.1535114, 2.837183
WristRight: 0.05067981, -0.03114431, 2.691276
HandRight: 0.06804475, -0.106599, 2.661278
HipLeft: -0.3318893, 0.04309796, 2.752252
KneeLeft: -0.3409771, -0.3994003, 2.678776
AnkleLeft: -0.3194262, -0.7758175, 2.593027
FootLeft: -0.2877627, -0.8380618, 2.477349
HipRight: -0.1915561, 0.03830423, 2.781579
KneeRight: -0.3006402, -0.5059382, 2.682743
AnkleRight: -0.278593, -0.789351, 2.586409
FootRight: -0.3032116, -0.8372083, 2.471483
=========
HipCenter: -0.2688417, 0.1060802, 2.797935
Spine: -0.2844068, 0.1534033, 2.873732
ShoulderCenter: -0.3081005, 0.5303905, 2.984529
Head: -0.2688454, 0.7063471, 2.97715
ShoulderLeft: -0.4488786, 0.3962486, 2.891484
ElbowLeft: -0.4889995, 0.1436347, 2.792697
WristLeft: -0.4761272, -0.1088145, 2.65348
HandLeft: -0.5257869, -0.1312782, 2.635028
ShoulderRight: -0.1324844, 0.3977309, 2.958676
ElbowRight: -0.03022253, 0.1689653, 2.836002
WristRight: 0.07873596, -0.0133584, 2.69083
HandRight: 0.1010561, -0.08761642, 2.656497
HipLeft: -0.3340303, 0.04254773, 2.753022
KneeLeft: -0.3408235, -0.3996357, 2.678889
AnkleLeft: -0.3193304, -0.7764318, 2.592948
FootLeft: -0.2877382, -0.8380606, 2.477471
HipRight: -0.1949137, 0.0383242, 2.779933
KneeRight: -0.3007039, -0.5058603, 2.682735
AnkleRight: -0.27858, -0.7893389, 2.586464
FootRight: -0.3031892, -0.8371949, 2.471514
=========
HipCenter: -0.2721366, 0.1058263, 2.797733
Spine: -0.2864134, 0.1531984, 2.873765
ShoulderCenter: -0.3083933, 0.5303935, 2.984753
Head: -0.2698721, 0.7068452, 2.976974
ShoulderLeft: -0.4490116, 0.3962505, 2.891579
ElbowLeft: -0.4891225, 0.1439354, 2.792916
WristLeft: -0.4757752, -0.1103183, 2.653066
HandLeft: -0.5270926, -0.1303688, 2.635121
ShoulderRight: -0.1329584, 0.3984534, 2.958056
ElbowRight: -0.01623018, 0.1814665, 2.83546
WristRight: 0.1120977, 0.01362826, 2.695055
HandRight: 0.1471785, -0.05833138, 2.659285
HipLeft: -0.3383431, 0.04211055, 2.754266
KneeLeft: -0.3407101, -0.3997352, 2.679
AnkleLeft: -0.3192457, -0.777014, 2.592878
FootLeft: -0.2877233, -0.8380597, 2.477584
HipRight: -0.1992935, 0.03845758, 2.778015
KneeRight: -0.3007663, -0.5057878, 2.682734
AnkleRight: -0.2785802, -0.7893284, 2.586545
FootRight: -0.3031674, -0.8371823, 2.471548
=========
HipCenter: -0.2747578, 0.1056394, 2.797563
Spine: -0.2882279, 0.1529815, 2.873773
ShoulderCenter: -0.3103157, 0.5307744, 2.985984
Head: -0.2708046, 0.7072712, 2.976743
ShoulderLeft: -0.4491439, 0.3962525, 2.891673
ElbowLeft: -0.489324, 0.1442736, 2.793213
WristLeft: -0.4756364, -0.111744, 2.652683
HandLeft: -0.5285808, -0.1297727, 2.634723
ShoulderRight: -0.1334056, 0.3991797, 2.957462
ElbowRight: -0.003134059, 0.195044, 2.837065
WristRight: 0.1326288, 0.02950796, 2.697229
HandRight: 0.1751512, -0.04207212, 2.661653
HipLeft: -0.3415713, 0.0418276, 2.755208
KneeLeft: -0.3406335, -0.3997694, 2.679133
AnkleLeft: -0.3191965, -0.7772812, 2.592854
FootLeft: -0.2877809, -0.8380651, 2.477895
HipRight: -0.2023884, 0.03860924, 2.77656
KneeRight: -0.3008372, -0.5057101, 2.682744
AnkleRight: -0.2786171, -0.78932, 2.586621
FootRight: -0.3031548, -0.8371752, 2.471569
=========
HipCenter: -0.2767205, 0.1054954, 2.797412
Spine: -0.289697, 0.1528042, 2.873769
ShoulderCenter: -0.3117875, 0.5310381, 2.986882
Head: -0.2716379, 0.7076569, 2.976507
ShoulderLeft: -0.4492766, 0.3962561, 2.891766
ElbowLeft: -0.4895552, 0.1445726, 2.793507
WristLeft: -0.4756623, -0.1132819, 2.652382
HandLeft: -0.5303549, -0.1288996, 2.634301
ShoulderRight: -0.1337491, 0.3998302, 2.956965
ElbowRight: 0.007932573, 0.2064396, 2.836619
WristRight: 0.1623667, 0.05062519, 2.698557
HandRight: 0.2151842, -0.01837226, 2.664747
HipLeft: -0.3438327, 0.04159316, 2.755698
KneeLeft: -0.3405204, -0.3998735, 2.679366
AnkleLeft: -0.3191182, -0.7776437, 2.592809
FootLeft: -0.2878452, -0.8380699, 2.478206
HipRight: -0.2043148, 0.03867507, 2.775639
KneeRight: -0.3009033, -0.5056299, 2.682764
AnkleRight: -0.2786725, -0.7892977, 2.586683
FootRight: -0.3031431, -0.8371681, 2.471583
=========
HipCenter: -0.2781745, 0.1053846, 2.797276
Spine: -0.2908411, 0.1526716, 2.873754
ShoulderCenter: -0.3127869, 0.531292, 2.987493
Head: -0.272304, 0.7079778, 2.976316
ShoulderLeft: -0.4494042, 0.3962569, 2.891852
ElbowLeft: -0.4897927, 0.144819, 2.793783
WristLeft: -0.4758835, -0.1148016, 2.652053
HandLeft: -0.5320159, -0.1291624, 2.633211
ShoulderRight: -0.1340262, 0.4004455, 2.956498
ElbowRight: 0.02228689, 0.222219, 2.832993
WristRight: 0.1784647, 0.06838229, 2.702283
HandRight: 0.2319176, -0.003569183, 2.669033
HipLeft: -0.3454736, 0.0413979, 2.7561
KneeLeft: -0.34036, -0.4000513, 2.679636
AnkleLeft: -0.3190332, -0.7781007, 2.592754
FootLeft: -0.2879103, -0.8380687, 2.478497
HipRight: -0.2056337, 0.03875796, 2.774801
KneeRight: -0.300943, -0.5055792, 2.682781
AnkleRight: -0.2787585, -0.7892644, 2.586755
FootRight: -0.3031329, -0.8371615, 2.471594
=========
HipCenter: -0.2822784, 0.1055079, 2.797805
Spine: -0.2939548, 0.1526186, 2.87433
ShoulderCenter: -0.3131987, 0.5312896, 2.987831
Head: -0.273296, 0.708513, 2.975847
ShoulderLeft: -0.4499546, 0.3962199, 2.892143
ElbowLeft: -0.49075, 0.1451701, 2.795242
WristLeft: -0.4844496, -0.09817512, 2.667106
HandLeft: -0.5249192, -0.1315346, 2.638108
ShoulderRight: -0.1323896, 0.4042948, 2.956897
ElbowRight: 0.1033166, 0.3450644, 2.852186
WristRight: 0.3178658, 0.325877, 2.762734
HandRight: 0.4040028, 0.3058035, 2.732352
HipLeft: -0.3532771, 0.04086564, 2.758855
KneeLeft: -0.3400697, -0.3981574, 2.680244
AnkleLeft: -0.3189605, -0.7761635, 2.593046
FootLeft: -0.2879026, -0.838081, 2.478784
HipRight: -0.2081516, 0.03870902, 2.774159
KneeRight: -0.3011388, -0.5054669, 2.683058
AnkleRight: -0.2787829, -0.7892479, 2.586789
FootRight: -0.30309, -0.8371559, 2.471609
=========
HipCenter: -0.285453, 0.1056465, 2.798252
Spine: -0.2963805, 0.1526112, 2.874817
ShoulderCenter: -0.3132331, 0.5311672, 2.988107
Head: -0.2742544, 0.7090569, 2.975374
ShoulderLeft: -0.450533, 0.3961706, 2.892461
ElbowLeft: -0.4917922, 0.1455729, 2.797158
WristLeft: -0.4896238, -0.08754025, 2.676626
HandLeft: -0.5189653, -0.1334814, 2.64223
ShoulderRight: -0.130541, 0.4079068, 2.957294
ElbowRight: 0.140487, 0.4046511, 2.862859
WristRight: 0.3607886, 0.395829, 2.778497
HandRight: 0.4527743, 0.3823169, 2.744457
HipLeft: -0.3588576, 0.04048907, 2.760811
KneeLeft: -0.339512, -0.3979513, 2.681124
AnkleLeft: -0.3188858, -0.7761894, 2.59305
FootLeft: -0.2878994, -0.8380878, 2.479036
HipRight: -0.2101579, 0.03866027, 2.773653
KneeRight: -0.3013362, -0.5053643, 2.683346
AnkleRight: -0.2788051, -0.7892235, 2.586828
FootRight: -0.3030382, -0.8371508, 2.471624
=========
HipCenter: -0.287992, 0.1058928, 2.798642
Spine: -0.2983429, 0.1527072, 2.875231
ShoulderCenter: -0.313172, 0.5310283, 2.98829
Head: -0.2750429, 0.7095155, 2.974932
ShoulderLeft: -0.4511011, 0.3960958, 2.892833
ElbowLeft: -0.4928463, 0.1459773, 2.799316
WristLeft: -0.4924589, -0.0811392, 2.682274
HandLeft: -0.5138628, -0.1351875, 2.645378
ShoulderRight: -0.1287777, 0.4109598, 2.957672
ElbowRight: 0.1523346, 0.4317223, 2.870784
WristRight: 0.3612894, 0.4319144, 2.792317
HandRight: 0.4509803, 0.4316002, 2.757615
HipLeft: -0.3628388, 0.04032283, 2.762316
KneeLeft: -0.3391699, -0.3979296, 2.68169
AnkleLeft: -0.318799, -0.7764826, 2.593007
FootLeft: -0.2878949, -0.838096, 2.479244
HipRight: -0.2117973, 0.03870896, 2.773176
KneeRight: -0.3015151, -0.5052829, 2.683626
AnkleRight: -0.2788159, -0.7891941, 2.586878
FootRight: -0.3029827, -0.8371478, 2.47164
=========
HipCenter: -0.2898488, 0.1061016, 2.798935
Spine: -0.2998086, 0.1528051, 2.875548
ShoulderCenter: -0.3128501, 0.5306627, 2.98827
Head: -0.2757447, 0.7099016, 2.9745
ShoulderLeft: -0.4516366, 0.3960304, 2.893188
ElbowLeft: -0.4934803, 0.145696, 2.800458
WristLeft: -0.4941735, -0.07710876, 2.685839
HandLeft: -0.5099415, -0.1365035, 2.647784
ShoulderRight: -0.1269639, 0.4137208, 2.958071
ElbowRight: 0.152045, 0.4534179, 2.879116
WristRight: 0.3969074, 0.4804458, 2.805541
HandRight: 0.5050874, 0.5104089, 2.77318
HipLeft: -0.3655296, 0.04020802, 2.763284
KneeLeft: -0.338811, -0.3980676, 2.682252
AnkleLeft: -0.3187256, -0.776845, 2.592955
FootLeft: -0.2878864, -0.8381048, 2.479422
HipRight: -0.2129864, 0.03874617, 2.772822
KneeRight: -0.301672, -0.5052143, 2.683895
AnkleRight: -0.2788153, -0.7891516, 2.586953
FootRight: -0.3029068, -0.8371311, 2.471758
=========
HipCenter: -0.2912135, 0.1062808, 2.799161
Spine: -0.3008911, 0.1528984, 2.875798
ShoulderCenter: -0.3126403, 0.5304322, 2.988313
Head: -0.2763118, 0.7102524, 2.974221
ShoulderLeft: -0.4520908, 0.3959748, 2.893516
ElbowLeft: -0.493984, 0.1453777, 2.801356
WristLeft: -0.4952978, -0.0744143, 2.688185
HandLeft: -0.5069785, -0.1374383, 2.649496
ShoulderRight: -0.1253975, 0.415971, 2.958247
ElbowRight: 0.1286294, 0.4711851, 2.89608
WristRight: 0.3381938, 0.4867866, 2.821305
HandRight: 0.4517656, 0.5129826, 2.787299
HipLeft: -0.3673635, 0.04013706, 2.763946
KneeLeft: -0.3384474, -0.3983423, 2.682817
AnkleLeft: -0.3186578, -0.7772402, 2.592898
FootLeft: -0.2878776, -0.8381124, 2.479576
HipRight: -0.2138703, 0.03878921, 2.772546
KneeRight: -0.3018167, -0.5051574, 2.684144
AnkleRight: -0.2788106, -0.7891008, 2.587041
FootRight: -0.3028331, -0.837112, 2.471905
=========
HipCenter: -0.2922074, 0.1064506, 2.799331
Spine: -0.3016681, 0.1530119, 2.87599
ShoulderCenter: -0.3123122, 0.5302922, 2.988316
Head: -0.276809, 0.7105805, 2.974057
ShoulderLeft: -0.4524843, 0.3959287, 2.893823
ElbowLeft: -0.4944034, 0.1448881, 2.802118
WristLeft: -0.4959345, -0.07286745, 2.68957
HandLeft: -0.5044814, -0.1385243, 2.650595
ShoulderRight: -0.1239054, 0.4180782, 2.958353
ElbowRight: 0.1349865, 0.4884078, 2.899882
WristRight: 0.3821382, 0.5113304, 2.818131
HandRight: 0.4790498, 0.5455902, 2.79091
HipLeft: -0.3686392, 0.04009763, 2.764402
KneeLeft: -0.3381184, -0.3986497, 2.683335
AnkleLeft: -0.3186125, -0.7774742, 2.592866
FootLeft: -0.2878689, -0.8381149, 2.479713
HipRight: -0.2145188, 0.03883291, 2.772336
KneeRight: -0.3019518, -0.5051281, 2.684384
AnkleRight: -0.2787942, -0.7890114, 2.587192
FootRight: -0.3027806, -0.8370997, 2.472
=========
HipCenter: -0.2928385, 0.1065588, 2.799452
Spine: -0.3021701, 0.1530865, 2.876126
ShoulderCenter: -0.3119329, 0.5301347, 2.988248
Head: -0.2771902, 0.7108304, 2.973928
ShoulderLeft: -0.4528039, 0.3958819, 2.894085
ElbowLeft: -0.4947382, 0.1443, 2.802757
WristLeft: -0.4961589, -0.07195883, 2.690289
HandLeft: -0.5023171, -0.1393747, 2.651322
ShoulderRight: -0.1225973, 0.419925, 2.958471
ElbowRight: 0.1326452, 0.4925482, 2.901229
WristRight: 0.3860101, 0.5196672, 2.821928
HandRight: 0.4810977, 0.5466175, 2.791621
HipLeft: -0.3694967, 0.0400556, 2.764714
KneeLeft: -0.3377606, -0.3990363, 2.683836
AnkleLeft: -0.3185762, -0.7778199, 2.592824
FootLeft: -0.2878599, -0.838116, 2.479835
HipRight: -0.2149168, 0.03884808, 2.772209
KneeRight: -0.3020723, -0.5051075, 2.6846
AnkleRight: -0.2787616, -0.7888497, 2.587405
FootRight: -0.3027064, -0.8370784, 2.472147
=========
HipCenter: -0.2931496, 0.1067043, 2.799608
Spine: -0.3024451, 0.1531876, 2.876267
ShoulderCenter: -0.3115369, 0.5299968, 2.988144
Head: -0.2775014, 0.711037, 2.973827
ShoulderLeft: -0.4530676, 0.395846, 2.894332
ElbowLeft: -0.4949477, 0.1439814, 2.80321
WristLeft: -0.4955676, -0.07226698, 2.689477
HandLeft: -0.5002791, -0.140525, 2.651508
ShoulderRight: -0.1209261, 0.4223627, 2.958902
ElbowRight: 0.1313987, 0.4947287, 2.901376
WristRight: 0.3898271, 0.5299506, 2.827099
HandRight: 0.4820155, 0.5444115, 2.793334
HipLeft: -0.3696811, 0.04004655, 2.76497
KneeLeft: -0.3373542, -0.3995921, 2.684346
AnkleLeft: -0.318557, -0.7780403, 2.592797
FootLeft: -0.2878559, -0.8381099, 2.479952
HipRight: -0.2148737, 0.03883183, 2.772167
KneeRight: -0.302177, -0.5050939, 2.684788
AnkleRight: -0.2787022, -0.7885412, 2.587728
FootRight: -0.3026502, -0.8370552, 2.472261
=========
HipCenter: -0.2932473, 0.1069172, 2.799821
Spine: -0.3025359, 0.1533558, 2.876446
ShoulderCenter: -0.3111, 0.5298859, 2.988007
Head: -0.2777661, 0.7112276, 2.973754
ShoulderLeft: -0.453321, 0.3958678, 2.894734
ElbowLeft: -0.4950843, 0.1436161, 2.803555
WristLeft: -0.4948856, -0.07248503, 2.68877
HandLeft: -0.4986717, -0.1411727, 2.651628
ShoulderRight: -0.1192126, 0.4248109, 2.95944
ElbowRight: 0.130603, 0.4956243, 2.900821
WristRight: 0.3917443, 0.5333191, 2.828639
HandRight: 0.4829609, 0.5451171, 2.794711
HipLeft: -0.3694302, 0.04009676, 2.765416
KneeLeft: -0.3365858, -0.4007467, 2.684983
AnkleLeft: -0.3185454, -0.778348, 2.592775
FootLeft: -0.2878731, -0.8380904, 2.480083
HipRight: -0.2147204, 0.0388533, 2.772139
KneeRight: -0.3022673, -0.5050895, 2.684961
AnkleRight: -0.2786299, -0.7883124, 2.587998
FootRight: -0.3025903, -0.8370284, 2.472388
=========
HipCenter: -0.2932011, 0.1071763, 2.80004
Spine: -0.3025156, 0.1535672, 2.876628
ShoulderCenter: -0.310737, 0.5298122, 2.987884
Head: -0.2779865, 0.7113993, 2.973696
ShoulderLeft: -0.4535145, 0.3958951, 2.895096
ElbowLeft: -0.4951728, 0.1434096, 2.803808
WristLeft: -0.4940279, -0.07288246, 2.687854
HandLeft: -0.4968269, -0.1416189, 2.651328
ShoulderRight: -0.1177025, 0.4270192, 2.960011
ElbowRight: 0.1298936, 0.4970111, 2.900788
WristRight: 0.3933087, 0.5371811, 2.830977
HandRight: 0.4838354, 0.547325, 2.796359
HipLeft: -0.3689889, 0.0401644, 2.765797
KneeLeft: -0.3358309, -0.4018553, 2.6854
AnkleLeft: -0.318525, -0.7787206, 2.592755
FootLeft: -0.2878978, -0.8380688, 2.480231
HipRight: -0.2144492, 0.03896403, 2.772143
KneeRight: -0.3023177, -0.5051045, 2.685127
AnkleRight: -0.2785312, -0.7881024, 2.588305
FootRight: -0.3025366, -0.8370029, 2.472511
=========
HipCenter: -0.2930061, 0.107496, 2.80027
Spine: -0.3023716, 0.1538369, 2.876817
ShoulderCenter: -0.3103854, 0.5297628, 2.987754
Head: -0.2781617, 0.7115351, 2.973652
ShoulderLeft: -0.4536303, 0.3959269, 2.895357
ElbowLeft: -0.4951938, 0.1432874, 2.803999
WristLeft: -0.4931487, -0.07323938, 2.68701
HandLeft: -0.4949974, -0.1418979, 2.651037
ShoulderRight: -0.1162068, 0.4291615, 2.960586
ElbowRight: 0.1294316, 0.4983224, 2.900936
WristRight: 0.3970476, 0.5464489, 2.834376
HandRight: 0.4849814, 0.5498911, 2.79772
HipLeft: -0.3684323, 0.04023856, 2.766125
KneeLeft: -0.3353661, -0.402505, 2.685627
AnkleLeft: -0.3185111, -0.7789819, 2.59273
FootLeft: -0.2879426, -0.838033, 2.480407
HipRight: -0.2140108, 0.03919648, 2.772151
KneeRight: -0.3023481, -0.505129, 2.685276
AnkleRight: -0.2783683, -0.7878309, 2.58878
FootRight: -0.3024656, -0.8369654, 2.472716
=========
HipCenter: -0.2924723, 0.1082851, 2.800586
Spine: -0.301966, 0.1544412, 2.877083
ShoulderCenter: -0.3100751, 0.5297581, 2.98768
Head: -0.2783027, 0.7116742, 2.973622
ShoulderLeft: -0.453706, 0.3959666, 2.895578
ElbowLeft: -0.4951541, 0.1431553, 2.804144
WristLeft: -0.4920712, -0.07362194, 2.686282
HandLeft: -0.4934504, -0.1420863, 2.650723
ShoulderRight: -0.1150053, 0.4308794, 2.961019
ElbowRight: 0.1374465, 0.5083631, 2.905136
WristRight: 0.40072, 0.5665795, 2.845182
HandRight: 0.4837564, 0.5863236, 2.837993
HipLeft: -0.3676192, 0.04053088, 2.766484
KneeLeft: -0.3349282, -0.4030278, 2.685756
AnkleLeft: -0.3184942, -0.7792172, 2.5927
FootLeft: -0.2879801, -0.8379964, 2.480586
HipRight: -0.2130445, 0.04028204, 2.771959
KneeRight: -0.3023701, -0.5051576, 2.685403
AnkleRight: -0.278226, -0.7875834, 2.58922
FootRight: -0.3023979, -0.8369322, 2.472911
=========
HipCenter: -0.2900134, 0.1095631, 2.801309
Spine: -0.3003536, 0.1554203, 2.877661
ShoulderCenter: -0.3098086, 0.5297875, 2.987649
Head: -0.2783884, 0.7117363, 2.973566
ShoulderLeft: -0.453719, 0.3960757, 2.895862
ElbowLeft: -0.4949188, 0.1432192, 2.804471
WristLeft: -0.4910501, -0.07231301, 2.686181
HandLeft: -0.4921719, -0.1422053, 2.650422
ShoulderRight: -0.1140379, 0.4322668, 2.961324
ElbowRight: 0.1201175, 0.5115566, 2.91207
WristRight: 0.3987855, 0.5756714, 2.851118
HandRight: 0.4833553, 0.5991511, 2.852087
HipLeft: -0.3633021, 0.04079684, 2.767497
KneeLeft: -0.3346094, -0.4034419, 2.685801
AnkleLeft: -0.3184778, -0.7794293, 2.592671
FootLeft: -0.2880243, -0.8379535, 2.480762
HipRight: -0.2089814, 0.04245375, 2.771926
KneeRight: -0.3023774, -0.5051818, 2.685506
AnkleRight: -0.2780962, -0.7873628, 2.589613
FootRight: -0.3023294, -0.8369008, 2.47309
=========
HipCenter: -0.2878047, 0.1106293, 2.801918
Spine: -0.2987572, 0.1562833, 2.878189
ShoulderCenter: -0.3095001, 0.5298431, 2.987687
Head: -0.2784564, 0.7117842, 2.973511
ShoulderLeft: -0.4537002, 0.3961653, 2.896101
ElbowLeft: -0.4946592, 0.1433298, 2.804782
WristLeft: -0.4901383, -0.0715434, 2.686119
HandLeft: -0.4911933, -0.1422694, 2.650226
ShoulderRight: -0.1131594, 0.4335569, 2.961663
ElbowRight: 0.1110987, 0.512748, 2.916213
WristRight: 0.3974417, 0.580956, 2.854638
HandRight: 0.4831423, 0.6063992, 2.860017
HipLeft: -0.3598402, 0.04098834, 2.768248
KneeLeft: -0.3343791, -0.4036995, 2.685801
AnkleLeft: -0.318456, -0.7797145, 2.592629
FootLeft: -0.2880992, -0.8379024, 2.480915
HipRight: -0.20574, 0.04412204, 2.771905
KneeRight: -0.3023575, -0.505206, 2.6856
AnkleRight: -0.2780157, -0.7872301, 2.589847
FootRight: -0.3022959, -0.83688, 2.473163
=========
HipCenter: -0.2856371, 0.1115247, 2.802438
Spine: -0.2970863, 0.1570332, 2.878671
ShoulderCenter: -0.3092207, 0.5298941, 2.987738
Head: -0.2785046, 0.7118203, 2.973446
ShoulderLeft: -0.4536614, 0.3962544, 2.896317
ElbowLeft: -0.4941687, 0.1436343, 2.805111
WristLeft: -0.4893463, -0.07096162, 2.686047
HandLeft: -0.4904514, -0.1422801, 2.650091
ShoulderRight: -0.1123978, 0.4346351, 2.961942
ElbowRight: 0.1118573, 0.5141281, 2.917785
WristRight: 0.3976397, 0.5843867, 2.856553
HandRight: 0.4830437, 0.6110526, 2.865266
HipLeft: -0.3567761, 0.04103138, 2.768513
KneeLeft: -0.3341292, -0.4047654, 2.685269
AnkleLeft: -0.3184419, -0.7798927, 2.592606
FootLeft: -0.2882331, -0.8378286, 2.481091
HipRight: -0.2025512, 0.0454552, 2.772163
KneeRight: -0.3022975, -0.5052406, 2.685687
AnkleRight: -0.2779247, -0.7871007, 2.590082
FootRight: -0.3022719, -0.8368616, 2.473221
=========
HipCenter: -0.2839608, 0.1122597, 2.802808
Spine: -0.2957053, 0.1576821, 2.879037
ShoulderCenter: -0.3088927, 0.5299961, 2.98781
Head: -0.2785393, 0.7118599, 2.973392
ShoulderLeft: -0.4535684, 0.3963511, 2.896531
ElbowLeft: -0.4937052, 0.1438437, 2.805283
WristLeft: -0.4883109, -0.07053324, 2.686001
HandLeft: -0.4898461, -0.1422428, 2.649983
ShoulderRight: -0.1115988, 0.4357908, 2.962338
ElbowRight: 0.1132851, 0.5146924, 2.918525
WristRight: 0.3979336, 0.5866469, 2.857746
HandRight: 0.4831853, 0.6138026, 2.868805
HipLeft: -0.3547961, 0.04119697, 2.768547
KneeLeft: -0.3339234, -0.4052961, 2.684893
AnkleLeft: -0.31841, -0.7801214, 2.592584
FootLeft: -0.2883785, -0.8377546, 2.48124
HipRight: -0.2002691, 0.04641646, 2.772371
KneeRight: -0.3021671, -0.5052829, 2.685784
AnkleRight: -0.2778667, -0.7870138, 2.590234
FootRight: -0.3022679, -0.8368449, 2.473245
=========
HipCenter: -0.2827266, 0.1129842, 2.803118
Spine: -0.2946306, 0.1583235, 2.879353
ShoulderCenter: -0.3086045, 0.5301154, 2.987902
Head: -0.2785635, 0.7119127, 2.973344
ShoulderLeft: -0.453465, 0.3964448, 2.896707
ElbowLeft: -0.4931849, 0.1441787, 2.805481
WristLeft: -0.4874149, -0.07023631, 2.685971
HandLeft: -0.4893549, -0.1421905, 2.649916
ShoulderRight: -0.1109161, 0.4367518, 2.96269
ElbowRight: 0.1149619, 0.5146135, 2.918117
WristRight: 0.3986614, 0.5868269, 2.857493
HandRight: 0.4838263, 0.6136001, 2.870318
HipLeft: -0.3534802, 0.0414499, 2.768519
KneeLeft: -0.3350416, -0.3974892, 2.682387
AnkleLeft: -0.3184307, -0.7768176, 2.593269
FootLeft: -0.2885379, -0.8376575, 2.481456
HipRight: -0.1987108, 0.04720542, 2.772581
KneeRight: -0.3019781, -0.5053278, 2.685885
AnkleRight: -0.2778169, -0.7869381, 2.590358
FootRight: -0.3022656, -0.8368313, 2.473269
=========
HipCenter: -0.2816799, 0.1136656, 2.803396
Spine: -0.2937059, 0.1589183, 2.879641
ShoulderCenter: -0.308368, 0.5302352, 2.988033
Head: -0.2785866, 0.7119613, 2.973282
ShoulderLeft: -0.4533341, 0.3965171, 2.896888
ElbowLeft: -0.4927421, 0.1444226, 2.805639
WristLeft: -0.4865751, -0.06999641, 2.68593
HandLeft: -0.4888744, -0.1420356, 2.649797
ShoulderRight: -0.1099303, 0.438083, 2.963435
ElbowRight: 0.1297264, 0.5154576, 2.913285
WristRight: 0.3995392, 0.5857199, 2.856371
HandRight: 0.4847179, 0.6116375, 2.870274
HipLeft: -0.3524722, 0.04168177, 2.768492
KneeLeft: -0.3355208, -0.3940084, 2.681218
AnkleLeft: -0.3183393, -0.7737994, 2.593888
FootLeft: -0.2886907, -0.8375596, 2.481656
HipRight: -0.1974541, 0.04791821, 2.772747
KneeRight: -0.3017618, -0.5053702, 2.68599
AnkleRight: -0.2777751, -0.7868688, 2.590463
FootRight: -0.3022679, -0.8368186, 2.473287
=========
HipCenter: -0.2810089, 0.1141451, 2.803584
Spine: -0.2930955, 0.1593567, 2.879844
ShoulderCenter: -0.3082613, 0.5303502, 2.98814
Head: -0.2785853, 0.7120472, 2.973237
ShoulderLeft: -0.4531764, 0.3965978, 2.897095
ElbowLeft: -0.4922906, 0.1448043, 2.80588
WristLeft: -0.4858344, -0.06981271, 2.685901
HandLeft: -0.488438, -0.1418365, 2.649684
ShoulderRight: -0.1091323, 0.4391541, 2.964059
ElbowRight: 0.1362412, 0.5156063, 2.911125
WristRight: 0.4003608, 0.5840402, 2.855028
HandRight: 0.4856812, 0.6087734, 2.869387
HipLeft: -0.3518097, 0.04182407, 2.768462
KneeLeft: -0.3361619, -0.3922417, 2.680138
AnkleLeft: -0.3182944, -0.7729369, 2.594089
FootLeft: -0.2888452, -0.8374665, 2.481837
HipRight: -0.1966835, 0.04839846, 2.772857
KneeRight: -0.3015461, -0.5054074, 2.686088
AnkleRight: -0.2777223, -0.7867604, 2.590571
FootRight: -0.3022863, -0.8368053, 2.473285
=========
HipCenter: -0.2804286, 0.1151807, 2.803885
Spine: -0.2925167, 0.160124, 2.880099
ShoulderCenter: -0.3081214, 0.5304705, 2.988227
Head: -0.2785631, 0.7121778, 2.973206
ShoulderLeft: -0.4530211, 0.3966737, 2.897303
ElbowLeft: -0.4918747, 0.1451898, 2.806108
WristLeft: -0.4847142, -0.06849168, 2.686249
HandLeft: -0.4880451, -0.1416124, 2.649561
ShoulderRight: -0.1080463, 0.440656, 2.965127
ElbowRight: 0.1392924, 0.5155193, 2.910125
WristRight: 0.401086, 0.5821945, 2.853621
HandRight: 0.4866052, 0.6056659, 2.868009
HipLeft: -0.3513629, 0.04224448, 2.768453
KneeLeft: -0.3368509, -0.3903552, 2.679144
AnkleLeft: -0.318206, -0.7717344, 2.59434
FootLeft: -0.2889871, -0.8373761, 2.481998
HipRight: -0.1961429, 0.04911014, 2.772988
KneeRight: -0.301318, -0.505429, 2.686177
AnkleRight: -0.2776465, -0.7866384, 2.590664
FootRight: -0.3023085, -0.8367921, 2.473277
=========
HipCenter: -0.2796401, 0.1159114, 2.804137
Spine: -0.2918157, 0.160748, 2.880307
ShoulderCenter: -0.3080045, 0.5305809, 2.988282
Head: -0.2785223, 0.7122992, 2.973176
ShoulderLeft: -0.4528697, 0.3967416, 2.897495
ElbowLeft: -0.4914802, 0.1455608, 2.806302
WristLeft: -0.483108, -0.06944545, 2.685536
HandLeft: -0.4877476, -0.1415345, 2.649398
ShoulderRight: -0.1072365, 0.4417785, 2.965924
ElbowRight: 0.1293402, 0.5119104, 2.911113
WristRight: 0.4002672, 0.5798317, 2.852395
HandRight: 0.4874451, 0.6026798, 2.866462
HipLeft: -0.3506616, 0.04244477, 2.768408
KneeLeft: -0.3375153, -0.3893467, 2.678265
AnkleLeft: -0.3181205, -0.7712371, 2.594488
FootLeft: -0.2891168, -0.8372934, 2.48214
HipRight: -0.1954272, 0.04970981, 2.773218
KneeRight: -0.3010927, -0.5054438, 2.686257
AnkleRight: -0.2775595, -0.786514, 2.590745
FootRight: -0.3023221, -0.8367851, 2.473288
=========
HipCenter: -0.2790392, 0.1165005, 2.804313
Spine: -0.2912363, 0.1612667, 2.880464
ShoulderCenter: -0.3077905, 0.5307646, 2.988405
Head: -0.2784519, 0.7124285, 2.973171
ShoulderLeft: -0.4527311, 0.3967998, 2.897662
ElbowLeft: -0.4911059, 0.1460018, 2.806629
WristLeft: -0.4819206, -0.0700841, 2.685196
HandLeft: -0.4874993, -0.1414009, 2.649319
ShoulderRight: -0.1066401, 0.4425562, 2.96646
ElbowRight: 0.1281899, 0.5107549, 2.910403
WristRight: 0.4006623, 0.5782927, 2.851305
HandRight: 0.4881285, 0.6000636, 2.864991
HipLeft: -0.3502217, 0.04262361, 2.768323
KneeLeft: -0.3379632, -0.3873007, 2.677591
AnkleLeft: -0.3179344, -0.7700421, 2.594821
FootLeft: -0.2892514, -0.8372107, 2.482273
HipRight: -0.1949214, 0.05017282, 2.773377
KneeRight: -0.3008733, -0.5054567, 2.686326
AnkleRight: -0.2774384, -0.7863352, 2.59084
FootRight: -0.3023355, -0.83678, 2.473296
=========
HipCenter: -0.278483, 0.1170722, 2.804467
Spine: -0.2906751, 0.1617935, 2.880605
ShoulderCenter: -0.3075573, 0.5309691, 2.988529
Head: -0.2782747, 0.7126343, 2.97319
ShoulderLeft: -0.452593, 0.396849, 2.897793
ElbowLeft: -0.4907193, 0.1464737, 2.806945
WristLeft: -0.480894, -0.07105669, 2.684626
HandLeft: -0.4873141, -0.1413613, 2.649219
ShoulderRight: -0.1061887, 0.4431349, 2.966858
ElbowRight: 0.1273277, 0.5098979, 2.909867
WristRight: 0.4010556, 0.5768865, 2.850229
HandRight: 0.4887095, 0.5977186, 2.863529
HipLeft: -0.349784, 0.04290279, 2.768261
KneeLeft: -0.3379532, -0.3859201, 2.677416
AnkleLeft: -0.3177469, -0.7687153, 2.595149
FootLeft: -0.289335, -0.8371482, 2.482365
HipRight: -0.1945007, 0.05060046, 2.773509
KneeRight: -0.3006702, -0.5054657, 2.686382
AnkleRight: -0.2773787, -0.7862338, 2.590894
FootRight: -0.3023433, -0.8367759, 2.473301
=========
HipCenter: -0.2781344, 0.117503, 2.804548
Spine: -0.2902777, 0.1622024, 2.880683
ShoulderCenter: -0.3073584, 0.5311272, 2.988619
Head: -0.2780637, 0.7127643, 2.973197
ShoulderLeft: -0.4524659, 0.396874, 2.897912
ElbowLeft: -0.4903377, 0.1469424, 2.807277
WristLeft: -0.4798241, -0.07243036, 2.68384
HandLeft: -0.487102, -0.1414327, 2.649031
ShoulderRight: -0.105852, 0.4435579, 2.967137
ElbowRight: 0.1209934, 0.5076919, 2.910836
WristRight: 0.399872, 0.5749801, 2.849056
HandRight: 0.4879592, 0.593526, 2.859687
HipLeft: -0.3495615, 0.04312062, 2.768212
KneeLeft: -0.3379602, -0.3847896, 2.677379
AnkleLeft: -0.317644, -0.7679499, 2.595342
FootLeft: -0.2894029, -0.837092, 2.482442
HipRight: -0.194257, 0.05092176, 2.773535
KneeRight: -0.3004316, -0.5054761, 2.686437
AnkleRight: -0.2773077, -0.786116, 2.59095
FootRight: -0.302384, -0.8367776, 2.473292
=========
HipCenter: -0.2778595, 0.1178636, 2.804606
Spine: -0.2899392, 0.1625523, 2.880743
ShoulderCenter: -0.3071868, 0.5312784, 2.988727
Head: -0.2778232, 0.712909, 2.973229
ShoulderLeft: -0.4523097, 0.3969747, 2.898136
ElbowLeft: -0.490021, 0.1473985, 2.807619
WristLeft: -0.4789839, -0.07343674, 2.683245
HandLeft: -0.4869168, -0.141468, 2.648927
ShoulderRight: -0.1056214, 0.4438496, 2.967322
ElbowRight: 0.1191986, 0.5068632, 2.910948
WristRight: 0.399893, 0.5739291, 2.848131
HandRight: 0.4876144, 0.5914723, 2.85783
HipLeft: -0.3493908, 0.04335465, 2.768171
KneeLeft: -0.3378786, -0.3837907, 2.677483
AnkleLeft: -0.3175542, -0.7672967, 2.595506
FootLeft: -0.2894602, -0.8370417, 2.482509
HipRight: -0.1940784, 0.05119506, 2.77354
KneeRight: -0.3002025, -0.505483, 2.686482
AnkleRight: -0.2772686, -0.7860217, 2.590981
FootRight: -0.3024224, -0.8367816, 2.473274
=========
HipCenter: -0.2776356, 0.1181804, 2.804648
Spine: -0.289648, 0.162863, 2.880787
ShoulderCenter: -0.3070339, 0.5314156, 2.988822
Head: -0.2776116, 0.7130435, 2.973257
ShoulderLeft: -0.4521462, 0.3970975, 2.898399
ElbowLeft: -0.4897702, 0.1477281, 2.807844
WristLeft: -0.4785682, -0.07381157, 2.683028
HandLeft: -0.4867327, -0.1414102, 2.648894
ShoulderRight: -0.1054583, 0.4440587, 2.967457
ElbowRight: 0.1152205, 0.5055629, 2.912
WristRight: 0.3985145, 0.5725542, 2.847358
HandRight: 0.4872296, 0.589889, 2.856298
HipLeft: -0.3492397, 0.04370046, 2.768067
KneeLeft: -0.3378113, -0.3828643, 2.677686
AnkleLeft: -0.3174677, -0.7664127, 2.595729
FootLeft: -0.2895074, -0.8369952, 2.482577
HipRight: -0.1939419, 0.05141945, 2.773571
KneeRight: -0.2999815, -0.505484, 2.686521
AnkleRight: -0.277229, -0.7859394, 2.591007
FootRight: -0.3024592, -0.8367873, 2.473239
=========
HipCenter: -0.2774814, 0.118408, 2.804668
Spine: -0.2894311, 0.163095, 2.88081
ShoulderCenter: -0.3068945, 0.5315236, 2.988896
Head: -0.2774514, 0.7131479, 2.973279
ShoulderLeft: -0.4519911, 0.3971843, 2.898609
ElbowLeft: -0.4895003, 0.1481867, 2.808231
WristLeft: -0.4784389, -0.07307612, 2.683152
HandLeft: -0.4865581, -0.141346, 2.648875
ShoulderRight: -0.1053392, 0.4442142, 2.967555
ElbowRight: 0.1137144, 0.5049619, 2.91221
WristRight: 0.3981754, 0.5718881, 2.846882
HandRight: 0.4865876, 0.5883576, 2.854575
HipLeft: -0.349167, 0.04399049, 2.767967
KneeLeft: -0.3377444, -0.3821145, 2.677907
AnkleLeft: -0.3173826, -0.7657433, 2.595944
FootLeft: -0.2895272, -0.836968, 2.482604
HipRight: -0.1938536, 0.05157866, 2.773584
KneeRight: -0.2997616, -0.5054867, 2.686552
AnkleRight: -0.2772014, -0.7858898, 2.591028
FootRight: -0.3025045, -0.8368003, 2.473279
=========
HipCenter: -0.2773772, 0.1185381, 2.80469
Spine: -0.2892797, 0.1632361, 2.880834
ShoulderCenter: -0.3067786, 0.5316116, 2.988971
Head: -0.2773588, 0.7132053, 2.973299
ShoulderLeft: -0.4518715, 0.39724, 2.898768
ElbowLeft: -0.48928, 0.1485554, 2.808464
WristLeft: -0.4781701, -0.07407126, 2.682425
HandLeft: -0.4863514, -0.1416101, 2.648707
ShoulderRight: -0.1052536, 0.4443304, 2.967626
ElbowRight: 0.1127593, 0.5045762, 2.912344
WristRight: 0.3979737, 0.5714762, 2.84653
HandRight: 0.4859248, 0.5872798, 2.853193
HipLeft: -0.349104, 0.04411364, 2.767924
KneeLeft: -0.3378491, -0.3816066, 2.678099
AnkleLeft: -0.3173127, -0.765358, 2.596086
FootLeft: -0.2895519, -0.8369455, 2.482628
HipRight: -0.1937973, 0.0516784, 2.773597
KneeRight: -0.2995607, -0.5054884, 2.686565
AnkleRight: -0.277179, -0.7858518, 2.591044
FootRight: -0.302493, -0.8368235, 2.473376
=========
HipCenter: -0.2772988, 0.1186297, 2.804707
Spine: -0.2891535, 0.1633335, 2.880855
ShoulderCenter: -0.3066498, 0.5316857, 2.989037
Head: -0.2773035, 0.7132513, 2.97331
ShoulderLeft: -0.4517834, 0.3973213, 2.898971
ElbowLeft: -0.489101, 0.1488895, 2.808711
WristLeft: -0.4785562, -0.0703458, 2.6832
HandLeft: -0.4860612, -0.1414379, 2.64883
ShoulderRight: -0.105203, 0.4444143, 2.967652
ElbowRight: 0.1120851, 0.5042943, 2.912413
WristRight: 0.3978198, 0.5711856, 2.846249
HandRight: 0.4853905, 0.5865422, 2.852206
HipLeft: -0.3490579, 0.04419106, 2.767895
KneeLeft: -0.3380098, -0.3812346, 2.678286
AnkleLeft: -0.3172594, -0.7651029, 2.596189
FootLeft: -0.289579, -0.8369275, 2.482669
HipRight: -0.1937752, 0.05173885, 2.773608
KneeRight: -0.2993357, -0.5054788, 2.686564
AnkleRight: -0.2771495, -0.7858181, 2.591068
FootRight: -0.302469, -0.8368518, 2.473518
=========
HipCenter: -0.2772454, 0.1187004, 2.804717
Spine: -0.2890636, 0.1634108, 2.880865
ShoulderCenter: -0.3065322, 0.5317497, 2.989088
Head: -0.2772861, 0.7132977, 2.973341
ShoulderLeft: -0.45171, 0.3973951, 2.899157
ElbowLeft: -0.4889721, 0.1495114, 2.809469
WristLeft: -0.4787287, -0.06836446, 2.683592
HandLeft: -0.4858069, -0.1413641, 2.648895
ShoulderRight: -0.1051894, 0.4444789, 2.967653
ElbowRight: 0.1122326, 0.5042822, 2.912106
WristRight: 0.3976861, 0.5710155, 2.846017
HandRight: 0.4851896, 0.5861491, 2.851652
HipLeft: -0.3490636, 0.04426897, 2.767863
KneeLeft: -0.3381321, -0.380903, 2.678481
AnkleLeft: -0.3172134, -0.7648853, 2.596279
FootLeft: -0.2896054, -0.8369153, 2.482702
HipRight: -0.193802, 0.05178856, 2.773604
KneeRight: -0.2991268, -0.5054683, 2.686557
AnkleRight: -0.2771228, -0.7857921, 2.591092
FootRight: -0.3024424, -0.8368802, 2.473665
=========
HipCenter: -0.2772102, 0.118742, 2.804718
Spine: -0.2889931, 0.1634627, 2.880871
ShoulderCenter: -0.3064351, 0.5317976, 2.989128
Head: -0.2772471, 0.713309, 2.973391
ShoulderLeft: -0.4516585, 0.3974577, 2.899317
ElbowLeft: -0.4888768, 0.1499265, 2.80987
WristLeft: -0.4788593, -0.06756161, 2.68377
HandLeft: -0.485577, -0.1413355, 2.648882
ShoulderRight: -0.1052041, 0.4445185, 2.967627
ElbowRight: 0.1126289, 0.5043654, 2.91175
WristRight: 0.39755, 0.5709544, 2.845816
HandRight: 0.4850384, 0.5859711, 2.851269
HipLeft: -0.3490899, 0.04429867, 2.767797
KneeLeft: -0.3382879, -0.380673, 2.678647
AnkleLeft: -0.3171777, -0.764747, 2.596344
FootLeft: -0.2896447, -0.8368945, 2.482765
HipRight: -0.1938408, 0.05179518, 2.77361
KneeRight: -0.2989343, -0.5054583, 2.686547
AnkleRight: -0.2770928, -0.7857726, 2.591124
FootRight: -0.3024195, -0.8369079, 2.473814
=========
HipCenter: -0.2772008, 0.118765, 2.804714
Spine: -0.2889448, 0.1635023, 2.880876
ShoulderCenter: -0.3063476, 0.5318539, 2.989171
Head: -0.2772236, 0.7133178, 2.97341
ShoulderLeft: -0.451622, 0.3975129, 2.899469
ElbowLeft: -0.4888006, 0.1502664, 2.810195
WristLeft: -0.4789442, -0.06706654, 2.683869
HandLeft: -0.4853579, -0.1413206, 2.648879
ShoulderRight: -0.105233, 0.4445428, 2.96759
ElbowRight: 0.1130677, 0.5044799, 2.911672
WristRight: 0.3973541, 0.571036, 2.845591
HandRight: 0.4849447, 0.586167, 2.851233
HipLeft: -0.3491592, 0.04430915, 2.767703
KneeLeft: -0.3384638, -0.3804837, 2.678791
AnkleLeft: -0.3171537, -0.7646431, 2.59639
FootLeft: -0.289699, -0.8368725, 2.48285
HipRight: -0.1939793, 0.05176387, 2.773648
KneeRight: -0.2987595, -0.5054489, 2.686536
AnkleRight: -0.2769772, -0.7857761, 2.591336
FootRight: -0.3024457, -0.8369277, 2.473887
=========
HipCenter: -0.2761987, 0.1188613, 2.804901
Spine: -0.288267, 0.1635878, 2.880984
ShoulderCenter: -0.3062654, 0.5318953, 2.989205
Head: -0.2772091, 0.7133237, 2.973427
ShoulderLeft: -0.4515935, 0.3975422, 2.899554
ElbowLeft: -0.4887764, 0.1504196, 2.810381
WristLeft: -0.4789322, -0.06695975, 2.683826
HandLeft: -0.4851574, -0.1413026, 2.648872
ShoulderRight: -0.1052299, 0.4445803, 2.9676
ElbowRight: 0.1117472, 0.5046285, 2.912484
WristRight: 0.3956985, 0.5711624, 2.845528
HandRight: 0.4849554, 0.5864248, 2.85152
HipLeft: -0.3477485, 0.04421724, 2.767341
KneeLeft: -0.3385069, -0.3803545, 2.678907
AnkleLeft: -0.317129, -0.7645826, 2.596428
FootLeft: -0.2897341, -0.8368554, 2.4829
HipRight: -0.1918548, 0.05193735, 2.774778
KneeRight: -0.2986034, -0.5054398, 2.686525
AnkleRight: -0.2769032, -0.7857842, 2.591491
FootRight: -0.3024733, -0.836942, 2.473917
