=========
HipCenter: -0.2635293, 0.1024643, 2.821879
Spine: -0.2829351, 0.149831, 2.895053
ShoulderCenter: -0.3172381, 0.5223963, 2.995998
Head: -0.2643054, 0.6990209, 2.999466
ShoulderLeft: -0.4485744, 0.3938578, 2.90775
ElbowLeft: -0.4854261, 0.1511788, 2.811578
WristLeft: -0.4756178, -0.08289801, 2.680302
HandLeft: -0.4824394, -0.1460861, 2.654192
ShoulderRight: -0.1319864, 0.3902777, 2.976246
ElbowRight: -0.1128176, 0.1389324, 2.866596
WristRight: -0.1067991, -0.06865482, 2.733268
HandRight: -0.1004332, -0.1452119, 2.693208
HipLeft: -0.3269007, 0.03755192, 2.780765
KneeLeft: -0.336695, -0.4207619, 2.694977
AnkleLeft: -0.3089141, -0.7874388, 2.598433
FootLeft: -0.2919218, -0.8427385, 2.484641
HipRight: -0.1842775, 0.0362864, 2.803381
KneeRight: -0.3262018, -0.4261842, 2.699723
AnkleRight: -0.2842334, -0.7950573, 2.593714
FootRight: -0.3060502, -0.8410163, 2.476235
=========
HipCenter: -0.2635181, 0.1025999, 2.821884
Spine: -0.2831262, 0.1499296, 2.895005
ShoulderCenter: -0.3170059, 0.5223829, 2.995925
Head: -0.2639856, 0.6988578, 2.998555
ShoulderLeft: -0.4486615, 0.3936201, 2.907535
ElbowLeft: -0.4851057, 0.1494741, 2.810338
WristLeft: -0.4752922, -0.08111119, 2.681464
HandLeft: -0.4821508, -0.1452621, 2.653631
ShoulderRight: -0.1320295, 0.3904765, 2.977824
ElbowRight: -0.1123208, 0.1388428, 2.866489
WristRight: -0.1071488, -0.06855321, 2.732936
HandRight: -0.1013854, -0.143974, 2.693275
HipLeft: -0.326879, 0.03757859, 2.779806
KneeLeft: -0.3132762, -0.473873, 2.69685
AnkleLeft: -0.309147, -0.7871608, 2.598595
FootLeft: -0.2913957, -0.8426381, 2.484705
HipRight: -0.1842081, 0.03657617, 2.804623
KneeRight: -0.3153989, -0.4784052, 2.696635
AnkleRight: -0.2837295, -0.7951088, 2.593658
FootRight: -0.3058705, -0.8408809, 2.475982
=========
HipCenter: -0.2635171, 0.102621, 2.821884
Spine: -0.2831595, 0.1499459, 2.894995
ShoulderCenter: -0.31697, 0.5223591, 2.99587
Head: -0.2640522, 0.6988803, 2.998028
ShoulderLeft: -0.448658, 0.393551, 2.907454
ElbowLeft: -0.4850567, 0.1492077, 2.810146
WristLeft: -0.4752573, -0.08078776, 2.681685
HandLeft: -0.4821322, -0.1450625, 2.653577
ShoulderRight: -0.1320239, 0.3905027, 2.978091
ElbowRight: -0.1122453, 0.138828, 2.866472
WristRight: -0.1072019, -0.06853754, 2.732887
HandRight: -0.1015327, -0.1437674, 2.693314
HipLeft: -0.3269042, 0.03755581, 2.779452
KneeLeft: -0.3197641, -0.4601151, 2.696309
AnkleLeft: -0.3091919, -0.7871196, 2.598635
FootLeft: -0.2913133, -0.842621, 2.484718
HipRight: -0.1842011, 0.03662045, 2.804853
KneeRight: -0.3178188, -0.4649505, 2.699321
AnkleRight: -0.2835161, -0.7951179, 2.593852
FootRight: -0.3058434, -0.8408605, 2.475944
=========
HipCenter: -0.2635177, 0.1026384, 2.821883
Spine: -0.2831859, 0.1499608, 2.894986
ShoulderCenter: -0.3169215, 0.5223462, 2.995797
Head: -0.2643421, 0.6989946, 2.997211
ShoulderLeft: -0.4486539, 0.3934773, 2.907372
ElbowLeft: -0.4850245, 0.1490092, 2.810004
WristLeft: -0.4752351, -0.08053867, 2.681858
HandLeft: -0.4821143, -0.1448977, 2.653522
ShoulderRight: -0.1320208, 0.3905224, 2.978283
ElbowRight: -0.1121898, 0.1388105, 2.866452
WristRight: -0.1072455, -0.06852656, 2.732844
HandRight: -0.1016479, -0.1436147, 2.693342
HipLeft: -0.3269736, 0.03750542, 2.778895
KneeLeft: -0.3067686, -0.490645, 2.696513
AnkleLeft: -0.3092565, -0.7870847, 2.598674
FootLeft: -0.2912503, -0.8426074, 2.484728
HipRight: -0.1842136, 0.03665597, 2.805125
KneeRight: -0.3111994, -0.4969775, 2.697509
AnkleRight: -0.2833031, -0.7952339, 2.594038
FootRight: -0.3058231, -0.8408453, 2.475915
=========
HipCenter: -0.2635218, 0.1026562, 2.821879
Spine: -0.2832108, 0.1499777, 2.894976
ShoulderCenter: -0.3168736, 0.5223365, 2.995701
Head: -0.2645015, 0.699126, 2.996485
ShoulderLeft: -0.4486475, 0.3934126, 2.907289
ElbowLeft: -0.4850064, 0.1488576, 2.809895
WristLeft: -0.4752202, -0.0803481, 2.681999
HandLeft: -0.4820892, -0.1447556, 2.653453
ShoulderRight: -0.1320187, 0.3905362, 2.978426
ElbowRight: -0.1121487, 0.1387975, 2.866435
WristRight: -0.1072791, -0.06851714, 2.732808
HandRight: -0.101739, -0.1435008, 2.693362
HipLeft: -0.3270693, 0.03747616, 2.778167
KneeLeft: -0.3191657, -0.4600365, 2.696392
AnkleLeft: -0.3093364, -0.7870147, 2.598733
FootLeft: -0.2911882, -0.8425888, 2.484729
HipRight: -0.1842464, 0.03668249, 2.805421
KneeRight: -0.2814231, -0.4625162, 2.701244
AnkleRight: -0.2830904, -0.795252, 2.594262
FootRight: -0.3058105, -0.840832, 2.475898
=========
HipCenter: -0.2635861, 0.1027483, 2.821854
Spine: -0.2832758, 0.1500352, 2.894945
ShoulderCenter: -0.3168229, 0.5223182, 2.995579
Head: -0.2646565, 0.6992373, 2.995814
ShoulderLeft: -0.4486497, 0.3933052, 2.907136
ElbowLeft: -0.4848874, 0.1475062, 2.809147
WristLeft: -0.4755692, -0.0800392, 2.682186
HandLeft: -0.4820687, -0.144617, 2.653383
ShoulderRight: -0.1320181, 0.3905335, 2.97855
ElbowRight: -0.1121195, 0.1387855, 2.866418
WristRight: -0.1073047, -0.0685095, 2.732777
HandRight: -0.101803, -0.1434028, 2.693383
HipLeft: -0.327302, 0.03757118, 2.777253
KneeLeft: -0.3101214, -0.4816169, 2.696379
AnkleLeft: -0.3094443, -0.7868961, 2.598807
FootLeft: -0.2911387, -0.8425708, 2.484729
HipRight: -0.1843795, 0.03678478, 2.805803
KneeRight: -0.2874879, -0.485896, 2.698344
AnkleRight: -0.282897, -0.7952148, 2.59442
FootRight: -0.306049, -0.8408236, 2.475796
=========
HipCenter: -0.2636556, 0.1028446, 2.821829
Spine: -0.2833311, 0.1500836, 2.894918
ShoulderCenter: -0.3167794, 0.5223204, 2.995564
Head: -0.2648406, 0.6993399, 2.995282
ShoulderLeft: -0.4486587, 0.3932107, 2.90701
ElbowLeft: -0.4849671, 0.1456549, 2.808453
WristLeft: -0.4759917, -0.07901897, 2.682718
HandLeft: -0.4820653, -0.1444731, 2.653338
ShoulderRight: -0.1320095, 0.3905265, 2.978642
ElbowRight: -0.1120968, 0.1387825, 2.866406
WristRight: -0.107323, -0.06850589, 2.732742
HandRight: -0.1018489, -0.1433203, 2.693395
HipLeft: -0.3275198, 0.03766573, 2.776446
KneeLeft: -0.3222007, -0.4503358, 2.695249
AnkleLeft: -0.3095802, -0.7867256, 2.598912
FootLeft: -0.2910974, -0.8425541, 2.484728
HipRight: -0.1845021, 0.03687719, 2.806139
KneeRight: -0.3055698, -0.4523863, 2.699049
AnkleRight: -0.2827139, -0.7951106, 2.59457
FootRight: -0.3063219, -0.8408061, 2.475724
=========
HipCenter: -0.2637713, 0.1030192, 2.821767
Spine: -0.2834624, 0.1502193, 2.894856
ShoulderCenter: -0.3167454, 0.5223319, 2.995527
Head: -0.2653202, 0.6993667, 2.993861
ShoulderLeft: -0.4486819, 0.3929194, 2.906607
ElbowLeft: -0.4849976, 0.144703, 2.807997
WristLeft: -0.4762204, -0.07844984, 2.682965
HandLeft: -0.4820636, -0.1443235, 2.653301
ShoulderRight: -0.1319765, 0.3905312, 2.978817
ElbowRight: -0.1120681, 0.138768, 2.866395
WristRight: -0.1073323, -0.06850726, 2.732674
HandRight: -0.1018593, -0.1432012, 2.693409
HipLeft: -0.3277504, 0.03785834, 2.775696
KneeLeft: -0.3111548, -0.4776534, 2.695438
AnkleLeft: -0.3098845, -0.7864745, 2.599024
FootLeft: -0.2910589, -0.8425303, 2.484715
HipRight: -0.184578, 0.03693273, 2.806357
KneeRight: -0.2964313, -0.437571, 2.699123
AnkleRight: -0.2824206, -0.7949391, 2.594808
FootRight: -0.3064021, -0.8407817, 2.475833
=========
HipCenter: -0.2639005, 0.1033862, 2.821692
Spine: -0.2836331, 0.1505266, 2.894778
ShoulderCenter: -0.3167537, 0.5224317, 2.995467
Head: -0.2658844, 0.6993713, 2.992193
ShoulderLeft: -0.4487206, 0.3926616, 2.906221
ElbowLeft: -0.4851041, 0.1442791, 2.807815
WristLeft: -0.4764034, -0.07796706, 2.683159
HandLeft: -0.4820211, -0.14421, 2.653197
ShoulderRight: -0.1319432, 0.3905383, 2.978986
ElbowRight: -0.1120142, 0.1387384, 2.86641
WristRight: -0.1073341, -0.06851453, 2.732586
HandRight: -0.1018699, -0.1431165, 2.693428
HipLeft: -0.3278805, 0.03834219, 2.7748
KneeLeft: -0.3060167, -0.4904423, 2.695465
AnkleLeft: -0.3101707, -0.7862484, 2.599129
FootLeft: -0.2910267, -0.8425063, 2.484703
HipRight: -0.1846437, 0.03703958, 2.806634
KneeRight: -0.2898365, -0.4280553, 2.699142
AnkleRight: -0.2821709, -0.7948242, 2.594986
FootRight: -0.3064632, -0.8407544, 2.475971
=========
HipCenter: -0.2640012, 0.1036794, 2.821604
Spine: -0.2837697, 0.1507815, 2.894689
ShoulderCenter: -0.3167449, 0.5225264, 2.995393
Head: -0.2663532, 0.6993418, 2.990853
ShoulderLeft: -0.448755, 0.3924423, 2.905895
ElbowLeft: -0.4852744, 0.144033, 2.807752
WristLeft: -0.4765638, -0.0775415, 2.683323
HandLeft: -0.4819721, -0.1441044, 2.653087
ShoulderRight: -0.1319109, 0.3905462, 2.979141
ElbowRight: -0.1119557, 0.1387054, 2.866429
WristRight: -0.107331, -0.06852306, 2.732489
HandRight: -0.1018822, -0.1430349, 2.693454
HipLeft: -0.3279746, 0.03874779, 2.77405
KneeLeft: -0.3032633, -0.497345, 2.695463
AnkleLeft: -0.3103619, -0.7860731, 2.599181
FootLeft: -0.290997, -0.8424825, 2.484689
HipRight: -0.1846895, 0.03710313, 2.806835
KneeRight: -0.2851323, -0.4219184, 2.699137
AnkleRight: -0.2819152, -0.7947279, 2.595157
FootRight: -0.3065308, -0.8407219, 2.476084
=========
HipCenter: -0.2640685, 0.1039429, 2.821495
Spine: -0.2838259, 0.1509956, 2.894602
ShoulderCenter: -0.3166633, 0.5225964, 2.995311
Head: -0.2667143, 0.6993161, 2.989937
ShoulderLeft: -0.4488125, 0.3922917, 2.90569
ElbowLeft: -0.4854107, 0.1437225, 2.807657
WristLeft: -0.4766362, -0.07725683, 2.683427
HandLeft: -0.4819257, -0.1439311, 2.652918
ShoulderRight: -0.131892, 0.3905018, 2.979093
ElbowRight: -0.1118941, 0.1386718, 2.866446
WristRight: -0.1073074, -0.06854544, 2.732346
HandRight: -0.1019395, -0.1427268, 2.693536
HipLeft: -0.3279938, 0.03915752, 2.773286
KneeLeft: -0.3016636, -0.5013968, 2.695426
AnkleLeft: -0.3105051, -0.7858962, 2.599185
FootLeft: -0.2909717, -0.8424571, 2.484691
HipRight: -0.1847166, 0.03713459, 2.806972
KneeRight: -0.2815625, -0.4178751, 2.699065
AnkleRight: -0.2815829, -0.7946543, 2.595356
FootRight: -0.3066103, -0.8406934, 2.47613
=========
HipCenter: -0.264108, 0.1041052, 2.8213
Spine: -0.2838582, 0.1511296, 2.894453
ShoulderCenter: -0.3166696, 0.5226774, 2.995288
Head: -0.2671398, 0.6991284, 2.988777
ShoulderLeft: -0.4488562, 0.3921473, 2.905428
ElbowLeft: -0.4856012, 0.1426976, 2.807202
WristLeft: -0.4766959, -0.07708328, 2.683481
HandLeft: -0.4817855, -0.1438329, 2.652471
ShoulderRight: -0.1318108, 0.3904122, 2.978882
ElbowRight: -0.1117804, 0.1386447, 2.866415
WristRight: -0.1072638, -0.06859013, 2.732131
HandRight: -0.1021113, -0.1424072, 2.693643
HipLeft: -0.3279862, 0.03944308, 2.772626
KneeLeft: -0.3005901, -0.5040716, 2.69538
AnkleLeft: -0.3106884, -0.7856667, 2.599167
FootLeft: -0.2909049, -0.8424104, 2.484729
HipRight: -0.1847096, 0.03709271, 2.807001
KneeRight: -0.2788108, -0.4151775, 2.69898
AnkleRight: -0.2809734, -0.79405, 2.595513
FootRight: -0.3066698, -0.840668, 2.476188
=========
HipCenter: -0.264124, 0.1042841, 2.821052
Spine: -0.2838442, 0.151285, 2.894265
ShoulderCenter: -0.3165973, 0.5227967, 2.995137
Head: -0.2673239, 0.6989812, 2.987511
ShoulderLeft: -0.448889, 0.3920211, 2.905154
ElbowLeft: -0.4856997, 0.140381, 2.805937
WristLeft: -0.4766377, -0.07712843, 2.683208
HandLeft: -0.4816128, -0.1437168, 2.652006
ShoulderRight: -0.1318634, 0.3903869, 2.978156
ElbowRight: -0.1116525, 0.1386288, 2.866408
WristRight: -0.1072111, -0.06865001, 2.731906
HandRight: -0.1023602, -0.1418507, 2.69399
HipLeft: -0.3279184, 0.03981706, 2.771917
KneeLeft: -0.299842, -0.5059222, 2.695354
AnkleLeft: -0.3108935, -0.7854077, 2.599176
FootLeft: -0.2908357, -0.8423476, 2.484812
HipRight: -0.1847008, 0.0370706, 2.807034
KneeRight: -0.2756289, -0.4134352, 2.698879
AnkleRight: -0.2798241, -0.7925048, 2.595851
FootRight: -0.3067506, -0.8405906, 2.476876
=========
HipCenter: -0.2640968, 0.1045366, 2.820767
Spine: -0.2837695, 0.1514985, 2.894044
ShoulderCenter: -0.3164286, 0.522947, 2.994962
Head: -0.2674332, 0.6988713, 2.986166
ShoulderLeft: -0.448923, 0.3919164, 2.904903
ElbowLeft: -0.4856872, 0.1378618, 2.804487
WristLeft: -0.4765674, -0.07722771, 2.682917
HandLeft: -0.4815077, -0.143576, 2.65167
ShoulderRight: -0.1318494, 0.3903137, 2.977316
ElbowRight: -0.1115433, 0.1386219, 2.866378
WristRight: -0.1071518, -0.06870437, 2.731687
HandRight: -0.1026046, -0.1412909, 2.694345
HipLeft: -0.3277901, 0.04029414, 2.771144
KneeLeft: -0.2993106, -0.5072638, 2.695303
AnkleLeft: -0.3110066, -0.7852496, 2.599181
FootLeft: -0.2907555, -0.8422782, 2.484934
HipRight: -0.1846834, 0.03705245, 2.807056
KneeRight: -0.2738118, -0.4122389, 2.698821
AnkleRight: -0.2787265, -0.7910014, 2.596156
FootRight: -0.3068329, -0.8405424, 2.477411
=========
HipCenter: -0.2640748, 0.1047644, 2.820476
Spine: -0.283697, 0.1516944, 2.893821
ShoulderCenter: -0.3162955, 0.5231144, 2.994805
Head: -0.2674881, 0.6987683, 2.98515
ShoulderLeft: -0.4489537, 0.3918212, 2.90465
ElbowLeft: -0.4857298, 0.1358847, 2.803297
WristLeft: -0.4764813, -0.07745488, 2.682519
HandLeft: -0.4814029, -0.1434519, 2.651333
ShoulderRight: -0.1318352, 0.3902641, 2.976476
ElbowRight: -0.1114183, 0.1386045, 2.866351
WristRight: -0.1070914, -0.06876036, 2.731476
HandRight: -0.1028256, -0.1408966, 2.694592
HipLeft: -0.3276829, 0.04069419, 2.770512
KneeLeft: -0.2990198, -0.5080411, 2.695173
AnkleLeft: -0.3110968, -0.785111, 2.599183
FootLeft: -0.2906717, -0.842208, 2.48507
HipRight: -0.1846666, 0.03702661, 2.807029
KneeRight: -0.2723991, -0.4115274, 2.698766
AnkleRight: -0.2778095, -0.7897769, 2.596395
FootRight: -0.3069059, -0.8404986, 2.477906
=========
HipCenter: -0.2640408, 0.1049543, 2.820192
Spine: -0.2836211, 0.1518587, 2.893611
ShoulderCenter: -0.3162211, 0.5232951, 2.994742
Head: -0.2675167, 0.6986276, 2.984176
ShoulderLeft: -0.4489818, 0.3917408, 2.904418
ElbowLeft: -0.4856984, 0.1344332, 2.802294
WristLeft: -0.4763873, -0.07769059, 2.682124
HandLeft: -0.4812965, -0.1433305, 2.650981
ShoulderRight: -0.1318077, 0.3902038, 2.975689
ElbowRight: -0.1113111, 0.1385857, 2.866313
WristRight: -0.1070303, -0.06881573, 2.731276
HandRight: -0.1029666, -0.1407006, 2.694737
HipLeft: -0.3275741, 0.04102235, 2.769977
KneeLeft: -0.2988788, -0.5083842, 2.695033
AnkleLeft: -0.31116, -0.7849764, 2.599199
FootLeft: -0.2905843, -0.8421226, 2.485241
HipRight: -0.1846285, 0.0369772, 2.806955
KneeRight: -0.2712747, -0.4112037, 2.698712
AnkleRight: -0.2771131, -0.788892, 2.596571
FootRight: -0.306951, -0.8404642, 2.478317
=========
HipCenter: -0.264001, 0.105115, 2.819902
Spine: -0.283549, 0.152001, 2.893398
ShoulderCenter: -0.3161884, 0.5234801, 2.994681
Head: -0.2675256, 0.6985238, 2.983447
ShoulderLeft: -0.4489941, 0.3916739, 2.904182
ElbowLeft: -0.4856689, 0.1332933, 2.801488
WristLeft: -0.4763359, -0.0777834, 2.681889
HandLeft: -0.4812051, -0.1432083, 2.650692
ShoulderRight: -0.1317921, 0.3901646, 2.974991
ElbowRight: -0.1112087, 0.138568, 2.866263
WristRight: -0.1069665, -0.06887843, 2.731085
HandRight: -0.1030875, -0.1405487, 2.694852
HipLeft: -0.3274693, 0.04129554, 2.769536
KneeLeft: -0.2988748, -0.5083569, 2.694875
AnkleLeft: -0.3112228, -0.7848479, 2.599219
FootLeft: -0.2905045, -0.8420405, 2.485407
HipRight: -0.1845819, 0.03691631, 2.806836
KneeRight: -0.2703769, -0.4111716, 2.698657
AnkleRight: -0.2764224, -0.7879731, 2.596816
FootRight: -0.3069893, -0.8404292, 2.478622
=========
HipCenter: -0.2639443, 0.1056343, 2.819461
Spine: -0.2835236, 0.1523728, 2.893049
ShoulderCenter: -0.3162104, 0.5237872, 2.994664
Head: -0.267446, 0.6984122, 2.982646
ShoulderLeft: -0.4489046, 0.3916721, 2.903855
ElbowLeft: -0.4856533, 0.1330431, 2.80107
WristLeft: -0.4762671, -0.07786505, 2.681694
HandLeft: -0.4811153, -0.1430381, 2.650439
ShoulderRight: -0.1314315, 0.3903444, 2.974911
ElbowRight: -0.1111056, 0.1385521, 2.86623
WristRight: -0.1069046, -0.06893494, 2.730933
HandRight: -0.1031877, -0.1404663, 2.694942
HipLeft: -0.3273084, 0.04207732, 2.768826
KneeLeft: -0.2989615, -0.5080835, 2.69471
AnkleLeft: -0.3113034, -0.7847444, 2.59921
FootLeft: -0.2904304, -0.8419566, 2.485581
HipRight: -0.1845281, 0.03697088, 2.80672
KneeRight: -0.2696365, -0.4113621, 2.698611
AnkleRight: -0.2760239, -0.7874544, 2.596988
FootRight: -0.3070361, -0.8403914, 2.478806
=========
HipCenter: -0.2638657, 0.1061953, 2.818979
Spine: -0.2834591, 0.1528384, 2.89264
ShoulderCenter: -0.3161739, 0.5241508, 2.994502
Head: -0.2667991, 0.698488, 2.98067
ShoulderLeft: -0.448831, 0.3917593, 2.90349
ElbowLeft: -0.4856229, 0.1330381, 2.8007
WristLeft: -0.4760858, -0.07806591, 2.681404
HandLeft: -0.4810027, -0.1427861, 2.650181
ShoulderRight: -0.131299, 0.390393, 2.974632
ElbowRight: -0.1110319, 0.1385458, 2.866137
WristRight: -0.1067988, -0.06900185, 2.730868
HandRight: -0.1032745, -0.1409719, 2.695141
HipLeft: -0.3271077, 0.04277048, 2.768502
KneeLeft: -0.2991762, -0.5073739, 2.694501
AnkleLeft: -0.3113994, -0.7846777, 2.599204
FootLeft: -0.2903935, -0.8419075, 2.485652
HipRight: -0.1844478, 0.03720184, 2.806319
KneeRight: -0.26903, -0.4116006, 2.698554
AnkleRight: -0.27581, -0.7872088, 2.597068
FootRight: -0.3071071, -0.8403387, 2.478836
=========
HipCenter: -0.2638068, 0.1067135, 2.818529
Spine: -0.2834321, 0.1532762, 2.892248
ShoulderCenter: -0.3161681, 0.5245298, 2.994367
Head: -0.266353, 0.6985651, 2.978974
ShoulderLeft: -0.4486979, 0.3918346, 2.903033
ElbowLeft: -0.485687, 0.133541, 2.800498
WristLeft: -0.4758957, -0.07826941, 2.681127
HandLeft: -0.4808859, -0.1425322, 2.649941
ShoulderRight: -0.1311366, 0.3904949, 2.974469
ElbowRight: -0.1109104, 0.138385, 2.86581
WristRight: -0.1066417, -0.06907441, 2.730821
HandRight: -0.1031409, -0.1412509, 2.695236
HipLeft: -0.3269512, 0.04338981, 2.768264
KneeLeft: -0.2993895, -0.5066351, 2.694311
AnkleLeft: -0.3114913, -0.7846254, 2.599197
FootLeft: -0.2903641, -0.841865, 2.485712
HipRight: -0.1843821, 0.03747392, 2.80582
KneeRight: -0.2685472, -0.411903, 2.6985
AnkleRight: -0.27567, -0.7870849, 2.59713
FootRight: -0.3072069, -0.8402807, 2.478776
=========
HipCenter: -0.2637054, 0.107822, 2.817873
Spine: -0.2833344, 0.1541121, 2.891688
ShoulderCenter: -0.3160607, 0.5249582, 2.994154
Head: -0.2659262, 0.6987017, 2.97764
ShoulderLeft: -0.4485671, 0.3919479, 2.90266
ElbowLeft: -0.4858039, 0.134763, 2.800886
WristLeft: -0.4757043, -0.07846443, 2.680882
HandLeft: -0.4807764, -0.1422941, 2.649737
ShoulderRight: -0.1309901, 0.3906035, 2.974289
ElbowRight: -0.1107545, 0.1382024, 2.865407
WristRight: -0.1056528, -0.06845736, 2.73103
HandRight: -0.1028035, -0.1412862, 2.695355
HipLeft: -0.3267488, 0.04564646, 2.767424
KneeLeft: -0.2996039, -0.5059056, 2.694139
AnkleLeft: -0.31158, -0.7845899, 2.599189
FootLeft: -0.29034, -0.8418295, 2.485759
HipRight: -0.1843112, 0.03784932, 2.805331
KneeRight: -0.2682123, -0.4122008, 2.698442
AnkleRight: -0.2755964, -0.7870604, 2.59717
FootRight: -0.3073064, -0.8402247, 2.478685
=========
HipCenter: -0.2636132, 0.1088151, 2.817305
Spine: -0.2832444, 0.1548732, 2.891192
ShoulderCenter: -0.3159737, 0.5253565, 2.993964
Head: -0.2655381, 0.698886, 2.976539
ShoulderLeft: -0.4484369, 0.3920623, 2.902321
ElbowLeft: -0.4859277, 0.1360258, 2.801338
WristLeft: -0.47555, -0.07860797, 2.680644
HandLeft: -0.4806277, -0.1420238, 2.649523
ShoulderRight: -0.1308567, 0.3907119, 2.974137
ElbowRight: -0.11053, 0.1380935, 2.864911
WristRight: -0.1040259, -0.06767164, 2.731431
HandRight: -0.1021148, -0.1412059, 2.695351
HipLeft: -0.3264954, 0.04742107, 2.766603
KneeLeft: -0.2997946, -0.5052572, 2.693989
AnkleLeft: -0.311669, -0.7845612, 2.599182
FootLeft: -0.2903239, -0.8418018, 2.485786
HipRight: -0.1842472, 0.0382099, 2.804928
KneeRight: -0.2679653, -0.4125269, 2.698372
AnkleRight: -0.2755853, -0.7871128, 2.597193
FootRight: -0.3073996, -0.8401709, 2.478568
=========
HipCenter: -0.2635353, 0.1096715, 2.816829
Spine: -0.2831499, 0.1555444, 2.890769
ShoulderCenter: -0.3158995, 0.5257217, 2.9938
Head: -0.2652643, 0.6991882, 2.975708
ShoulderLeft: -0.4483187, 0.3921728, 2.90202
ElbowLeft: -0.4860442, 0.1371385, 2.801688
WristLeft: -0.4754308, -0.07870582, 2.680492
HandLeft: -0.4804518, -0.141793, 2.649275
ShoulderRight: -0.1307031, 0.390813, 2.973906
ElbowRight: -0.1093724, 0.1368139, 2.862568
WristRight: -0.099763, -0.06807533, 2.731426
HandRight: -0.09832066, -0.1425477, 2.694673
HipLeft: -0.3262936, 0.04878617, 2.765934
KneeLeft: -0.299958, -0.50467, 2.693849
AnkleLeft: -0.3117753, -0.7845317, 2.599176
FootLeft: -0.2902985, -0.8417721, 2.485786
HipRight: -0.184192, 0.03855959, 2.804572
KneeRight: -0.2678097, -0.4127906, 2.698304
AnkleRight: -0.2756169, -0.7872175, 2.597212
FootRight: -0.3074933, -0.8401172, 2.478424
=========
HipCenter: -0.263934, 0.1103674, 2.815922
Spine: -0.2832645, 0.1561019, 2.890104
ShoulderCenter: -0.315871, 0.5260955, 2.993561
Head: -0.2651447, 0.6993564, 2.975099
ShoulderLeft: -0.4481924, 0.3922918, 2.901659
ElbowLeft: -0.4863271, 0.1384913, 2.802156
WristLeft: -0.4753733, -0.07875302, 2.680404
HandLeft: -0.4802893, -0.1415992, 2.649048
ShoulderRight: -0.1317249, 0.3910183, 2.971071
ElbowRight: -0.09965701, 0.1350524, 2.854878
WristRight: -0.06309056, -0.06546183, 2.728542
HandRight: -0.05797759, -0.1436338, 2.691132
HipLeft: -0.3263284, 0.04963584, 2.765446
KneeLeft: -0.300078, -0.5041776, 2.693738
AnkleLeft: -0.3118473, -0.7845172, 2.599174
FootLeft: -0.2902677, -0.8417462, 2.485783
HipRight: -0.1857022, 0.03973425, 2.802544
KneeRight: -0.2677101, -0.4129874, 2.698231
AnkleRight: -0.275654, -0.7872842, 2.59726
FootRight: -0.3075555, -0.840089, 2.478259
=========
HipCenter: -0.2644833, 0.1107948, 2.814901
Spine: -0.2834502, 0.1564789, 2.889357
ShoulderCenter: -0.3158586, 0.5264155, 2.993253
Head: -0.2651311, 0.6995263, 2.974642
ShoulderLeft: -0.4481227, 0.3923874, 2.901346
ElbowLeft: -0.4866371, 0.1396574, 2.802535
WristLeft: -0.476511, -0.07596118, 2.68153
HandLeft: -0.4801316, -0.1413229, 2.648821
ShoulderRight: -0.1329679, 0.3914518, 2.968049
ElbowRight: -0.08911533, 0.1355774, 2.84783
WristRight: -0.03488224, -0.06028125, 2.724579
HandRight: -0.02021452, -0.1400281, 2.686244
HipLeft: -0.3265096, 0.05011401, 2.764916
KneeLeft: -0.3001429, -0.5037773, 2.693638
AnkleLeft: -0.3119115, -0.7845066, 2.599171
FootLeft: -0.2902346, -0.8417232, 2.485772
HipRight: -0.1871604, 0.04058394, 2.800709
KneeRight: -0.2676658, -0.4131784, 2.698143
AnkleRight: -0.2756966, -0.7873647, 2.597271
FootRight: -0.3075997, -0.8400794, 2.477979
=========
HipCenter: -0.2650556, 0.1110805, 2.813918
Spine: -0.2836449, 0.1567565, 2.888643
ShoulderCenter: -0.3158455, 0.5266922, 2.992963
Head: -0.2651388, 0.6996832, 2.974302
ShoulderLeft: -0.4480756, 0.3924684, 2.901059
ElbowLeft: -0.4869474, 0.1406837, 2.802853
WristLeft: -0.4763615, -0.08393946, 2.677645
HandLeft: -0.4801362, -0.1458759, 2.644374
ShoulderRight: -0.1342636, 0.3916767, 2.965079
ElbowRight: -0.07377399, 0.1386769, 2.842459
WristRight: -0.01593113, -0.05461207, 2.721001
HandRight: -0.0035005, -0.1365585, 2.683619
HipLeft: -0.3267367, 0.05041609, 2.764452
KneeLeft: -0.3002838, -0.503111, 2.693545
AnkleLeft: -0.3119768, -0.7844892, 2.599179
FootLeft: -0.2902071, -0.8416871, 2.485791
HipRight: -0.188545, 0.04132689, 2.798984
KneeRight: -0.2677045, -0.4134555, 2.697992
AnkleRight: -0.2757538, -0.7874739, 2.597263
FootRight: -0.307631, -0.8400723, 2.477707
=========
HipCenter: -0.2657143, 0.11113, 2.812812
Spine: -0.2839027, 0.1568817, 2.887775
ShoulderCenter: -0.3158377, 0.5269502, 2.992372
Head: -0.265199, 0.6998528, 2.974078
ShoulderLeft: -0.4480722, 0.3925204, 2.900771
ElbowLeft: -0.4872091, 0.1415267, 2.803148
WristLeft: -0.4765005, -0.08556998, 2.676501
HandLeft: -0.4800025, -0.1467038, 2.643354
ShoulderRight: -0.1352746, 0.3918539, 2.962508
ElbowRight: -0.06277841, 0.1430329, 2.839365
WristRight: 0.0008215085, -0.05017369, 2.713219
HandRight: 0.00985285, -0.1333224, 2.679422
HipLeft: -0.3272227, 0.05027175, 2.763872
KneeLeft: -0.3004041, -0.5025303, 2.693466
AnkleLeft: -0.3120262, -0.784476, 2.599184
FootLeft: -0.2901712, -0.8416477, 2.485832
HipRight: -0.1897425, 0.04184521, 2.79736
KneeRight: -0.2677308, -0.4136384, 2.69789
AnkleRight: -0.2758718, -0.787687, 2.597237
FootRight: -0.3076435, -0.8400717, 2.477496
=========
HipCenter: -0.268542, 0.1104415, 2.810557
Spine: -0.2851221, 0.1566539, 2.886368
ShoulderCenter: -0.3158199, 0.5271521, 2.99193
Head: -0.2656357, 0.7001941, 2.9738
ShoulderLeft: -0.4481124, 0.3925097, 2.900391
ElbowLeft: -0.4874726, 0.1422719, 2.803392
WristLeft: -0.4765708, -0.08675174, 2.675691
HandLeft: -0.4798887, -0.1472591, 2.642598
ShoulderRight: -0.1360404, 0.392248, 2.96052
ElbowRight: -0.04208216, 0.1482005, 2.828493
WristRight: 0.04222399, -0.03854553, 2.691621
HandRight: 0.05179393, -0.1088024, 2.665666
HipLeft: -0.3317243, 0.04845369, 2.7621
KneeLeft: -0.3005481, -0.5019164, 2.69339
AnkleLeft: -0.3120999, -0.7844577, 2.599193
FootLeft: -0.2901342, -0.8416087, 2.485873
HipRight: -0.1936816, 0.04198364, 2.794088
KneeRight: -0.267781, -0.4138026, 2.697788
AnkleRight: -0.2759441, -0.7878163, 2.597225
FootRight: -0.3076565, -0.8400711, 2.477312
=========
HipCenter: -0.2708369, 0.1098381, 2.808769
Spine: -0.2862599, 0.1564002, 2.885115
ShoulderCenter: -0.3158852, 0.5273232, 2.991483
Head: -0.2661811, 0.7006008, 2.973567
ShoulderLeft: -0.4481636, 0.3924852, 2.900031
ElbowLeft: -0.4877365, 0.1428979, 2.803626
WristLeft: -0.476617, -0.08757975, 2.675118
HandLeft: -0.4797973, -0.1476334, 2.642041
ShoulderRight: -0.1366304, 0.3927564, 2.959002
ElbowRight: -0.02337701, 0.1811335, 2.833259
WristRight: 0.07379094, -0.01827399, 2.686746
HandRight: 0.0791501, -0.09221908, 2.656902
HipLeft: -0.3351199, 0.04705771, 2.760827
KneeLeft: -0.3007142, -0.5013088, 2.693317
AnkleLeft: -0.3121517, -0.7844449, 2.599196
FootLeft: -0.2900706, -0.8415673, 2.48598
HipRight: -0.1965546, 0.04204907, 2.791629
KneeRight: -0.2679125, -0.4140318, 2.697611
AnkleRight: -0.2761014, -0.788079, 2.597181
FootRight: -0.3076625, -0.8400729, 2.477245
=========
HipCenter: -0.272635, 0.1093127, 2.807382
Spine: -0.2872223, 0.156142, 2.884064
ShoulderCenter: -0.3159543, 0.5274767, 2.99108
Head: -0.2667712, 0.7012736, 2.973492
ShoulderLeft: -0.4482569, 0.3924679, 2.899709
ElbowLeft: -0.4880077, 0.1434243, 2.803825
WristLeft: -0.4766799, -0.08822747, 2.674656
HandLeft: -0.4797407, -0.1479049, 2.641609
ShoulderRight: -0.1371778, 0.3935151, 2.957722
ElbowRight: -0.01402839, 0.1951295, 2.8354
WristRight: 0.09282811, -0.001230359, 2.686042
HandRight: 0.1172723, -0.06338182, 2.656085
HipLeft: -0.3376736, 0.04593936, 2.759961
KneeLeft: -0.3008649, -0.500778, 2.693255
AnkleLeft: -0.3121997, -0.7844425, 2.599194
FootLeft: -0.2899167, -0.8416008, 2.485959
HipRight: -0.1986011, 0.04205818, 2.789728
KneeRight: -0.2680037, -0.4140579, 2.697477
AnkleRight: -0.2762191, -0.7881555, 2.597167
FootRight: -0.3075904, -0.8401967, 2.47678
=========
HipCenter: -0.27407, 0.1088052, 2.806267
Spine: -0.288068, 0.1558398, 2.883153
ShoulderCenter: -0.316029, 0.5276027, 2.990735
Head: -0.2675693, 0.7019979, 2.973375
ShoulderLeft: -0.4484304, 0.3924085, 2.89939
ElbowLeft: -0.4882777, 0.1438503, 2.804
WristLeft: -0.4767353, -0.08866951, 2.674325
HandLeft: -0.4797009, -0.1480544, 2.641272
ShoulderRight: -0.137708, 0.3943678, 2.956662
ElbowRight: -0.006796028, 0.2028239, 2.83579
WristRight: 0.1117459, 0.01921695, 2.689355
HandRight: 0.1456496, -0.03685863, 2.656566
HipLeft: -0.3396391, 0.0449151, 2.759507
KneeLeft: -0.3009728, -0.5003676, 2.69321
AnkleLeft: -0.3122094, -0.7844555, 2.599186
FootLeft: -0.2897626, -0.8416333, 2.485948
HipRight: -0.2001772, 0.0420116, 2.78791
KneeRight: -0.2680543, -0.4140159, 2.697333
AnkleRight: -0.2763121, -0.7881954, 2.597158
FootRight: -0.307568, -0.8403089, 2.476285
=========
HipCenter: -0.2757761, 0.1078795, 2.805328
Spine: -0.2891392, 0.1552611, 2.882333
ShoulderCenter: -0.316015, 0.527706, 2.990403
Head: -0.2695453, 0.7029407, 2.972942
ShoulderLeft: -0.4489762, 0.3922061, 2.899086
ElbowLeft: -0.4885332, 0.1441079, 2.80407
WristLeft: -0.4768146, -0.08890773, 2.674101
HandLeft: -0.479726, -0.147979, 2.641104
ShoulderRight: -0.1384197, 0.3955255, 2.955651
ElbowRight: 0.002203333, 0.2132665, 2.837452
WristRight: 0.1429615, 0.05767661, 2.698836
HandRight: 0.1860695, -0.003727939, 2.66538
HipLeft: -0.3416479, 0.04335361, 2.759497
KneeLeft: -0.3010654, -0.5000412, 2.693183
AnkleLeft: -0.3122112, -0.7844653, 2.599177
FootLeft: -0.2896141, -0.8416619, 2.485939
HipRight: -0.201856, 0.04159497, 2.786483
KneeRight: -0.2680505, -0.4138334, 2.697159
AnkleRight: -0.2764615, -0.7881303, 2.597156
FootRight: -0.3075508, -0.8404031, 2.475832
=========
HipCenter: -0.2770675, 0.1071458, 2.804675
Spine: -0.290027, 0.1547624, 2.881708
ShoulderCenter: -0.3159876, 0.5277949, 2.990106
Head: -0.2713157, 0.7037502, 2.972585
ShoulderLeft: -0.4496539, 0.3919664, 2.898798
ElbowLeft: -0.4887604, 0.1443046, 2.804047
WristLeft: -0.4769436, -0.08908894, 2.67392
HandLeft: -0.4797844, -0.1479568, 2.640989
ShoulderRight: -0.1392075, 0.3969607, 2.955025
ElbowRight: 0.01285184, 0.2270214, 2.83928
WristRight: 0.162445, 0.08042684, 2.704628
HandRight: 0.2086655, 0.01463501, 2.670369
HipLeft: -0.3430946, 0.04215407, 2.759546
KneeLeft: -0.3011384, -0.4998011, 2.693167
AnkleLeft: -0.3122129, -0.784473, 2.599167
FootLeft: -0.2895141, -0.8416812, 2.485945
HipRight: -0.2030402, 0.04126778, 2.785598
KneeRight: -0.268025, -0.4136, 2.696983
AnkleRight: -0.2766134, -0.7880361, 2.597157
FootRight: -0.3075162, -0.8404815, 2.475553
=========
HipCenter: -0.278035, 0.1067393, 2.804307
Spine: -0.2907791, 0.1544567, 2.881313
ShoulderCenter: -0.3160067, 0.5278715, 2.989916
Head: -0.2727535, 0.7047464, 2.972827
ShoulderLeft: -0.4504204, 0.3917436, 2.898522
ElbowLeft: -0.4890222, 0.1444506, 2.803972
WristLeft: -0.4771103, -0.0891771, 2.67378
HandLeft: -0.4798778, -0.1478965, 2.640962
ShoulderRight: -0.1398854, 0.3983583, 2.954669
ElbowRight: 0.02372442, 0.2408061, 2.840894
WristRight: 0.1869572, 0.1059781, 2.711565
HandRight: 0.2472775, 0.02866726, 2.673834
HipLeft: -0.3441316, 0.04145928, 2.759861
KneeLeft: -0.3011989, -0.4996283, 2.693155
AnkleLeft: -0.3122078, -0.7844848, 2.599152
FootLeft: -0.2894123, -0.8416983, 2.485952
HipRight: -0.2039259, 0.04112341, 2.78498
KneeRight: -0.2679837, -0.4133344, 2.696811
AnkleRight: -0.276774, -0.7879214, 2.59716
FootRight: -0.3074907, -0.8405467, 2.47532
=========
HipCenter: -0.280024, 0.105931, 2.803743
Spine: -0.2923087, 0.1538689, 2.880772
ShoulderCenter: -0.3160447, 0.527948, 2.989778
Head: -0.2739484, 0.7056512, 2.973159
ShoulderLeft: -0.4511496, 0.3915751, 2.898324
ElbowLeft: -0.4893928, 0.1444557, 2.803795
WristLeft: -0.4775058, -0.08889551, 2.673784
HandLeft: -0.4800161, -0.1477706, 2.641005
ShoulderRight: -0.1404477, 0.3995307, 2.954415
ElbowRight: 0.03191229, 0.2537341, 2.843867
WristRight: 0.2057988, 0.1442128, 2.725942
HandRight: 0.269939, 0.04598667, 2.67584
HipLeft: -0.34626, 0.04049032, 2.760321
KneeLeft: -0.3012394, -0.4995132, 2.693143
AnkleLeft: -0.3122057, -0.784498, 2.599139
FootLeft: -0.2893376, -0.841711, 2.485959
HipRight: -0.2060648, 0.04051538, 2.783786
KneeRight: -0.2679267, -0.4130415, 2.696599
AnkleRight: -0.2768995, -0.7878757, 2.597143
FootRight: -0.3074691, -0.840603, 2.475119
=========
HipCenter: -0.2811398, 0.1053789, 2.803456
Spine: -0.2933078, 0.1534312, 2.880453
ShoulderCenter: -0.3160804, 0.5280221, 2.98968
Head: -0.2748744, 0.7064654, 2.973575
ShoulderLeft: -0.4518093, 0.3914807, 2.898183
ElbowLeft: -0.4897636, 0.144425, 2.803605
WristLeft: -0.4779174, -0.08863933, 2.673791
HandLeft: -0.4802205, -0.1475905, 2.641121
ShoulderRight: -0.1408827, 0.4004869, 2.954273
ElbowRight: 0.03955948, 0.2717174, 2.852039
WristRight: 0.2131031, 0.1610975, 2.732058
HandRight: 0.2898254, 0.07735842, 2.681431
HipLeft: -0.3473196, 0.03974126, 2.760926
KneeLeft: -0.3012717, -0.4994267, 2.693136
AnkleLeft: -0.3122043, -0.7845084, 2.599128
FootLeft: -0.2892686, -0.8417161, 2.486012
HipRight: -0.2071815, 0.04017428, 2.783045
KneeRight: -0.267759, -0.4126093, 2.696489
AnkleRight: -0.2770469, -0.7876168, 2.597174
FootRight: -0.3074343, -0.8406391, 2.475008
=========
HipCenter: -0.2819128, 0.1049898, 2.803249
Spine: -0.2940805, 0.1530911, 2.880209
ShoulderCenter: -0.3161229, 0.5280936, 2.989599
Head: -0.2755654, 0.707159, 2.973881
ShoulderLeft: -0.4524015, 0.3914051, 2.89808
ElbowLeft: -0.4901226, 0.1443591, 2.803407
WristLeft: -0.4783059, -0.0883577, 2.673837
HandLeft: -0.4805848, -0.1472816, 2.641353
ShoulderRight: -0.141167, 0.4013415, 2.954308
ElbowRight: 0.04393674, 0.2827439, 2.85724
WristRight: 0.2245183, 0.1822159, 2.737767
HandRight: 0.3061505, 0.1051265, 2.685764
HipLeft: -0.3480483, 0.0392154, 2.761345
KneeLeft: -0.3013029, -0.499359, 2.693135
AnkleLeft: -0.312206, -0.7845114, 2.599122
FootLeft: -0.2891355, -0.8417192, 2.486148
HipRight: -0.2078166, 0.03995458, 2.78257
KneeRight: -0.2675286, -0.4121407, 2.696395
AnkleRight: -0.2771589, -0.7873477, 2.597212
FootRight: -0.3073774, -0.8406665, 2.475031
=========
HipCenter: -0.2827502, 0.1045933, 2.803103
Spine: -0.2950173, 0.1527064, 2.880018
ShoulderCenter: -0.3163028, 0.5281845, 2.989574
Head: -0.2763002, 0.7077476, 2.974163
ShoulderLeft: -0.4529716, 0.3913168, 2.897962
ElbowLeft: -0.4905964, 0.1438404, 2.802958
WristLeft: -0.4787956, -0.08788849, 2.673974
HandLeft: -0.4810725, -0.1469222, 2.641701
ShoulderRight: -0.1413718, 0.402091, 2.954408
ElbowRight: 0.0469478, 0.2918787, 2.864619
WristRight: 0.230965, 0.198267, 2.743253
HandRight: 0.3286817, 0.122161, 2.687913
HipLeft: -0.3488664, 0.03873596, 2.761696
KneeLeft: -0.3013284, -0.4993079, 2.693138
AnkleLeft: -0.3122087, -0.7845128, 2.599116
FootLeft: -0.2890061, -0.8417218, 2.48627
HipRight: -0.2084254, 0.03969606, 2.782193
KneeRight: -0.267257, -0.4115553, 2.69634
AnkleRight: -0.2772516, -0.7871054, 2.597263
FootRight: -0.3073177, -0.8406894, 2.475085
=========
HipCenter: -0.2835121, 0.1042296, 2.803035
Spine: -0.2958696, 0.1523429, 2.879909
ShoulderCenter: -0.3164691, 0.5282481, 2.989589
Head: -0.2770055, 0.7079901, 2.974043
ShoulderLeft: -0.4535751, 0.3912, 2.897887
ElbowLeft: -0.4910436, 0.1432955, 2.802513
WristLeft: -0.4793788, -0.08725569, 2.674262
HandLeft: -0.4815696, -0.1465774, 2.642002
ShoulderRight: -0.1413936, 0.4028235, 2.954663
ElbowRight: 0.04938375, 0.2980443, 2.871131
WristRight: 0.2361086, 0.2314227, 2.751281
HandRight: 0.3488761, 0.1559428, 2.690744
HipLeft: -0.3497541, 0.03825027, 2.762012
KneeLeft: -0.3013504, -0.4992684, 2.693145
AnkleLeft: -0.3122117, -0.784512, 2.59911
FootLeft: -0.2889057, -0.8417201, 2.486367
HipRight: -0.2089677, 0.03938368, 2.781932
KneeRight: -0.2669149, -0.410911, 2.696319
AnkleRight: -0.2773148, -0.7868404, 2.59733
FootRight: -0.3072958, -0.8407008, 2.475074
=========
HipCenter: -0.2862017, 0.1049484, 2.803342
Spine: -0.2980103, 0.152716, 2.880078
ShoulderCenter: -0.3169919, 0.5284202, 2.989706
Head: -0.2791187, 0.7086283, 2.973558
ShoulderLeft: -0.4544365, 0.3910556, 2.897986
ElbowLeft: -0.4915849, 0.1428993, 2.802746
WristLeft: -0.4801351, -0.08613721, 2.675289
HandLeft: -0.4826902, -0.1461884, 2.643241
ShoulderRight: -0.1365474, 0.4110171, 2.957168
ElbowRight: 0.1042719, 0.4231343, 2.891334
WristRight: 0.3566456, 0.4415691, 2.819278
HandRight: 0.4382882, 0.428568, 2.798979
HipLeft: -0.3543958, 0.03852999, 2.764
KneeLeft: -0.3013987, -0.4991968, 2.69316
AnkleLeft: -0.3122143, -0.7844878, 2.599111
FootLeft: -0.2889238, -0.8416909, 2.486457
HipRight: -0.2103375, 0.03970647, 2.781028
KneeRight: -0.266114, -0.4095325, 2.696412
AnkleRight: -0.277243, -0.7863188, 2.597432
FootRight: -0.3072657, -0.8407037, 2.475075
=========
HipCenter: -0.2885216, 0.1059655, 2.803715
Spine: -0.2998671, 0.1532993, 2.880316
ShoulderCenter: -0.3181259, 0.5287009, 2.989974
Head: -0.2810586, 0.7090685, 2.97324
ShoulderLeft: -0.4553654, 0.3909589, 2.89832
ElbowLeft: -0.4922282, 0.1430932, 2.803437
WristLeft: -0.4806468, -0.0853532, 2.676195
HandLeft: -0.4835643, -0.1460277, 2.64416
ShoulderRight: -0.1325289, 0.4178932, 2.959331
ElbowRight: 0.1072104, 0.4839292, 2.913707
WristRight: 0.391213, 0.5173836, 2.843511
HandRight: 0.4725008, 0.511937, 2.830785
HipLeft: -0.3579392, 0.03901467, 2.765781
KneeLeft: -0.3014137, -0.4991403, 2.693174
AnkleLeft: -0.3122217, -0.7844601, 2.599118
FootLeft: -0.2889583, -0.8416576, 2.486541
HipRight: -0.2115053, 0.04041165, 2.780005
KneeRight: -0.265315, -0.4081382, 2.696534
AnkleRight: -0.2771155, -0.7857532, 2.597513
FootRight: -0.3072283, -0.8406897, 2.475118
=========
HipCenter: -0.2902829, 0.1068618, 2.804045
Spine: -0.3013361, 0.1538454, 2.880539
ShoulderCenter: -0.319229, 0.5289332, 2.990156
Head: -0.2827557, 0.7094511, 2.9731
ShoulderLeft: -0.4561759, 0.3908486, 2.898626
ElbowLeft: -0.4925997, 0.1430085, 2.803799
WristLeft: -0.4810975, -0.08462986, 2.677035
HandLeft: -0.4843532, -0.1459043, 2.644979
ShoulderRight: -0.1293352, 0.4231474, 2.961038
ElbowRight: 0.1087949, 0.5128202, 2.923102
WristRight: 0.3988345, 0.5387438, 2.853674
HandRight: 0.48965, 0.5672392, 2.855354
HipLeft: -0.3604098, 0.03939554, 2.767094
KneeLeft: -0.3014266, -0.4990801, 2.693191
AnkleLeft: -0.3122344, -0.7844301, 2.599127
FootLeft: -0.288998, -0.8416225, 2.486611
HipRight: -0.2123593, 0.04104941, 2.77917
KneeRight: -0.2645871, -0.4068725, 2.696661
AnkleRight: -0.276847, -0.7848443, 2.597646
FootRight: -0.3071977, -0.8406724, 2.475159
=========
HipCenter: -0.2916017, 0.1075824, 2.804316
Spine: -0.3024524, 0.1543091, 2.880728
ShoulderCenter: -0.3200704, 0.5290677, 2.990178
Head: -0.2845694, 0.7098539, 2.973026
ShoulderLeft: -0.45687, 0.3907375, 2.898914
ElbowLeft: -0.4928738, 0.1429568, 2.804137
WristLeft: -0.4814801, -0.08399211, 2.677798
HandLeft: -0.4850965, -0.1458106, 2.645847
ShoulderRight: -0.1271809, 0.4266486, 2.962107
ElbowRight: 0.1052842, 0.5191542, 2.929462
WristRight: 0.3974526, 0.5447766, 2.857824
HandRight: 0.4897756, 0.5745634, 2.861246
HipLeft: -0.3621407, 0.03964114, 2.768016
KneeLeft: -0.3014315, -0.4990337, 2.693204
AnkleLeft: -0.3122482, -0.7844017, 2.599133
FootLeft: -0.2890589, -0.8415783, 2.486692
HipRight: -0.2129708, 0.04154946, 2.778539
KneeRight: -0.2639102, -0.4057038, 2.696804
AnkleRight: -0.2766783, -0.7842868, 2.597739
FootRight: -0.307184, -0.8406617, 2.475178
=========
HipCenter: -0.2917607, 0.109455, 2.805061
Spine: -0.3028292, 0.1555673, 2.881205
ShoulderCenter: -0.3206742, 0.5292844, 2.990173
Head: -0.2856307, 0.7100816, 2.973071
ShoulderLeft: -0.4573985, 0.3906482, 2.899124
ElbowLeft: -0.4930189, 0.1431759, 2.804796
WristLeft: -0.4814343, -0.08336906, 2.678431
HandLeft: -0.485286, -0.1456788, 2.646225
ShoulderRight: -0.1237931, 0.4318017, 2.964836
ElbowRight: 0.1066946, 0.5369484, 2.935006
WristRight: 0.3987203, 0.6022766, 2.873513
HandRight: 0.4840626, 0.6242536, 2.88131
HipLeft: -0.3626414, 0.04034691, 2.768785
KneeLeft: -0.3013494, -0.4988611, 2.693231
AnkleLeft: -0.3121683, -0.7843531, 2.599194
FootLeft: -0.289082, -0.8415549, 2.486752
HipRight: -0.2119059, 0.04310664, 2.778525
KneeRight: -0.2623558, -0.4046929, 2.697163
AnkleRight: -0.2752887, -0.7838127, 2.598253
FootRight: -0.3071562, -0.8406368, 2.475446
=========
HipCenter: -0.2916459, 0.1111072, 2.805676
Spine: -0.3029613, 0.1567496, 2.881603
ShoulderCenter: -0.3210377, 0.529446, 2.990129
Head: -0.2864514, 0.7102576, 2.973134
ShoulderLeft: -0.4576902, 0.3905858, 2.899231
ElbowLeft: -0.4930663, 0.1437741, 2.805976
WristLeft: -0.4812855, -0.08281938, 2.67901
HandLeft: -0.4853453, -0.145575, 2.6465
ShoulderRight: -0.121602, 0.4351085, 2.966643
ElbowRight: 0.1025516, 0.5380645, 2.937573
WristRight: 0.3900612, 0.6077625, 2.874967
HandRight: 0.4952228, 0.65882, 2.895446
HipLeft: -0.3627717, 0.04110125, 2.769393
KneeLeft: -0.3012403, -0.4986889, 2.693258
AnkleLeft: -0.3120686, -0.7843049, 2.599263
FootLeft: -0.2891033, -0.8415312, 2.48681
HipRight: -0.2107725, 0.04449907, 2.778574
KneeRight: -0.2609324, -0.4038461, 2.697501
AnkleRight: -0.2739279, -0.7834111, 2.598755
FootRight: -0.307167, -0.8406192, 2.475588
=========
HipCenter: -0.2913671, 0.1128249, 2.806338
Spine: -0.3029411, 0.1580317, 2.882053
ShoulderCenter: -0.3213235, 0.5295927, 2.990081
Head: -0.2870934, 0.7103825, 2.973253
ShoulderLeft: -0.4579206, 0.3905392, 2.89932
ElbowLeft: -0.4930633, 0.1443859, 2.80706
WristLeft: -0.4811582, -0.0822791, 2.679499
HandLeft: -0.4852831, -0.145477, 2.646714
ShoulderRight: -0.1200373, 0.4373691, 2.967935
ElbowRight: 0.09753144, 0.5319458, 2.937391
WristRight: 0.3828038, 0.6109351, 2.87582
HandRight: 0.4727341, 0.6286435, 2.885447
HipLeft: -0.3626271, 0.04207185, 2.770167
KneeLeft: -0.3011186, -0.4985361, 2.693286
AnkleLeft: -0.3119835, -0.7842383, 2.599329
FootLeft: -0.2891223, -0.8414879, 2.486929
HipRight: -0.2096974, 0.04588749, 2.7786
KneeRight: -0.2596674, -0.4031303, 2.697814
AnkleRight: -0.2726605, -0.7830598, 2.59923
FootRight: -0.3071654, -0.8406046, 2.47569
=========
HipCenter: -0.2910174, 0.1141599, 2.806856
Spine: -0.3028107, 0.1590875, 2.882429
ShoulderCenter: -0.3215328, 0.5297185, 2.990044
Head: -0.2877213, 0.7104781, 2.97332
ShoulderLeft: -0.4580897, 0.3904935, 2.899393
ElbowLeft: -0.4929731, 0.1449035, 2.807987
WristLeft: -0.4809614, -0.08183201, 2.679916
HandLeft: -0.4851485, -0.1453815, 2.646898
ShoulderRight: -0.1190017, 0.4388598, 2.968792
ElbowRight: 0.09855087, 0.5267136, 2.935741
WristRight: 0.3813589, 0.607051, 2.87286
HandRight: 0.4782721, 0.6432493, 2.89024
HipLeft: -0.3623258, 0.04293187, 2.770801
KneeLeft: -0.3009664, -0.4983978, 2.693327
AnkleLeft: -0.311894, -0.7841834, 2.599389
FootLeft: -0.2891432, -0.8414432, 2.487097
HipRight: -0.2087579, 0.04697271, 2.778629
KneeRight: -0.2585493, -0.4025137, 2.698104
AnkleRight: -0.2715007, -0.7827396, 2.599672
FootRight: -0.3072039, -0.840606, 2.475742
=========
HipCenter: -0.2906362, 0.1153559, 2.807304
Spine: -0.3026176, 0.1601003, 2.88278
ShoulderCenter: -0.3217211, 0.5298882, 2.990014
Head: -0.2882139, 0.7105507, 2.97337
ShoulderLeft: -0.4582057, 0.3904618, 2.899453
ElbowLeft: -0.492901, 0.1453173, 2.808767
WristLeft: -0.4807493, -0.08143207, 2.680287
HandLeft: -0.4849324, -0.1452457, 2.64704
ShoulderRight: -0.1182763, 0.439905, 2.969394
ElbowRight: 0.09693369, 0.5204982, 2.933258
WristRight: 0.3769972, 0.5978812, 2.869408
HandRight: 0.4784416, 0.6362116, 2.886098
HipLeft: -0.3618237, 0.04403311, 2.771571
KneeLeft: -0.3008114, -0.4982765, 2.693371
AnkleLeft: -0.3118032, -0.7841318, 2.599444
FootLeft: -0.2891684, -0.8413903, 2.48728
HipRight: -0.2079438, 0.04798314, 2.77859
KneeRight: -0.2575988, -0.4020098, 2.698366
AnkleRight: -0.270486, -0.7824728, 2.600073
FootRight: -0.3072383, -0.8406056, 2.475789
=========
HipCenter: -0.2901988, 0.1161959, 2.807648
Spine: -0.3023638, 0.1608668, 2.883057
ShoulderCenter: -0.3218716, 0.5300535, 2.989981
Head: -0.2885908, 0.7106023, 2.973422
ShoulderLeft: -0.4582669, 0.3903914, 2.899488
ElbowLeft: -0.4927983, 0.1456965, 2.809477
WristLeft: -0.4805003, -0.08108534, 2.680646
HandLeft: -0.4846617, -0.1450952, 2.647239
ShoulderRight: -0.117755, 0.4406593, 2.969828
ElbowRight: 0.09821837, 0.5158826, 2.932548
WristRight: 0.3768729, 0.5920694, 2.866743
HandRight: 0.4788096, 0.6284619, 2.881684
HipLeft: -0.3611234, 0.04464894, 2.772081
KneeLeft: -0.3006561, -0.4981581, 2.693414
AnkleLeft: -0.3117057, -0.7840862, 2.59949
FootLeft: -0.2891966, -0.8413319, 2.487495
HipRight: -0.2072114, 0.04875007, 2.778605
KneeRight: -0.2567826, -0.4015852, 2.698599
AnkleRight: -0.2695963, -0.7822382, 2.60043
FootRight: -0.3072796, -0.8406093, 2.475848
=========
HipCenter: -0.2897025, 0.116877, 2.807964
Spine: -0.3020428, 0.1615314, 2.883329
ShoulderCenter: -0.3220268, 0.5303436, 2.99
Head: -0.2888643, 0.7106452, 2.973517
ShoulderLeft: -0.4582914, 0.390337, 2.899525
ElbowLeft: -0.4926879, 0.146015, 2.810084
WristLeft: -0.4802397, -0.08094329, 2.680866
HandLeft: -0.4843792, -0.1448862, 2.647391
ShoulderRight: -0.1173734, 0.4412067, 2.97015
ElbowRight: 0.09695432, 0.5117228, 2.931831
WristRight: 0.3744877, 0.586503, 2.865143
HandRight: 0.4792074, 0.6214468, 2.877745
HipLeft: -0.3602483, 0.04516444, 2.772446
KneeLeft: -0.3004704, -0.4980511, 2.693453
AnkleLeft: -0.3116042, -0.7840413, 2.59953
FootLeft: -0.2892299, -0.8412825, 2.487673
HipRight: -0.2064564, 0.04940981, 2.778805
KneeRight: -0.2560896, -0.4012253, 2.698808
AnkleRight: -0.2688284, -0.7820299, 2.600746
FootRight: -0.3073592, -0.8406244, 2.475972
=========
HipCenter: -0.2887684, 0.1172432, 2.808318
Spine: -0.301535, 0.1620015, 2.883608
ShoulderCenter: -0.3221898, 0.5306432, 2.990027
Head: -0.2890668, 0.7106744, 2.973665
ShoulderLeft: -0.4582653, 0.390268, 2.899558
ElbowLeft: -0.4925519, 0.1463109, 2.810642
WristLeft: -0.4799609, -0.08082646, 2.681067
HandLeft: -0.4840882, -0.1446806, 2.647522
ShoulderRight: -0.1170951, 0.4415952, 2.970398
ElbowRight: 0.09531734, 0.5081583, 2.931438
WristRight: 0.3722073, 0.5821345, 2.86417
HandRight: 0.4796031, 0.6157587, 2.874569
HipLeft: -0.3582057, 0.04524088, 2.772819
KneeLeft: -0.3002227, -0.4979623, 2.693502
AnkleLeft: -0.3115089, -0.783998, 2.599571
FootLeft: -0.2892492, -0.8412412, 2.487795
HipRight: -0.2053815, 0.04979246, 2.779167
KneeRight: -0.2555066, -0.4009271, 2.698994
AnkleRight: -0.2681734, -0.7818524, 2.601024
FootRight: -0.3074353, -0.8406363, 2.476093
=========
HipCenter: -0.2879132, 0.117493, 2.808624
Spine: -0.3010498, 0.1623737, 2.883859
ShoulderCenter: -0.3223762, 0.5309741, 2.990091
Head: -0.2892068, 0.7106968, 2.973768
ShoulderLeft: -0.4582206, 0.3902002, 2.899589
ElbowLeft: -0.4924276, 0.1465121, 2.810984
WristLeft: -0.4797469, -0.08057868, 2.681339
HandLeft: -0.4837957, -0.1444609, 2.647641
ShoulderRight: -0.1169049, 0.4418474, 2.970588
ElbowRight: 0.09705579, 0.5056236, 2.930228
WristRight: 0.3737474, 0.579473, 2.862663
HandRight: 0.4795892, 0.6110153, 2.87172
HipLeft: -0.3564973, 0.04529571, 2.773039
KneeLeft: -0.2999316, -0.4979191, 2.693568
AnkleLeft: -0.3114263, -0.7839486, 2.599609
FootLeft: -0.2892743, -0.841203, 2.487903
HipRight: -0.2044367, 0.05007154, 2.779579
KneeRight: -0.2549804, -0.4006469, 2.699174
AnkleRight: -0.2675782, -0.7816701, 2.601286
FootRight: -0.3074947, -0.8406454, 2.476209
=========
HipCenter: -0.2872043, 0.1176831, 2.80887
Spine: -0.3006099, 0.1626756, 2.884074
ShoulderCenter: -0.3224976, 0.5312869, 2.990152
Head: -0.2893066, 0.7107126, 2.973855
ShoulderLeft: -0.4581632, 0.3901348, 2.899617
ElbowLeft: -0.4923132, 0.1466892, 2.811267
WristLeft: -0.4795254, -0.08035351, 2.681604
HandLeft: -0.4835063, -0.1442471, 2.647739
ShoulderRight: -0.1167759, 0.4419991, 2.970739
ElbowRight: 0.1032804, 0.504719, 2.92732
WristRight: 0.3785008, 0.5775958, 2.860167
HandRight: 0.4794377, 0.6069624, 2.86902
HipLeft: -0.3553775, 0.0454223, 2.773243
KneeLeft: -0.299635, -0.4978946, 2.693634
AnkleLeft: -0.3113562, -0.7838995, 2.599643
FootLeft: -0.2892989, -0.8411726, 2.487994
HipRight: -0.2037122, 0.05027715, 2.779889
KneeRight: -0.2545238, -0.4004047, 2.699343
AnkleRight: -0.2670574, -0.7815069, 2.601527
FootRight: -0.3075563, -0.840654, 2.476331
=========
HipCenter: -0.2865931, 0.1178508, 2.809082
Spine: -0.3001976, 0.1629367, 2.884265
ShoulderCenter: -0.3225767, 0.5315458, 2.990186
Head: -0.2893752, 0.7107225, 2.973918
ShoulderLeft: -0.4580915, 0.3900684, 2.899647
ElbowLeft: -0.4921883, 0.1468792, 2.811531
WristLeft: -0.479312, -0.08014384, 2.681859
HandLeft: -0.48322, -0.1440329, 2.647812
ShoulderRight: -0.1166959, 0.4420783, 2.97086
ElbowRight: 0.1089148, 0.5044965, 2.924813
WristRight: 0.3824544, 0.5764863, 2.858375
HandRight: 0.4793241, 0.6039104, 2.866979
HipLeft: -0.3545196, 0.04566331, 2.77333
KneeLeft: -0.2993725, -0.4978554, 2.693696
AnkleLeft: -0.3112906, -0.7838549, 2.599676
FootLeft: -0.28932, -0.8411434, 2.488081
HipRight: -0.2030956, 0.05041221, 2.780215
KneeRight: -0.2541352, -0.4001992, 2.699493
AnkleRight: -0.2666116, -0.781365, 2.601738
FootRight: -0.3076033, -0.8406593, 2.47641
=========
HipCenter: -0.2860899, 0.117961, 2.809241
Spine: -0.2998365, 0.1631291, 2.884415
ShoulderCenter: -0.3226181, 0.5317148, 2.990211
Head: -0.2894162, 0.7107208, 2.973991
ShoulderLeft: -0.45799, 0.389976, 2.89967
ElbowLeft: -0.4920665, 0.1470251, 2.811757
WristLeft: -0.479104, -0.07995661, 2.682086
HandLeft: -0.4829225, -0.1438448, 2.647871
ShoulderRight: -0.1166488, 0.4421017, 2.970952
ElbowRight: 0.1130506, 0.5045388, 2.923131
WristRight: 0.3854476, 0.5759056, 2.857177
HandRight: 0.479219, 0.6016682, 2.865482
HipLeft: -0.3539101, 0.04583243, 2.773345
KneeLeft: -0.2991349, -0.4978323, 2.693756
AnkleLeft: -0.3112119, -0.7838056, 2.5997
FootLeft: -0.2893386, -0.841117, 2.488159
HipRight: -0.2026005, 0.05048525, 2.780481
KneeRight: -0.2538027, -0.4000242, 2.699625
AnkleRight: -0.2662288, -0.7812413, 2.601922
FootRight: -0.3076558, -0.8406623, 2.476481
=========
HipCenter: -0.2856382, 0.1180304, 2.809378
Spine: -0.2994696, 0.1632844, 2.884553
ShoulderCenter: -0.3224981, 0.5318068, 2.990089
Head: -0.2894501, 0.7107178, 2.974033
ShoulderLeft: -0.4578799, 0.389882, 2.899688
ElbowLeft: -0.491952, 0.1471517, 2.811949
WristLeft: -0.4789132, -0.07978935, 2.682289
HandLeft: -0.4826337, -0.1436607, 2.647915
ShoulderRight: -0.1166307, 0.442081, 2.971014
ElbowRight: 0.1159366, 0.5046725, 2.921997
WristRight: 0.3879392, 0.575637, 2.856402
HandRight: 0.4791927, 0.5997499, 2.864361
HipLeft: -0.3534163, 0.04596489, 2.77333
KneeLeft: -0.2989049, -0.4978244, 2.693815
AnkleLeft: -0.3111361, -0.7837586, 2.599721
FootLeft: -0.2893597, -0.8410959, 2.488223
HipRight: -0.202147, 0.05049697, 2.7808
KneeRight: -0.253516, -0.3998749, 2.699747
AnkleRight: -0.2658975, -0.7811339, 2.602089
FootRight: -0.3077088, -0.8406639, 2.476534
=========
HipCenter: -0.2852752, 0.1180712, 2.809483
Spine: -0.2991616, 0.1634006, 2.884663
ShoulderCenter: -0.3223752, 0.5318774, 2.989961
Head: -0.2894526, 0.7107114, 2.974081
ShoulderLeft: -0.4577737, 0.3897932, 2.899704
ElbowLeft: -0.4918433, 0.1472554, 2.812104
WristLeft: -0.4787377, -0.07963967, 2.682473
HandLeft: -0.4823564, -0.1434977, 2.64792
ShoulderRight: -0.1166365, 0.4420336, 2.971075
ElbowRight: 0.1179196, 0.5048084, 2.921303
WristRight: 0.3898761, 0.5755509, 2.855929
HandRight: 0.4791785, 0.5986032, 2.863712
HipLeft: -0.353061, 0.04606296, 2.773315
KneeLeft: -0.2986898, -0.4978221, 2.693871
AnkleLeft: -0.3110514, -0.7837106, 2.599735
FootLeft: -0.2893721, -0.8410811, 2.48826
HipRight: -0.2018027, 0.05048145, 2.781039
KneeRight: -0.2532644, -0.3997498, 2.699862
AnkleRight: -0.2656057, -0.7810435, 2.602244
FootRight: -0.3077396, -0.8406654, 2.476556
=========
HipCenter: -0.2849805, 0.1181085, 2.809571
Spine: -0.2988958, 0.1634945, 2.884756
ShoulderCenter: -0.3222405, 0.5319158, 2.989838
Head: -0.2894283, 0.7106957, 2.974142
ShoulderLeft: -0.4576396, 0.3896948, 2.899709
ElbowLeft: -0.4917388, 0.1473511, 2.812246
WristLeft: -0.4785697, -0.07950899, 2.682637
HandLeft: -0.4820783, -0.1433698, 2.64789
ShoulderRight: -0.1166552, 0.4419704, 2.971127
ElbowRight: 0.1193449, 0.5049517, 2.920875
WristRight: 0.3913723, 0.57557, 2.855608
HandRight: 0.4791695, 0.5977614, 2.863242
HipLeft: -0.352786, 0.04620118, 2.773321
KneeLeft: -0.2985203, -0.4977809, 2.693918
AnkleLeft: -0.3109789, -0.7836699, 2.599752
FootLeft: -0.2894076, -0.8410649, 2.488323
HipRight: -0.201538, 0.05046048, 2.781229
KneeRight: -0.2530429, -0.3996429, 2.69997
AnkleRight: -0.2653487, -0.7809657, 2.602386
FootRight: -0.3077642, -0.8406665, 2.476573
=========
HipCenter: -0.2847083, 0.1181355, 2.809664
Spine: -0.2986543, 0.1635671, 2.884856
ShoulderCenter: -0.3221174, 0.5319524, 2.989794
Head: -0.2893879, 0.7106814, 2.974199
ShoulderLeft: -0.457507, 0.3896003, 2.899713
ElbowLeft: -0.4916031, 0.1474564, 2.812449
WristLeft: -0.478708, -0.07824066, 2.683284
HandLeft: -0.4817812, -0.1432564, 2.64782
ShoulderRight: -0.1165319, 0.4421654, 2.971603
ElbowRight: 0.1117029, 0.5042771, 2.923123
WristRight: 0.3876359, 0.5746679, 2.856534
HandRight: 0.4791639, 0.597138, 2.8629
HipLeft: -0.3525687, 0.04631049, 2.773326
KneeLeft: -0.2983472, -0.4977499, 2.693961
AnkleLeft: -0.3108956, -0.7836314, 2.599771
FootLeft: -0.2894334, -0.8410533, 2.488376
HipRight: -0.2012938, 0.05042676, 2.781423
KneeRight: -0.2528423, -0.3995385, 2.700078
AnkleRight: -0.2651171, -0.7808858, 2.602524
FootRight: -0.3077877, -0.8406671, 2.476587
=========
HipCenter: -0.2845095, 0.1181544, 2.809736
Spine: -0.2984745, 0.1636212, 2.884937
ShoulderCenter: -0.3220401, 0.5319842, 2.989769
Head: -0.2893002, 0.7106758, 2.974313
ShoulderLeft: -0.4573786, 0.3895131, 2.89972
ElbowLeft: -0.4914752, 0.1475549, 2.812638
WristLeft: -0.478829, -0.0772322, 2.6838
HandLeft: -0.481498, -0.143153, 2.647738
ShoulderRight: -0.1164518, 0.4423396, 2.972105
ElbowRight: 0.1051409, 0.5037481, 2.925151
WristRight: 0.383457, 0.5739086, 2.857662
HandRight: 0.4791675, 0.5966514, 2.86267
HipLeft: -0.3524205, 0.04639804, 2.773339
KneeLeft: -0.2981016, -0.4974937, 2.693993
AnkleLeft: -0.3108304, -0.7835849, 2.59979
FootLeft: -0.2894607, -0.8410418, 2.488429
HipRight: -0.2011362, 0.05040762, 2.781546
KneeRight: -0.2526411, -0.3994295, 2.70019
AnkleRight: -0.2648875, -0.7807984, 2.602664
FootRight: -0.3078105, -0.840667, 2.476591
=========
HipCenter: -0.2843648, 0.1181717, 2.809792
Spine: -0.2983211, 0.1636664, 2.885008
ShoulderCenter: -0.3219829, 0.5320105, 2.989755
Head: -0.2892384, 0.7106675, 2.97436
ShoulderLeft: -0.4573269, 0.389475, 2.89976
ElbowLeft: -0.4913547, 0.147645, 2.812814
WristLeft: -0.4789004, -0.07631064, 2.684188
HandLeft: -0.4812281, -0.1430527, 2.647638
ShoulderRight: -0.1164297, 0.4423932, 2.972362
ElbowRight: 0.1037565, 0.5036294, 2.925534
WristRight: 0.3827726, 0.5737079, 2.85785
HandRight: 0.4792789, 0.5961856, 2.862607
HipLeft: -0.3523259, 0.04647811, 2.773348
KneeLeft: -0.2978837, -0.49731, 2.694025
AnkleLeft: -0.3107645, -0.7835369, 2.599809
FootLeft: -0.289489, -0.8410308, 2.48848
HipRight: -0.2010204, 0.05039111, 2.781638
KneeRight: -0.252466, -0.399326, 2.700294
AnkleRight: -0.2646885, -0.7807134, 2.602792
FootRight: -0.3078477, -0.8406625, 2.47661
=========
HipCenter: -0.2842404, 0.1181811, 2.809843
Spine: -0.2981898, 0.1636999, 2.885071
ShoulderCenter: -0.3219553, 0.5320303, 2.989745
Head: -0.2891281, 0.7106475, 2.974426
ShoulderLeft: -0.4572828, 0.3894539, 2.899804
ElbowLeft: -0.4912479, 0.1477121, 2.812969
WristLeft: -0.4789189, -0.07557001, 2.684513
HandLeft: -0.4809813, -0.1429555, 2.647536
ShoulderRight: -0.1164175, 0.4424298, 2.972586
ElbowRight: 0.1030582, 0.5037042, 2.925723
WristRight: 0.3826165, 0.573716, 2.857916
HandRight: 0.4794249, 0.5957753, 2.862527
HipLeft: -0.3522466, 0.04653024, 2.773348
KneeLeft: -0.2977018, -0.4971078, 2.694049
AnkleLeft: -0.3107077, -0.7834921, 2.599832
FootLeft: -0.2895218, -0.8410189, 2.488542
HipRight: -0.2008975, 0.05035333, 2.781766
KneeRight: -0.2522973, -0.3992226, 2.700401
AnkleRight: -0.2644983, -0.7806267, 2.602919
FootRight: -0.307876, -0.8406584, 2.476634
=========
HipCenter: -0.2841687, 0.1182006, 2.809887
Spine: -0.2981066, 0.1637377, 2.885131
ShoulderCenter: -0.321947, 0.5320558, 2.989759
Head: -0.2890165, 0.7106266, 2.974514
ShoulderLeft: -0.4572495, 0.3894388, 2.899867
ElbowLeft: -0.4911486, 0.147767, 2.813106
WristLeft: -0.4789477, -0.07527183, 2.684644
HandLeft: -0.4807553, -0.1428437, 2.647447
ShoulderRight: -0.1164305, 0.4424333, 2.972744
ElbowRight: 0.1030452, 0.5039296, 2.925687
WristRight: 0.3828991, 0.5738454, 2.857862
HandRight: 0.4795344, 0.5953339, 2.862436
HipLeft: -0.352298, 0.04665461, 2.773493
KneeLeft: -0.2975407, -0.4969566, 2.69407
AnkleLeft: -0.310654, -0.7834507, 2.599859
FootLeft: -0.2896017, -0.8409787, 2.488715
HipRight: -0.2008793, 0.05037495, 2.781796
KneeRight: -0.2518531, -0.3861919, 2.699615
AnkleRight: -0.2615399, -0.7456036, 2.60538
FootRight: -0.30264, -0.8250617, 2.492146
=========
HipCenter: -0.2841196, 0.1182116, 2.809926
Spine: -0.2980458, 0.1637607, 2.885184
ShoulderCenter: -0.3219755, 0.5320826, 2.989834
Head: -0.2889054, 0.7106032, 2.974598
ShoulderLeft: -0.4572252, 0.389427, 2.899928
ElbowLeft: -0.4910572, 0.1478066, 2.813235
WristLeft: -0.4789748, -0.07504928, 2.684738
HandLeft: -0.4805571, -0.1427432, 2.64736
ShoulderRight: -0.1164738, 0.4423931, 2.972866
ElbowRight: 0.1035784, 0.5042552, 2.925545
WristRight: 0.3834905, 0.5740483, 2.857634
HandRight: 0.4796214, 0.5949354, 2.862373
HipLeft: -0.3523839, 0.04675382, 2.773629
KneeLeft: -0.29742, -0.4968542, 2.694088
AnkleLeft: -0.3106023, -0.783415, 2.599887
FootLeft: -0.2896922, -0.8409227, 2.488941
HipRight: -0.2008836, 0.05038657, 2.781812
KneeRight: -0.2516698, -0.3813147, 2.699333
AnkleRight: -0.2599587, -0.7268351, 2.606709
FootRight: -0.3001023, -0.817515, 2.499551
=========
HipCenter: -0.284081, 0.1182158, 2.809959
Spine: -0.2979935, 0.163774, 2.885233
ShoulderCenter: -0.3220014, 0.5321049, 2.989911
Head: -0.2887627, 0.7105688, 2.974742
ShoulderLeft: -0.4572074, 0.3894228, 2.899993
ElbowLeft: -0.4909852, 0.1480636, 2.813501
WristLeft: -0.4789929, -0.07490377, 2.684803
HandLeft: -0.4803856, -0.1426564, 2.647272
ShoulderRight: -0.1165473, 0.4423056, 2.972967
ElbowRight: 0.1028824, 0.5042109, 2.925558
WristRight: 0.3827359, 0.573909, 2.857652
HandRight: 0.4795801, 0.5945355, 2.862195
HipLeft: -0.3524303, 0.04680562, 2.773708
KneeLeft: -0.2973121, -0.4967896, 2.694103
AnkleLeft: -0.3105468, -0.783377, 2.59992
FootLeft: -0.2897655, -0.8408768, 2.48911
HipRight: -0.2008839, 0.05038667, 2.781832
KneeRight: -0.2515593, -0.3776784, 2.699103
AnkleRight: -0.2580058, -0.7127053, 2.60838
FootRight: -0.2975699, -0.8104904, 2.506163
=========
HipCenter: -0.2840483, 0.1182025, 2.809989
Spine: -0.2979485, 0.1637683, 2.885279
ShoulderCenter: -0.3222462, 0.5321343, 2.990149
Head: -0.288708, 0.7105232, 2.974809
ShoulderLeft: -0.4571959, 0.3894179, 2.900055
ElbowLeft: -0.4909517, 0.1482175, 2.81362
WristLeft: -0.4789869, -0.07484623, 2.684826
HandLeft: -0.480235, -0.1425763, 2.647184
ShoulderRight: -0.1167234, 0.4421354, 2.973017
ElbowRight: 0.1025893, 0.5042119, 2.925534
WristRight: 0.3824354, 0.5738648, 2.857627
HandRight: 0.4792422, 0.593864, 2.861603
HipLeft: -0.3524435, 0.04682267, 2.773742
KneeLeft: -0.2972398, -0.4967262, 2.694112
AnkleLeft: -0.3104996, -0.7833462, 2.599951
FootLeft: -0.2898373, -0.8408318, 2.489272
HipRight: -0.2008811, 0.05037803, 2.781852
KneeRight: -0.2513969, -0.3740663, 2.698857
AnkleRight: -0.2559232, -0.7029303, 2.60992
FootRight: -0.2953518, -0.8051355, 2.511138
