=========
HipCenter: -0.2696614, 0.1083188, 2.843846
Spine: -0.2905443, 0.1618497, 2.916806
ShoulderCenter: -0.3150672, 0.5534775, 3.001929
Head: -0.2712289, 0.7267926, 2.995547
ShoulderLeft: -0.4503884, 0.4227989, 2.920868
ElbowLeft: -0.4915869, 0.1498799, 2.84491
WristLeft: -0.4795008, -0.07204571, 2.708942
HandLeft: -0.4854968, -0.1279361, 2.676859
ShoulderRight: -0.1292278, 0.41026, 3.001763
ElbowRight: -0.1184601, 0.1107933, 2.873615
WristRight: -0.1136131, -0.112018, 2.738774
HandRight: -0.1072014, -0.1493636, 2.731113
HipLeft: -0.3348864, 0.04215869, 2.799788
KneeLeft: -0.3086902, -0.5010167, 2.708781
AnkleLeft: -0.3256318, -0.7869726, 2.597688
FootLeft: -0.30039, -0.8374977, 2.477832
HipRight: -0.1903642, 0.03651617, 2.834275
KneeRight: -0.3116144, -0.5071804, 2.707187
AnkleRight: -0.2778014, -0.7945346, 2.590355
FootRight: -0.315775, -0.8352756, 2.477398
=========
HipCenter: -0.2696269, 0.1081691, 2.844022
Spine: -0.2907811, 0.1617424, 2.916912
ShoulderCenter: -0.314731, 0.5535076, 3.002178
Head: -0.2703128, 0.727471, 2.998432
ShoulderLeft: -0.4489241, 0.4178812, 2.917622
ElbowLeft: -0.4914784, 0.1500556, 2.845228
WristLeft: -0.4800694, -0.07099462, 2.710032
HandLeft: -0.4857827, -0.1274363, 2.677332
ShoulderRight: -0.1292523, 0.4098769, 3.002025
ElbowRight: -0.1167643, 0.1279371, 2.885282
WristRight: -0.1139492, -0.08916492, 2.751015
HandRight: -0.1069288, -0.149758, 2.732547
HipLeft: -0.334744, 0.04148552, 2.799404
KneeLeft: -0.3292401, -0.449864, 2.710299
AnkleLeft: -0.3256321, -0.7868758, 2.597768
FootLeft: -0.3004504, -0.8375141, 2.478004
HipRight: -0.1904485, 0.03645452, 2.834839
KneeRight: -0.3259442, -0.4560464, 2.71128
AnkleRight: -0.2782606, -0.7942622, 2.590314
FootRight: -0.3158644, -0.8353518, 2.477277
=========
HipCenter: -0.269621, 0.108146, 2.844048
Spine: -0.2908173, 0.1617263, 2.916926
ShoulderCenter: -0.3146041, 0.5534039, 3.002077
Head: -0.270131, 0.7275839, 2.998936
ShoulderLeft: -0.4483994, 0.4164911, 2.916619
ElbowLeft: -0.4914571, 0.1500826, 2.845278
WristLeft: -0.4801779, -0.0708361, 2.710214
HandLeft: -0.4858388, -0.1273527, 2.67741
ShoulderRight: -0.1292614, 0.4098043, 3.002051
ElbowRight: -0.1163998, 0.1318688, 2.888116
WristRight: -0.1138377, -0.08253268, 2.754463
HandRight: -0.1068693, -0.1500019, 2.73265
HipLeft: -0.3346871, 0.04137393, 2.799407
KneeLeft: -0.3217553, -0.4702494, 2.709468
AnkleLeft: -0.3256302, -0.7868615, 2.597779
FootLeft: -0.3004588, -0.8375169, 2.478033
HipRight: -0.1904619, 0.03644913, 2.834921
KneeRight: -0.3185967, -0.4728084, 2.710248
AnkleRight: -0.2783952, -0.7942042, 2.590309
FootRight: -0.3158777, -0.8353652, 2.477249
=========
HipCenter: -0.2696114, 0.1081173, 2.844063
Spine: -0.290834, 0.1617044, 2.916932
ShoulderCenter: -0.314467, 0.553215, 3.001845
Head: -0.2699953, 0.7276269, 2.999261
ShoulderLeft: -0.4479368, 0.4152865, 2.915748
ElbowLeft: -0.4914434, 0.1501024, 2.845315
WristLeft: -0.4807465, -0.07036547, 2.71085
HandLeft: -0.4860678, -0.1272074, 2.677586
ShoulderRight: -0.1294419, 0.4096229, 3.001573
ElbowRight: -0.1161987, 0.1345294, 2.88998
WristRight: -0.1136436, -0.07784575, 2.756911
HandRight: -0.1067526, -0.1502177, 2.732361
HipLeft: -0.3346105, 0.04125706, 2.799437
KneeLeft: -0.2926851, -0.4356196, 2.712147
AnkleLeft: -0.3256233, -0.7868546, 2.597786
FootLeft: -0.3004568, -0.8375189, 2.478072
HipRight: -0.1904722, 0.03644593, 2.834981
KneeRight: -0.327202, -0.4402335, 2.713324
AnkleRight: -0.278595, -0.7941332, 2.590317
FootRight: -0.3158711, -0.8353769, 2.477176
=========
HipCenter: -0.2695618, 0.1080018, 2.844043
Spine: -0.2908097, 0.1616359, 2.916918
ShoulderCenter: -0.3143315, 0.5530791, 3.001689
Head: -0.2698991, 0.7276489, 2.999486
ShoulderLeft: -0.4474192, 0.4141286, 2.914842
ElbowLeft: -0.4914355, 0.1501098, 2.845354
WristLeft: -0.481376, -0.07000706, 2.711482
HandLeft: -0.4864192, -0.1270321, 2.677841
ShoulderRight: -0.129646, 0.4093939, 3.000863
ElbowRight: -0.1160592, 0.1364006, 2.891297
WristRight: -0.113298, -0.07447977, 2.758801
HandRight: -0.1066041, -0.1503754, 2.731873
HipLeft: -0.3344709, 0.04106577, 2.799495
KneeLeft: -0.2986599, -0.4625706, 2.711703
AnkleLeft: -0.3256135, -0.7868509, 2.597792
FootLeft: -0.3004286, -0.837517, 2.47814
HipRight: -0.1904779, 0.03643921, 2.835018
KneeRight: -0.3179783, -0.4716743, 2.71168
AnkleRight: -0.2790765, -0.7939224, 2.590396
FootRight: -0.3158547, -0.8353878, 2.477102
=========
HipCenter: -0.2695189, 0.1079321, 2.844018
Spine: -0.290779, 0.1615813, 2.916899
ShoulderCenter: -0.3142574, 0.5529739, 3.001594
Head: -0.2697915, 0.7272667, 2.998995
ShoulderLeft: -0.4471904, 0.4135122, 2.914387
ElbowLeft: -0.4915266, 0.1498053, 2.845383
WristLeft: -0.4830093, -0.06957367, 2.712605
HandLeft: -0.4878622, -0.1266169, 2.678976
ShoulderRight: -0.1297527, 0.4090686, 3.000268
ElbowRight: -0.115976, 0.1377439, 2.892214
WristRight: -0.1129536, -0.07210925, 2.760178
HandRight: -0.1064422, -0.150581, 2.73127
HipLeft: -0.3343698, 0.04097629, 2.799439
KneeLeft: -0.320418, -0.4386316, 2.711679
AnkleLeft: -0.3256035, -0.7868518, 2.597826
FootLeft: -0.3003972, -0.8375162, 2.478216
HipRight: -0.1904778, 0.03643472, 2.835044
KneeRight: -0.3259775, -0.4483481, 2.711203
AnkleRight: -0.2795438, -0.7937108, 2.590514
FootRight: -0.3158, -0.8354134, 2.477087
=========
HipCenter: -0.2694795, 0.1078671, 2.843985
Spine: -0.2907148, 0.1615187, 2.916873
ShoulderCenter: -0.3141686, 0.5528286, 3.001491
Head: -0.2697164, 0.7268652, 2.998409
ShoulderLeft: -0.4469843, 0.4127695, 2.913812
ElbowLeft: -0.4917741, 0.1495257, 2.845511
WristLeft: -0.484877, -0.06882849, 2.7139
HandLeft: -0.4901855, -0.1260744, 2.680431
ShoulderRight: -0.1305374, 0.4076199, 2.997547
ElbowRight: -0.1159105, 0.1387215, 2.892878
WristRight: -0.1126606, -0.0704188, 2.761179
HandRight: -0.1063512, -0.1505128, 2.730987
HipLeft: -0.3342728, 0.04090284, 2.799351
KneeLeft: -0.3176145, -0.4749003, 2.710114
AnkleLeft: -0.3255903, -0.7868576, 2.597858
FootLeft: -0.3003628, -0.8375149, 2.478292
HipRight: -0.1904822, 0.03643297, 2.835066
KneeRight: -0.3156855, -0.4816986, 2.710655
AnkleRight: -0.2799865, -0.7935266, 2.590603
FootRight: -0.3157381, -0.8354418, 2.477079
=========
HipCenter: -0.2694566, 0.10785, 2.843959
Spine: -0.2906311, 0.1614901, 2.916843
ShoulderCenter: -0.3140469, 0.5526518, 3.001353
Head: -0.2696381, 0.726415, 2.997802
ShoulderLeft: -0.4470859, 0.4124795, 2.913677
ElbowLeft: -0.4921399, 0.1492359, 2.845677
WristLeft: -0.4870923, -0.06801558, 2.715308
HandLeft: -0.4930422, -0.1257171, 2.68254
ShoulderRight: -0.1309762, 0.4065044, 2.995641
ElbowRight: -0.1158781, 0.1394301, 2.893345
WristRight: -0.1123566, -0.06918652, 2.761914
HandRight: -0.1062599, -0.1503473, 2.730578
HipLeft: -0.3342251, 0.04092168, 2.799114
KneeLeft: -0.2911426, -0.4470648, 2.712198
AnkleLeft: -0.3255658, -0.7868668, 2.59789
FootLeft: -0.3003179, -0.8375115, 2.478368
HipRight: -0.1904858, 0.03643399, 2.835085
KneeRight: -0.3243309, -0.4522336, 2.712877
AnkleRight: -0.2804542, -0.7933096, 2.590688
FootRight: -0.3156359, -0.8354771, 2.477067
=========
HipCenter: -0.2694364, 0.1078472, 2.843911
Spine: -0.2905576, 0.1614705, 2.916795
ShoulderCenter: -0.3138727, 0.5524641, 3.001188
Head: -0.269549, 0.72598, 2.997278
ShoulderLeft: -0.4470394, 0.4119623, 2.913387
ElbowLeft: -0.4929732, 0.1486155, 2.845609
WristLeft: -0.4897623, -0.06772681, 2.716453
HandLeft: -0.4961064, -0.1254143, 2.684621
ShoulderRight: -0.1311975, 0.4055736, 2.99413
ElbowRight: -0.1157342, 0.1392728, 2.893248
WristRight: -0.1119331, -0.06875644, 2.762181
HandRight: -0.1061799, -0.1500323, 2.730145
HipLeft: -0.3341959, 0.0409585, 2.798842
KneeLeft: -0.2955799, -0.4832093, 2.710307
AnkleLeft: -0.3255371, -0.786879, 2.597917
FootLeft: -0.3002689, -0.8375071, 2.47848
HipRight: -0.1905006, 0.03645626, 2.835083
KneeRight: -0.3170079, -0.4840223, 2.710859
AnkleRight: -0.2809749, -0.7931007, 2.590739
FootRight: -0.3154888, -0.8355386, 2.476947
=========
HipCenter: -0.2694246, 0.1078208, 2.843754
Spine: -0.2904642, 0.1614156, 2.916656
ShoulderCenter: -0.3136585, 0.5522485, 3.000977
Head: -0.2694842, 0.7256062, 2.996801
ShoulderLeft: -0.4470097, 0.4114781, 2.913127
ElbowLeft: -0.4939575, 0.1477443, 2.845235
WristLeft: -0.4923775, -0.06785488, 2.717208
HandLeft: -0.4989172, -0.1251546, 2.686495
ShoulderRight: -0.1312882, 0.4048967, 2.993054
ElbowRight: -0.1156816, 0.1383498, 2.892507
WristRight: -0.1113433, -0.0691811, 2.761858
HandRight: -0.1060835, -0.149664, 2.729805
HipLeft: -0.334217, 0.04098851, 2.798424
KneeLeft: -0.3189576, -0.455717, 2.71027
AnkleLeft: -0.325497, -0.7868947, 2.597989
FootLeft: -0.300217, -0.8375015, 2.478596
HipRight: -0.1905375, 0.03641724, 2.834961
KneeRight: -0.3247394, -0.4534647, 2.712406
AnkleRight: -0.2814305, -0.7929189, 2.590806
FootRight: -0.315354, -0.8356022, 2.476823
=========
HipCenter: -0.269414, 0.1078077, 2.843564
Spine: -0.2903695, 0.1613649, 2.916485
ShoulderCenter: -0.3133262, 0.551859, 3.000625
Head: -0.2694466, 0.7252885, 2.996385
ShoulderLeft: -0.4470168, 0.4109422, 2.912797
ElbowLeft: -0.494867, 0.1464071, 2.84427
WristLeft: -0.4948135, -0.06861915, 2.717568
HandLeft: -0.5011804, -0.1250201, 2.687893
ShoulderRight: -0.1313613, 0.4044165, 2.992258
ElbowRight: -0.1155846, 0.1369327, 2.891342
WristRight: -0.1107481, -0.07027856, 2.761039
HandRight: -0.1060378, -0.1492563, 2.729507
HipLeft: -0.334242, 0.04106174, 2.797912
KneeLeft: -0.3161791, -0.4844941, 2.70741
AnkleLeft: -0.3254573, -0.7869122, 2.598059
FootLeft: -0.3001756, -0.8375031, 2.47866
HipRight: -0.1905777, 0.03637818, 2.834823
KneeRight: -0.3269269, -0.4444886, 2.712829
AnkleRight: -0.2819145, -0.792726, 2.59084
FootRight: -0.3152252, -0.8356782, 2.476636
=========
HipCenter: -0.2694667, 0.1077573, 2.843255
Spine: -0.2903078, 0.1612807, 2.916207
ShoulderCenter: -0.3128662, 0.5513554, 3.000014
Head: -0.2693767, 0.7249827, 2.995981
ShoulderLeft: -0.4470332, 0.4104268, 2.912466
ElbowLeft: -0.4953016, 0.1449611, 2.842867
WristLeft: -0.4970171, -0.06970415, 2.717713
HandLeft: -0.5027336, -0.1250037, 2.688816
ShoulderRight: -0.1314066, 0.404085, 2.991707
ElbowRight: -0.1154615, 0.1357031, 2.890075
WristRight: -0.1139701, -0.09003413, 2.746073
HandRight: -0.1009797, -0.1563403, 2.727538
HipLeft: -0.3343536, 0.04110124, 2.797422
KneeLeft: -0.3147186, -0.4971035, 2.70631
AnkleLeft: -0.325421, -0.7869275, 2.598126
FootLeft: -0.3001408, -0.8375023, 2.478714
HipRight: -0.1907547, 0.03627441, 2.834456
KneeRight: -0.3283612, -0.4380469, 2.713126
AnkleRight: -0.2822635, -0.7925965, 2.590821
FootRight: -0.3150947, -0.8357786, 2.47606
=========
HipCenter: -0.2695281, 0.1075839, 2.842716
Spine: -0.2901921, 0.1610591, 2.915681
ShoulderCenter: -0.3122129, 0.55064, 2.999095
Head: -0.2693686, 0.7247479, 2.995602
ShoulderLeft: -0.4470686, 0.4098869, 2.91211
ElbowLeft: -0.4955131, 0.1429595, 2.84099
WristLeft: -0.4988762, -0.07118435, 2.7173
HandLeft: -0.5036708, -0.1249836, 2.689309
ShoulderRight: -0.1314589, 0.4038136, 2.991165
ElbowRight: -0.1154538, 0.1350975, 2.888789
WristRight: -0.1160671, -0.1024764, 2.736575
HandRight: -0.09797151, -0.1632596, 2.723607
HipLeft: -0.3344776, 0.04105428, 2.796886
KneeLeft: -0.3138337, -0.5039461, 2.705759
AnkleLeft: -0.3253893, -0.7869388, 2.598192
FootLeft: -0.3001107, -0.8375011, 2.478761
HipRight: -0.1909662, 0.03609473, 2.83384
KneeRight: -0.3293493, -0.4335517, 2.713303
AnkleRight: -0.2824393, -0.7925346, 2.590806
FootRight: -0.3148926, -0.8358465, 2.475574
=========
HipCenter: -0.2696654, 0.1074649, 2.842164
Spine: -0.2901582, 0.1608873, 2.915159
ShoulderCenter: -0.3117357, 0.5500656, 2.998344
Head: -0.2694552, 0.7244135, 2.994987
ShoulderLeft: -0.4471115, 0.4093929, 2.911793
ElbowLeft: -0.4954421, 0.1422231, 2.839692
WristLeft: -0.4989338, -0.0714056, 2.7163
HandLeft: -0.5039728, -0.1255773, 2.688758
ShoulderRight: -0.1314908, 0.4036319, 2.990808
ElbowRight: -0.1153814, 0.1348034, 2.887578
WristRight: -0.1174858, -0.1106699, 2.729876
HandRight: -0.09873084, -0.1704914, 2.716208
HipLeft: -0.3346779, 0.04103712, 2.796283
KneeLeft: -0.313445, -0.5078073, 2.705493
AnkleLeft: -0.3253391, -0.7869576, 2.598257
FootLeft: -0.3000765, -0.8375, 2.478811
HipRight: -0.1912595, 0.03596624, 2.83325
KneeRight: -0.3301666, -0.4295315, 2.713435
AnkleRight: -0.2825702, -0.7924899, 2.590778
FootRight: -0.314703, -0.8359113, 2.475177
=========
HipCenter: -0.2697749, 0.1073762, 2.841584
Spine: -0.290141, 0.1607269, 2.914617
ShoulderCenter: -0.3114254, 0.5496672, 2.997854
Head: -0.2695748, 0.7241187, 2.994355
ShoulderLeft: -0.447013, 0.4087345, 2.911245
ElbowLeft: -0.4951203, 0.1419085, 2.838373
WristLeft: -0.4978169, -0.07106557, 2.71485
HandLeft: -0.5029707, -0.1259048, 2.687006
ShoulderRight: -0.131526, 0.4035035, 2.990529
ElbowRight: -0.115347, 0.1346985, 2.886272
WristRight: -0.1183282, -0.1160334, 2.725194
HandRight: -0.09978666, -0.1759144, 2.710235
HipLeft: -0.3347265, 0.04117098, 2.795244
KneeLeft: -0.3131313, -0.5104253, 2.705336
AnkleLeft: -0.3251928, -0.7870238, 2.598374
FootLeft: -0.3000417, -0.8375002, 2.478862
HipRight: -0.1915214, 0.03586324, 2.832715
KneeRight: -0.3307111, -0.4268714, 2.71352
AnkleRight: -0.2826625, -0.7924548, 2.590731
FootRight: -0.31454, -0.835962, 2.474817
=========
HipCenter: -0.2698053, 0.1073211, 2.840988
Spine: -0.2900786, 0.1605939, 2.914043
ShoulderCenter: -0.3111693, 0.5493469, 2.997434
Head: -0.2697005, 0.7239335, 2.993942
ShoulderLeft: -0.446919, 0.4081506, 2.910748
ElbowLeft: -0.4917623, 0.1398902, 2.831977
WristLeft: -0.4950298, -0.07287228, 2.711029
HandLeft: -0.4997601, -0.1294857, 2.681646
ShoulderRight: -0.1315535, 0.403412, 2.990337
ElbowRight: -0.1153984, 0.1346232, 2.884789
WristRight: -0.1189396, -0.1196296, 2.721794
HandRight: -0.1006537, -0.1797425, 2.705603
HipLeft: -0.3345833, 0.04131392, 2.794015
KneeLeft: -0.3127213, -0.5121479, 2.705301
AnkleLeft: -0.3250014, -0.7870884, 2.598477
FootLeft: -0.2999816, -0.8374914, 2.478882
HipRight: -0.1916883, 0.03579226, 2.832279
KneeRight: -0.3310744, -0.4251666, 2.713582
AnkleRight: -0.2827302, -0.7924325, 2.590664
FootRight: -0.314377, -0.8360074, 2.474455
=========
HipCenter: -0.2697038, 0.1072589, 2.840284
Spine: -0.2899007, 0.1604466, 2.913369
ShoulderCenter: -0.3109528, 0.5490814, 2.997067
Head: -0.2698207, 0.723782, 2.993596
ShoulderLeft: -0.446747, 0.4076529, 2.910284
ElbowLeft: -0.488887, 0.1381323, 2.826614
WristLeft: -0.4917205, -0.0746303, 2.706943
HandLeft: -0.4949854, -0.1329517, 2.675503
ShoulderRight: -0.1316348, 0.4032869, 2.990026
ElbowRight: -0.1154367, 0.1346163, 2.883481
WristRight: -0.1193411, -0.1221116, 2.719326
HandRight: -0.1017228, -0.1826175, 2.702152
HipLeft: -0.3340246, 0.04145693, 2.792367
KneeLeft: -0.312239, -0.5131462, 2.705372
AnkleLeft: -0.3248362, -0.7871377, 2.598569
FootLeft: -0.2998993, -0.837489, 2.478894
HipRight: -0.1917909, 0.03573665, 2.83191
KneeRight: -0.3313326, -0.4239117, 2.713624
AnkleRight: -0.2827825, -0.7924208, 2.590517
FootRight: -0.3142353, -0.8360512, 2.474137
=========
HipCenter: -0.269537, 0.1072472, 2.839601
Spine: -0.2897598, 0.1603361, 2.912698
ShoulderCenter: -0.3107767, 0.5488286, 2.996714
Head: -0.2699343, 0.7236496, 2.993322
ShoulderLeft: -0.4465438, 0.4072016, 2.9098
ElbowLeft: -0.4872699, 0.1375537, 2.823503
WristLeft: -0.4884271, -0.07518795, 2.703994
HandLeft: -0.4898683, -0.1339536, 2.669673
ShoulderRight: -0.1317309, 0.4032854, 2.990037
ElbowRight: -0.1155457, 0.1346845, 2.882091
WristRight: -0.1195479, -0.1238421, 2.71718
HandRight: -0.1026544, -0.184784, 2.699865
HipLeft: -0.3333531, 0.0416504, 2.790815
KneeLeft: -0.311934, -0.5138478, 2.705426
AnkleLeft: -0.3246852, -0.7871801, 2.598652
FootLeft: -0.2998176, -0.8374885, 2.478913
HipRight: -0.1918439, 0.03571457, 2.831608
KneeRight: -0.3315303, -0.4229973, 2.713659
AnkleRight: -0.2828284, -0.7923865, 2.59042
FootRight: -0.314084, -0.8360949, 2.473866
=========
HipCenter: -0.2692963, 0.1072746, 2.838932
Spine: -0.2895833, 0.1602621, 2.91203
ShoulderCenter: -0.3106305, 0.5484589, 2.996137
Head: -0.2700804, 0.7235491, 2.993051
ShoulderLeft: -0.4463577, 0.4068218, 2.909363
ElbowLeft: -0.4859952, 0.1372948, 2.821229
WristLeft: -0.4853676, -0.07521499, 2.70137
HandLeft: -0.4844858, -0.134253, 2.664895
ShoulderRight: -0.1318255, 0.4033224, 2.990127
ElbowRight: -0.1156499, 0.1347995, 2.880838
WristRight: -0.1196811, -0.1250282, 2.71541
HandRight: -0.1034473, -0.1864072, 2.698054
HipLeft: -0.3326774, 0.04180762, 2.789476
KneeLeft: -0.3114584, -0.5137982, 2.705637
AnkleLeft: -0.3245909, -0.7871794, 2.598725
FootLeft: -0.2997521, -0.8374892, 2.478922
HipRight: -0.1918136, 0.03573805, 2.831328
KneeRight: -0.3316789, -0.4223122, 2.713686
AnkleRight: -0.2828643, -0.7923503, 2.590323
FootRight: -0.3139428, -0.8361337, 2.473634
=========
HipCenter: -0.2690443, 0.1073203, 2.838334
Spine: -0.2894173, 0.1601963, 2.911431
ShoulderCenter: -0.3106774, 0.548222, 2.995796
Head: -0.2702911, 0.7233042, 2.992663
ShoulderLeft: -0.4461949, 0.4064909, 2.908963
ElbowLeft: -0.4849085, 0.1374123, 2.819236
WristLeft: -0.4826818, -0.07492289, 2.699185
HandLeft: -0.4803627, -0.1341177, 2.661313
ShoulderRight: -0.1319179, 0.4033783, 2.990254
ElbowRight: -0.1162744, 0.1320595, 2.876888
WristRight: -0.1197416, -0.1257797, 2.713955
HandRight: -0.1042705, -0.1875997, 2.69636
HipLeft: -0.3320525, 0.04193487, 2.788367
KneeLeft: -0.3110215, -0.5133985, 2.705899
AnkleLeft: -0.3245397, -0.787135, 2.598799
FootLeft: -0.299688, -0.8374902, 2.478927
HipRight: -0.1917181, 0.03580926, 2.831059
KneeRight: -0.3317858, -0.4218016, 2.713712
AnkleRight: -0.2829192, -0.7923103, 2.590159
FootRight: -0.3138173, -0.8361697, 2.47343
=========
HipCenter: -0.2687443, 0.1073701, 2.837735
Spine: -0.2892136, 0.1601353, 2.910834
ShoulderCenter: -0.3107394, 0.5480128, 2.995491
Head: -0.2705484, 0.723155, 2.992243
ShoulderLeft: -0.4460582, 0.4061868, 2.908526
ElbowLeft: -0.4840573, 0.1378786, 2.817681
WristLeft: -0.4803535, -0.07419518, 2.697445
HandLeft: -0.4772077, -0.1335606, 2.658782
ShoulderRight: -0.1321292, 0.4035436, 2.990359
ElbowRight: -0.1166445, 0.1316025, 2.875404
WristRight: -0.1197674, -0.1261987, 2.71278
HandRight: -0.1049136, -0.1884415, 2.695117
HipLeft: -0.3314483, 0.04201118, 2.787416
KneeLeft: -0.3106403, -0.5127881, 2.706163
AnkleLeft: -0.3244995, -0.7870305, 2.598907
FootLeft: -0.2996324, -0.8374912, 2.478928
HipRight: -0.1915571, 0.03593813, 2.830763
KneeRight: -0.331863, -0.4214205, 2.713737
AnkleRight: -0.2829577, -0.7922827, 2.590057
FootRight: -0.313694, -0.8362005, 2.473258
=========
HipCenter: -0.2684325, 0.1074075, 2.837197
Spine: -0.2890126, 0.1600618, 2.910307
ShoulderCenter: -0.3108322, 0.5478753, 2.995371
Head: -0.2711978, 0.7230197, 2.991626
ShoulderLeft: -0.4459457, 0.4058997, 2.908102
ElbowLeft: -0.4834402, 0.1384406, 2.81662
WristLeft: -0.4785041, -0.07336237, 2.696199
HandLeft: -0.4750733, -0.1330539, 2.657193
ShoulderRight: -0.1323616, 0.4037262, 2.990457
ElbowRight: -0.1174382, 0.1298481, 2.872986
WristRight: -0.119787, -0.1264046, 2.711898
HandRight: -0.1054973, -0.1890826, 2.694376
HipLeft: -0.3308226, 0.04202439, 2.786573
KneeLeft: -0.3103381, -0.5120814, 2.706428
AnkleLeft: -0.3244732, -0.7869674, 2.598978
FootLeft: -0.2995533, -0.83749, 2.478942
HipRight: -0.1913667, 0.03607928, 2.830486
KneeRight: -0.3319218, -0.4211477, 2.713758
AnkleRight: -0.2830199, -0.7922453, 2.589903
FootRight: -0.3135868, -0.8362462, 2.473014
=========
HipCenter: -0.2681598, 0.1073877, 2.836684
Spine: -0.2888348, 0.1599517, 2.909823
ShoulderCenter: -0.3114632, 0.5478107, 2.995474
Head: -0.272069, 0.7229201, 2.990919
ShoulderLeft: -0.4458577, 0.4056634, 2.907698
ElbowLeft: -0.4830939, 0.1400438, 2.815929
WristLeft: -0.4770138, -0.07240082, 2.695351
HandLeft: -0.4737666, -0.1326164, 2.656251
ShoulderRight: -0.1328023, 0.4038469, 2.990292
ElbowRight: -0.1178141, 0.1292874, 2.871871
WristRight: -0.119869, -0.1264834, 2.711324
HandRight: -0.1058768, -0.1895064, 2.6938
HipLeft: -0.3302878, 0.04197783, 2.785862
KneeLeft: -0.3101031, -0.5113516, 2.706675
AnkleLeft: -0.3247728, -0.7865748, 2.599232
FootLeft: -0.2994647, -0.8374878, 2.478955
HipRight: -0.191186, 0.03620468, 2.830219
KneeRight: -0.331966, -0.4209598, 2.713778
AnkleRight: -0.2831203, -0.7921556, 2.589729
FootRight: -0.3135002, -0.8362883, 2.472782
=========
HipCenter: -0.2679679, 0.10732, 2.836267
Spine: -0.2887253, 0.159822, 2.909429
ShoulderCenter: -0.3123289, 0.5478021, 2.995677
Head: -0.2728302, 0.7228687, 2.990246
ShoulderLeft: -0.4458244, 0.4054498, 2.907345
ElbowLeft: -0.4829651, 0.1414068, 2.81547
WristLeft: -0.4759258, -0.07172622, 2.694729
HandLeft: -0.4729112, -0.1323319, 2.655634
ShoulderRight: -0.1332397, 0.4039892, 2.99013
ElbowRight: -0.1181054, 0.128925, 2.871064
WristRight: -0.1200233, -0.1264599, 2.711008
HandRight: -0.1061359, -0.1898221, 2.693663
HipLeft: -0.3299173, 0.04184363, 2.785363
KneeLeft: -0.310132, -0.5111397, 2.706812
AnkleLeft: -0.3250381, -0.7863265, 2.599417
FootLeft: -0.2993956, -0.8374891, 2.478964
HipRight: -0.1910512, 0.03629289, 2.829988
KneeRight: -0.3320021, -0.4208895, 2.713809
AnkleRight: -0.2832178, -0.7920683, 2.589567
FootRight: -0.3134141, -0.8363231, 2.472551
=========
HipCenter: -0.2677881, 0.1072219, 2.835879
Spine: -0.2886385, 0.1596792, 2.909053
ShoulderCenter: -0.3130209, 0.5477135, 2.995636
Head: -0.2735148, 0.7227615, 2.989484
ShoulderLeft: -0.4457813, 0.4051489, 2.906775
ElbowLeft: -0.4828856, 0.1424339, 2.815273
WristLeft: -0.4752541, -0.07135639, 2.694326
HandLeft: -0.4728273, -0.1322216, 2.655875
ShoulderRight: -0.1336235, 0.4041208, 2.989974
ElbowRight: -0.1184204, 0.1288485, 2.870463
WristRight: -0.120286, -0.1262486, 2.710957
HandRight: -0.1063875, -0.1899977, 2.69448
HipLeft: -0.3295773, 0.04162874, 2.784929
KneeLeft: -0.3101925, -0.5109876, 2.706921
AnkleLeft: -0.3252728, -0.7861292, 2.599561
FootLeft: -0.2993306, -0.8374906, 2.478974
HipRight: -0.1909224, 0.0363649, 2.829781
KneeRight: -0.3320268, -0.4208913, 2.713841
AnkleRight: -0.2832843, -0.7920082, 2.589462
FootRight: -0.3133394, -0.8363535, 2.472338
=========
HipCenter: -0.2676767, 0.1070475, 2.835491
Spine: -0.288559, 0.1594906, 2.908693
ShoulderCenter: -0.3134852, 0.5476009, 2.995547
Head: -0.2743654, 0.7225707, 2.98833
ShoulderLeft: -0.4458183, 0.4049109, 2.906296
ElbowLeft: -0.4828359, 0.1433178, 2.815242
WristLeft: -0.4747688, -0.07109101, 2.694048
HandLeft: -0.4730517, -0.1321951, 2.656384
ShoulderRight: -0.1344751, 0.4041854, 2.989089
ElbowRight: -0.1187347, 0.1289627, 2.870018
WristRight: -0.1206116, -0.1259236, 2.711173
HandRight: -0.1068596, -0.1901121, 2.695202
HipLeft: -0.3293823, 0.04129842, 2.784569
KneeLeft: -0.3105408, -0.5108994, 2.707057
AnkleLeft: -0.3254295, -0.7860258, 2.599634
FootLeft: -0.2992673, -0.8374925, 2.478982
HipRight: -0.1908539, 0.03639969, 2.829573
KneeRight: -0.3320514, -0.4209397, 2.713865
AnkleRight: -0.2833972, -0.791904, 2.589322
FootRight: -0.3133217, -0.8364012, 2.471991
=========
HipCenter: -0.2675903, 0.1068902, 2.835149
Spine: -0.2885055, 0.1593229, 2.908375
ShoulderCenter: -0.3138542, 0.5475383, 2.995503
Head: -0.2750272, 0.7224824, 2.987479
ShoulderLeft: -0.4458699, 0.4047205, 2.905879
ElbowLeft: -0.4828823, 0.1442104, 2.815534
WristLeft: -0.4744393, -0.07089453, 2.693877
HandLeft: -0.4735237, -0.1322618, 2.657091
ShoulderRight: -0.1350888, 0.4043118, 2.988563
ElbowRight: -0.1190238, 0.1291844, 2.869737
WristRight: -0.120997, -0.1255528, 2.711621
HandRight: -0.1071507, -0.1901734, 2.696708
HipLeft: -0.3292418, 0.04101215, 2.784265
KneeLeft: -0.3109248, -0.5106564, 2.707182
AnkleLeft: -0.3256041, -0.7859382, 2.599707
FootLeft: -0.2992144, -0.8374878, 2.479011
HipRight: -0.190798, 0.03642953, 2.829379
KneeRight: -0.3320824, -0.4210265, 2.713872
AnkleRight: -0.2835042, -0.7918131, 2.589219
FootRight: -0.3133172, -0.8364444, 2.471669
=========
HipCenter: -0.2674972, 0.1062767, 2.834493
Spine: -0.2884205, 0.1587794, 2.907816
ShoulderCenter: -0.314113, 0.5474133, 2.995445
Head: -0.2755761, 0.7223961, 2.986766
ShoulderLeft: -0.4459358, 0.4045253, 2.90546
ElbowLeft: -0.4831288, 0.1450415, 2.816126
WristLeft: -0.4742613, -0.07074662, 2.693847
HandLeft: -0.4746244, -0.1323947, 2.658098
ShoulderRight: -0.135707, 0.404332, 2.987879
ElbowRight: -0.1193259, 0.129535, 2.86958
WristRight: -0.121369, -0.1251564, 2.712157
HandRight: -0.1073228, -0.1901587, 2.697869
HipLeft: -0.3291835, 0.0403411, 2.783866
KneeLeft: -0.311308, -0.5104274, 2.707288
AnkleLeft: -0.3256916, -0.7859313, 2.599756
FootLeft: -0.2991626, -0.837492, 2.479057
HipRight: -0.1907178, 0.03624498, 2.828891
KneeRight: -0.332103, -0.4211765, 2.71386
AnkleRight: -0.2836129, -0.7917238, 2.589127
FootRight: -0.3133473, -0.8365023, 2.471351
=========
HipCenter: -0.2674328, 0.1056969, 2.833891
Spine: -0.2883404, 0.1582792, 2.907313
ShoulderCenter: -0.314304, 0.5473455, 2.995405
Head: -0.2759581, 0.7223458, 2.986279
ShoulderLeft: -0.4460036, 0.4043667, 2.905082
ElbowLeft: -0.4837469, 0.1457511, 2.817258
WristLeft: -0.4742342, -0.07065886, 2.693916
HandLeft: -0.4759234, -0.1325969, 2.659098
ShoulderRight: -0.1363841, 0.4040133, 2.986771
ElbowRight: -0.1196214, 0.130003, 2.869515
WristRight: -0.1217683, -0.1247149, 2.712772
HandRight: -0.1076095, -0.1901073, 2.698794
HipLeft: -0.3291781, 0.03969305, 2.783427
KneeLeft: -0.3116811, -0.5102168, 2.707379
AnkleLeft: -0.325758, -0.7860289, 2.599805
FootLeft: -0.2991115, -0.8374987, 2.479102
HipRight: -0.1906584, 0.03604902, 2.828438
KneeRight: -0.3321334, -0.4213684, 2.71383
AnkleRight: -0.2837883, -0.791557, 2.589065
FootRight: -0.3133568, -0.8365427, 2.471169
=========
HipCenter: -0.2674934, 0.1053607, 2.833321
Spine: -0.2883884, 0.157931, 2.906822
ShoulderCenter: -0.3144648, 0.5472797, 2.995369
Head: -0.2762611, 0.722308, 2.985901
ShoulderLeft: -0.4461218, 0.4042488, 2.904744
ElbowLeft: -0.4842254, 0.1462509, 2.818099
WristLeft: -0.4745666, -0.07065731, 2.694228
HandLeft: -0.4781847, -0.1329111, 2.660503
ShoulderRight: -0.1371257, 0.4044288, 2.986409
ElbowRight: -0.1197903, 0.130073, 2.86933
WristRight: -0.1170072, -0.1068367, 2.719327
HandRight: -0.1111438, -0.1755794, 2.703861
HipLeft: -0.3293505, 0.03934351, 2.782882
KneeLeft: -0.3129652, -0.5088883, 2.70751
AnkleLeft: -0.325757, -0.7861406, 2.599842
FootLeft: -0.2990754, -0.8375, 2.479128
HipRight: -0.1906949, 0.03592959, 2.827951
KneeRight: -0.3321529, -0.4215752, 2.713763
AnkleRight: -0.2839319, -0.7914272, 2.589009
FootRight: -0.3133734, -0.8365743, 2.471023
=========
HipCenter: -0.2677281, 0.1050237, 2.832636
Spine: -0.2885257, 0.1575981, 2.906297
ShoulderCenter: -0.3145703, 0.5472371, 2.99535
Head: -0.2764792, 0.7222757, 2.98562
ShoulderLeft: -0.4462364, 0.4041536, 2.904452
ElbowLeft: -0.4847192, 0.1466568, 2.818911
WristLeft: -0.4749963, -0.07068872, 2.694603
HandLeft: -0.4802248, -0.1331074, 2.661619
ShoulderRight: -0.137782, 0.4048172, 2.986127
ElbowRight: -0.1198946, 0.1301862, 2.869268
WristRight: -0.1132718, -0.09210579, 2.724523
HandRight: -0.1132499, -0.1650423, 2.706729
HipLeft: -0.3297352, 0.03899323, 2.782196
KneeLeft: -0.3143291, -0.5083526, 2.707538
AnkleLeft: -0.3257401, -0.7862572, 2.599875
FootLeft: -0.2990026, -0.8375088, 2.479209
HipRight: -0.1911058, 0.03580968, 2.827163
KneeRight: -0.3321905, -0.4217818, 2.713647
AnkleRight: -0.2839893, -0.7913639, 2.588978
FootRight: -0.3133773, -0.8366005, 2.470914
=========
HipCenter: -0.2680144, 0.1047876, 2.831938
Spine: -0.2886804, 0.1573508, 2.905759
ShoulderCenter: -0.3146561, 0.5471961, 2.995304
Head: -0.2766316, 0.7222503, 2.985429
ShoulderLeft: -0.4463952, 0.4040737, 2.904199
ElbowLeft: -0.4852016, 0.1469732, 2.819658
WristLeft: -0.4754804, -0.07070362, 2.694996
HandLeft: -0.4820352, -0.1332197, 2.662609
ShoulderRight: -0.1383218, 0.4049848, 2.985711
ElbowRight: -0.1199571, 0.1303374, 2.86923
WristRight: -0.1098, -0.08140219, 2.727507
HandRight: -0.1137079, -0.1574789, 2.707479
HipLeft: -0.3302994, 0.03873262, 2.781202
KneeLeft: -0.3153529, -0.5079381, 2.70753
AnkleLeft: -0.3257104, -0.7863389, 2.599903
FootLeft: -0.2989302, -0.8375207, 2.479293
HipRight: -0.1915138, 0.03570803, 2.826446
KneeRight: -0.3322092, -0.4219846, 2.713515
AnkleRight: -0.2840319, -0.7913131, 2.588953
FootRight: -0.3133812, -0.8366209, 2.470835
=========
HipCenter: -0.2695538, 0.1050577, 2.831138
Spine: -0.2898357, 0.1574462, 2.905138
ShoulderCenter: -0.3147547, 0.5471771, 2.995296
Head: -0.2767493, 0.722217, 2.985286
ShoulderLeft: -0.4465764, 0.4040029, 2.90397
ElbowLeft: -0.4858588, 0.1472856, 2.820507
WristLeft: -0.4760047, -0.0708728, 2.695339
HandLeft: -0.4836476, -0.1334989, 2.663378
ShoulderRight: -0.1385734, 0.4055207, 2.986078
ElbowRight: -0.1199059, 0.1307025, 2.869205
WristRight: -0.1053761, -0.07293632, 2.729773
HandRight: -0.1124785, -0.1510772, 2.70682
HipLeft: -0.3324592, 0.03914604, 2.780149
KneeLeft: -0.3167364, -0.5071278, 2.707565
AnkleLeft: -0.3256918, -0.7864005, 2.599917
FootLeft: -0.2988905, -0.8375315, 2.479342
HipRight: -0.1934842, 0.03584066, 2.825369
KneeRight: -0.3322302, -0.4221815, 2.713378
AnkleRight: -0.2840747, -0.7912435, 2.588931
FootRight: -0.3134123, -0.8366445, 2.470753
=========
HipCenter: -0.2712242, 0.1047354, 2.829692
Spine: -0.2910961, 0.1571066, 2.903988
ShoulderCenter: -0.3148656, 0.5471327, 2.995234
Head: -0.2768386, 0.7221919, 2.985182
ShoulderLeft: -0.4467891, 0.4039266, 2.903715
ElbowLeft: -0.4865592, 0.1475459, 2.821315
WristLeft: -0.4765629, -0.07102621, 2.695721
HandLeft: -0.4850687, -0.1337736, 2.66417
ShoulderRight: -0.1390148, 0.4057788, 2.985972
ElbowRight: -0.1196933, 0.1312565, 2.869123
WristRight: -0.08731014, -0.0613314, 2.731605
HandRight: -0.09849856, -0.1432752, 2.700635
HipLeft: -0.3343236, 0.03912823, 2.779171
KneeLeft: -0.3177606, -0.5065426, 2.70758
AnkleLeft: -0.3256734, -0.7864545, 2.599925
FootLeft: -0.2988468, -0.8375425, 2.479392
HipRight: -0.1957217, 0.03567257, 2.823187
KneeRight: -0.3322282, -0.4223737, 2.713237
AnkleRight: -0.2840987, -0.7911878, 2.588919
FootRight: -0.3134187, -0.8366566, 2.470697
=========
HipCenter: -0.2727011, 0.1043422, 2.828226
Spine: -0.2920728, 0.1567241, 2.90286
ShoulderCenter: -0.3149782, 0.5470651, 2.995119
Head: -0.2769008, 0.7221799, 2.985109
ShoulderLeft: -0.4470319, 0.4038617, 2.903451
ElbowLeft: -0.4872053, 0.1477668, 2.821967
WristLeft: -0.4771463, -0.07113155, 2.6961
HandLeft: -0.4862295, -0.1339739, 2.664861
ShoulderRight: -0.1410363, 0.4056366, 2.983846
ElbowRight: -0.1166209, 0.1336562, 2.867402
WristRight: -0.06416857, -0.05171565, 2.730969
HandRight: -0.07463271, -0.1369939, 2.690392
HipLeft: -0.3358694, 0.03899716, 2.778161
KneeLeft: -0.3184683, -0.5060263, 2.707513
AnkleLeft: -0.3256525, -0.7864959, 2.599931
FootLeft: -0.2987974, -0.837554, 2.479443
HipRight: -0.1975711, 0.03551693, 2.821298
KneeRight: -0.2959065, -0.4207028, 2.710577
AnkleRight: -0.2629855, -0.7869866, 2.589469
FootRight: -0.3129175, -0.8363279, 2.471287
=========
HipCenter: -0.2739547, 0.1040088, 2.82694
Spine: -0.2929634, 0.1563701, 2.901819
ShoulderCenter: -0.3153161, 0.5470091, 2.995016
Head: -0.2769457, 0.7221718, 2.985061
ShoulderLeft: -0.4473296, 0.403798, 2.903174
ElbowLeft: -0.4878416, 0.1479527, 2.822537
WristLeft: -0.4777103, -0.07126871, 2.696385
HandLeft: -0.4871942, -0.13421, 2.665415
ShoulderRight: -0.1427773, 0.4054777, 2.98197
ElbowRight: -0.1007152, 0.1401565, 2.862679
WristRight: -0.02660037, -0.03891256, 2.722913
HandRight: -0.04095025, -0.1265852, 2.677986
HipLeft: -0.3370998, 0.03887942, 2.777363
KneeLeft: -0.3189601, -0.5055983, 2.707453
AnkleLeft: -0.3256342, -0.7865283, 2.599932
FootLeft: -0.2987369, -0.8375683, 2.479477
HipRight: -0.1992523, 0.03562281, 2.819215
KneeRight: -0.2849917, -0.4200576, 2.709845
AnkleRight: -0.2489982, -0.7840048, 2.589932
FootRight: -0.312214, -0.8358901, 2.472046
=========
HipCenter: -0.2776156, 0.1027972, 2.824845
Spine: -0.2955285, 0.1553609, 2.900162
ShoulderCenter: -0.3158343, 0.5468629, 2.994844
Head: -0.2769794, 0.7221659, 2.985024
ShoulderLeft: -0.4476238, 0.4037554, 2.902921
ElbowLeft: -0.4885291, 0.1481341, 2.82302
WristLeft: -0.4783778, -0.07141086, 2.696686
HandLeft: -0.488068, -0.1344004, 2.665895
ShoulderRight: -0.1443491, 0.405287, 2.980002
ElbowRight: -0.08256646, 0.1512263, 2.860106
WristRight: -0.01020606, -0.0325645, 2.719401
HandRight: -0.01494159, -0.1155065, 2.673403
HipLeft: -0.3405024, 0.0381689, 2.776928
KneeLeft: -0.3192476, -0.5052848, 2.707369
AnkleLeft: -0.3256045, -0.7865615, 2.599923
FootLeft: -0.2986657, -0.837581, 2.479528
HipRight: -0.2055383, 0.03494084, 2.814415
KneeRight: -0.2781432, -0.4197659, 2.709388
AnkleRight: -0.2400179, -0.7822714, 2.590229
FootRight: -0.3115475, -0.8354639, 2.472716
=========
HipCenter: -0.2809365, 0.1009793, 2.822828
Spine: -0.2979368, 0.1540034, 2.898623
ShoulderCenter: -0.3168619, 0.5467634, 2.994787
Head: -0.2770406, 0.7221535, 2.985051
ShoulderLeft: -0.4480311, 0.4037632, 2.902738
ElbowLeft: -0.4894412, 0.1483927, 2.823578
WristLeft: -0.4790105, -0.07156974, 2.69694
HandLeft: -0.4887839, -0.1345823, 2.666283
ShoulderRight: -0.1461852, 0.4048076, 2.977523
ElbowRight: -0.06167474, 0.1661973, 2.856105
WristRight: 0.03012481, -0.00673738, 2.71055
HandRight: 0.03362745, -0.08854537, 2.664627
HipLeft: -0.3440217, 0.03616213, 2.777252
KneeLeft: -0.3194014, -0.5050376, 2.70727
AnkleLeft: -0.3255731, -0.7865911, 2.59991
FootLeft: -0.2986022, -0.8375974, 2.47958
HipRight: -0.2100691, 0.0340703, 2.809762
KneeRight: -0.2733029, -0.419659, 2.708999
AnkleRight: -0.2343497, -0.7812609, 2.590346
FootRight: -0.3110564, -0.8351681, 2.473183
=========
HipCenter: -0.2831476, 0.1001846, 2.82146
Spine: -0.2997645, 0.1532573, 2.897467
ShoulderCenter: -0.3180853, 0.5467119, 2.994706
Head: -0.2770943, 0.7221473, 2.985087
ShoulderLeft: -0.4484951, 0.4037986, 2.902598
ElbowLeft: -0.4902453, 0.1485756, 2.823957
WristLeft: -0.4796298, -0.07176261, 2.697159
HandLeft: -0.4894938, -0.1348077, 2.666677
ShoulderRight: -0.1475725, 0.4045911, 2.975795
ElbowRight: -0.04261639, 0.1778524, 2.853158
WristRight: 0.05216517, 0.006379389, 2.705693
HandRight: 0.06321713, -0.0728477, 2.660905
HipLeft: -0.3461112, 0.03551093, 2.777102
KneeLeft: -0.3194309, -0.5048134, 2.70713
AnkleLeft: -0.3255534, -0.7866125, 2.59989
FootLeft: -0.2985088, -0.8376126, 2.479661
HipRight: -0.2126123, 0.03393925, 2.80725
KneeRight: -0.2701621, -0.4195504, 2.708758
AnkleRight: -0.2305217, -0.7805842, 2.590411
FootRight: -0.3106372, -0.8348395, 2.473584
=========
HipCenter: -0.2847565, 0.09973843, 2.820467
Spine: -0.3011858, 0.1527789, 2.896578
ShoulderCenter: -0.3192655, 0.5466549, 2.994591
Head: -0.2771575, 0.7221395, 2.985128
ShoulderLeft: -0.4490011, 0.4038135, 2.902407
ElbowLeft: -0.4917188, 0.148083, 2.823814
WristLeft: -0.4802738, -0.07200225, 2.697304
HandLeft: -0.4901041, -0.1350482, 2.666988
ShoulderRight: -0.1486502, 0.4043804, 2.974363
ElbowRight: -0.03095166, 0.1867516, 2.851527
WristRight: 0.07593228, 0.02111015, 2.706056
HandRight: 0.1029171, -0.03982849, 2.664514
HipLeft: -0.3476552, 0.03518191, 2.776986
KneeLeft: -0.3193083, -0.5046383, 2.706936
AnkleLeft: -0.3255408, -0.7866227, 2.599865
FootLeft: -0.2984169, -0.8376258, 2.479737
HipRight: -0.214306, 0.03394174, 2.805564
KneeRight: -0.2678634, -0.4194787, 2.708575
AnkleRight: -0.2278791, -0.7801147, 2.590453
FootRight: -0.3102805, -0.834549, 2.473926
=========
HipCenter: -0.2863267, 0.09920278, 2.819537
Spine: -0.3026183, 0.1522189, 2.895749
ShoulderCenter: -0.3206012, 0.546578, 2.994531
Head: -0.2776689, 0.7220824, 2.985202
ShoulderLeft: -0.4495565, 0.4038354, 2.90219
ElbowLeft: -0.493077, 0.1477372, 2.823786
WristLeft: -0.4809263, -0.07228928, 2.697397
HandLeft: -0.4906446, -0.1352998, 2.667228
ShoulderRight: -0.1495691, 0.4041376, 2.972876
ElbowRight: -0.008995954, 0.2056364, 2.85148
WristRight: 0.1173399, 0.05147774, 2.709862
HandRight: 0.1551158, -0.009203082, 2.669824
HipLeft: -0.3494318, 0.03465347, 2.776984
KneeLeft: -0.3190931, -0.5044548, 2.706687
AnkleLeft: -0.3255293, -0.7866274, 2.599844
FootLeft: -0.2983129, -0.8376247, 2.479902
HipRight: -0.2156763, 0.03388458, 2.804062
KneeRight: -0.2663, -0.4194669, 2.708426
AnkleRight: -0.2259814, -0.7797792, 2.590482
FootRight: -0.3099827, -0.8342933, 2.474225
=========
HipCenter: -0.288889, 0.09805539, 2.818204
Spine: -0.3046242, 0.1512305, 2.894675
ShoulderCenter: -0.3220281, 0.546454, 2.994406
Head: -0.2801565, 0.7222212, 2.984743
ShoulderLeft: -0.4503981, 0.4038429, 2.901983
ElbowLeft: -0.4944545, 0.1474825, 2.823797
WristLeft: -0.4815704, -0.07257807, 2.697467
HandLeft: -0.4911228, -0.1355339, 2.667405
ShoulderRight: -0.151841, 0.4038647, 2.969447
ElbowRight: 0.01995296, 0.2404373, 2.854439
WristRight: 0.1683149, 0.09928155, 2.720766
HandRight: 0.2251162, 0.0298454, 2.674272
HipLeft: -0.3523839, 0.03362503, 2.777066
KneeLeft: -0.3187807, -0.5042871, 2.706396
AnkleLeft: -0.3255247, -0.7866264, 2.599806
FootLeft: -0.2982696, -0.837612, 2.480028
HipRight: -0.2176267, 0.03345833, 2.802077
KneeRight: -0.2654499, -0.419535, 2.708282
AnkleRight: -0.2245944, -0.7795455, 2.590491
FootRight: -0.3097608, -0.8340951, 2.474438
=========
HipCenter: -0.2906946, 0.09731987, 2.817266
Spine: -0.3059139, 0.1505947, 2.893945
ShoulderCenter: -0.3234743, 0.5464107, 2.994216
Head: -0.2829721, 0.7224953, 2.983737
ShoulderLeft: -0.4560766, 0.4062834, 2.903992
ElbowLeft: -0.495696, 0.1472703, 2.823803
WristLeft: -0.4822577, -0.07291726, 2.697524
HandLeft: -0.491527, -0.1357731, 2.667511
ShoulderRight: -0.1537704, 0.403739, 2.966717
ElbowRight: 0.03619207, 0.2627097, 2.85824
WristRight: 0.2111754, 0.1492075, 2.731199
HandRight: 0.2820016, 0.07801528, 2.683707
HipLeft: -0.3545974, 0.03288081, 2.777139
KneeLeft: -0.3184469, -0.5041443, 2.706101
AnkleLeft: -0.3255236, -0.7866223, 2.599767
FootLeft: -0.2982318, -0.8375903, 2.48019
HipRight: -0.2188133, 0.03324312, 2.800761
KneeRight: -0.2652228, -0.4196622, 2.708126
AnkleRight: -0.2236372, -0.7794162, 2.590458
FootRight: -0.3095944, -0.8339413, 2.474589
=========
HipCenter: -0.2941125, 0.09666485, 2.816377
Spine: -0.3084256, 0.1499863, 2.893258
ShoulderCenter: -0.3250062, 0.5463856, 2.994128
Head: -0.2856346, 0.7228348, 2.982533
ShoulderLeft: -0.4591978, 0.4074033, 2.904521
ElbowLeft: -0.4969823, 0.1471465, 2.82391
WristLeft: -0.4829618, -0.07322026, 2.697611
HandLeft: -0.4918852, -0.1359711, 2.667602
ShoulderRight: -0.1553722, 0.4039118, 2.964534
ElbowRight: 0.04437971, 0.2816865, 2.867648
WristRight: 0.2272621, 0.1759024, 2.740455
HandRight: 0.3034353, 0.1092845, 2.690895
HipLeft: -0.3587242, 0.03236745, 2.776905
KneeLeft: -0.3181144, -0.503993, 2.705809
AnkleLeft: -0.3255265, -0.7866156, 2.599719
FootLeft: -0.2982031, -0.8375676, 2.480345
HipRight: -0.2220414, 0.03297646, 2.79977
KneeRight: -0.265513, -0.4198582, 2.707957
AnkleRight: -0.2230784, -0.7793983, 2.590376
FootRight: -0.3094762, -0.8338267, 2.474697
=========
HipCenter: -0.2967651, 0.09607984, 2.815746
Spine: -0.3104987, 0.1494726, 2.892756
ShoulderCenter: -0.326575, 0.5464774, 2.994084
Head: -0.2880093, 0.7232063, 2.981587
ShoulderLeft: -0.461034, 0.4078948, 2.90463
ElbowLeft: -0.4981563, 0.1471234, 2.824201
WristLeft: -0.4837506, -0.07351528, 2.697731
HandLeft: -0.4921987, -0.1361459, 2.667668
ShoulderRight: -0.1567061, 0.4041719, 2.962638
ElbowRight: 0.04885321, 0.2932656, 2.876099
WristRight: 0.2400386, 0.2068994, 2.75326
HandRight: 0.3105836, 0.1509571, 2.7082
HipLeft: -0.3617283, 0.03194415, 2.776771
KneeLeft: -0.3177978, -0.5038669, 2.705535
AnkleLeft: -0.325526, -0.7866119, 2.59967
FootLeft: -0.2981843, -0.8375435, 2.4805
HipRight: -0.2245934, 0.0326806, 2.799095
KneeRight: -0.2661848, -0.4201288, 2.707767
AnkleRight: -0.2228722, -0.7794975, 2.590237
FootRight: -0.3093947, -0.8337502, 2.474772
=========
HipCenter: -0.2988354, 0.09576802, 2.815335
Spine: -0.3119943, 0.1491625, 2.892434
ShoulderCenter: -0.3278859, 0.5465445, 2.994042
Head: -0.2898932, 0.7233738, 2.98095
ShoulderLeft: -0.4642351, 0.4084627, 2.905368
ElbowLeft: -0.4992254, 0.1471408, 2.824517
WristLeft: -0.4846358, -0.07385605, 2.697848
HandLeft: -0.4925281, -0.1363342, 2.667663
ShoulderRight: -0.1576896, 0.4044125, 2.961194
ElbowRight: 0.05178457, 0.3014222, 2.881677
WristRight: 0.2485081, 0.2297563, 2.761508
HandRight: 0.3264523, 0.1951525, 2.718606
HipLeft: -0.3642281, 0.0316959, 2.776631
KneeLeft: -0.3175029, -0.5037042, 2.705263
AnkleLeft: -0.3255315, -0.7866029, 2.599635
FootLeft: -0.2981671, -0.8375147, 2.480664
HipRight: -0.2264825, 0.03246866, 2.798665
KneeRight: -0.2670233, -0.4203996, 2.707584
AnkleRight: -0.2228985, -0.7796519, 2.590072
FootRight: -0.3093284, -0.833686, 2.474829
=========
HipCenter: -0.3004845, 0.09551646, 2.815069
Spine: -0.3132447, 0.1489155, 2.89221
ShoulderCenter: -0.3289335, 0.5465739, 2.99394
Head: -0.2917623, 0.7234343, 2.980326
ShoulderLeft: -0.4660014, 0.4085455, 2.905612
ElbowLeft: -0.50019, 0.1472025, 2.824832
WristLeft: -0.4857895, -0.07424877, 2.698097
HandLeft: -0.4929696, -0.1365747, 2.667706
ShoulderRight: -0.1583453, 0.4046614, 2.960112
ElbowRight: 0.05364069, 0.307304, 2.886345
WristRight: 0.2570257, 0.2582756, 2.772797
HandRight: 0.3361039, 0.2097969, 2.722869
HipLeft: -0.3662175, 0.03141819, 2.77657
KneeLeft: -0.3172064, -0.5035837, 2.704999
AnkleLeft: -0.3255372, -0.786593, 2.599601
FootLeft: -0.2981557, -0.8375032, 2.480749
HipRight: -0.2280095, 0.0322688, 2.798401
KneeRight: -0.2678958, -0.4205833, 2.707402
AnkleRight: -0.2230613, -0.7797816, 2.589888
FootRight: -0.3092647, -0.8336186, 2.474875
=========
HipCenter: -0.3015444, 0.09533121, 2.81492
Spine: -0.314142, 0.1487325, 2.892073
ShoulderCenter: -0.3298203, 0.546573, 2.993809
Head: -0.2932229, 0.7234741, 2.979849
ShoulderLeft: -0.4672457, 0.4084891, 2.90568
ElbowLeft: -0.5012183, 0.1474787, 2.825268
WristLeft: -0.4871145, -0.07460265, 2.698532
HandLeft: -0.4934309, -0.1368063, 2.667832
ShoulderRight: -0.1587802, 0.4049062, 2.959329
ElbowRight: 0.0550041, 0.312899, 2.893494
WristRight: 0.2610699, 0.272452, 2.778844
HandRight: 0.3445176, 0.2209091, 2.72477
HipLeft: -0.3674184, 0.03117934, 2.776576
KneeLeft: -0.3169323, -0.5034641, 2.70476
AnkleLeft: -0.325543, -0.7865826, 2.599566
FootLeft: -0.2981467, -0.837494, 2.480821
HipRight: -0.2288849, 0.03212322, 2.798253
KneeRight: -0.2687585, -0.4207473, 2.707237
AnkleRight: -0.2233246, -0.7799258, 2.589699
FootRight: -0.3092291, -0.8335833, 2.474914
=========
HipCenter: -0.3026339, 0.09539348, 2.814837
Spine: -0.3150831, 0.1487374, 2.89199
ShoulderCenter: -0.3305694, 0.5466052, 2.993742
Head: -0.2944123, 0.7235233, 2.979576
ShoulderLeft: -0.4681949, 0.408326, 2.905619
ElbowLeft: -0.5021237, 0.1477353, 2.825667
WristLeft: -0.4883761, -0.07489062, 2.698977
HandLeft: -0.493871, -0.1370164, 2.66797
ShoulderRight: -0.1590581, 0.4053464, 2.958732
ElbowRight: 0.05640348, 0.3190578, 2.898865
WristRight: 0.2645906, 0.282072, 2.782841
HandRight: 0.3525365, 0.2315739, 2.728034
HipLeft: -0.3687372, 0.03119213, 2.776731
KneeLeft: -0.3166763, -0.5033641, 2.70454
AnkleLeft: -0.3255448, -0.7865743, 2.599531
FootLeft: -0.2981396, -0.8374866, 2.480881
HipRight: -0.2297759, 0.03220116, 2.798019
KneeRight: -0.2695537, -0.4208792, 2.707087
AnkleRight: -0.2236312, -0.7800643, 2.589514
FootRight: -0.3092032, -0.8335577, 2.474941
=========
HipCenter: -0.3034203, 0.0954568, 2.814797
Spine: -0.3158062, 0.1487725, 2.89194
ShoulderCenter: -0.3310462, 0.5464241, 2.993323
Head: -0.2953995, 0.723565, 2.979429
ShoulderLeft: -0.4688229, 0.4080083, 2.905322
ElbowLeft: -0.5029053, 0.1479841, 2.826023
WristLeft: -0.4898613, -0.07487824, 2.699613
HandLeft: -0.4943168, -0.1370765, 2.668212
ShoulderRight: -0.1589384, 0.4061124, 2.958396
ElbowRight: 0.06411459, 0.3544622, 2.885945
WristRight: 0.2782085, 0.3010909, 2.789161
HandRight: 0.3694389, 0.2691434, 2.743285
HipLeft: -0.3696623, 0.03118501, 2.776845
KneeLeft: -0.3163838, -0.5032836, 2.704325
AnkleLeft: -0.3255455, -0.7865671, 2.599493
FootLeft: -0.29812, -0.8374851, 2.480988
HipRight: -0.2303552, 0.03221347, 2.797891
KneeRight: -0.27028, -0.4209903, 2.706964
AnkleRight: -0.2239636, -0.7801992, 2.589343
FootRight: -0.3091812, -0.8335392, 2.474965
=========
HipCenter: -0.3038419, 0.09555195, 2.814778
Spine: -0.3162014, 0.1488015, 2.891891
ShoulderCenter: -0.3313867, 0.5461903, 2.992793
Head: -0.2962485, 0.7235724, 2.979359
ShoulderLeft: -0.4692576, 0.4076948, 2.905018
ElbowLeft: -0.5038809, 0.1484818, 2.826742
WristLeft: -0.4911927, -0.07488959, 2.700131
HandLeft: -0.4946785, -0.1371477, 2.668395
ShoulderRight: -0.1585523, 0.4069792, 2.958123
ElbowRight: 0.06941976, 0.372894, 2.892157
WristRight: 0.3007392, 0.3461203, 2.798389
HandRight: 0.386167, 0.3300412, 2.755228
HipLeft: -0.3702036, 0.03117234, 2.776947
KneeLeft: -0.316105, -0.5032122, 2.704137
AnkleLeft: -0.3255452, -0.7865598, 2.599455
FootLeft: -0.2981002, -0.8374852, 2.481091
HipRight: -0.2303894, 0.03234882, 2.797741
KneeRight: -0.2551858, -0.4068617, 2.704061
AnkleRight: -0.2043579, -0.7291265, 2.592069
FootRight: -0.2843185, -0.8031066, 2.499083
=========
HipCenter: -0.3041478, 0.09560902, 2.814777
Spine: -0.3164858, 0.1488067, 2.891857
ShoulderCenter: -0.331454, 0.5457865, 2.992176
Head: -0.2974043, 0.7235158, 2.979079
ShoulderLeft: -0.4695541, 0.4073501, 2.904681
ElbowLeft: -0.504554, 0.148662, 2.827048
WristLeft: -0.4923449, -0.07487706, 2.700574
HandLeft: -0.4950459, -0.137182, 2.668542
ShoulderRight: -0.1580004, 0.4079143, 2.957886
ElbowRight: 0.08967411, 0.3914811, 2.890525
WristRight: 0.3150021, 0.3665788, 2.800602
HandRight: 0.3950297, 0.3576373, 2.760772
HipLeft: -0.3706361, 0.03109217, 2.777071
KneeLeft: -0.3158133, -0.5030674, 2.703976
AnkleLeft: -0.3255348, -0.7865515, 2.599418
FootLeft: -0.2980812, -0.8374857, 2.481189
HipRight: -0.2303766, 0.03239665, 2.797638
KneeRight: -0.2501632, -0.4022498, 2.703034
AnkleRight: -0.1955219, -0.7061676, 2.593282
FootRight: -0.2707094, -0.7862962, 2.512208
=========
HipCenter: -0.304335, 0.09573611, 2.814817
Spine: -0.3166867, 0.1488401, 2.891845
ShoulderCenter: -0.3315818, 0.545473, 2.991766
Head: -0.2984778, 0.7234885, 2.978948
ShoulderLeft: -0.469662, 0.4069142, 2.904285
ElbowLeft: -0.5050645, 0.1488252, 2.827387
WristLeft: -0.4932387, -0.07486928, 2.700897
HandLeft: -0.4954028, -0.1372204, 2.668659
ShoulderRight: -0.156907, 0.4094155, 2.957691
ElbowRight: 0.1076401, 0.4180079, 2.897475
WristRight: 0.3293764, 0.4056492, 2.808286
HandRight: 0.4116496, 0.3995726, 2.769789
HipLeft: -0.3709511, 0.03102328, 2.777391
KneeLeft: -0.3155253, -0.5028899, 2.70383
AnkleLeft: -0.325512, -0.7865491, 2.59936
FootLeft: -0.2980567, -0.8374873, 2.481263
HipRight: -0.2302099, 0.03255827, 2.797451
KneeRight: -0.2446685, -0.3967601, 2.702221
AnkleRight: -0.1906934, -0.6936715, 2.593975
FootRight: -0.2647734, -0.7790386, 2.517879
=========
HipCenter: -0.3044912, 0.09585655, 2.814853
Spine: -0.3168457, 0.1488791, 2.891833
ShoulderCenter: -0.3317088, 0.5451314, 2.991284
Head: -0.2993829, 0.7235045, 2.978891
ShoulderLeft: -0.4696679, 0.4064955, 2.903915
ElbowLeft: -0.5054334, 0.1489769, 2.827656
WristLeft: -0.493947, -0.07484783, 2.701127
HandLeft: -0.4957711, -0.1372472, 2.668738
ShoulderRight: -0.1555515, 0.4110897, 2.957565
ElbowRight: 0.1187842, 0.4328313, 2.899313
WristRight: 0.3417263, 0.439517, 2.81351
HandRight: 0.4291059, 0.4436805, 2.778008
HipLeft: -0.3712348, 0.03095546, 2.777677
KneeLeft: -0.3152682, -0.5027874, 2.703707
AnkleLeft: -0.3254842, -0.786541, 2.599299
FootLeft: -0.2980317, -0.8374907, 2.481332
HipRight: -0.2301155, 0.03267003, 2.797289
KneeRight: -0.2419995, -0.3940654, 2.701826
AnkleRight: -0.1877966, -0.6860735, 2.594419
FootRight: -0.2612469, -0.7747228, 2.521264
=========
HipCenter: -0.304708, 0.0961087, 2.814946
Spine: -0.317066, 0.1490321, 2.891869
ShoulderCenter: -0.3320638, 0.5449988, 2.991032
Head: -0.3001609, 0.7235143, 2.978885
ShoulderLeft: -0.4696169, 0.4061196, 2.903617
ElbowLeft: -0.5056624, 0.1490396, 2.827792
WristLeft: -0.4944317, -0.07483868, 2.701262
HandLeft: -0.4960761, -0.1372635, 2.668728
ShoulderRight: -0.154141, 0.4127486, 2.957459
ElbowRight: 0.1250132, 0.4416465, 2.900375
WristRight: 0.347478, 0.4552358, 2.816146
HandRight: 0.4353005, 0.4595942, 2.781244
HipLeft: -0.3716528, 0.03096575, 2.778151
KneeLeft: -0.3150279, -0.5026986, 2.703598
AnkleLeft: -0.325451, -0.786544, 2.59924
FootLeft: -0.2980151, -0.8375014, 2.481398
HipRight: -0.2300823, 0.03284125, 2.797093
KneeRight: -0.2400771, -0.3920292, 2.701594
AnkleRight: -0.1858177, -0.6808901, 2.594705
FootRight: -0.2588263, -0.7717925, 2.523604
=========
HipCenter: -0.3048773, 0.09635611, 2.815043
Spine: -0.317245, 0.1491867, 2.891912
ShoulderCenter: -0.3323365, 0.5448948, 2.990837
Head: -0.3008588, 0.7235526, 2.978781
ShoulderLeft: -0.4695007, 0.4057345, 2.90335
ElbowLeft: -0.5058261, 0.1490907, 2.827888
WristLeft: -0.4947669, -0.07482225, 2.701321
HandLeft: -0.4963349, -0.1372911, 2.668691
ShoulderRight: -0.1516901, 0.4150941, 2.957902
ElbowRight: 0.129316, 0.4481335, 2.901061
WristRight: 0.3514299, 0.4656102, 2.818206
HandRight: 0.4397365, 0.4710209, 2.783644
HipLeft: -0.3719976, 0.03093313, 2.778612
KneeLeft: -0.314781, -0.5026113, 2.703479
AnkleLeft: -0.3254144, -0.7865472, 2.599178
FootLeft: -0.2979923, -0.8375172, 2.481418
HipRight: -0.2300104, 0.03302616, 2.796881
KneeRight: -0.2387396, -0.3902785, 2.701388
AnkleRight: -0.1844728, -0.6771808, 2.594884
FootRight: -0.2579336, -0.7707402, 2.524449
=========
HipCenter: -0.3050195, 0.09674999, 2.815176
Spine: -0.3174017, 0.1494509, 2.891977
ShoulderCenter: -0.332566, 0.5448429, 2.990683
Head: -0.3014718, 0.7235694, 2.978595
ShoulderLeft: -0.4693267, 0.4053733, 2.903139
ElbowLeft: -0.5059477, 0.1491295, 2.827961
WristLeft: -0.4949755, -0.07479762, 2.701273
HandLeft: -0.4964642, -0.1373287, 2.668616
ShoulderRight: -0.1495785, 0.4170366, 2.958344
ElbowRight: 0.1321818, 0.4526695, 2.901587
WristRight: 0.3538692, 0.4735814, 2.820308
HandRight: 0.4429094, 0.4793526, 2.785587
HipLeft: -0.3723117, 0.03101972, 2.779168
KneeLeft: -0.3145261, -0.5025359, 2.703373
AnkleLeft: -0.3253731, -0.7865524, 2.599113
FootLeft: -0.2979763, -0.8375309, 2.481433
HipRight: -0.2298795, 0.03335427, 2.79657
KneeRight: -0.2378548, -0.3890138, 2.701233
AnkleRight: -0.1838479, -0.674964, 2.594911
FootRight: -0.2584117, -0.7714176, 2.52412
=========
HipCenter: -0.3052866, 0.09761956, 2.815418
Spine: -0.3175292, 0.1499914, 2.892133
ShoulderCenter: -0.3327832, 0.5448238, 2.9906
Head: -0.3020007, 0.7235766, 2.978447
ShoulderLeft: -0.4702826, 0.4056801, 2.904445
ElbowLeft: -0.5060336, 0.1491562, 2.828014
WristLeft: -0.4951164, -0.0747689, 2.701186
HandLeft: -0.4965604, -0.1373683, 2.668522
ShoulderRight: -0.1476398, 0.4189417, 2.958961
ElbowRight: 0.1040299, 0.4699863, 2.917693
WristRight: 0.3644083, 0.4978913, 2.829047
HandRight: 0.4486609, 0.4903751, 2.789209
HipLeft: -0.3727832, 0.03127504, 2.779701
KneeLeft: -0.314275, -0.5024733, 2.703279
AnkleLeft: -0.3252928, -0.7865399, 2.599069
FootLeft: -0.2979635, -0.8375419, 2.481443
HipRight: -0.2297413, 0.03379046, 2.796235
KneeRight: -0.2372979, -0.3879255, 2.701109
AnkleRight: -0.1838219, -0.6740012, 2.594789
FootRight: -0.259628, -0.7729105, 2.523147
=========
HipCenter: -0.3054616, 0.09837765, 2.815604
Spine: -0.3176357, 0.150484, 2.892256
ShoulderCenter: -0.3329653, 0.5448164, 2.990541
Head: -0.3023957, 0.7235729, 2.978307
ShoulderLeft: -0.4703909, 0.4055319, 2.904684
ElbowLeft: -0.5060843, 0.1491658, 2.82806
WristLeft: -0.4951695, -0.07473729, 2.701032
HandLeft: -0.4965545, -0.1373785, 2.668191
ShoulderRight: -0.1457055, 0.4208397, 2.959609
ElbowRight: 0.1116966, 0.4869381, 2.91636
WristRight: 0.3671264, 0.513014, 2.838008
HandRight: 0.4517626, 0.4995043, 2.794151
HipLeft: -0.3730953, 0.03145218, 2.780012
KneeLeft: -0.3139573, -0.5023274, 2.703176
AnkleLeft: -0.3251927, -0.786517, 2.599029
FootLeft: -0.297938, -0.8375522, 2.481443
HipRight: -0.2295472, 0.03416675, 2.795937
KneeRight: -0.2369919, -0.3870418, 2.700996
AnkleRight: -0.1843003, -0.6742204, 2.594501
FootRight: -0.2612927, -0.774927, 2.521818
=========
HipCenter: -0.3055739, 0.09928295, 2.815797
Spine: -0.3177155, 0.1510982, 2.892402
ShoulderCenter: -0.3333606, 0.5449873, 2.990715
Head: -0.3027201, 0.7235833, 2.978215
ShoulderLeft: -0.4704214, 0.4053854, 2.904844
ElbowLeft: -0.5060704, 0.1491658, 2.828123
WristLeft: -0.4951527, -0.07469377, 2.70082
HandLeft: -0.4964885, -0.1373759, 2.667773
ShoulderRight: -0.1424528, 0.4240474, 2.960982
ElbowRight: 0.1151203, 0.4955142, 2.916276
WristRight: 0.3766214, 0.5332126, 2.845949
HandRight: 0.4592879, 0.513279, 2.800079
HipLeft: -0.3733623, 0.03166503, 2.780298
KneeLeft: -0.313601, -0.5020751, 2.703068
AnkleLeft: -0.3250841, -0.7864988, 2.598985
FootLeft: -0.2979134, -0.8375623, 2.48144
HipRight: -0.2291105, 0.034872, 2.79542
KneeRight: -0.2372536, -0.3857777, 2.70095
AnkleRight: -0.1850688, -0.6750892, 2.59417
FootRight: -0.2628281, -0.7767435, 2.520582
=========
HipCenter: -0.3056657, 0.1000338, 2.815956
Spine: -0.3177782, 0.1516262, 2.892533
ShoulderCenter: -0.3341534, 0.5455524, 2.991376
Head: -0.3030078, 0.7235909, 2.978133
ShoulderLeft: -0.4703742, 0.405214, 2.904957
ElbowLeft: -0.5060228, 0.1491691, 2.82819
WristLeft: -0.4949766, -0.07464229, 2.700434
HandLeft: -0.4963085, -0.1373805, 2.667157
ShoulderRight: -0.1401968, 0.426225, 2.961782
ElbowRight: 0.1169839, 0.5007861, 2.916415
WristRight: 0.3819019, 0.5442304, 2.85023
HandRight: 0.4650766, 0.5235779, 2.804539
HipLeft: -0.3735828, 0.03184122, 2.780528
KneeLeft: -0.3129201, -0.5012698, 2.702923
AnkleLeft: -0.3249855, -0.7864727, 2.598948
FootLeft: -0.2978953, -0.8375698, 2.481417
HipRight: -0.2287231, 0.03548678, 2.794958
KneeRight: -0.2374171, -0.3849441, 2.700918
AnkleRight: -0.1859961, -0.6762466, 2.593839
FootRight: -0.2641338, -0.7782027, 2.519552
=========
HipCenter: -0.3057176, 0.100884, 2.816097
Spine: -0.3177004, 0.1522777, 2.892674
ShoulderCenter: -0.3347067, 0.5460689, 2.991885
Head: -0.3032349, 0.7235805, 2.978032
ShoulderLeft: -0.4705791, 0.4057224, 2.906799
ElbowLeft: -0.5059502, 0.1491712, 2.82826
WristLeft: -0.4947335, -0.07459128, 2.700015
HandLeft: -0.4961172, -0.1374013, 2.666569
ShoulderRight: -0.1385752, 0.4277748, 2.96235
ElbowRight: 0.1186129, 0.504301, 2.916751
WristRight: 0.3885759, 0.5566966, 2.852107
HandRight: 0.4721884, 0.5359131, 2.80761
HipLeft: -0.3737822, 0.03206544, 2.780727
KneeLeft: -0.3121519, -0.5004483, 2.702837
AnkleLeft: -0.3248903, -0.786449, 2.598914
FootLeft: -0.2978827, -0.837575, 2.481399
HipRight: -0.2283384, 0.03611066, 2.794504
KneeRight: -0.2377422, -0.3841364, 2.700908
AnkleRight: -0.1870194, -0.6775806, 2.593503
FootRight: -0.2652839, -0.7793984, 2.518681
=========
HipCenter: -0.3056977, 0.1019001, 2.816229
Spine: -0.3175323, 0.1530527, 2.892816
ShoulderCenter: -0.3350373, 0.5464517, 2.992264
Head: -0.303419, 0.7235737, 2.977918
ShoulderLeft: -0.4707752, 0.4062832, 2.908513
ElbowLeft: -0.5057207, 0.1492208, 2.82848
WristLeft: -0.4943967, -0.07453121, 2.699523
HandLeft: -0.4958729, -0.1374186, 2.665965
ShoulderRight: -0.1373608, 0.4289216, 2.962737
ElbowRight: 0.1195773, 0.50672, 2.917345
WristRight: 0.3917887, 0.5640274, 2.85315
HandRight: 0.4737024, 0.5729367, 2.840042
HipLeft: -0.373966, 0.03237427, 2.780887
KneeLeft: -0.3114422, -0.4998633, 2.702764
AnkleLeft: -0.3247771, -0.786424, 2.598889
FootLeft: -0.2978754, -0.8375779, 2.481393
HipRight: -0.2279004, 0.03681504, 2.794065
KneeRight: -0.2385116, -0.3829108, 2.701058
AnkleRight: -0.1879508, -0.6788937, 2.593262
FootRight: -0.2661226, -0.7802675, 2.518067
=========
HipCenter: -0.3056651, 0.1026629, 2.816335
Spine: -0.3174063, 0.1536683, 2.892939
ShoulderCenter: -0.3353431, 0.5468088, 2.992669
Head: -0.3035885, 0.7235588, 2.977786
ShoulderLeft: -0.4707076, 0.4063939, 2.909319
ElbowLeft: -0.5052369, 0.1493983, 2.829006
WristLeft: -0.4939739, -0.07445765, 2.699185
HandLeft: -0.4956634, -0.1373972, 2.665552
ShoulderRight: -0.1364738, 0.4297283, 2.963032
ElbowRight: 0.1202311, 0.5082622, 2.918078
WristRight: 0.3938863, 0.5690637, 2.853717
HandRight: 0.4748836, 0.5851842, 2.850154
HipLeft: -0.3740926, 0.03259405, 2.781011
KneeLeft: -0.3108051, -0.4993977, 2.702704
AnkleLeft: -0.3244361, -0.786374, 2.598899
FootLeft: -0.2978666, -0.8375804, 2.481389
HipRight: -0.2275317, 0.0373829, 2.793703
KneeRight: -0.2392568, -0.3818291, 2.701256
AnkleRight: -0.1887942, -0.6801368, 2.593084
FootRight: -0.2667654, -0.7809272, 2.517637
=========
HipCenter: -0.3056034, 0.1034812, 2.816448
Spine: -0.3172809, 0.1543269, 2.893059
ShoulderCenter: -0.3354309, 0.5470095, 2.992865
Head: -0.3037355, 0.7235461, 2.977659
ShoulderLeft: -0.4705304, 0.4063647, 2.909827
ElbowLeft: -0.5046327, 0.1496293, 2.829624
WristLeft: -0.4932822, -0.07448009, 2.698876
HandLeft: -0.4953896, -0.137465, 2.66526
ShoulderRight: -0.135243, 0.4306713, 2.963614
ElbowRight: 0.1206378, 0.5091502, 2.91889
WristRight: 0.3953105, 0.5726928, 2.854103
HandRight: 0.4799431, 0.6002495, 2.870174
HipLeft: -0.3742151, 0.03288433, 2.781159
KneeLeft: -0.3101925, -0.4991223, 2.702672
AnkleLeft: -0.3240891, -0.7863259, 2.598906
FootLeft: -0.2978594, -0.8375827, 2.481385
HipRight: -0.227194, 0.03796094, 2.793361
KneeRight: -0.2398673, -0.3808049, 2.701521
AnkleRight: -0.1895008, -0.6813629, 2.59296
FootRight: -0.2672316, -0.7814704, 2.517328
=========
HipCenter: -0.3053702, 0.1042356, 2.816514
Spine: -0.317056, 0.1549348, 2.893142
ShoulderCenter: -0.335461, 0.5471748, 2.993026
Head: -0.3037892, 0.7235333, 2.977602
ShoulderLeft: -0.4698893, 0.4059698, 2.910058
ElbowLeft: -0.5039485, 0.1498664, 2.830331
WristLeft: -0.4925956, -0.07441919, 2.698649
HandLeft: -0.4950645, -0.1374736, 2.665037
ShoulderRight: -0.1342478, 0.4314051, 2.964117
ElbowRight: 0.1209649, 0.5095197, 2.919661
WristRight: 0.3961953, 0.5751789, 2.85416
HandRight: 0.4740426, 0.6059224, 2.86625
HipLeft: -0.3741357, 0.03316529, 2.781349
KneeLeft: -0.3096139, -0.4988493, 2.702672
AnkleLeft: -0.3237592, -0.7862782, 2.598907
FootLeft: -0.297812, -0.8375674, 2.481512
HipRight: -0.2265691, 0.03877645, 2.792778
KneeRight: -0.2402517, -0.3800512, 2.701722
AnkleRight: -0.1900771, -0.6824554, 2.592869
FootRight: -0.267563, -0.7818822, 2.517108
=========
HipCenter: -0.3050146, 0.1049276, 2.816512
Spine: -0.3167644, 0.1555015, 2.89316
ShoulderCenter: -0.3352782, 0.5473545, 2.99316
Head: -0.3038229, 0.723536, 2.977572
ShoulderLeft: -0.4683219, 0.4051215, 2.909708
ElbowLeft: -0.5031567, 0.1500925, 2.831084
WristLeft: -0.4917136, -0.07446197, 2.698389
HandLeft: -0.4946579, -0.1375209, 2.66475
ShoulderRight: -0.1330768, 0.4322597, 2.964939
ElbowRight: 0.12576, 0.510595, 2.9203
WristRight: 0.3965807, 0.5766557, 2.853848
HandRight: 0.4739348, 0.6092408, 2.869275
HipLeft: -0.3739428, 0.0334603, 2.781439
KneeLeft: -0.3090706, -0.4986063, 2.702693
AnkleLeft: -0.3234118, -0.7862241, 2.598904
FootLeft: -0.297734, -0.8375441, 2.481653
HipRight: -0.2258958, 0.03952267, 2.792252
KneeRight: -0.2405447, -0.379387, 2.701917
AnkleRight: -0.1904987, -0.6833428, 2.59281
FootRight: -0.2677824, -0.7821634, 2.516963
=========
HipCenter: -0.3046504, 0.1055221, 2.816481
Spine: -0.3164612, 0.1559946, 2.893154
ShoulderCenter: -0.3350532, 0.5474943, 2.993265
Head: -0.3038599, 0.7235337, 2.977601
ShoulderLeft: -0.4670797, 0.4044996, 2.909483
ElbowLeft: -0.5023721, 0.1502772, 2.831746
WristLeft: -0.4907809, -0.07451368, 2.698189
HandLeft: -0.4941942, -0.13757, 2.664512
ShoulderRight: -0.1323225, 0.4328402, 2.96551
ElbowRight: 0.1266198, 0.5109614, 2.920936
WristRight: 0.3965577, 0.5773206, 2.853317
HandRight: 0.4738857, 0.6111246, 2.871266
HipLeft: -0.3736883, 0.03379378, 2.781475
KneeLeft: -0.3085285, -0.4984469, 2.702718
AnkleLeft: -0.3230485, -0.7861541, 2.598861
FootLeft: -0.2976648, -0.8375227, 2.481774
HipRight: -0.2252847, 0.04014763, 2.791797
KneeRight: -0.240941, -0.3785084, 2.702296
AnkleRight: -0.1908673, -0.6841194, 2.592805
FootRight: -0.2679455, -0.7823719, 2.516864
=========
HipCenter: -0.3040693, 0.1060281, 2.816372
Spine: -0.3160038, 0.1564139, 2.893089
ShoulderCenter: -0.3347608, 0.5475913, 2.993343
Head: -0.3038633, 0.7234988, 2.977711
ShoulderLeft: -0.4658273, 0.4038376, 2.909185
ElbowLeft: -0.5016141, 0.1504538, 2.832386
WristLeft: -0.4898008, -0.07451759, 2.698051
HandLeft: -0.4935727, -0.1375827, 2.664312
ShoulderRight: -0.1317474, 0.4332704, 2.96596
ElbowRight: 0.1271917, 0.5111336, 2.9215
WristRight: 0.3933812, 0.5766339, 2.853072
HandRight: 0.4734307, 0.6083835, 2.870948
HipLeft: -0.3731158, 0.0340932, 2.781446
KneeLeft: -0.3079591, -0.4983759, 2.702731
AnkleLeft: -0.3226805, -0.786059, 2.598832
FootLeft: -0.2975964, -0.8375008, 2.481895
HipRight: -0.2245248, 0.04074419, 2.791305
KneeRight: -0.2412064, -0.3779276, 2.702548
AnkleRight: -0.1911768, -0.684785, 2.592823
FootRight: -0.2680692, -0.7825283, 2.516799
=========
HipCenter: -0.3033561, 0.1064728, 2.816258
Spine: -0.3154751, 0.1567727, 2.893023
ShoulderCenter: -0.3344401, 0.5476437, 2.993447
Head: -0.303855, 0.7233539, 2.977916
ShoulderLeft: -0.4646442, 0.403114, 2.90876
ElbowLeft: -0.5008113, 0.1505959, 2.832896
WristLeft: -0.4886306, -0.07464399, 2.697902
HandLeft: -0.4929304, -0.1376595, 2.664102
ShoulderRight: -0.1311701, 0.4336792, 2.966439
ElbowRight: 0.1288499, 0.5114261, 2.921956
WristRight: 0.3902133, 0.5757354, 2.853012
HandRight: 0.459938, 0.5897272, 2.857683
HipLeft: -0.3723079, 0.03431124, 2.781482
KneeLeft: -0.3074126, -0.4982966, 2.702746
AnkleLeft: -0.3222422, -0.7859853, 2.598757
FootLeft: -0.2975331, -0.8374827, 2.481997
HipRight: -0.2235383, 0.04138598, 2.79071
KneeRight: -0.241427, -0.3773555, 2.702832
AnkleRight: -0.1914175, -0.6853821, 2.592868
FootRight: -0.2681569, -0.7826525, 2.516772
=========
HipCenter: -0.302598, 0.1068911, 2.816091
Spine: -0.3148609, 0.1571315, 2.892896
ShoulderCenter: -0.3338794, 0.5476158, 2.99339
Head: -0.303833, 0.7232291, 2.97811
ShoulderLeft: -0.4636333, 0.4023933, 2.908359
ElbowLeft: -0.5000778, 0.1507307, 2.833344
WristLeft: -0.4875572, -0.07466743, 2.697809
HandLeft: -0.4922462, -0.137658, 2.663947
ShoulderRight: -0.1307046, 0.433994, 2.966835
ElbowRight: 0.1310046, 0.5118584, 2.922297
WristRight: 0.3884939, 0.575146, 2.852946
HandRight: 0.4563424, 0.5840958, 2.853468
HipLeft: -0.3715514, 0.03453985, 2.781469
KneeLeft: -0.3068102, -0.4982994, 2.70273
AnkleLeft: -0.3218287, -0.7859061, 2.598683
FootLeft: -0.2974735, -0.8374634, 2.482089
HipRight: -0.2225041, 0.04196401, 2.790111
KneeRight: -0.241727, -0.3765613, 2.70326
AnkleRight: -0.191622, -0.6858816, 2.592912
FootRight: -0.2682279, -0.7827436, 2.516769
=========
HipCenter: -0.3017679, 0.1072794, 2.815944
Spine: -0.3142063, 0.1574657, 2.892771
ShoulderCenter: -0.3332982, 0.5475618, 2.993286
Head: -0.3038196, 0.7230991, 2.978346
ShoulderLeft: -0.4628277, 0.4017566, 2.908005
ElbowLeft: -0.4993887, 0.1509121, 2.833705
WristLeft: -0.4864756, -0.07468389, 2.697722
HandLeft: -0.4914919, -0.1376128, 2.663753
ShoulderRight: -0.1301622, 0.4344149, 2.967438
ElbowRight: 0.1317144, 0.5120319, 2.922521
WristRight: 0.3874708, 0.5746712, 2.852809
HandRight: 0.4541694, 0.5798317, 2.849987
HipLeft: -0.3707631, 0.03472291, 2.781456
KneeLeft: -0.3062778, -0.498295, 2.702704
AnkleLeft: -0.3214531, -0.7858389, 2.598619
FootLeft: -0.2974141, -0.8374451, 2.482172
HipRight: -0.2214156, 0.0425003, 2.78964
KneeRight: -0.2419271, -0.3760067, 2.703537
AnkleRight: -0.1917915, -0.6863019, 2.592958
FootRight: -0.2682792, -0.7828096, 2.516788
=========
HipCenter: -0.3009294, 0.1076436, 2.815803
Spine: -0.3135393, 0.1577749, 2.892643
ShoulderCenter: -0.3327541, 0.5474879, 2.993162
Head: -0.3038296, 0.7229315, 2.978597
ShoulderLeft: -0.4621394, 0.4009564, 2.907591
ElbowLeft: -0.4987818, 0.151074, 2.833999
WristLeft: -0.4855311, -0.07467548, 2.697654
HandLeft: -0.4907341, -0.137531, 2.663563
ShoulderRight: -0.1296644, 0.4348561, 2.968035
ElbowRight: 0.1315854, 0.5117973, 2.923176
WristRight: 0.3867884, 0.5743045, 2.852716
HandRight: 0.4534158, 0.5781264, 2.849139
HipLeft: -0.3700097, 0.03490111, 2.781432
KneeLeft: -0.3056147, -0.4980121, 2.702656
AnkleLeft: -0.3211242, -0.7857789, 2.598561
FootLeft: -0.2973654, -0.8374311, 2.482231
HipRight: -0.2203012, 0.04296734, 2.789231
KneeRight: -0.2421033, -0.3754901, 2.703785
AnkleRight: -0.1919317, -0.6866637, 2.593001
FootRight: -0.2683154, -0.7828552, 2.516812
=========
HipCenter: -0.3002036, 0.1079426, 2.815681
Spine: -0.3129338, 0.1580327, 2.892527
ShoulderCenter: -0.3321896, 0.5474264, 2.993107
Head: -0.3038683, 0.7227442, 2.978872
ShoulderLeft: -0.4615782, 0.4001765, 2.907263
ElbowLeft: -0.4982373, 0.1512117, 2.834232
WristLeft: -0.4846932, -0.07467384, 2.697602
HandLeft: -0.490034, -0.1374519, 2.663393
ShoulderRight: -0.1291914, 0.435359, 2.968688
ElbowRight: 0.130731, 0.5112988, 2.923836
WristRight: 0.3863551, 0.5740248, 2.852639
HandRight: 0.4532453, 0.5772079, 2.848821
HipLeft: -0.3693621, 0.03504804, 2.781406
KneeLeft: -0.3050115, -0.4976691, 2.702582
AnkleLeft: -0.3208216, -0.7857252, 2.598513
FootLeft: -0.297319, -0.8374177, 2.482284
HipRight: -0.2193721, 0.04334122, 2.788903
KneeRight: -0.2423561, -0.3747471, 2.704163
AnkleRight: -0.1920789, -0.6870819, 2.593052
FootRight: -0.2683557, -0.7829095, 2.516844
=========
HipCenter: -0.2994219, 0.1081638, 2.815579
Spine: -0.312281, 0.1582204, 2.892438
ShoulderCenter: -0.3316353, 0.547348, 2.993155
Head: -0.3039187, 0.7225637, 2.979145
ShoulderLeft: -0.4610649, 0.3994163, 2.90695
ElbowLeft: -0.4977254, 0.1512901, 2.83438
WristLeft: -0.4838519, -0.07469418, 2.697521
HandLeft: -0.4893651, -0.1373888, 2.663207
ShoulderRight: -0.128724, 0.435917, 2.96939
ElbowRight: 0.1092731, 0.5074093, 2.930182
WristRight: 0.3856562, 0.5735489, 2.852683
HandRight: 0.4552253, 0.577768, 2.850404
HipLeft: -0.3685589, 0.03509664, 2.781366
KneeLeft: -0.3044842, -0.4973427, 2.70251
AnkleLeft: -0.320531, -0.7856548, 2.598486
FootLeft: -0.2972699, -0.8374013, 2.482349
HipRight: -0.2184916, 0.04364921, 2.788642
KneeRight: -0.2425823, -0.3742372, 2.704403
AnkleRight: -0.1922907, -0.6875936, 2.593093
FootRight: -0.2684278, -0.7830016, 2.516872
=========
HipCenter: -0.2987441, 0.1083339, 2.815501
Spine: -0.31172, 0.1583662, 2.892366
ShoulderCenter: -0.3311982, 0.5472587, 2.993186
Head: -0.3040196, 0.7223792, 2.979857
ShoulderLeft: -0.4606665, 0.3987676, 2.906683
ElbowLeft: -0.4972697, 0.1513585, 2.834483
WristLeft: -0.4829382, -0.07485176, 2.697416
HandLeft: -0.4887805, -0.1374104, 2.663004
ShoulderRight: -0.1283027, 0.4364755, 2.970113
ElbowRight: 0.1044875, 0.5063847, 2.931852
WristRight: 0.3854448, 0.5733104, 2.852669
HandRight: 0.4563112, 0.5780188, 2.851377
HipLeft: -0.3678294, 0.03508379, 2.781386
KneeLeft: -0.3039508, -0.4969319, 2.702413
AnkleLeft: -0.3203167, -0.7855628, 2.59848
FootLeft: -0.2972331, -0.8373848, 2.482397
HipRight: -0.21775, 0.04389762, 2.788434
KneeRight: -0.2428444, -0.3737358, 2.704612
AnkleRight: -0.1925683, -0.6881985, 2.593106
FootRight: -0.2685577, -0.7831648, 2.516884
=========
HipCenter: -0.2981733, 0.1085198, 2.815425
Spine: -0.3112071, 0.158546, 2.892291
ShoulderCenter: -0.3305169, 0.5472342, 2.993109
Head: -0.3041376, 0.722219, 2.980518
ShoulderLeft: -0.4603636, 0.3982283, 2.90647
ElbowLeft: -0.4968241, 0.1513836, 2.834528
WristLeft: -0.4822718, -0.07492904, 2.697311
HandLeft: -0.4882173, -0.1374028, 2.66281
ShoulderRight: -0.1280885, 0.4368225, 2.970601
ElbowRight: 0.09656288, 0.5052426, 2.934477
WristRight: 0.3845508, 0.5727681, 2.852901
HandRight: 0.4588397, 0.5794452, 2.8537
HipLeft: -0.3672479, 0.03517919, 2.781379
KneeLeft: -0.3035091, -0.4966847, 2.702314
AnkleLeft: -0.3201355, -0.7854705, 2.598483
FootLeft: -0.2971945, -0.8373691, 2.482423
HipRight: -0.2172065, 0.04412905, 2.788285
KneeRight: -0.2431149, -0.3732118, 2.704805
AnkleRight: -0.1928768, -0.6888734, 2.593098
FootRight: -0.2687318, -0.7833903, 2.516879
=========
HipCenter: -0.2977129, 0.1086995, 2.815348
Spine: -0.3107646, 0.1587189, 2.892212
ShoulderCenter: -0.3297754, 0.5471098, 2.992879
Head: -0.3043224, 0.7220536, 2.981105
ShoulderLeft: -0.4601277, 0.397774, 2.906303
ElbowLeft: -0.4963719, 0.1513, 2.834433
WristLeft: -0.481783, -0.07497229, 2.697247
HandLeft: -0.4877519, -0.1373937, 2.662701
ShoulderRight: -0.1279221, 0.4370802, 2.970965
ElbowRight: 0.09505907, 0.5050238, 2.93579
WristRight: 0.3845153, 0.5726196, 2.853059
HandRight: 0.4603532, 0.5804794, 2.855392
HipLeft: -0.3668562, 0.03530889, 2.781355
KneeLeft: -0.3031383, -0.4964733, 2.702222
AnkleLeft: -0.3199728, -0.785368, 2.598503
FootLeft: -0.2971646, -0.8373536, 2.482463
HipRight: -0.2167739, 0.0443213, 2.788163
KneeRight: -0.2434118, -0.3727056, 2.704978
AnkleRight: -0.1932143, -0.6895261, 2.593082
FootRight: -0.2689543, -0.7836834, 2.516907
=========
HipCenter: -0.2973429, 0.1088577, 2.815284
Spine: -0.3103977, 0.1588715, 2.892144
ShoulderCenter: -0.3291031, 0.546997, 2.992666
Head: -0.3044355, 0.7220581, 2.982094
ShoulderLeft: -0.4599497, 0.3974454, 2.906184
ElbowLeft: -0.4959804, 0.1512106, 2.834327
WristLeft: -0.4813757, -0.07501227, 2.697194
HandLeft: -0.4873187, -0.1373791, 2.662592
ShoulderRight: -0.1277317, 0.4373262, 2.971331
ElbowRight: 0.09517022, 0.5051289, 2.936703
WristRight: 0.3847172, 0.5725852, 2.853494
HandRight: 0.4618471, 0.5816817, 2.857419
HipLeft: -0.3665672, 0.0354297, 2.78133
KneeLeft: -0.3028417, -0.4962746, 2.702148
AnkleLeft: -0.3198417, -0.7852423, 2.598555
FootLeft: -0.2971371, -0.8373379, 2.482494
HipRight: -0.2164343, 0.04447665, 2.788071
KneeRight: -0.2436931, -0.3722282, 2.705127
AnkleRight: -0.1935278, -0.6901131, 2.59306
FootRight: -0.2691603, -0.7839479, 2.516937
=========
HipCenter: -0.2970515, 0.1089702, 2.815218
Spine: -0.3100858, 0.1589877, 2.892076
ShoulderCenter: -0.3285322, 0.5469, 2.992517
Head: -0.3045247, 0.7220812, 2.982988
ShoulderLeft: -0.4598112, 0.3971923, 2.906099
ElbowLeft: -0.4956178, 0.1511184, 2.834193
WristLeft: -0.481069, -0.07502864, 2.697144
HandLeft: -0.4869666, -0.1373539, 2.66251
ShoulderRight: -0.1276373, 0.4374577, 2.971532
ElbowRight: 0.09263761, 0.50462, 2.938637
WristRight: 0.3835079, 0.5722883, 2.854728
HandRight: 0.4641429, 0.5837138, 2.860598
HipLeft: -0.3663437, 0.03553557, 2.781279
KneeLeft: -0.3025487, -0.496173, 2.702067
AnkleLeft: -0.319727, -0.7851205, 2.598609
FootLeft: -0.2971178, -0.837321, 2.482523
HipRight: -0.2161812, 0.04458496, 2.787998
KneeRight: -0.2441325, -0.371579, 2.705348
AnkleRight: -0.1938213, -0.6906183, 2.593057
FootRight: -0.2693392, -0.784178, 2.51699
=========
HipCenter: -0.2968211, 0.1091863, 2.815176
Spine: -0.3097778, 0.1591672, 2.892028
ShoulderCenter: -0.328041, 0.5468021, 2.992382
Head: -0.3046421, 0.7220588, 2.983749
ShoulderLeft: -0.4602181, 0.3975008, 2.906817
ElbowLeft: -0.4952853, 0.1509998, 2.834035
WristLeft: -0.4808117, -0.07504115, 2.6971
HandLeft: -0.4866634, -0.1373301, 2.662445
ShoulderRight: -0.1275647, 0.4375769, 2.971714
ElbowRight: 0.0936067, 0.5046195, 2.939005
WristRight: 0.3838068, 0.5723267, 2.855283
HandRight: 0.4658082, 0.5852242, 2.862929
HipLeft: -0.3661984, 0.03576478, 2.781257
KneeLeft: -0.3022967, -0.4961153, 2.701993
AnkleLeft: -0.3196326, -0.785006, 2.598666
FootLeft: -0.2971125, -0.8372914, 2.482574
HipRight: -0.2159901, 0.04470795, 2.787934
KneeRight: -0.2445962, -0.3708141, 2.705548
AnkleRight: -0.1940943, -0.6910405, 2.593042
FootRight: -0.2694982, -0.78436, 2.51703
=========
HipCenter: -0.2965545, 0.1096464, 2.815191
Spine: -0.3094182, 0.1594847, 2.892024
ShoulderCenter: -0.327595, 0.5467036, 2.992282
Head: -0.3047886, 0.7220056, 2.984216
ShoulderLeft: -0.461269, 0.3987082, 2.908361
ElbowLeft: -0.4950055, 0.1509168, 2.833921
WristLeft: -0.4805977, -0.07505202, 2.697063
HandLeft: -0.4864129, -0.1373118, 2.662399
ShoulderRight: -0.127446, 0.4377306, 2.971982
ElbowRight: 0.1009386, 0.5058358, 2.936908
WristRight: 0.3840646, 0.5724142, 2.855857
HandRight: 0.4670824, 0.5863279, 2.864637
HipLeft: -0.3661001, 0.03628755, 2.781244
KneeLeft: -0.3020104, -0.4961411, 2.701903
AnkleLeft: -0.3195563, -0.7848964, 2.598723
FootLeft: -0.2971015, -0.8372648, 2.482572
HipRight: -0.2158008, 0.04485575, 2.787888
KneeRight: -0.2448961, -0.3702826, 2.70566
AnkleRight: -0.1943379, -0.691384, 2.593014
FootRight: -0.2696435, -0.7845032, 2.517069
=========
HipCenter: -0.2963573, 0.1099312, 2.815185
Spine: -0.3091437, 0.1597081, 2.892012
ShoulderCenter: -0.3272304, 0.5466176, 2.992212
Head: -0.3050261, 0.721769, 2.984223
ShoulderLeft: -0.4616908, 0.3992445, 2.909007
ElbowLeft: -0.4947609, 0.1508399, 2.833815
WristLeft: -0.4803876, -0.07508072, 2.697023
HandLeft: -0.4861974, -0.1373192, 2.662371
ShoulderRight: -0.1274055, 0.4377991, 2.972105
ElbowRight: 0.1259402, 0.511894, 2.931128
WristRight: 0.3844461, 0.5725433, 2.856424
HandRight: 0.4681125, 0.5871931, 2.865877
HipLeft: -0.3660116, 0.03668863, 2.781218
KneeLeft: -0.3017179, -0.4961393, 2.701809
AnkleLeft: -0.3194747, -0.7848124, 2.598754
FootLeft: -0.29709, -0.8372354, 2.482559
HipRight: -0.2156649, 0.04495838, 2.787852
KneeRight: -0.2451789, -0.3698148, 2.705734
AnkleRight: -0.194561, -0.6916412, 2.592981
FootRight: -0.2697704, -0.7845942, 2.517099
