=========
HipCenter: -0.08483262, 0.0912784, 2.812997
Spine: -0.09385428, 0.1391687, 2.890969
ShoulderCenter: -0.1030115, 0.5236171, 3.006779
Head: -0.0754918, 0.7069382, 3.015493
ShoulderLeft: -0.2500911, 0.3846525, 2.928425
ElbowLeft: -0.2950324, 0.1415833, 2.811712
WristLeft: -0.2684281, -0.1251857, 2.657326
HandLeft: -0.25956, -0.2141087, 2.610825
ShoulderRight: 0.07132904, 0.3876899, 2.969591
ElbowRight: 0.1037072, 0.1331297, 2.890799
WristRight: 0.08676075, -0.1322459, 2.732308
HandRight: 0.111318, -0.1980882, 2.712686
HipLeft: -0.1535554, 0.02597952, 2.775872
KneeLeft: -0.1427275, -0.4209783, 2.706974
AnkleLeft: -0.1219664, -0.8062946, 2.631339
FootLeft: -0.09822208, -0.8578089, 2.52231
HipRight: -0.009960888, 0.02655252, 2.788222
KneeRight: -0.06640982, -0.4263427, 2.722756
AnkleRight: -0.09685513, -0.8095632, 2.633433
FootRight: -0.117291, -0.8549527, 2.509943
=========
HipCenter: -0.08288588, 0.08822791, 2.813823
Spine: -0.0925445, 0.1370628, 2.891828
ShoulderCenter: -0.1030748, 0.5234303, 3.007187
Head: -0.07508484, 0.7067648, 3.016516
ShoulderLeft: -0.2503656, 0.3854211, 2.929148
ElbowLeft: -0.2950464, 0.1415959, 2.812083
WristLeft: -0.266953, -0.1249413, 2.657911
HandLeft: -0.2575885, -0.2137871, 2.61151
ShoulderRight: 0.07141905, 0.3876334, 2.969949
ElbowRight: 0.103659, 0.133585, 2.891055
WristRight: 0.0911072, -0.112618, 2.745569
HandRight: 0.1018195, -0.1783622, 2.718309
HipLeft: -0.1516733, 0.02291641, 2.777342
KneeLeft: -0.1182609, -0.4695618, 2.716921
AnkleLeft: -0.1219018, -0.8063831, 2.631482
FootLeft: -0.09760569, -0.8576541, 2.52278
HipRight: -0.006791485, 0.02195648, 2.788287
KneeRight: -0.09391091, -0.4837534, 2.721632
AnkleRight: -0.09693426, -0.8097387, 2.633784
FootRight: -0.1166928, -0.8548841, 2.511048
=========
HipCenter: -0.08255473, 0.0874984, 2.813982
Spine: -0.09233212, 0.1366133, 2.891992
ShoulderCenter: -0.1030898, 0.5234026, 3.007251
Head: -0.07497011, 0.7067591, 3.016813
ShoulderLeft: -0.250428, 0.3855893, 2.929307
ElbowLeft: -0.2950431, 0.1416065, 2.812152
WristLeft: -0.2665947, -0.1249396, 2.658078
HandLeft: -0.2570658, -0.21381, 2.611733
ShoulderRight: 0.07143442, 0.3876257, 2.970007
ElbowRight: 0.1037297, 0.1328611, 2.890806
WristRight: 0.09104412, -0.1134911, 2.745844
HandRight: 0.1021761, -0.178716, 2.718334
HipLeft: -0.1513807, 0.02212243, 2.777666
KneeLeft: -0.08259182, -0.5454959, 2.72342
AnkleLeft: -0.1294126, -0.8128293, 2.626606
FootLeft: -0.09751196, -0.8576276, 2.522857
HipRight: -0.006189505, 0.02078795, 2.788256
KneeRight: -0.1158229, -0.4644968, 2.722312
AnkleRight: -0.09710671, -0.8064252, 2.634484
FootRight: -0.1165967, -0.8548483, 2.511412
=========
HipCenter: -0.08228458, 0.0863885, 2.814107
Spine: -0.09212613, 0.1359451, 2.892163
ShoulderCenter: -0.1031033, 0.5233812, 3.007304
Head: -0.07485499, 0.7068018, 3.017216
ShoulderLeft: -0.2504782, 0.3857478, 2.929454
ElbowLeft: -0.295027, 0.141661, 2.812241
WristLeft: -0.2663105, -0.1249011, 2.658242
HandLeft: -0.2566667, -0.2137861, 2.61194
ShoulderRight: 0.07088341, 0.3874748, 2.96972
ElbowRight: 0.1037729, 0.1326117, 2.890758
WristRight: 0.09188043, -0.1091083, 2.749207
HandRight: 0.1006996, -0.1751596, 2.719761
HipLeft: -0.1510817, 0.02113209, 2.777758
KneeLeft: -0.0882121, -0.5426451, 2.723995
AnkleLeft: -0.1299295, -0.8132092, 2.626359
FootLeft: -0.09744189, -0.8576071, 2.522922
HipRight: -0.005862108, 0.01931773, 2.78852
KneeRight: -0.104399, -0.443355, 2.722068
AnkleRight: -0.09701509, -0.8039966, 2.63507
FootRight: -0.1165136, -0.854836, 2.51172
=========
HipCenter: -0.08210137, 0.08512593, 2.814184
Spine: -0.09194773, 0.1351805, 2.892323
ShoulderCenter: -0.1031173, 0.5233672, 3.007352
Head: -0.07480312, 0.7068481, 3.017552
ShoulderLeft: -0.2505184, 0.3858792, 2.929581
ElbowLeft: -0.2950038, 0.1417387, 2.812354
WristLeft: -0.2660456, -0.1248608, 2.658427
HandLeft: -0.2562972, -0.2137663, 2.612168
ShoulderRight: 0.070094, 0.3874466, 2.969277
ElbowRight: 0.103873, 0.1322741, 2.89078
WristRight: 0.09248465, -0.1058442, 2.751727
HandRight: 0.09979952, -0.1726596, 2.721096
HipLeft: -0.1508169, 0.01994772, 2.777729
KneeLeft: -0.08961056, -0.5425922, 2.725007
AnkleLeft: -0.1298604, -0.8130824, 2.626525
FootLeft: -0.09739135, -0.8575909, 2.522974
HipRight: -0.00570506, 0.01805368, 2.788804
KneeRight: -0.09626695, -0.4323235, 2.722164
AnkleRight: -0.09698611, -0.8029457, 2.635377
FootRight: -0.1170996, -0.854993, 2.510782
=========
HipCenter: -0.08185182, 0.08356422, 2.814213
Spine: -0.09170727, 0.1341776, 2.892473
ShoulderCenter: -0.1031301, 0.5233577, 3.007394
Head: -0.07467768, 0.7069137, 3.018002
ShoulderLeft: -0.2505361, 0.3859859, 2.929693
ElbowLeft: -0.2949741, 0.1418477, 2.812454
WristLeft: -0.2657582, -0.1247718, 2.658653
HandLeft: -0.2558912, -0.2136906, 2.612466
ShoulderRight: 0.06928084, 0.3874241, 2.96884
ElbowRight: 0.1048177, 0.1327511, 2.893895
WristRight: 0.09293642, -0.1034027, 2.753594
HandRight: 0.09918954, -0.1708414, 2.722255
HipLeft: -0.1503288, 0.01835688, 2.777395
KneeLeft: -0.09343603, -0.5380861, 2.725272
AnkleLeft: -0.1294742, -0.812577, 2.626994
FootLeft: -0.09736158, -0.8575769, 2.523031
HipRight: -0.00562939, 0.01673349, 2.789259
KneeRight: -0.08816137, -0.425725, 2.722856
AnkleRight: -0.09697029, -0.802376, 2.635557
FootRight: -0.1175719, -0.8553279, 2.509574
=========
HipCenter: -0.08170881, 0.08204359, 2.814189
Spine: -0.09150276, 0.1331758, 2.892601
ShoulderCenter: -0.1031349, 0.5233607, 3.007438
Head: -0.07465389, 0.7069678, 3.018388
ShoulderLeft: -0.2505465, 0.3860776, 2.929796
ElbowLeft: -0.2949429, 0.1419696, 2.812544
WristLeft: -0.2654556, -0.1246713, 2.658893
HandLeft: -0.2554573, -0.2136052, 2.612792
ShoulderRight: 0.06831361, 0.3875186, 2.968319
ElbowRight: 0.1051861, 0.1325602, 2.894739
WristRight: 0.09326348, -0.1016043, 2.754973
HandRight: 0.09875221, -0.1695119, 2.723197
HipLeft: -0.14996, 0.01688814, 2.777073
KneeLeft: -0.09900624, -0.5281599, 2.724736
AnkleLeft: -0.1288994, -0.8119061, 2.627639
FootLeft: -0.09734261, -0.8575634, 2.52307
HipRight: -0.005715459, 0.0155767, 2.789646
KneeRight: -0.08812118, -0.4230125, 2.724002
AnkleRight: -0.0969464, -0.8023651, 2.635713
FootRight: -0.1180841, -0.855712, 2.507868
=========
HipCenter: -0.08163857, 0.08070043, 2.814149
Spine: -0.09136794, 0.1322457, 2.892716
ShoulderCenter: -0.1031368, 0.5234131, 3.007552
Head: -0.07463676, 0.7070332, 3.018773
ShoulderLeft: -0.2505345, 0.3861471, 2.929855
ElbowLeft: -0.2949, 0.1421124, 2.812645
WristLeft: -0.2651031, -0.12453, 2.659193
HandLeft: -0.2549556, -0.2134715, 2.613197
ShoulderRight: 0.06747986, 0.3876512, 2.967911
ElbowRight: 0.1052693, 0.1326922, 2.894946
WristRight: 0.09350904, -0.1002487, 2.75601
HandRight: 0.09845219, -0.1685491, 2.723921
HipLeft: -0.1496857, 0.01563135, 2.776797
KneeLeft: -0.1026018, -0.5208504, 2.724361
AnkleLeft: -0.1282665, -0.8112303, 2.62829
FootLeft: -0.09733198, -0.8575523, 2.523103
HipRight: -0.005880278, 0.01461819, 2.789957
KneeRight: -0.08683272, -0.4210979, 2.724492
AnkleRight: -0.09688348, -0.8025262, 2.635852
FootRight: -0.1183055, -0.8556738, 2.508297
=========
HipCenter: -0.08129506, 0.07940732, 2.814152
Spine: -0.09105188, 0.1312914, 2.89286
ShoulderCenter: -0.1031336, 0.5234752, 3.007669
Head: -0.07457079, 0.7070994, 3.019158
ShoulderLeft: -0.2505172, 0.3861963, 2.929892
ElbowLeft: -0.294852, 0.1423111, 2.812844
WristLeft: -0.2647316, -0.1242786, 2.659563
HandLeft: -0.2544445, -0.2131989, 2.613645
ShoulderRight: 0.06677298, 0.3877632, 2.967524
ElbowRight: 0.1055205, 0.1329754, 2.895314
WristRight: 0.09369109, -0.09923903, 2.756788
HandRight: 0.09825938, -0.1678628, 2.72449
HipLeft: -0.149103, 0.01442223, 2.77654
KneeLeft: -0.1049172, -0.5160998, 2.724072
AnkleLeft: -0.127636, -0.8105797, 2.62891
FootLeft: -0.09734903, -0.8575369, 2.523142
HipRight: -0.005742127, 0.01362668, 2.790386
KneeRight: -0.08462543, -0.5218228, 2.721705
AnkleRight: -0.09391507, -0.8146052, 2.630426
FootRight: -0.1184854, -0.8555832, 2.509
=========
HipCenter: -0.08099906, 0.0784177, 2.814178
Spine: -0.09075249, 0.1305031, 2.893009
ShoulderCenter: -0.1031443, 0.5235591, 3.007801
Head: -0.07445891, 0.7071938, 3.019615
ShoulderLeft: -0.2504763, 0.3862819, 2.929937
ElbowLeft: -0.2947891, 0.1425154, 2.813037
WristLeft: -0.2643794, -0.1240261, 2.659914
HandLeft: -0.2539757, -0.2129285, 2.614063
ShoulderRight: 0.06601974, 0.3878691, 2.967
ElbowRight: 0.1057895, 0.1329468, 2.895603
WristRight: 0.09382229, -0.09848545, 2.757364
HandRight: 0.09816328, -0.1673781, 2.725
HipLeft: -0.148596, 0.01356904, 2.776413
KneeLeft: -0.1063871, -0.5127729, 2.723881
AnkleLeft: -0.1270621, -0.8099957, 2.629462
FootLeft: -0.09738845, -0.8575217, 2.523203
HipRight: -0.005628245, 0.01289711, 2.790746
KneeRight: -0.07099005, -0.467486, 2.724408
AnkleRight: -0.07747864, -0.7418514, 2.629782
FootRight: -0.0740473, -0.7518883, 2.507066
=========
HipCenter: -0.08074957, 0.07763398, 2.814203
Spine: -0.09049773, 0.1298549, 2.893145
ShoulderCenter: -0.1031562, 0.5236579, 3.00791
Head: -0.07435026, 0.7072887, 3.020065
ShoulderLeft: -0.2504413, 0.3863555, 2.929966
ElbowLeft: -0.2947173, 0.142702, 2.813159
WristLeft: -0.2640502, -0.1237996, 2.660193
HandLeft: -0.2535453, -0.2126893, 2.614408
ShoulderRight: 0.0654216, 0.3879387, 2.966547
ElbowRight: 0.1059445, 0.1329658, 2.895722
WristRight: 0.09437625, -0.1049729, 2.755214
HandRight: 0.09868993, -0.1700007, 2.724884
HipLeft: -0.1482006, 0.01290649, 2.77638
KneeLeft: -0.1073603, -0.5105073, 2.723733
AnkleLeft: -0.1265534, -0.8094795, 2.629945
FootLeft: -0.09745298, -0.857505, 2.52327
HipRight: -0.005534727, 0.01232659, 2.790992
KneeRight: -0.06824587, -0.4705018, 2.724179
AnkleRight: -0.07083879, -0.7075068, 2.629387
FootRight: -0.05792024, -0.710552, 2.50656
=========
HipCenter: -0.08055919, 0.07703644, 2.814222
Spine: -0.0903315, 0.1293442, 2.893253
ShoulderCenter: -0.1031749, 0.5237529, 3.008
Head: -0.07410101, 0.7074864, 3.020641
ShoulderLeft: -0.2503953, 0.3864196, 2.929982
ElbowLeft: -0.2946478, 0.1428774, 2.813273
WristLeft: -0.263746, -0.1235877, 2.66045
HandLeft: -0.253153, -0.2124662, 2.614723
ShoulderRight: 0.06517809, 0.3879664, 2.966383
ElbowRight: 0.1065274, 0.132694, 2.896492
WristRight: 0.09422423, -0.1116036, 2.75239
HandRight: 0.1003424, -0.1737772, 2.725136
HipLeft: -0.1479171, 0.01242224, 2.776386
KneeLeft: -0.1080181, -0.5088436, 2.723619
AnkleLeft: -0.126181, -0.8090774, 2.630331
FootLeft: -0.09754641, -0.8574799, 2.523345
HipRight: -0.005472643, 0.011875, 2.791131
KneeRight: -0.06449948, -0.452253, 2.724407
AnkleRight: -0.06705326, -0.6888953, 2.629511
FootRight: -0.0480417, -0.6868485, 2.507038
=========
HipCenter: -0.08040661, 0.07654393, 2.814234
Spine: -0.09020417, 0.1289028, 2.893346
ShoulderCenter: -0.1032109, 0.5238487, 3.008078
Head: -0.07387552, 0.707658, 3.021168
ShoulderLeft: -0.2503525, 0.3864788, 2.929992
ElbowLeft: -0.2945771, 0.1430545, 2.813409
WristLeft: -0.2634556, -0.1233565, 2.660671
HandLeft: -0.2527853, -0.2122155, 2.614975
ShoulderRight: 0.06500699, 0.3879849, 2.966266
ElbowRight: 0.1070832, 0.13243, 2.897238
WristRight: 0.09398268, -0.1167513, 2.750027
HandRight: 0.102006, -0.1772372, 2.725509
HipLeft: -0.147701, 0.01203538, 2.776385
KneeLeft: -0.1084454, -0.5076246, 2.723536
AnkleLeft: -0.125869, -0.8087373, 2.63066
FootLeft: -0.09764186, -0.8574551, 2.52342
HipRight: -0.005420316, 0.01146362, 2.791244
KneeRight: -0.06261925, -0.4424428, 2.724554
AnkleRight: -0.06471915, -0.6775934, 2.629669
FootRight: -0.04253151, -0.6734678, 2.507167
=========
HipCenter: -0.08032615, 0.07612652, 2.814212
Spine: -0.09010506, 0.1284543, 2.893423
ShoulderCenter: -0.103708, 0.5240963, 3.008516
Head: -0.0736822, 0.70781, 3.021576
ShoulderLeft: -0.2503074, 0.3865247, 2.929984
ElbowLeft: -0.2945198, 0.1433708, 2.813655
WristLeft: -0.263303, -0.122915, 2.66082
HandLeft: -0.252609, -0.2117045, 2.615085
ShoulderRight: 0.0638191, 0.3882059, 2.965389
ElbowRight: 0.1072517, 0.1323664, 2.89747
WristRight: 0.09379341, -0.1208802, 2.747916
HandRight: 0.1034118, -0.1806274, 2.725663
HipLeft: -0.1475328, 0.01172835, 2.776433
KneeLeft: -0.1087197, -0.506698, 2.723466
AnkleLeft: -0.1256111, -0.8084709, 2.63093
FootLeft: -0.09773499, -0.8574314, 2.523493
HipRight: -0.005537095, 0.01117672, 2.791123
KneeRight: -0.06087641, -0.4368858, 2.724775
AnkleRight: -0.06264532, -0.6684577, 2.630267
FootRight: -0.03915793, -0.6642044, 2.508476
=========
HipCenter: -0.0802412, 0.07577962, 2.814193
Spine: -0.09002897, 0.128058, 2.893495
ShoulderCenter: -0.1041926, 0.524328, 3.008943
Head: -0.0735312, 0.7079286, 3.021901
ShoulderLeft: -0.2502652, 0.3865614, 2.929973
ElbowLeft: -0.2944639, 0.1435946, 2.813787
WristLeft: -0.2631493, -0.1225981, 2.660914
HandLeft: -0.2524295, -0.2113447, 2.615161
ShoulderRight: 0.0635123, 0.3883635, 2.965176
ElbowRight: 0.1073806, 0.1323259, 2.897652
WristRight: 0.09378017, -0.1237806, 2.746433
HandRight: 0.1044219, -0.1833182, 2.725781
HipLeft: -0.1473589, 0.01141967, 2.776502
KneeLeft: -0.1088936, -0.5059978, 2.723405
AnkleLeft: -0.1254207, -0.8082378, 2.631153
FootLeft: -0.09788904, -0.857406, 2.523588
HipRight: -0.005544105, 0.01096372, 2.791033
KneeRight: -0.05952865, -0.4325108, 2.72495
AnkleRight: -0.06113147, -0.6620027, 2.63076
FootRight: -0.03789374, -0.6599194, 2.510776
=========
HipCenter: -0.08017177, 0.07561766, 2.814159
Spine: -0.08998086, 0.1278727, 2.893527
ShoulderCenter: -0.1046055, 0.5246106, 3.009307
Head: -0.07341877, 0.7079999, 3.022078
ShoulderLeft: -0.2502257, 0.3865917, 2.929937
ElbowLeft: -0.2946225, 0.1443571, 2.813998
WristLeft: -0.2630062, -0.121569, 2.660985
HandLeft: -0.2521908, -0.2101878, 2.615168
ShoulderRight: 0.06340175, 0.3885943, 2.965127
ElbowRight: 0.1085037, 0.1324941, 2.899975
WristRight: 0.09380332, -0.1251996, 2.745753
HandRight: 0.105029, -0.1846202, 2.726105
HipLeft: -0.1472541, 0.01123269, 2.776534
KneeLeft: -0.1089843, -0.5054631, 2.72334
AnkleLeft: -0.1252659, -0.8080431, 2.631338
FootLeft: -0.09801261, -0.8573828, 2.523671
HipRight: -0.005350388, 0.0112688, 2.79062
KneeRight: -0.06162536, -0.4191571, 2.72462
AnkleRight: -0.06247365, -0.650574, 2.631778
FootRight: -0.04258141, -0.65159, 2.513195
=========
HipCenter: -0.08009763, 0.07549269, 2.814115
Spine: -0.08993174, 0.1277202, 2.893546
ShoulderCenter: -0.1047986, 0.5247955, 3.009498
Head: -0.07335465, 0.7080459, 3.022177
ShoulderLeft: -0.2501916, 0.3866119, 2.929893
ElbowLeft: -0.2947358, 0.1450212, 2.814341
WristLeft: -0.2628367, -0.1205661, 2.661105
HandLeft: -0.251928, -0.2090182, 2.61519
ShoulderRight: 0.06335881, 0.3887967, 2.965111
ElbowRight: 0.1085682, 0.1326459, 2.900168
WristRight: 0.09394629, -0.1266904, 2.744923
HandRight: 0.1040639, -0.1870676, 2.727037
HipLeft: -0.1471505, 0.01105054, 2.776545
KneeLeft: -0.1090294, -0.5050384, 2.723283
AnkleLeft: -0.1251411, -0.8078809, 2.631492
FootLeft: -0.09816743, -0.8573486, 2.523753
HipRight: -0.005158928, 0.01142799, 2.790334
KneeRight: -0.06105225, -0.4154218, 2.724638
AnkleRight: -0.06177821, -0.6462056, 2.63226
FootRight: -0.042823, -0.6526083, 2.51566
=========
HipCenter: -0.0800267, 0.07540448, 2.814069
Spine: -0.08988921, 0.1276016, 2.89356
ShoulderCenter: -0.1049368, 0.5249617, 3.009646
Head: -0.07330474, 0.7080818, 3.022239
ShoulderLeft: -0.2501585, 0.3866272, 2.929846
ElbowLeft: -0.2948251, 0.1455743, 2.81463
WristLeft: -0.2626704, -0.1197077, 2.661219
HandLeft: -0.2516772, -0.2080185, 2.615226
ShoulderRight: 0.06334963, 0.3889498, 2.965117
ElbowRight: 0.1085096, 0.1328591, 2.900172
WristRight: 0.0940308, -0.1277448, 2.744299
HandRight: 0.1035071, -0.1890088, 2.728179
HipLeft: -0.1470528, 0.01088726, 2.776568
KneeLeft: -0.1090201, -0.5047089, 2.72323
AnkleLeft: -0.1250187, -0.8077231, 2.631646
FootLeft: -0.09828525, -0.8573183, 2.523819
HipRight: -0.004967968, 0.01160558, 2.790047
KneeRight: -0.06060756, -0.4127766, 2.724655
AnkleRight: -0.06114745, -0.6431664, 2.63275
FootRight: -0.04325245, -0.6553144, 2.517845
=========
HipCenter: -0.07990388, 0.07536837, 2.814019
Spine: -0.08982515, 0.1275088, 2.893572
ShoulderCenter: -0.1050338, 0.525091, 3.009762
Head: -0.07326795, 0.7081055, 3.022238
ShoulderLeft: -0.2501363, 0.3866515, 2.929813
ElbowLeft: -0.2949063, 0.1460654, 2.814931
WristLeft: -0.2625027, -0.118933, 2.661361
HandLeft: -0.2514276, -0.2071158, 2.615299
ShoulderRight: 0.06349893, 0.3891951, 2.965232
ElbowRight: 0.108406, 0.1330322, 2.900076
WristRight: 0.09406607, -0.1285547, 2.743792
HandRight: 0.1028322, -0.1906789, 2.729221
HipLeft: -0.1469132, 0.01073157, 2.776617
KneeLeft: -0.1089891, -0.5044752, 2.723183
AnkleLeft: -0.1249159, -0.8075916, 2.631769
FootLeft: -0.09843557, -0.8572896, 2.523901
HipRight: -0.004659309, 0.01185473, 2.789732
KneeRight: -0.06021222, -0.4108947, 2.724673
AnkleRight: -0.06055229, -0.6412019, 2.633271
FootRight: -0.04371174, -0.6582435, 2.519593
=========
HipCenter: -0.07977857, 0.07535465, 2.813969
Spine: -0.08975755, 0.1274353, 2.893582
ShoulderCenter: -0.1051068, 0.5252062, 3.009854
Head: -0.07322462, 0.7081141, 3.022177
ShoulderLeft: -0.2501167, 0.3866746, 2.929785
ElbowLeft: -0.2949881, 0.1465297, 2.815255
WristLeft: -0.2624249, -0.1181716, 2.661465
HandLeft: -0.251307, -0.2062182, 2.615311
ShoulderRight: 0.06365456, 0.3894128, 2.965325
ElbowRight: 0.1079571, 0.1335107, 2.89919
WristRight: 0.09407295, -0.1290817, 2.74341
HandRight: 0.09834389, -0.1913417, 2.72764
HipLeft: -0.1467726, 0.01058867, 2.776674
KneeLeft: -0.1089747, -0.5043096, 2.72315
AnkleLeft: -0.1248101, -0.8074498, 2.631891
FootLeft: -0.0985777, -0.8572621, 2.52398
HipRight: -0.004363469, 0.01209678, 2.789439
KneeRight: -0.05963695, -0.4098596, 2.724707
AnkleRight: -0.06002869, -0.6401646, 2.633821
FootRight: -0.04429206, -0.6611041, 2.520948
=========
HipCenter: -0.07970359, 0.07534264, 2.813909
Spine: -0.08969953, 0.1273758, 2.893577
ShoulderCenter: -0.1051342, 0.5252957, 3.009864
Head: -0.07319579, 0.7081105, 3.02207
ShoulderLeft: -0.2501088, 0.3867, 2.929766
ElbowLeft: -0.2950709, 0.1469344, 2.815568
WristLeft: -0.2623633, -0.1174908, 2.661576
HandLeft: -0.2512079, -0.2054147, 2.615341
ShoulderRight: 0.06371219, 0.3895442, 2.965284
ElbowRight: 0.1077798, 0.1339605, 2.898813
WristRight: 0.09408525, -0.1294627, 2.743174
HandRight: 0.09771501, -0.1922607, 2.729249
HipLeft: -0.1466896, 0.01045512, 2.776744
KneeLeft: -0.1089084, -0.5042095, 2.723108
AnkleLeft: -0.1247224, -0.8073199, 2.632001
FootLeft: -0.09871688, -0.8572371, 2.524048
HipRight: -0.004248956, 0.01233041, 2.788978
KneeRight: -0.05927915, -0.409295, 2.724744
AnkleRight: -0.05963842, -0.6399887, 2.634425
FootRight: -0.04522169, -0.6639578, 2.522057
=========
HipCenter: -0.07965416, 0.07540093, 2.813702
Spine: -0.08963734, 0.1273358, 2.893508
ShoulderCenter: -0.1051494, 0.5253757, 3.009849
Head: -0.07317216, 0.7080213, 3.021688
ShoulderLeft: -0.2501037, 0.386725, 2.929749
ElbowLeft: -0.2951372, 0.1472651, 2.815803
WristLeft: -0.2623028, -0.1169833, 2.661675
HandLeft: -0.2511155, -0.2048391, 2.615388
ShoulderRight: 0.06340436, 0.3896652, 2.96484
ElbowRight: 0.1077533, 0.1305455, 2.893524
WristRight: 0.09409757, -0.1297538, 2.742988
HandRight: 0.09743827, -0.1930768, 2.730446
HipLeft: -0.1466442, 0.01037122, 2.776768
KneeLeft: -0.1088005, -0.5041417, 2.72306
AnkleLeft: -0.1246491, -0.8072011, 2.632097
FootLeft: -0.09884278, -0.857208, 2.524133
HipRight: -0.004345779, 0.01321315, 2.78783
KneeRight: -0.05896481, -0.4061583, 2.725152
AnkleRight: -0.0594511, -0.6373096, 2.635467
FootRight: -0.04697813, -0.6598286, 2.523777
=========
HipCenter: -0.07963941, 0.07565674, 2.813313
Spine: -0.08957464, 0.1273684, 2.89335
ShoulderCenter: -0.1051483, 0.525452, 3.009806
Head: -0.07324733, 0.7079116, 3.020963
ShoulderLeft: -0.2501105, 0.3867778, 2.929741
ElbowLeft: -0.2951866, 0.1475281, 2.815988
WristLeft: -0.262303, -0.1165741, 2.661698
HandLeft: -0.2511141, -0.204366, 2.615344
ShoulderRight: 0.06323829, 0.3897809, 2.964515
ElbowRight: 0.1079266, 0.1265226, 2.88811
WristRight: 0.09995692, -0.1179467, 2.748809
HandRight: 0.09728912, -0.1914369, 2.731281
HipLeft: -0.1466963, 0.01038308, 2.776643
KneeLeft: -0.1086785, -0.5041086, 2.72301
AnkleLeft: -0.1245901, -0.8071, 2.632177
FootLeft: -0.09895872, -0.8571793, 2.524209
HipRight: -0.004433538, 0.01415926, 2.786719
KneeRight: -0.05876566, -0.4032208, 2.725527
AnkleRight: -0.05938724, -0.6346297, 2.636458
FootRight: -0.04854884, -0.6552725, 2.52518
=========
HipCenter: -0.07967922, 0.07598972, 2.812738
Spine: -0.08952705, 0.1274415, 2.893047
ShoulderCenter: -0.1051491, 0.5255248, 3.009698
Head: -0.07329369, 0.7078788, 3.020391
ShoulderLeft: -0.2501318, 0.3868466, 2.929736
ElbowLeft: -0.2952065, 0.1476796, 2.816095
WristLeft: -0.2622769, -0.1163467, 2.661718
HandLeft: -0.2510791, -0.2041066, 2.61533
ShoulderRight: 0.06306977, 0.3898248, 2.964077
ElbowRight: 0.1083109, 0.1238893, 2.884294
WristRight: 0.10461, -0.1081344, 2.753435
HandRight: 0.09779415, -0.1884935, 2.731437
HipLeft: -0.1469441, 0.01041149, 2.776123
KneeLeft: -0.1085661, -0.5041155, 2.722957
AnkleLeft: -0.1245382, -0.8070089, 2.632244
FootLeft: -0.09905387, -0.8571519, 2.524267
HipRight: -0.004523886, 0.01503006, 2.785703
KneeRight: -0.05872441, -0.4006555, 2.725783
AnkleRight: -0.05948124, -0.6321259, 2.637282
FootRight: -0.0500078, -0.6510861, 2.52612
=========
HipCenter: -0.08053953, 0.07608677, 2.811676
Spine: -0.08997326, 0.1273741, 2.892399
ShoulderCenter: -0.105289, 0.5256316, 3.009513
Head: -0.07355798, 0.7079225, 3.020033
ShoulderLeft: -0.2501987, 0.3869594, 2.929757
ElbowLeft: -0.2952203, 0.1477903, 2.816171
WristLeft: -0.262243, -0.1161786, 2.661722
HandLeft: -0.2510323, -0.2039172, 2.615301
ShoulderRight: 0.06282797, 0.3898686, 2.963488
ElbowRight: 0.10918, 0.120562, 2.878992
WristRight: 0.1160368, -0.09512835, 2.757313
HandRight: 0.102755, -0.1789815, 2.730528
HipLeft: -0.1479308, 0.01032947, 2.77516
KneeLeft: -0.1084482, -0.5041162, 2.722905
AnkleLeft: -0.1245052, -0.8069201, 2.632307
FootLeft: -0.09913999, -0.8571222, 2.524324
HipRight: -0.005787585, 0.01524197, 2.78434
KneeRight: -0.06038528, -0.4110882, 2.724803
AnkleRight: -0.0558823, -0.6899061, 2.643938
FootRight: -0.08850423, -0.7763053, 2.548046
=========
HipCenter: -0.08179235, 0.07580303, 2.810308
Spine: -0.09060737, 0.1270699, 2.89151
ShoulderCenter: -0.1056091, 0.5257506, 3.009193
Head: -0.07431772, 0.7078769, 3.019377
ShoulderLeft: -0.2502947, 0.3870807, 2.929795
ElbowLeft: -0.295233, 0.1478814, 2.816217
WristLeft: -0.2621981, -0.1160547, 2.661705
HandLeft: -0.2509671, -0.2037868, 2.615255
ShoulderRight: 0.06177061, 0.3897245, 2.961255
ElbowRight: 0.1106046, 0.118821, 2.874807
WristRight: 0.1297747, -0.08517913, 2.756079
HandRight: 0.1241968, -0.1655646, 2.7282
HipLeft: -0.1490616, 0.01007022, 2.774201
KneeLeft: -0.1083251, -0.5041103, 2.72285
AnkleLeft: -0.1244767, -0.8068257, 2.632369
FootLeft: -0.09921458, -0.8570917, 2.524375
HipRight: -0.007517767, 0.0149613, 2.782673
KneeRight: -0.06075072, -0.4196157, 2.724021
AnkleRight: -0.05293483, -0.7144802, 2.646744
FootRight: -0.1004442, -0.816515, 2.55632
=========
HipCenter: -0.08505953, 0.07595228, 2.808293
Spine: -0.09248684, 0.1269536, 2.890123
ShoulderCenter: -0.1061702, 0.5258873, 3.008789
Head: -0.07580488, 0.7079189, 3.018833
ShoulderLeft: -0.25073, 0.3872686, 2.929904
ElbowLeft: -0.2952609, 0.1479805, 2.816346
WristLeft: -0.2621439, -0.1159327, 2.661706
HandLeft: -0.2508775, -0.203648, 2.615213
ShoulderRight: 0.06066282, 0.3897049, 2.958992
ElbowRight: 0.1167153, 0.1198088, 2.869293
WristRight: 0.1757413, -0.06566358, 2.749014
HandRight: 0.17162, -0.1475492, 2.716635
HipLeft: -0.152748, 0.01021849, 2.773439
KneeLeft: -0.1082041, -0.5040874, 2.722793
AnkleLeft: -0.124455, -0.8067353, 2.632423
FootLeft: -0.09927949, -0.8570644, 2.52442
HipRight: -0.01265842, 0.01510308, 2.778494
KneeRight: -0.06141337, -0.4242945, 2.723486
AnkleRight: -0.05196783, -0.7257019, 2.648124
FootRight: -0.1075019, -0.8394943, 2.561156
=========
HipCenter: -0.08781369, 0.07586588, 2.806566
Spine: -0.09418759, 0.1267168, 2.888842
ShoulderCenter: -0.1067734, 0.5259932, 3.008389
Head: -0.07714897, 0.7079832, 3.018451
ShoulderLeft: -0.2512608, 0.3874706, 2.930037
ElbowLeft: -0.2952711, 0.1480265, 2.816379
WristLeft: -0.2621132, -0.1158994, 2.661604
HandLeft: -0.2508357, -0.2036324, 2.615043
ShoulderRight: 0.05940299, 0.3895246, 2.956451
ElbowRight: 0.1244781, 0.1225489, 2.863927
WristRight: 0.2006457, -0.05643798, 2.744154
HandRight: 0.1979876, -0.1388402, 2.710656
HipLeft: -0.1557993, 0.01007341, 2.772725
KneeLeft: -0.1080864, -0.5040385, 2.72273
AnkleLeft: -0.12444, -0.8066553, 2.632471
FootLeft: -0.09935066, -0.8570356, 2.524464
HipRight: -0.01635217, 0.01506087, 2.775503
KneeRight: -0.06201133, -0.427191, 2.723057
AnkleRight: -0.05138455, -0.7325955, 2.648999
FootRight: -0.1093825, -0.8461539, 2.563016
=========
HipCenter: -0.08986257, 0.07589647, 2.805363
Spine: -0.09551964, 0.1265943, 2.887903
ShoulderCenter: -0.1073025, 0.5261148, 3.008161
Head: -0.07873573, 0.7080042, 3.017861
ShoulderLeft: -0.2518118, 0.3876702, 2.930187
ElbowLeft: -0.2952771, 0.1480613, 2.816412
WristLeft: -0.2620868, -0.1158745, 2.661523
HandLeft: -0.2508022, -0.2036245, 2.614889
ShoulderRight: 0.05845277, 0.3893897, 2.954383
ElbowRight: 0.1469401, 0.1347679, 2.858341
WristRight: 0.2473357, -0.04637098, 2.72349
HandRight: 0.2490595, -0.1159557, 2.695922
HipLeft: -0.1580776, 0.01005058, 2.772178
KneeLeft: -0.108025, -0.5039547, 2.722662
AnkleLeft: -0.1244271, -0.8065894, 2.632511
FootLeft: -0.09942874, -0.8570029, 2.524504
HipRight: -0.01878119, 0.01513948, 2.773725
KneeRight: -0.06268852, -0.4294128, 2.722663
AnkleRight: -0.05107327, -0.7372563, 2.649588
FootRight: -0.108669, -0.8443773, 2.564016
=========
HipCenter: -0.09421112, 0.07662728, 2.804302
Spine: -0.09885272, 0.1269948, 2.887019
ShoulderCenter: -0.1100686, 0.5267559, 3.008139
Head: -0.08645567, 0.7085917, 3.017646
ShoulderLeft: -0.2540299, 0.3878843, 2.930699
ElbowLeft: -0.2954996, 0.1479473, 2.816515
WristLeft: -0.2623251, -0.1158224, 2.661246
HandLeft: -0.2511162, -0.2035048, 2.614382
ShoulderRight: 0.05824813, 0.3896336, 2.952661
ElbowRight: 0.232479, 0.2407136, 2.853225
WristRight: 0.3919295, 0.1095381, 2.724701
HandRight: 0.4517926, 0.06948562, 2.68247
HipLeft: -0.1640542, 0.01017202, 2.772796
KneeLeft: -0.1079336, -0.5037693, 2.722575
AnkleLeft: -0.1244002, -0.8065435, 2.632526
FootLeft: -0.09948898, -0.8569886, 2.524531
HipRight: -0.02260087, 0.0153647, 2.771168
KneeRight: -0.06327129, -0.431001, 2.722487
AnkleRight: -0.05125096, -0.7399095, 2.650007
FootRight: -0.1066938, -0.8396736, 2.564482
=========
HipCenter: -0.0975974, 0.07721224, 2.803513
Spine: -0.101542, 0.1273631, 2.886315
ShoulderCenter: -0.1119128, 0.5271387, 3.007809
Head: -0.09180851, 0.7090079, 3.017553
ShoulderLeft: -0.2563473, 0.3881333, 2.931329
ElbowLeft: -0.2957671, 0.1477913, 2.816586
WristLeft: -0.2624303, -0.1158205, 2.661106
HandLeft: -0.2512159, -0.2034754, 2.614149
ShoulderRight: 0.05819771, 0.3898694, 2.951282
ElbowRight: 0.2777917, 0.2913869, 2.84545
WristRight: 0.4590707, 0.1682624, 2.718211
HandRight: 0.5256208, 0.1224751, 2.674618
HipLeft: -0.1691021, 0.01025007, 2.772776
KneeLeft: -0.107878, -0.5036977, 2.722516
AnkleLeft: -0.1243722, -0.8065044, 2.632537
FootLeft: -0.09953327, -0.8569754, 2.524546
HipRight: -0.02532867, 0.01546256, 2.769434
KneeRight: -0.06382766, -0.4320853, 2.722342
AnkleRight: -0.05198209, -0.740147, 2.650126
FootRight: -0.1037897, -0.828898, 2.563684
=========
HipCenter: -0.1001387, 0.07762505, 2.802953
Spine: -0.1036705, 0.127638, 2.885778
ShoulderCenter: -0.1134323, 0.5274232, 3.007494
Head: -0.0958763, 0.7092946, 3.017545
ShoulderLeft: -0.2582331, 0.38834, 2.93185
ElbowLeft: -0.2972299, 0.1458593, 2.814843
WristLeft: -0.2620672, -0.1173433, 2.660304
HandLeft: -0.250315, -0.2051478, 2.613499
ShoulderRight: 0.05826863, 0.3901218, 2.950198
ElbowRight: 0.3026368, 0.3273219, 2.844715
WristRight: 0.478304, 0.2222204, 2.731591
HandRight: 0.5455173, 0.1667548, 2.681374
HipLeft: -0.172695, 0.01028174, 2.772684
KneeLeft: -0.1078304, -0.5036317, 2.722461
AnkleLeft: -0.1243529, -0.8064687, 2.632549
FootLeft: -0.09957187, -0.8569648, 2.524556
HipRight: -0.02729253, 0.01545916, 2.768259
KneeRight: -0.06425995, -0.432909, 2.72226
AnkleRight: -0.05271542, -0.7392993, 2.650174
FootRight: -0.1014798, -0.8213527, 2.563028
=========
HipCenter: -0.1020604, 0.07792354, 2.802557
Spine: -0.1053218, 0.1278425, 2.885376
ShoulderCenter: -0.1145897, 0.5276002, 3.007211
Head: -0.09856836, 0.7095534, 3.017254
ShoulderLeft: -0.259896, 0.38851, 2.932315
ElbowLeft: -0.2982522, 0.1446516, 2.814375
WristLeft: -0.26219, -0.1181297, 2.659908
HandLeft: -0.2502279, -0.2058815, 2.613116
ShoulderRight: 0.05839489, 0.3903541, 2.949348
ElbowRight: 0.3101191, 0.3387615, 2.844426
WristRight: 0.4866574, 0.2371258, 2.734997
HandRight: 0.5541681, 0.1784205, 2.682374
HipLeft: -0.1754033, 0.01026671, 2.772504
KneeLeft: -0.1077956, -0.5035931, 2.722417
AnkleLeft: -0.124336, -0.806435, 2.632562
FootLeft: -0.09960677, -0.8569555, 2.524564
HipRight: -0.02873304, 0.01541128, 2.767458
KneeRight: -0.06463797, -0.433466, 2.722213
AnkleRight: -0.05353871, -0.7372977, 2.650123
FootRight: -0.09980878, -0.8157669, 2.562614
=========
HipCenter: -0.1035294, 0.07817304, 2.802298
Spine: -0.106587, 0.1280201, 2.885095
ShoulderCenter: -0.1155739, 0.5277234, 3.006949
Head: -0.1010914, 0.7096952, 3.01648
ShoulderLeft: -0.2620542, 0.3886994, 2.932982
ElbowLeft: -0.2992344, 0.1435452, 2.814043
WristLeft: -0.2622946, -0.1188368, 2.659616
HandLeft: -0.2501327, -0.2065322, 2.612838
ShoulderRight: 0.05853974, 0.3906002, 2.948663
ElbowRight: 0.3164836, 0.348277, 2.844855
WristRight: 0.5007874, 0.256565, 2.743555
HandRight: 0.5689938, 0.1974813, 2.685678
HipLeft: -0.1773885, 0.01024895, 2.772357
KneeLeft: -0.1077834, -0.5034267, 2.722343
AnkleLeft: -0.1243204, -0.8064036, 2.632572
FootLeft: -0.09962873, -0.8569493, 2.524569
HipRight: -0.02977271, 0.01537565, 2.766915
KneeRight: -0.06496867, -0.4335878, 2.722297
AnkleRight: -0.05416936, -0.7335953, 2.650287
FootRight: -0.09816723, -0.8103366, 2.562877
=========
HipCenter: -0.1046039, 0.0783632, 2.802125
Spine: -0.1075548, 0.1281662, 2.884895
ShoulderCenter: -0.116309, 0.5277996, 3.006696
Head: -0.1026741, 0.7098059, 3.016007
ShoulderLeft: -0.2636756, 0.3888231, 2.933404
ElbowLeft: -0.3000214, 0.1426652, 2.813806
WristLeft: -0.2622986, -0.119393, 2.659411
HandLeft: -0.2499474, -0.2070642, 2.612642
ShoulderRight: 0.05906817, 0.3910651, 2.948143
ElbowRight: 0.3237267, 0.3600473, 2.849023
WristRight: 0.5253946, 0.301489, 2.747557
HandRight: 0.5865164, 0.2715179, 2.706498
HipLeft: -0.1788017, 0.01023068, 2.772241
KneeLeft: -0.1077745, -0.5032509, 2.722264
AnkleLeft: -0.1242974, -0.8063737, 2.632583
FootLeft: -0.09964598, -0.8569453, 2.524571
HipRight: -0.03051295, 0.01534574, 2.76654
KneeRight: -0.06522781, -0.4334121, 2.722458
AnkleRight: -0.05455184, -0.7297163, 2.65048
FootRight: -0.096386, -0.8055291, 2.562763
=========
HipCenter: -0.1053838, 0.0784987, 2.802005
Spine: -0.108267, 0.1282651, 2.884745
ShoulderCenter: -0.1169152, 0.5277234, 3.006378
Head: -0.1038362, 0.7098803, 3.015642
ShoulderLeft: -0.2649073, 0.3889049, 2.933703
ElbowLeft: -0.300683, 0.1420612, 2.813791
WristLeft: -0.2623091, -0.1196983, 2.659309
HandLeft: -0.2498325, -0.2073489, 2.612538
ShoulderRight: 0.05968875, 0.3915954, 2.947744
ElbowRight: 0.3203462, 0.3634358, 2.857768
WristRight: 0.5364465, 0.3158956, 2.749242
HandRight: 0.5784667, 0.2987436, 2.722672
HipLeft: -0.1798051, 0.01019202, 2.772141
KneeLeft: -0.1077635, -0.5030497, 2.722183
AnkleLeft: -0.1242776, -0.8063446, 2.632599
FootLeft: -0.09965951, -0.8569422, 2.52457
HipRight: -0.03104684, 0.01531579, 2.766275
KneeRight: -0.06538404, -0.433058, 2.722645
AnkleRight: -0.05468279, -0.7262098, 2.650628
FootRight: -0.09500282, -0.8021698, 2.562722
=========
HipCenter: -0.1059977, 0.07861604, 2.801907
Spine: -0.1088508, 0.1283526, 2.884619
ShoulderCenter: -0.1174419, 0.5276785, 3.006164
Head: -0.1046613, 0.70994, 3.015365
ShoulderLeft: -0.265536, 0.3889576, 2.933842
ElbowLeft: -0.3012486, 0.1417177, 2.813995
WristLeft: -0.2629095, -0.1198959, 2.659362
HandLeft: -0.2505009, -0.2075031, 2.612552
ShoulderRight: 0.06028397, 0.3925316, 2.947441
ElbowRight: 0.3186721, 0.365817, 2.863943
WristRight: 0.5308596, 0.3346562, 2.763628
HandRight: 0.5770321, 0.3139295, 2.729954
HipLeft: -0.1805402, 0.01017998, 2.772069
KneeLeft: -0.1077382, -0.5028349, 2.722105
AnkleLeft: -0.1242541, -0.8063226, 2.632608
FootLeft: -0.09967191, -0.8569399, 2.524567
HipRight: -0.03147082, 0.01531333, 2.766058
KneeRight: -0.06552345, -0.4327863, 2.722775
AnkleRight: -0.05481091, -0.7236283, 2.650661
FootRight: -0.09421274, -0.8001631, 2.56265
=========
HipCenter: -0.1065739, 0.0789706, 2.80188
Spine: -0.109446, 0.1286245, 2.884556
ShoulderCenter: -0.1184878, 0.5278391, 3.006305
Head: -0.1052874, 0.7099907, 3.015209
ShoulderLeft: -0.266039, 0.3890157, 2.933913
ElbowLeft: -0.301761, 0.1415824, 2.8144
WristLeft: -0.2732125, -0.1192507, 2.659038
HandLeft: -0.2788525, -0.1845235, 2.611938
ShoulderRight: 0.0612818, 0.3946455, 2.947529
ElbowRight: 0.3147407, 0.3757146, 2.872667
WristRight: 0.5317869, 0.3591118, 2.775258
HandRight: 0.5972515, 0.3409241, 2.74473
HipLeft: -0.1811203, 0.01027792, 2.772024
KneeLeft: -0.1077117, -0.5026183, 2.722027
AnkleLeft: -0.124241, -0.8063107, 2.632617
FootLeft: -0.09968042, -0.8569387, 2.524568
HipRight: -0.03178954, 0.01543327, 2.765881
KneeRight: -0.0656383, -0.4325222, 2.722875
AnkleRight: -0.05490539, -0.7216175, 2.650639
FootRight: -0.09374516, -0.7988892, 2.562652
=========
HipCenter: -0.1070135, 0.07926567, 2.801874
Spine: -0.1099362, 0.128861, 2.884518
ShoulderCenter: -0.1193951, 0.5279695, 3.006442
Head: -0.1057729, 0.7100308, 3.015086
ShoulderLeft: -0.2663946, 0.3890375, 2.933851
ElbowLeft: -0.3021208, 0.1415254, 2.814674
WristLeft: -0.2844524, -0.1049508, 2.663838
HandLeft: -0.2969278, -0.1571375, 2.625242
ShoulderRight: 0.06216058, 0.3967915, 2.947743
ElbowRight: 0.3152764, 0.3861967, 2.877901
WristRight: 0.5310154, 0.3741927, 2.782573
HandRight: 0.5927196, 0.3809756, 2.758103
HipLeft: -0.1815372, 0.01034598, 2.771998
KneeLeft: -0.107683, -0.5024162, 2.721955
AnkleLeft: -0.1242316, -0.8062983, 2.632628
FootLeft: -0.09968825, -0.8569377, 2.524569
HipRight: -0.03202366, 0.0155558, 2.765752
KneeRight: -0.06575246, -0.4322193, 2.722952
AnkleRight: -0.0550011, -0.7199669, 2.650571
FootRight: -0.09340622, -0.797955, 2.562657
=========
HipCenter: -0.1073046, 0.07953225, 2.801891
Spine: -0.1102802, 0.1290747, 2.884497
ShoulderCenter: -0.1200398, 0.5280485, 3.00642
Head: -0.1061306, 0.7100609, 3.014996
ShoulderLeft: -0.2666472, 0.3890528, 2.933753
ElbowLeft: -0.3024254, 0.1415365, 2.814968
WristLeft: -0.2874848, -0.1033137, 2.664105
HandLeft: -0.3197144, -0.1422091, 2.630623
ShoulderRight: 0.06328644, 0.399601, 2.948217
ElbowRight: 0.3143045, 0.4037193, 2.883568
WristRight: 0.533705, 0.4176183, 2.800154
HandRight: 0.6066776, 0.4223073, 2.772361
HipLeft: -0.1818081, 0.01039975, 2.771991
KneeLeft: -0.1076463, -0.5022021, 2.72188
AnkleLeft: -0.1242234, -0.8062865, 2.632638
FootLeft: -0.09969539, -0.8569373, 2.524571
HipRight: -0.03212863, 0.01571939, 2.765679
KneeRight: -0.06582452, -0.4319118, 2.723002
AnkleRight: -0.05503311, -0.7186409, 2.650474
FootRight: -0.09316543, -0.7972977, 2.562676
=========
HipCenter: -0.1075162, 0.07983291, 2.801963
Spine: -0.1105589, 0.1292903, 2.884517
ShoulderCenter: -0.1208389, 0.5280836, 3.006516
Head: -0.106395, 0.7100845, 3.01493
ShoulderLeft: -0.2668224, 0.3890595, 2.933603
ElbowLeft: -0.3026463, 0.141565, 2.81519
WristLeft: -0.2896248, -0.1025798, 2.664044
HandLeft: -0.3324912, -0.1339772, 2.634081
ShoulderRight: 0.06423806, 0.4019971, 2.948606
ElbowRight: 0.3134713, 0.4147902, 2.886979
WristRight: 0.5371022, 0.4366884, 2.807698
HandRight: 0.6172297, 0.442592, 2.783128
HipLeft: -0.1819502, 0.01050237, 2.772045
KneeLeft: -0.107608, -0.5020004, 2.721809
AnkleLeft: -0.1242163, -0.806276, 2.632649
FootLeft: -0.0997021, -0.8569375, 2.524572
HipRight: -0.03215374, 0.01592571, 2.765652
KneeRight: -0.06588113, -0.4316078, 2.723041
AnkleRight: -0.05504844, -0.7175844, 2.650376
FootRight: -0.09302887, -0.7969515, 2.56277
=========
HipCenter: -0.107652, 0.08013548, 2.802054
Spine: -0.1107716, 0.1294991, 2.88455
ShoulderCenter: -0.1214908, 0.528101, 3.006565
Head: -0.1065978, 0.7101046, 3.014883
ShoulderLeft: -0.2669408, 0.3890219, 2.9334
ElbowLeft: -0.3028267, 0.1416413, 2.815419
WristLeft: -0.2900403, -0.1004925, 2.664475
HandLeft: -0.3368107, -0.1292118, 2.636609
ShoulderRight: 0.06497378, 0.4039055, 2.94893
ElbowRight: 0.3115424, 0.4265848, 2.891403
WristRight: 0.5412008, 0.4553089, 2.815772
HandRight: 0.6232179, 0.4556586, 2.790011
HipLeft: -0.1819731, 0.01062958, 2.772158
KneeLeft: -0.1075645, -0.5018089, 2.721739
AnkleLeft: -0.1242126, -0.8062683, 2.632655
FootLeft: -0.09971697, -0.8569356, 2.524572
HipRight: -0.03210103, 0.01617622, 2.765648
KneeRight: -0.06592219, -0.4312983, 2.723065
AnkleRight: -0.05504734, -0.7167233, 2.650274
FootRight: -0.09287135, -0.7968086, 2.56286
=========
HipCenter: -0.1076923, 0.08042561, 2.802139
Spine: -0.1109135, 0.1296982, 2.884573
ShoulderCenter: -0.1220404, 0.5280768, 3.006432
Head: -0.1068691, 0.7100989, 3.014764
ShoulderLeft: -0.2670979, 0.3888567, 2.932919
ElbowLeft: -0.3029674, 0.1417439, 2.815653
WristLeft: -0.2906409, -0.09643973, 2.666136
HandLeft: -0.3364017, -0.1254373, 2.639438
ShoulderRight: 0.06558066, 0.4055237, 2.949176
ElbowRight: 0.3105997, 0.4408857, 2.895584
WristRight: 0.5468923, 0.4754796, 2.82186
HandRight: 0.6333823, 0.4872024, 2.798512
HipLeft: -0.1818749, 0.01074539, 2.77226
KneeLeft: -0.1075222, -0.5016304, 2.721672
AnkleLeft: -0.1242099, -0.8062618, 2.632658
FootLeft: -0.09973844, -0.8569393, 2.524553
HipRight: -0.03186223, 0.01646604, 2.765678
KneeRight: -0.06595789, -0.4310003, 2.723064
AnkleRight: -0.05504345, -0.7160277, 2.650156
FootRight: -0.09275009, -0.7968261, 2.562932
=========
HipCenter: -0.1076674, 0.08070463, 2.802234
Spine: -0.1110062, 0.1298862, 2.884601
ShoulderCenter: -0.1225429, 0.5280292, 3.006235
Head: -0.1071548, 0.7100732, 3.014642
ShoulderLeft: -0.2672243, 0.3887004, 2.932465
ElbowLeft: -0.3030454, 0.1418029, 2.815792
WristLeft: -0.2907205, -0.0931583, 2.66751
HandLeft: -0.3287801, -0.1249434, 2.64117
ShoulderRight: 0.06610849, 0.4069571, 2.949399
ElbowRight: 0.3106813, 0.4522526, 2.898062
WristRight: 0.5538418, 0.4989531, 2.829212
HandRight: 0.638327, 0.5021101, 2.803186
HipLeft: -0.1816792, 0.01086074, 2.772357
KneeLeft: -0.1074783, -0.5014699, 2.721603
AnkleLeft: -0.1242075, -0.8062567, 2.632661
FootLeft: -0.09975608, -0.8569436, 2.524532
HipRight: -0.0314751, 0.01676813, 2.765805
KneeRight: -0.06598934, -0.4306982, 2.723046
AnkleRight: -0.05503681, -0.7154471, 2.650031
FootRight: -0.09263047, -0.7969208, 2.562977
=========
HipCenter: -0.1075641, 0.08099961, 2.802333
Spine: -0.1110186, 0.1301195, 2.884629
ShoulderCenter: -0.1227931, 0.5279943, 3.005729
Head: -0.1073882, 0.7100297, 3.014496
ShoulderLeft: -0.2673333, 0.388559, 2.932037
ElbowLeft: -0.3030936, 0.1418541, 2.815966
WristLeft: -0.2905871, -0.09038454, 2.668723
HandLeft: -0.3131, -0.1284044, 2.641505
ShoulderRight: 0.06659038, 0.4082702, 2.949537
ElbowRight: 0.3109274, 0.4620871, 2.899897
WristRight: 0.5574418, 0.510516, 2.832709
HandRight: 0.6416761, 0.5119714, 2.806226
HipLeft: -0.1814286, 0.01097918, 2.772436
KneeLeft: -0.1074391, -0.5012764, 2.721518
AnkleLeft: -0.1242065, -0.8062511, 2.632663
FootLeft: -0.09977101, -0.8569449, 2.524522
HipRight: -0.03096333, 0.01707918, 2.766006
KneeRight: -0.0661383, -0.4301053, 2.722955
AnkleRight: -0.05513261, -0.7146912, 2.649817
FootRight: -0.0925623, -0.7969232, 2.563011
=========
HipCenter: -0.1074219, 0.08127478, 2.802433
Spine: -0.1109953, 0.1303401, 2.884657
ShoulderCenter: -0.122991, 0.527927, 3.005188
Head: -0.1076196, 0.7099661, 3.014352
ShoulderLeft: -0.2674226, 0.3884361, 2.931641
ElbowLeft: -0.3031368, 0.1418521, 2.816093
WristLeft: -0.2904913, -0.08744624, 2.670011
HandLeft: -0.3053938, -0.1301111, 2.64244
ShoulderRight: 0.06699172, 0.4094769, 2.949661
ElbowRight: 0.3115687, 0.4693176, 2.901061
WristRight: 0.5597855, 0.518692, 2.835546
HandRight: 0.6440497, 0.5194564, 2.808735
HipLeft: -0.1811334, 0.0110937, 2.772502
KneeLeft: -0.1074004, -0.5010927, 2.721436
AnkleLeft: -0.1242043, -0.8062461, 2.632666
FootLeft: -0.09977788, -0.8569466, 2.524517
HipRight: -0.03039547, 0.01735975, 2.766253
KneeRight: -0.06627952, -0.4295356, 2.722859
AnkleRight: -0.05522171, -0.7140361, 2.649615
FootRight: -0.09252622, -0.7969643, 2.563053
=========
HipCenter: -0.1071606, 0.08160511, 2.802565
Spine: -0.1109075, 0.130606, 2.884694
ShoulderCenter: -0.1232265, 0.5279081, 3.004495
Head: -0.1078251, 0.7099024, 3.014215
ShoulderLeft: -0.2675156, 0.3883294, 2.931293
ElbowLeft: -0.303111, 0.1422023, 2.816391
WristLeft: -0.2903692, -0.08487513, 2.671228
HandLeft: -0.300942, -0.131266, 2.642663
ShoulderRight: 0.06740523, 0.4107404, 2.949841
ElbowRight: 0.3162148, 0.4792032, 2.901723
WristRight: 0.5617655, 0.5263429, 2.8382
HandRight: 0.6458977, 0.5262731, 2.810999
HipLeft: -0.180732, 0.01121747, 2.772565
KneeLeft: -0.1073625, -0.5009178, 2.721356
AnkleLeft: -0.1242002, -0.8062356, 2.632671
FootLeft: -0.09979278, -0.8569526, 2.524524
HipRight: -0.0295084, 0.01771072, 2.766675
KneeRight: -0.06649289, -0.428897, 2.722746
AnkleRight: -0.05537556, -0.7133801, 2.649401
FootRight: -0.0925608, -0.7970337, 2.563124
=========
HipCenter: -0.1068546, 0.08194799, 2.802718
Spine: -0.110771, 0.1308982, 2.884749
ShoulderCenter: -0.1233379, 0.5279328, 3.003959
Head: -0.1080723, 0.7098854, 3.014088
ShoulderLeft: -0.2676034, 0.3882519, 2.931011
ElbowLeft: -0.3030831, 0.1424998, 2.816671
WristLeft: -0.2835849, -0.08996496, 2.669836
HandLeft: -0.2675453, -0.169414, 2.627889
ShoulderRight: 0.06783897, 0.4118803, 2.950088
ElbowRight: 0.3179756, 0.4851449, 2.902799
WristRight: 0.5634853, 0.5328228, 2.840488
HandRight: 0.6479744, 0.5486783, 2.821339
HipLeft: -0.1803372, 0.01133688, 2.772623
KneeLeft: -0.1073164, -0.5007248, 2.721267
AnkleLeft: -0.1241958, -0.8062254, 2.632676
FootLeft: -0.09981518, -0.8569596, 2.52454
HipRight: -0.02866055, 0.01802671, 2.767092
KneeRight: -0.06664109, -0.428357, 2.722661
AnkleRight: -0.05547392, -0.7128538, 2.649231
FootRight: -0.09264312, -0.7971318, 2.563231
=========
HipCenter: -0.106447, 0.08227582, 2.802881
Spine: -0.1105722, 0.1311881, 2.884809
ShoulderCenter: -0.1234142, 0.5279721, 3.003495
Head: -0.1083161, 0.7098866, 3.013997
ShoulderLeft: -0.2676729, 0.3881972, 2.93075
ElbowLeft: -0.3031, 0.144187, 2.817504
WristLeft: -0.2821466, -0.08833217, 2.671605
HandLeft: -0.2652539, -0.1707539, 2.628327
ShoulderRight: 0.06820516, 0.4128318, 2.950312
ElbowRight: 0.3188425, 0.4890317, 2.903722
WristRight: 0.5644714, 0.5372029, 2.842055
HandRight: 0.6487173, 0.5591183, 2.826164
HipLeft: -0.1797692, 0.0114531, 2.772628
KneeLeft: -0.1072553, -0.5004886, 2.721168
AnkleLeft: -0.1241886, -0.8062126, 2.632684
FootLeft: -0.09983377, -0.8569675, 2.524559
HipRight: -0.02766391, 0.01829956, 2.767621
KneeRight: -0.06674529, -0.4278651, 2.722589
AnkleRight: -0.05553637, -0.712399, 2.649087
FootRight: -0.09275408, -0.7971374, 2.563272
=========
HipCenter: -0.1057809, 0.08268537, 2.803133
Spine: -0.1102024, 0.1315562, 2.884923
ShoulderCenter: -0.1234417, 0.5280221, 3.003096
Head: -0.1085019, 0.7098988, 3.013912
ShoulderLeft: -0.2677175, 0.3881946, 2.930519
ElbowLeft: -0.30308, 0.1456948, 2.818282
WristLeft: -0.2803055, -0.08708669, 2.673676
HandLeft: -0.2678213, -0.1674577, 2.630613
ShoulderRight: 0.06865141, 0.4137842, 2.95062
ElbowRight: 0.3190892, 0.4917867, 2.904577
WristRight: 0.5649783, 0.5404744, 2.843302
HandRight: 0.6489562, 0.5655316, 2.829384
HipLeft: -0.1789291, 0.01166576, 2.772595
KneeLeft: -0.1071805, -0.5003384, 2.721081
AnkleLeft: -0.1241795, -0.8061996, 2.632692
FootLeft: -0.09985562, -0.8569757, 2.524578
HipRight: -0.02629895, 0.01853074, 2.768447
KneeRight: -0.06682818, -0.4274402, 2.722531
AnkleRight: -0.05558369, -0.7120224, 2.648966
FootRight: -0.09287087, -0.7971411, 2.563308
=========
HipCenter: -0.1050688, 0.08309991, 2.803396
Spine: -0.1098523, 0.1319093, 2.88504
ShoulderCenter: -0.1234948, 0.5280801, 3.00279
Head: -0.1086395, 0.7098929, 3.013851
ShoulderLeft: -0.2676188, 0.3881776, 2.930067
ElbowLeft: -0.303051, 0.146425, 2.818563
WristLeft: -0.2791478, -0.08617079, 2.674887
HandLeft: -0.2661411, -0.1661885, 2.631698
ShoulderRight: 0.06962711, 0.4150726, 2.951274
ElbowRight: 0.3191904, 0.4937222, 2.905255
WristRight: 0.563142, 0.5433884, 2.844566
HandRight: 0.6472406, 0.5687393, 2.832918
HipLeft: -0.178005, 0.01193614, 2.772543
KneeLeft: -0.1070979, -0.5001921, 2.720998
AnkleLeft: -0.1241626, -0.8061805, 2.632703
FootLeft: -0.09987652, -0.8569838, 2.524601
HipRight: -0.0249962, 0.01871504, 2.769232
KneeRight: -0.06686496, -0.4271361, 2.722503
AnkleRight: -0.05559721, -0.7117611, 2.648888
FootRight: -0.09297471, -0.7971756, 2.563368
=========
HipCenter: -0.1043542, 0.08348695, 2.803658
Spine: -0.109472, 0.1322528, 2.88517
ShoulderCenter: -0.1235139, 0.5281358, 3.002563
Head: -0.1087788, 0.7098752, 3.013794
ShoulderLeft: -0.2675021, 0.3881649, 2.929626
ElbowLeft: -0.3030088, 0.1469018, 2.818637
WristLeft: -0.2780881, -0.08564725, 2.675786
HandLeft: -0.2656303, -0.163853, 2.632966
ShoulderRight: 0.07048494, 0.4161731, 2.951922
ElbowRight: 0.3188901, 0.4950606, 2.905982
WristRight: 0.5616971, 0.5456291, 2.845413
HandRight: 0.6459084, 0.5715432, 2.835334
HipLeft: -0.1771233, 0.01220755, 2.772486
KneeLeft: -0.1070185, -0.5000616, 2.720921
AnkleLeft: -0.1241399, -0.8061697, 2.632711
FootLeft: -0.09989182, -0.8569907, 2.524619
HipRight: -0.02384169, 0.01885391, 2.769942
KneeRight: -0.06687202, -0.4268654, 2.722488
AnkleRight: -0.05558781, -0.7115377, 2.648828
FootRight: -0.09306859, -0.7972078, 2.563444
=========
HipCenter: -0.1035957, 0.08391319, 2.803978
Spine: -0.1090907, 0.1326056, 2.885343
ShoulderCenter: -0.1235731, 0.5281908, 3.002437
Head: -0.1088515, 0.7098129, 3.013792
ShoulderLeft: -0.2671906, 0.3880284, 2.928835
ElbowLeft: -0.3030642, 0.1473317, 2.818643
WristLeft: -0.2776548, -0.08466952, 2.67651
HandLeft: -0.265964, -0.161167, 2.633677
ShoulderRight: 0.07121091, 0.4170715, 2.952477
ElbowRight: 0.3184616, 0.4959896, 2.906611
WristRight: 0.5604362, 0.547241, 2.845891
HandRight: 0.6448301, 0.573288, 2.837039
HipLeft: -0.175899, 0.01267201, 2.772793
KneeLeft: -0.1069427, -0.4999444, 2.720853
AnkleLeft: -0.1240959, -0.8061579, 2.632729
FootLeft: -0.09991726, -0.8570013, 2.524659
HipRight: -0.02283516, 0.01903449, 2.770494
KneeRight: -0.06686267, -0.4266383, 2.722484
AnkleRight: -0.05556699, -0.7113566, 2.648783
FootRight: -0.09313754, -0.7972448, 2.56352
=========
HipCenter: -0.1029131, 0.084278, 2.804276
Spine: -0.1087193, 0.132922, 2.885515
ShoulderCenter: -0.1236487, 0.5282374, 3.002344
Head: -0.1088927, 0.7097228, 3.013782
ShoulderLeft: -0.2670502, 0.3879822, 2.928378
ElbowLeft: -0.3030844, 0.1476291, 2.818686
WristLeft: -0.2773172, -0.08391805, 2.677104
HandLeft: -0.2667789, -0.1583559, 2.634202
ShoulderRight: 0.0717744, 0.4177854, 2.952932
ElbowRight: 0.3178901, 0.4965366, 2.907169
WristRight: 0.5595482, 0.5484316, 2.846135
HandRight: 0.6438803, 0.5728726, 2.837906
HipLeft: -0.174833, 0.01307218, 2.773076
KneeLeft: -0.1068638, -0.4998396, 2.720795
AnkleLeft: -0.1240491, -0.8061471, 2.632747
FootLeft: -0.09993176, -0.8570096, 2.524695
HipRight: -0.02194563, 0.01916434, 2.770993
KneeRight: -0.06684264, -0.426449, 2.722484
AnkleRight: -0.05553875, -0.7112099, 2.648748
FootRight: -0.09321172, -0.7972989, 2.563618
=========
HipCenter: -0.1023095, 0.08458147, 2.80454
Spine: -0.1083767, 0.1331973, 2.885676
ShoulderCenter: -0.1237222, 0.5282811, 3.002276
Head: -0.1089196, 0.7096273, 3.013766
ShoulderLeft: -0.2669288, 0.3879443, 2.927987
ElbowLeft: -0.3030997, 0.1478339, 2.818635
WristLeft: -0.2770929, -0.08327053, 2.677566
HandLeft: -0.2678547, -0.155691, 2.634692
ShoulderRight: 0.07222193, 0.4183441, 2.953308
ElbowRight: 0.3172107, 0.4968152, 2.907676
WristRight: 0.5588197, 0.5492923, 2.846288
HandRight: 0.6426347, 0.5714296, 2.838359
HipLeft: -0.1739266, 0.01340388, 2.773316
KneeLeft: -0.1067849, -0.499741, 2.720742
AnkleLeft: -0.123997, -0.8061383, 2.632767
FootLeft: -0.09993667, -0.8570196, 2.524727
HipRight: -0.02119049, 0.01925169, 2.771424
KneeRight: -0.06680319, -0.4262879, 2.72249
AnkleRight: -0.05549353, -0.7110876, 2.648721
FootRight: -0.09322164, -0.797355, 2.563694
=========
HipCenter: -0.1016793, 0.08485565, 2.804809
Spine: -0.1080172, 0.1334467, 2.885843
ShoulderCenter: -0.1237998, 0.5283148, 3.002228
Head: -0.1088757, 0.7095004, 3.013734
ShoulderLeft: -0.2668357, 0.3879124, 2.927655
ElbowLeft: -0.3030367, 0.1480337, 2.818556
WristLeft: -0.2769678, -0.08243443, 2.6781
HandLeft: -0.2688631, -0.1533011, 2.635098
ShoulderRight: 0.07256912, 0.4187761, 2.953612
ElbowRight: 0.3165373, 0.4969257, 2.908097
WristRight: 0.55826, 0.5498861, 2.84635
HandRight: 0.6413873, 0.5692756, 2.838369
HipLeft: -0.1730497, 0.0136889, 2.773499
KneeLeft: -0.1067054, -0.4996466, 2.720695
AnkleLeft: -0.1239351, -0.8061268, 2.632795
FootLeft: -0.09994322, -0.8570283, 2.524788
HipRight: -0.02035084, 0.01931553, 2.771905
KneeRight: -0.06658564, -0.4259928, 2.722602
AnkleRight: -0.05527541, -0.7108559, 2.64878
FootRight: -0.09307352, -0.7973379, 2.563986
=========
HipCenter: -0.100954, 0.08502202, 2.805073
Spine: -0.1075859, 0.1336306, 2.886006
ShoulderCenter: -0.1238459, 0.5283345, 3.00218
Head: -0.108819, 0.7093995, 3.013744
ShoulderLeft: -0.2667144, 0.3877876, 2.927215
ElbowLeft: -0.3029132, 0.1482503, 2.818465
WristLeft: -0.2766538, -0.08239243, 2.678128
HandLeft: -0.2699757, -0.1511964, 2.635333
ShoulderRight: 0.07280301, 0.4190918, 2.953853
ElbowRight: 0.3158682, 0.496907, 2.90844
WristRight: 0.5578036, 0.5503142, 2.84633
HandRight: 0.6406055, 0.5681202, 2.838391
HipLeft: -0.1720848, 0.01387914, 2.773667
KneeLeft: -0.1066312, -0.4995606, 2.720654
AnkleLeft: -0.1238721, -0.8061194, 2.632826
FootLeft: -0.0999522, -0.857035, 2.524821
HipRight: -0.01951513, 0.01929032, 2.772372
KneeRight: -0.06630439, -0.4257645, 2.722745
AnkleRight: -0.05499039, -0.7106827, 2.648872
FootRight: -0.09281827, -0.7974191, 2.564401
=========
HipCenter: -0.1002728, 0.08514679, 2.805328
Spine: -0.1071576, 0.1337742, 2.886175
ShoulderCenter: -0.123883, 0.5283377, 3.002151
Head: -0.1087413, 0.7092891, 3.013796
ShoulderLeft: -0.2666131, 0.3876813, 2.926847
ElbowLeft: -0.3027869, 0.1484349, 2.818394
WristLeft: -0.2759135, -0.08833203, 2.676191
HandLeft: -0.2722208, -0.1486372, 2.630855
ShoulderRight: 0.07298446, 0.4193375, 2.954064
ElbowRight: 0.3152458, 0.4968051, 2.90872
WristRight: 0.5574369, 0.5506112, 2.846225
HandRight: 0.6396558, 0.5661547, 2.838013
HipLeft: -0.1712487, 0.01403281, 2.773796
KneeLeft: -0.1065477, -0.4994765, 2.720621
AnkleLeft: -0.1238049, -0.8060994, 2.632866
FootLeft: -0.09996, -0.8570409, 2.524853
HipRight: -0.01871382, 0.01921592, 2.772849
KneeRight: -0.06601495, -0.4255604, 2.722891
AnkleRight: -0.05469601, -0.7105297, 2.64897
FootRight: -0.09258986, -0.7974891, 2.564792
=========
HipCenter: -0.09968454, 0.08524083, 2.805548
Spine: -0.1067712, 0.1339, 2.88633
ShoulderCenter: -0.1239397, 0.5283226, 3.002074
Head: -0.1086083, 0.7092478, 3.014151
ShoulderLeft: -0.2665527, 0.3875934, 2.926567
ElbowLeft: -0.302588, 0.1481554, 2.817781
WristLeft: -0.2736055, -0.09722344, 2.672944
HandLeft: -0.2666518, -0.1714012, 2.625708
ShoulderRight: 0.07310173, 0.4195348, 2.954261
ElbowRight: 0.3145507, 0.4966232, 2.909045
WristRight: 0.5571324, 0.5508142, 2.846109
HandRight: 0.6388139, 0.5645875, 2.837462
HipLeft: -0.1705535, 0.01415635, 2.773892
KneeLeft: -0.1064682, -0.4994, 2.720592
AnkleLeft: -0.123735, -0.8060789, 2.632909
FootLeft: -0.09996113, -0.8570464, 2.524867
HipRight: -0.01802969, 0.01913098, 2.773284
KneeRight: -0.06579245, -0.4253612, 2.723018
AnkleRight: -0.05447136, -0.710378, 2.649055
FootRight: -0.09239849, -0.7975018, 2.565074
=========
HipCenter: -0.09920425, 0.08531462, 2.805748
Spine: -0.106406, 0.1340101, 2.886489
ShoulderCenter: -0.1239972, 0.528307, 3.002011
Head: -0.1084565, 0.7092189, 3.014553
ShoulderLeft: -0.2665306, 0.3875612, 2.926438
ElbowLeft: -0.3024016, 0.1479246, 2.817245
WristLeft: -0.272291, -0.1034471, 2.670451
HandLeft: -0.2952512, -0.1565617, 2.630537
ShoulderRight: 0.07318681, 0.4196872, 2.954427
ElbowRight: 0.3138506, 0.4964215, 2.909373
WristRight: 0.5568901, 0.5509473, 2.845927
HandRight: 0.6380351, 0.5632094, 2.836767
HipLeft: -0.1700351, 0.01424889, 2.773987
KneeLeft: -0.1063925, -0.4993296, 2.720568
AnkleLeft: -0.1236727, -0.8060508, 2.632953
FootLeft: -0.09996287, -0.8570503, 2.524877
HipRight: -0.01747439, 0.01904859, 2.773646
KneeRight: -0.06558142, -0.4252556, 2.723155
AnkleRight: -0.05425332, -0.7103099, 2.649155
FootRight: -0.09216534, -0.7975792, 2.565316
=========
HipCenter: -0.09870086, 0.0852972, 2.805972
Spine: -0.1060199, 0.1340546, 2.886673
ShoulderCenter: -0.1240602, 0.5282817, 3.001966
Head: -0.1082978, 0.7091724, 3.014839
ShoulderLeft: -0.2665149, 0.3875413, 2.92635
ElbowLeft: -0.3022702, 0.1478996, 2.817078
WristLeft: -0.2714405, -0.1067613, 2.669213
HandLeft: -0.2884918, -0.1715198, 2.627417
ShoulderRight: 0.07324159, 0.4198082, 2.954577
ElbowRight: 0.313211, 0.4962123, 2.909667
WristRight: 0.5567083, 0.5510413, 2.845756
HandRight: 0.6373658, 0.5620754, 2.836156
HipLeft: -0.169459, 0.01422123, 2.774069
KneeLeft: -0.1063221, -0.4992694, 2.720548
AnkleLeft: -0.1236052, -0.8060133, 2.633015
FootLeft: -0.09996726, -0.8570538, 2.524891
HipRight: -0.01693206, 0.01891509, 2.774048
KneeRight: -0.0653706, -0.4251773, 2.723308
AnkleRight: -0.05403463, -0.7102662, 2.649275
FootRight: -0.09192777, -0.7976331, 2.565518
=========
HipCenter: -0.09828581, 0.08526118, 2.806164
Spine: -0.1056853, 0.1340765, 2.886839
ShoulderCenter: -0.1241224, 0.5282556, 3.001935
Head: -0.1081743, 0.7090623, 3.015218
ShoulderLeft: -0.2665063, 0.3875282, 2.926295
ElbowLeft: -0.3020947, 0.1478766, 2.81706
WristLeft: -0.2708905, -0.1089906, 2.668422
HandLeft: -0.2829336, -0.1816497, 2.62529
ShoulderRight: 0.07328073, 0.4199031, 2.954717
ElbowRight: 0.3126255, 0.4960064, 2.909955
WristRight: 0.5565717, 0.5510964, 2.845553
HandRight: 0.6369136, 0.5613378, 2.835754
HipLeft: -0.169005, 0.01416551, 2.774132
KneeLeft: -0.1062496, -0.4992104, 2.720534
AnkleLeft: -0.1235423, -0.805977, 2.633077
FootLeft: -0.09997114, -0.857058, 2.524908
HipRight: -0.01651037, 0.0187939, 2.774376
KneeRight: -0.0651404, -0.4251145, 2.723495
AnkleRight: -0.05379594, -0.7102368, 2.64943
FootRight: -0.09167355, -0.7976553, 2.565707
=========
HipCenter: -0.09789284, 0.08523026, 2.806366
Spine: -0.1053473, 0.1340926, 2.887017
ShoulderCenter: -0.1241509, 0.5282066, 3.001904
Head: -0.1079128, 0.7089438, 3.015867
ShoulderLeft: -0.2664788, 0.3874972, 2.92626
ElbowLeft: -0.3018616, 0.147844, 2.817127
WristLeft: -0.2703193, -0.1106881, 2.667919
HandLeft: -0.277053, -0.1893687, 2.624136
ShoulderRight: 0.07332487, 0.4199954, 2.954879
ElbowRight: 0.3121635, 0.4958312, 2.910178
WristRight: 0.5564925, 0.5510843, 2.845215
HandRight: 0.6364392, 0.5605469, 2.835215
HipLeft: -0.1685511, 0.01407686, 2.774277
KneeLeft: -0.1061683, -0.4991558, 2.720531
AnkleLeft: -0.1234776, -0.8059384, 2.633145
FootLeft: -0.09997144, -0.8570617, 2.524922
HipRight: -0.01616466, 0.01873028, 2.774637
KneeRight: -0.06431109, -0.4249088, 2.724213
AnkleRight: -0.05295364, -0.7100848, 2.650092
FootRight: -0.09096617, -0.7971692, 2.566366
=========
HipCenter: -0.09746897, 0.08515998, 2.806599
Spine: -0.1049627, 0.1340607, 2.887227
ShoulderCenter: -0.1241264, 0.5280644, 3.001868
Head: -0.1076596, 0.7088097, 3.016379
ShoulderLeft: -0.2664523, 0.3874672, 2.926241
ElbowLeft: -0.3012832, 0.1469243, 2.817107
WristLeft: -0.26963, -0.1132026, 2.667063
HandLeft: -0.2716817, -0.1973884, 2.622061
ShoulderRight: 0.0733747, 0.4201033, 2.955122
ElbowRight: 0.3117757, 0.4956789, 2.910371
WristRight: 0.5563155, 0.5509952, 2.844806
HandRight: 0.6360428, 0.5598217, 2.834815
HipLeft: -0.1680904, 0.01392252, 2.77442
KneeLeft: -0.1060947, -0.4991153, 2.720536
AnkleLeft: -0.1234155, -0.805898, 2.633211
FootLeft: -0.09998026, -0.8570606, 2.524954
HipRight: -0.01578976, 0.01864422, 2.774954
KneeRight: -0.06286901, -0.4247378, 2.725331
AnkleRight: -0.05148931, -0.7099735, 2.651152
FootRight: -0.08989306, -0.7965116, 2.567409
=========
HipCenter: -0.09708715, 0.08508113, 2.806832
Spine: -0.1046227, 0.134021, 2.887429
ShoulderCenter: -0.1240988, 0.5279171, 3.001832
Head: -0.1073705, 0.7087061, 3.016976
ShoulderLeft: -0.2664233, 0.38744, 2.926228
ElbowLeft: -0.3006957, 0.1463421, 2.817335
WristLeft: -0.2691725, -0.1146444, 2.666657
HandLeft: -0.2682374, -0.2019249, 2.621088
ShoulderRight: 0.07342996, 0.4202127, 2.955403
ElbowRight: 0.3114546, 0.4955468, 2.910531
WristRight: 0.5561507, 0.550884, 2.844414
HandRight: 0.6357335, 0.5591896, 2.834551
HipLeft: -0.1676885, 0.01377094, 2.774564
KneeLeft: -0.1060217, -0.4990821, 2.720545
AnkleLeft: -0.1233503, -0.8058572, 2.633285
FootLeft: -0.09999531, -0.8570582, 2.524991
HipRight: -0.01545071, 0.01853733, 2.775286
KneeRight: -0.06170774, -0.4246535, 2.72625
AnkleRight: -0.05030677, -0.7099383, 2.652024
FootRight: -0.08908949, -0.7960798, 2.568186
