=========
HipCenter: -0.1054404, 0.0708425, 2.840877
Spine: -0.1161651, 0.1229389, 2.917614
ShoulderCenter: -0.1311462, 0.5155807, 3.016597
Head: -0.1098842, 0.7051163, 3.037375
ShoulderLeft: -0.2760573, 0.3822549, 2.946395
ElbowLeft: -0.319955, 0.1516268, 2.848847
WristLeft: -0.2944404, -0.09694442, 2.698534
HandLeft: -0.3608898, -0.1181976, 2.68674
ShoulderRight: 0.03478079, 0.3799582, 2.985034
ElbowRight: 0.07760519, 0.1378421, 2.91178
WristRight: 0.07169295, -0.1136916, 2.764704
HandRight: 0.07281763, -0.1818748, 2.745834
HipLeft: -0.1716585, 0.006991458, 2.808067
KneeLeft: -0.129304, -0.5118409, 2.740437
AnkleLeft: -0.1439941, -0.8061971, 2.645082
FootLeft: -0.1105924, -0.8576249, 2.539508
HipRight: -0.03178141, 0.005957962, 2.818487
KneeRight: -0.1220937, -0.519608, 2.740052
AnkleRight: -0.1069155, -0.807135, 2.658377
FootRight: -0.1191667, -0.8570923, 2.51849
=========
HipCenter: -0.1068055, 0.07105955, 2.840908
Spine: -0.1169792, 0.1229741, 2.917806
ShoulderCenter: -0.131966, 0.5156872, 3.01835
Head: -0.1113444, 0.7050745, 3.037671
ShoulderLeft: -0.2780901, 0.38299, 2.948825
ElbowLeft: -0.3227943, 0.1529198, 2.849078
WristLeft: -0.3028076, -0.08490825, 2.70506
HandLeft: -0.3291403, -0.1327131, 2.678979
ShoulderRight: 0.03416425, 0.3798206, 2.985307
ElbowRight: 0.07668637, 0.137823, 2.910841
WristRight: 0.0697647, -0.1150305, 2.765961
HandRight: 0.07496642, -0.1825158, 2.743907
HipLeft: -0.1736019, 0.007391498, 2.807245
KneeLeft: -0.1303406, -0.511201, 2.740172
AnkleLeft: -0.1432253, -0.8063475, 2.64505
FootLeft: -0.1094502, -0.8578023, 2.538557
HipRight: -0.03364926, 0.00600959, 2.819065
KneeRight: -0.1222969, -0.5213946, 2.740295
AnkleRight: -0.1092175, -0.8071756, 2.656578
FootRight: -0.1210811, -0.8566479, 2.519051
=========
HipCenter: -0.1072714, 0.07215045, 2.841381
Spine: -0.1173929, 0.1238236, 2.918268
ShoulderCenter: -0.1330965, 0.5160299, 3.019381
Head: -0.1117947, 0.7050988, 3.037845
ShoulderLeft: -0.2784486, 0.38314, 2.949239
ElbowLeft: -0.3233201, 0.152914, 2.849273
WristLeft: -0.3047295, -0.08207782, 2.706676
HandLeft: -0.3197378, -0.1372713, 2.676865
ShoulderRight: 0.03398437, 0.3798366, 2.985408
ElbowRight: 0.07640173, 0.1375022, 2.910569
WristRight: 0.06937192, -0.1158456, 2.765918
HandRight: 0.07539312, -0.1832447, 2.743385
HipLeft: -0.1741617, 0.007987401, 2.807099
KneeLeft: -0.1305178, -0.5110411, 2.740108
AnkleLeft: -0.1430472, -0.8063986, 2.645057
FootLeft: -0.1092636, -0.857832, 2.538379
HipRight: -0.0340808, 0.007148797, 2.819809
KneeRight: -0.1225196, -0.521538, 2.740291
AnkleRight: -0.1097205, -0.8072065, 2.656227
FootRight: -0.121382, -0.8565638, 2.519139
=========
HipCenter: -0.1077405, 0.0730313, 2.841799
Spine: -0.1177984, 0.1245484, 2.918702
ShoulderCenter: -0.1342026, 0.5163888, 3.02035
Head: -0.1123645, 0.7050837, 3.038007
ShoulderLeft: -0.2789426, 0.3833126, 2.94973
ElbowLeft: -0.3239333, 0.1528167, 2.849481
WristLeft: -0.3060989, -0.08005454, 2.707844
HandLeft: -0.3136308, -0.1401695, 2.675534
ShoulderRight: 0.03378575, 0.3798591, 2.985493
ElbowRight: 0.07607515, 0.1372331, 2.910297
WristRight: 0.06906441, -0.1165667, 2.765833
HandRight: 0.07558943, -0.1839558, 2.743041
HipLeft: -0.1746697, 0.008515943, 2.807003
KneeLeft: -0.1137026, -0.4610992, 2.743147
AnkleLeft: -0.1429074, -0.8064261, 2.645078
FootLeft: -0.109142, -0.8578463, 2.538239
HipRight: -0.03447776, 0.007990597, 2.820402
KneeRight: -0.1048087, -0.4655964, 2.742427
AnkleRight: -0.1100809, -0.8072464, 2.655999
FootRight: -0.1216064, -0.8564979, 2.519204
=========
HipCenter: -0.1081894, 0.07361977, 2.84215
Spine: -0.1182157, 0.1250472, 2.919084
ShoulderCenter: -0.1352106, 0.5166583, 3.021198
Head: -0.112945, 0.7050346, 3.038127
ShoulderLeft: -0.2793413, 0.3835057, 2.95018
ElbowLeft: -0.3243511, 0.1504859, 2.849296
WristLeft: -0.3070885, -0.07860228, 2.708694
HandLeft: -0.3096228, -0.1421031, 2.674651
ShoulderRight: 0.03359003, 0.3798802, 2.985577
ElbowRight: 0.07576835, 0.1369947, 2.910064
WristRight: 0.06882326, -0.117338, 2.765697
HandRight: 0.07570408, -0.1847314, 2.742727
HipLeft: -0.1751023, 0.008961353, 2.806952
KneeLeft: -0.1186061, -0.4759226, 2.742893
AnkleLeft: -0.1427834, -0.8064515, 2.645104
FootLeft: -0.1090462, -0.857859, 2.538136
HipRight: -0.03488186, 0.008503261, 2.820894
KneeRight: -0.1122636, -0.4829417, 2.741601
AnkleRight: -0.1103542, -0.8072827, 2.655834
FootRight: -0.1217977, -0.856438, 2.519248
=========
HipCenter: -0.1085621, 0.07410268, 2.842457
Spine: -0.1185676, 0.1254666, 2.919418
ShoulderCenter: -0.136068, 0.5168852, 3.021873
Head: -0.1134724, 0.7049751, 3.038221
ShoulderLeft: -0.2796638, 0.3836745, 2.950556
ElbowLeft: -0.3246995, 0.1488799, 2.849105
WristLeft: -0.3077956, -0.07754211, 2.709309
HandLeft: -0.3068881, -0.1434046, 2.674045
ShoulderRight: 0.03332162, 0.3799289, 2.985633
ElbowRight: 0.07551885, 0.1368255, 2.909904
WristRight: 0.06864356, -0.1180041, 2.765561
HandRight: 0.07573427, -0.185444, 2.742531
HipLeft: -0.1754403, 0.009361239, 2.80695
KneeLeft: -0.1473104, -0.4386041, 2.738443
AnkleLeft: -0.1426629, -0.8063416, 2.64517
FootLeft: -0.1089694, -0.8578699, 2.538029
HipRight: -0.03521075, 0.008920675, 2.821312
KneeRight: -0.1026538, -0.4473498, 2.743104
AnkleRight: -0.1105773, -0.8073287, 2.655687
FootRight: -0.1219417, -0.8563914, 2.519267
=========
HipCenter: -0.1089681, 0.07450093, 2.842731
Spine: -0.1189461, 0.1258221, 2.919724
ShoulderCenter: -0.1368269, 0.5170969, 3.022447
Head: -0.114029, 0.7049471, 3.038238
ShoulderLeft: -0.2799812, 0.3838694, 2.950965
ElbowLeft: -0.3249271, 0.1478616, 2.849875
WristLeft: -0.3083229, -0.07673203, 2.709802
HandLeft: -0.304888, -0.1443513, 2.673612
ShoulderRight: 0.03303908, 0.3799587, 2.985661
ElbowRight: 0.07529558, 0.1366779, 2.909777
WristRight: 0.068506, -0.1186087, 2.76541
HandRight: 0.07573161, -0.186111, 2.742403
HipLeft: -0.1758156, 0.009754732, 2.806965
KneeLeft: -0.1566481, -0.4261431, 2.737003
AnkleLeft: -0.1425634, -0.8062581, 2.645245
FootLeft: -0.1089111, -0.8578787, 2.53797
HipRight: -0.03556252, 0.009233812, 2.821676
KneeRight: -0.1165986, -0.4847496, 2.742033
AnkleRight: -0.1107355, -0.8073674, 2.655569
FootRight: -0.1220453, -0.8563494, 2.519361
=========
HipCenter: -0.1093561, 0.07481802, 2.842978
Spine: -0.1192556, 0.1261053, 2.919988
ShoulderCenter: -0.1373247, 0.5172432, 3.022851
Head: -0.1145234, 0.704905, 3.038316
ShoulderLeft: -0.2806465, 0.3840618, 2.951587
ElbowLeft: -0.3251095, 0.1470415, 2.850775
WristLeft: -0.3087052, -0.07613775, 2.710168
HandLeft: -0.3035022, -0.145028, 2.673356
ShoulderRight: 0.03262016, 0.379942, 2.985597
ElbowRight: 0.07503823, 0.1357438, 2.909429
WristRight: 0.06837544, -0.1204508, 2.764639
HandRight: 0.0756002, -0.1881154, 2.742076
HipLeft: -0.1762198, 0.01010504, 2.80699
KneeLeft: -0.1621846, -0.4187587, 2.736155
AnkleLeft: -0.1424803, -0.8061904, 2.645315
FootLeft: -0.1088654, -0.8578863, 2.537924
HipRight: -0.03591484, 0.009439072, 2.822016
KneeRight: -0.1246207, -0.5068504, 2.741394
AnkleRight: -0.11087, -0.8074263, 2.65546
FootRight: -0.1221192, -0.8563194, 2.519407
=========
HipCenter: -0.1096252, 0.07503435, 2.843181
Spine: -0.1194777, 0.1262966, 2.920213
ShoulderCenter: -0.1377167, 0.5173232, 3.02323
Head: -0.1149996, 0.7048576, 3.038378
ShoulderLeft: -0.281236, 0.3842262, 2.952131
ElbowLeft: -0.3255185, 0.1465502, 2.851705
WristLeft: -0.3089862, -0.07569348, 2.710442
HandLeft: -0.3026581, -0.1454613, 2.673252
ShoulderRight: 0.03221018, 0.3799134, 2.985534
ElbowRight: 0.07481024, 0.1348449, 2.909113
WristRight: 0.06825688, -0.1221833, 2.763913
HandRight: 0.07464363, -0.190448, 2.742259
HipLeft: -0.176468, 0.01034859, 2.806994
KneeLeft: -0.1657922, -0.414012, 2.735584
AnkleLeft: -0.1424065, -0.8061684, 2.645376
FootLeft: -0.1088307, -0.8578925, 2.53789
HipRight: -0.03615702, 0.00955778, 2.822342
KneeRight: -0.1283246, -0.5175133, 2.7411
AnkleRight: -0.1109647, -0.8074703, 2.655384
FootRight: -0.1222713, -0.8562691, 2.519542
=========
HipCenter: -0.1098348, 0.07518717, 2.843363
Spine: -0.1196428, 0.12643, 2.920413
ShoulderCenter: -0.1379583, 0.5173576, 3.02353
Head: -0.1154164, 0.7048021, 3.038549
ShoulderLeft: -0.281767, 0.3843552, 2.952633
ElbowLeft: -0.3257766, 0.1459683, 2.852254
WristLeft: -0.3091964, -0.07535331, 2.710673
HandLeft: -0.3022782, -0.1457171, 2.673292
ShoulderRight: 0.03182755, 0.3798859, 2.985474
ElbowRight: 0.07464951, 0.1340737, 2.908889
WristRight: 0.06814147, -0.1236933, 2.763325
HandRight: 0.07379953, -0.1921789, 2.742419
HipLeft: -0.176654, 0.0105283, 2.807009
KneeLeft: -0.1685866, -0.411137, 2.735116
AnkleLeft: -0.1423407, -0.8061514, 2.645437
FootLeft: -0.1088017, -0.8578975, 2.537864
HipRight: -0.03635039, 0.009621468, 2.822646
KneeRight: -0.1303392, -0.5233064, 2.740935
AnkleRight: -0.1110379, -0.8075112, 2.655323
FootRight: -0.1223748, -0.8562278, 2.519654
=========
HipCenter: -0.1099959, 0.07529365, 2.843511
Spine: -0.1197675, 0.1265247, 2.920577
ShoulderCenter: -0.1381274, 0.517377, 3.023725
Head: -0.11577, 0.7047537, 3.038724
ShoulderLeft: -0.2821361, 0.3844618, 2.953055
ElbowLeft: -0.3259625, 0.1454888, 2.852719
WristLeft: -0.3093526, -0.07510179, 2.710848
HandLeft: -0.3022426, -0.1458233, 2.673425
ShoulderRight: 0.03147914, 0.3798585, 2.985421
ElbowRight: 0.07445641, 0.1336912, 2.90877
WristRight: 0.06806558, -0.1245406, 2.763017
HandRight: 0.07313921, -0.1931302, 2.742693
HipLeft: -0.1767927, 0.01067263, 2.807024
KneeLeft: -0.1707236, -0.4103051, 2.734665
AnkleLeft: -0.1422891, -0.8061402, 2.645477
FootLeft: -0.1087789, -0.8579016, 2.537845
HipRight: -0.03650331, 0.009633233, 2.822928
KneeRight: -0.1316159, -0.5269273, 2.740839
AnkleRight: -0.111102, -0.8075683, 2.655261
FootRight: -0.1224482, -0.856198, 2.519731
=========
HipCenter: -0.1101614, 0.07538284, 2.843653
Spine: -0.1198825, 0.1266001, 2.920722
ShoulderCenter: -0.1382301, 0.5173601, 3.023855
Head: -0.1161207, 0.7047062, 3.038855
ShoulderLeft: -0.2823969, 0.3845303, 2.953382
ElbowLeft: -0.326113, 0.1450883, 2.853114
WristLeft: -0.3094675, -0.07491595, 2.710985
HandLeft: -0.302723, -0.1455473, 2.67383
ShoulderRight: 0.03117956, 0.3798541, 2.985399
ElbowRight: 0.0743281, 0.1334442, 2.908712
WristRight: 0.0680078, -0.1251004, 2.762822
HandRight: 0.07249068, -0.1937769, 2.742971
HipLeft: -0.1769927, 0.0108891, 2.807132
KneeLeft: -0.1721261, -0.4093833, 2.734404
AnkleLeft: -0.1422463, -0.8061231, 2.645517
FootLeft: -0.1087586, -0.8579037, 2.537836
HipRight: -0.03669713, 0.009639863, 2.823145
KneeRight: -0.1325172, -0.5294889, 2.740771
AnkleRight: -0.1111558, -0.807618, 2.655207
FootRight: -0.1225281, -0.856162, 2.519865
=========
HipCenter: -0.110306, 0.07544533, 2.843783
Spine: -0.1199792, 0.1266481, 2.920853
ShoulderCenter: -0.1382285, 0.5172939, 3.024015
Head: -0.1163393, 0.7046813, 3.039046
ShoulderLeft: -0.2826039, 0.3845868, 2.953662
ElbowLeft: -0.3262212, 0.1447482, 2.853478
WristLeft: -0.30955, -0.07477242, 2.711114
HandLeft: -0.3033777, -0.1451828, 2.674282
ShoulderRight: 0.03096831, 0.3798453, 2.985389
ElbowRight: 0.07420973, 0.1332865, 2.9087
WristRight: 0.06796772, -0.1254729, 2.762693
HandRight: 0.07181217, -0.1940897, 2.743315
HipLeft: -0.1771707, 0.01106503, 2.807223
KneeLeft: -0.1730233, -0.4098502, 2.734098
AnkleLeft: -0.1422103, -0.8061131, 2.645554
FootLeft: -0.1087423, -0.8579047, 2.537831
HipRight: -0.03688201, 0.009600478, 2.82336
KneeRight: -0.1329424, -0.5310908, 2.740716
AnkleRight: -0.1112079, -0.8076718, 2.655156
FootRight: -0.122599, -0.8561282, 2.519995
=========
HipCenter: -0.1104044, 0.0754512, 2.843877
Spine: -0.1200407, 0.1266559, 2.920949
ShoulderCenter: -0.1382066, 0.5172138, 3.024102
Head: -0.116502, 0.7046573, 3.039216
ShoulderLeft: -0.2827517, 0.3846274, 2.953887
ElbowLeft: -0.3262788, 0.1444782, 2.853876
WristLeft: -0.3096086, -0.07466546, 2.711225
HandLeft: -0.3041212, -0.1448268, 2.674797
ShoulderRight: 0.03064953, 0.3798142, 2.985307
ElbowRight: 0.07413784, 0.1332914, 2.908816
WristRight: 0.06793392, -0.1257024, 2.762646
HandRight: 0.07108857, -0.1939172, 2.743849
HipLeft: -0.1772553, 0.01115071, 2.807256
KneeLeft: -0.1735363, -0.4111999, 2.733763
AnkleLeft: -0.1421819, -0.8061081, 2.645586
FootLeft: -0.1087285, -0.8579052, 2.537829
HipRight: -0.0370366, 0.00949974, 2.823579
KneeRight: -0.1328955, -0.531758, 2.740681
AnkleRight: -0.1112465, -0.8077091, 2.655118
FootRight: -0.1227118, -0.8560791, 2.520211
=========
HipCenter: -0.110469, 0.07540474, 2.843959
Spine: -0.1200696, 0.1266264, 2.921036
ShoulderCenter: -0.1380842, 0.517137, 3.024183
Head: -0.1166043, 0.7046234, 3.039318
ShoulderLeft: -0.2828333, 0.3846702, 2.95407
ElbowLeft: -0.3263087, 0.1443294, 2.854261
WristLeft: -0.3096478, -0.0745867, 2.711318
HandLeft: -0.3048793, -0.1444447, 2.67532
ShoulderRight: 0.03026936, 0.3797463, 2.985154
ElbowRight: 0.07407935, 0.133351, 2.908965
WristRight: 0.06790493, -0.1258432, 2.762652
HandRight: 0.07038474, -0.1935181, 2.744508
HipLeft: -0.1773097, 0.01121045, 2.807282
KneeLeft: -0.1737481, -0.4129686, 2.73342
AnkleLeft: -0.1421573, -0.8061048, 2.645616
FootLeft: -0.1087176, -0.8579049, 2.537832
HipRight: -0.03716396, 0.009367533, 2.823781
KneeRight: -0.1325308, -0.5316988, 2.740664
AnkleRight: -0.111284, -0.8077518, 2.655079
FootRight: -0.1227399, -0.8560542, 2.520298
=========
HipCenter: -0.1105104, 0.07536906, 2.844027
Spine: -0.1200853, 0.1266101, 2.921108
ShoulderCenter: -0.137938, 0.5171289, 3.024224
Head: -0.1166533, 0.7045954, 3.039372
ShoulderLeft: -0.28283, 0.384709, 2.954232
ElbowLeft: -0.3263144, 0.144257, 2.854665
WristLeft: -0.3096716, -0.07453378, 2.711388
HandLeft: -0.3056921, -0.1440222, 2.675839
ShoulderRight: 0.02999303, 0.3796934, 2.985045
ElbowRight: 0.0740425, 0.1334306, 2.90913
WristRight: 0.06787711, -0.1259249, 2.762697
HandRight: 0.06976371, -0.1930999, 2.745086
HipLeft: -0.1773092, 0.01129775, 2.807361
KneeLeft: -0.1737798, -0.4147314, 2.733107
AnkleLeft: -0.1421267, -0.8061036, 2.645656
FootLeft: -0.108707, -0.8579039, 2.537832
HipRight: -0.03725224, 0.009285971, 2.823915
KneeRight: -0.131991, -0.5311697, 2.740655
AnkleRight: -0.111307, -0.8077757, 2.655057
FootRight: -0.1227432, -0.8560432, 2.520273
=========
HipCenter: -0.1105405, 0.07532636, 2.844087
Spine: -0.120093, 0.1265825, 2.921172
ShoulderCenter: -0.137675, 0.5171698, 3.024398
Head: -0.116386, 0.7044918, 3.039494
ShoulderLeft: -0.2827607, 0.3847518, 2.95439
ElbowLeft: -0.3262448, 0.1442708, 2.855104
WristLeft: -0.3096789, -0.07450032, 2.711442
HandLeft: -0.3064685, -0.1436549, 2.676289
ShoulderRight: 0.02976544, 0.3796288, 2.984961
ElbowRight: 0.07406849, 0.1335397, 2.909379
WristRight: 0.06785235, -0.1259412, 2.762784
HandRight: 0.06916539, -0.1926239, 2.745568
HipLeft: -0.1772905, 0.01138289, 2.807453
KneeLeft: -0.1736867, -0.4165013, 2.732777
AnkleLeft: -0.1420967, -0.8061036, 2.645696
FootLeft: -0.1086982, -0.8579034, 2.537836
HipRight: -0.03733437, 0.00921851, 2.824013
KneeRight: -0.1312535, -0.5302541, 2.740642
AnkleRight: -0.1113286, -0.8078062, 2.655038
FootRight: -0.12276, -0.8560331, 2.520298
=========
HipCenter: -0.1103468, 0.0752378, 2.844144
Spine: -0.1199898, 0.1265207, 2.921228
ShoulderCenter: -0.1374073, 0.5171876, 3.024536
Head: -0.1159596, 0.704333, 3.039629
ShoulderLeft: -0.2818719, 0.3846868, 2.954364
ElbowLeft: -0.3261372, 0.1441605, 2.855337
WristLeft: -0.3096401, -0.07455696, 2.71147
HandLeft: -0.3073393, -0.143247, 2.676829
ShoulderRight: 0.02961938, 0.3795623, 2.984916
ElbowRight: 0.07417683, 0.1330744, 2.909581
WristRight: 0.06780549, -0.1263472, 2.762702
HandRight: 0.06854127, -0.1927162, 2.745665
HipLeft: -0.1767577, 0.0115513, 2.807713
KneeLeft: -0.1734143, -0.418376, 2.732382
AnkleLeft: -0.1420693, -0.8061041, 2.645731
FootLeft: -0.1086912, -0.8579029, 2.53784
HipRight: -0.03714735, 0.00920654, 2.824054
KneeRight: -0.1305205, -0.5292534, 2.74062
AnkleRight: -0.1113463, -0.8078359, 2.655023
FootRight: -0.1227371, -0.8560222, 2.520325
=========
HipCenter: -0.1100305, 0.07522318, 2.844195
Spine: -0.1198346, 0.1264954, 2.921278
ShoulderCenter: -0.1371703, 0.517213, 3.024656
Head: -0.1148303, 0.7042257, 3.039847
ShoulderLeft: -0.2807581, 0.3847046, 2.954375
ElbowLeft: -0.32602, 0.1440208, 2.855518
WristLeft: -0.3095803, -0.07463906, 2.711489
HandLeft: -0.3080568, -0.1429207, 2.677138
ShoulderRight: 0.02954224, 0.3794008, 2.984884
ElbowRight: 0.07436825, 0.1323685, 2.909778
WristRight: 0.06770821, -0.1269476, 2.762542
HandRight: 0.06758188, -0.1930507, 2.745543
HipLeft: -0.1760541, 0.01184934, 2.807953
KneeLeft: -0.1730898, -0.420084, 2.731994
AnkleLeft: -0.1420424, -0.8061073, 2.645761
FootLeft: -0.1086849, -0.8579025, 2.537842
HipRight: -0.036701, 0.009357814, 2.824093
KneeRight: -0.129836, -0.5282735, 2.740589
AnkleRight: -0.1113584, -0.8078563, 2.655013
FootRight: -0.1227429, -0.8560084, 2.520361
=========
HipCenter: -0.1093765, 0.07526276, 2.844258
Spine: -0.1194886, 0.1264866, 2.921335
ShoulderCenter: -0.136939, 0.517232, 3.024761
Head: -0.1136785, 0.7040803, 3.039988
ShoulderLeft: -0.2796854, 0.3847615, 2.954395
ElbowLeft: -0.3255937, 0.1435342, 2.85546
WristLeft: -0.3094767, -0.07476011, 2.711484
HandLeft: -0.3086774, -0.1426629, 2.677372
ShoulderRight: 0.02951785, 0.3792082, 2.984905
ElbowRight: 0.07462842, 0.1316148, 2.909984
WristRight: 0.06759898, -0.1275733, 2.762358
HandRight: 0.06657387, -0.1934548, 2.745278
HipLeft: -0.1749605, 0.01225861, 2.808189
KneeLeft: -0.1727523, -0.4217206, 2.73156
AnkleLeft: -0.1420062, -0.8061166, 2.645791
FootLeft: -0.1086808, -0.8579023, 2.537843
HipRight: -0.03575633, 0.009635683, 2.824158
KneeRight: -0.1295308, -0.5281183, 2.740506
AnkleRight: -0.1113525, -0.8080807, 2.654981
FootRight: -0.1227131, -0.8559997, 2.520322
=========
HipCenter: -0.1087387, 0.07531276, 2.844318
Spine: -0.1191426, 0.1264914, 2.921388
ShoulderCenter: -0.1366517, 0.5172338, 3.024801
Head: -0.1119122, 0.7039443, 3.040273
ShoulderLeft: -0.2787192, 0.3848149, 2.954423
ElbowLeft: -0.3253085, 0.1433221, 2.855474
WristLeft: -0.3093548, -0.07488569, 2.71146
HandLeft: -0.3092253, -0.1424646, 2.677504
ShoulderRight: 0.02960556, 0.3789386, 2.984992
ElbowRight: 0.07496351, 0.1307039, 2.910154
WristRight: 0.06748199, -0.1282558, 2.762137
HandRight: 0.06125057, -0.1994742, 2.743156
HipLeft: -0.1739638, 0.01263053, 2.808401
KneeLeft: -0.1724602, -0.4232974, 2.731064
AnkleLeft: -0.1419697, -0.8061271, 2.64582
FootLeft: -0.1086592, -0.8579001, 2.537814
HipRight: -0.03488883, 0.009893095, 2.824215
KneeRight: -0.1291976, -0.5279974, 2.74037
AnkleRight: -0.1113306, -0.8081506, 2.654982
FootRight: -0.1226648, -0.8559944, 2.520239
=========
HipCenter: -0.1075815, 0.07564566, 2.844551
Spine: -0.1187991, 0.1265552, 2.921478
ShoulderCenter: -0.1360996, 0.5169423, 3.024913
Head: -0.1102501, 0.7036684, 3.040469
ShoulderLeft: -0.2778922, 0.3848072, 2.954411
ElbowLeft: -0.3250527, 0.1432412, 2.855558
WristLeft: -0.3090383, -0.0751953, 2.711271
HandLeft: -0.309723, -0.1422514, 2.677554
ShoulderRight: 0.03783982, 0.3782673, 2.993232
ElbowRight: 0.07529968, 0.1293257, 2.91016
WristRight: 0.06736361, -0.1289041, 2.761914
HandRight: 0.05900432, -0.2012118, 2.742512
HipLeft: -0.1729064, 0.01304724, 2.808608
KneeLeft: -0.1721947, -0.4246516, 2.730612
AnkleLeft: -0.141932, -0.8061401, 2.645846
FootLeft: -0.1086437, -0.8578961, 2.537789
HipRight: -0.03311663, 0.01029909, 2.824368
KneeRight: -0.1288811, -0.5278314, 2.740213
AnkleRight: -0.1113017, -0.8081873, 2.654992
FootRight: -0.1225968, -0.8559936, 2.520165
=========
HipCenter: -0.1068831, 0.0760349, 2.844791
Spine: -0.1185745, 0.1266646, 2.921581
ShoulderCenter: -0.1355571, 0.5166573, 3.025037
Head: -0.1088107, 0.7033994, 3.040695
ShoulderLeft: -0.2772077, 0.3848181, 2.954417
ElbowLeft: -0.3246895, 0.1430755, 2.855521
WristLeft: -0.3087295, -0.07548158, 2.711078
HandLeft: -0.310122, -0.1420642, 2.677573
ShoulderRight: 0.04343758, 0.3779125, 2.998778
ElbowRight: 0.07566592, 0.1280009, 2.910144
WristRight: 0.06725473, -0.129498, 2.761707
HandRight: 0.05796465, -0.2020001, 2.742126
HipLeft: -0.1723859, 0.01342846, 2.808832
KneeLeft: -0.1719197, -0.4258249, 2.7302
AnkleLeft: -0.1418971, -0.806152, 2.645869
FootLeft: -0.1086387, -0.8578905, 2.537777
HipRight: -0.03216332, 0.01057336, 2.824415
KneeRight: -0.1285262, -0.5276087, 2.740061
AnkleRight: -0.1112029, -0.8082163, 2.655044
FootRight: -0.1225645, -0.855992, 2.520146
=========
HipCenter: -0.1062158, 0.07641847, 2.844998
Spine: -0.1182375, 0.126814, 2.921707
ShoulderCenter: -0.135094, 0.5164075, 3.025155
Head: -0.1077575, 0.7030753, 3.040809
ShoulderLeft: -0.2766583, 0.3848273, 2.954422
ElbowLeft: -0.3241803, 0.1426984, 2.855287
WristLeft: -0.3084399, -0.07571407, 2.710894
HandLeft: -0.310467, -0.1419123, 2.677516
ShoulderRight: 0.04518839, 0.3774208, 3.000254
ElbowRight: 0.07610681, 0.1266724, 2.910242
WristRight: 0.06715843, -0.1300228, 2.761525
HandRight: 0.05719513, -0.2025539, 2.741822
HipLeft: -0.1718906, 0.01379657, 2.809027
KneeLeft: -0.171655, -0.4268449, 2.72982
AnkleLeft: -0.1418732, -0.8061602, 2.645891
FootLeft: -0.1086304, -0.8578864, 2.537765
HipRight: -0.03123816, 0.01084216, 2.824418
KneeRight: -0.1281954, -0.5273944, 2.739913
AnkleRight: -0.1110632, -0.8082492, 2.655118
FootRight: -0.1224605, -0.8560004, 2.520123
=========
HipCenter: -0.1057619, 0.07662289, 2.84514
Spine: -0.1179416, 0.1269038, 2.921821
ShoulderCenter: -0.1347, 0.5161841, 3.025292
Head: -0.1069975, 0.7028276, 3.040888
ShoulderLeft: -0.276191, 0.38483, 2.954421
ElbowLeft: -0.3237607, 0.1424863, 2.855195
WristLeft: -0.3081678, -0.07593166, 2.710721
HandLeft: -0.3107541, -0.1418259, 2.677434
ShoulderRight: 0.04590124, 0.3768995, 3.000744
ElbowRight: 0.07650025, 0.1255298, 2.910327
WristRight: 0.0670863, -0.1304907, 2.761361
HandRight: 0.05664431, -0.2029162, 2.74159
HipLeft: -0.1714869, 0.01411452, 2.809198
KneeLeft: -0.1713965, -0.4277295, 2.72949
AnkleLeft: -0.1418553, -0.8061645, 2.645915
FootLeft: -0.1086269, -0.8578825, 2.537759
HipRight: -0.03076539, 0.01090828, 2.82441
KneeRight: -0.1279248, -0.5271666, 2.739768
AnkleRight: -0.110919, -0.8082546, 2.655208
FootRight: -0.1224057, -0.8559891, 2.520149
=========
HipCenter: -0.1054674, 0.07673888, 2.845215
Spine: -0.1177107, 0.1269534, 2.921891
ShoulderCenter: -0.1343863, 0.5160028, 3.025388
Head: -0.1065834, 0.7026878, 3.040889
ShoulderLeft: -0.2758702, 0.3848346, 2.954431
ElbowLeft: -0.3231998, 0.1421553, 2.854855
WristLeft: -0.3078732, -0.0762251, 2.710481
HandLeft: -0.3110133, -0.1417546, 2.677327
ShoulderRight: 0.04544365, 0.3763072, 3.00006
ElbowRight: 0.07685373, 0.1245592, 2.910381
WristRight: 0.07016166, -0.1163635, 2.769083
HandRight: 0.05758692, -0.1949944, 2.743492
HipLeft: -0.1712384, 0.01429104, 2.809257
KneeLeft: -0.1711538, -0.4284879, 2.729195
AnkleLeft: -0.1418392, -0.8061681, 2.64594
FootLeft: -0.1086244, -0.8578781, 2.537754
HipRight: -0.03043318, 0.01093165, 2.824405
KneeRight: -0.1276916, -0.52696, 2.739643
AnkleRight: -0.1107452, -0.8082444, 2.655332
FootRight: -0.1223101, -0.8559713, 2.520212
=========
HipCenter: -0.1052546, 0.07682182, 2.845268
Spine: -0.117505, 0.1269926, 2.921949
ShoulderCenter: -0.1341659, 0.5158895, 3.02547
Head: -0.1062972, 0.7026067, 3.040913
ShoulderLeft: -0.2756054, 0.3848475, 2.954444
ElbowLeft: -0.3228117, 0.1419531, 2.854628
WristLeft: -0.3075098, -0.07678397, 2.710024
HandLeft: -0.3111447, -0.1417234, 2.677239
ShoulderRight: 0.04401663, 0.3755912, 2.998164
ElbowRight: 0.07721486, 0.1236501, 2.910342
WristRight: 0.07120323, -0.1161751, 2.769225
HandRight: 0.05749375, -0.194002, 2.743659
HipLeft: -0.1710509, 0.01442901, 2.809299
KneeLeft: -0.1709409, -0.4291153, 2.728943
AnkleLeft: -0.1418223, -0.806174, 2.645972
FootLeft: -0.1086259, -0.8578724, 2.537751
HipRight: -0.0302048, 0.01094488, 2.824387
KneeRight: -0.1274492, -0.5267454, 2.739524
AnkleRight: -0.1105546, -0.808229, 2.655466
FootRight: -0.1222025, -0.8559595, 2.520289
=========
HipCenter: -0.1051363, 0.0768577, 2.845269
Spine: -0.1173683, 0.1269899, 2.921971
ShoulderCenter: -0.1340511, 0.5158889, 3.026204
Head: -0.1065521, 0.7024676, 3.040733
ShoulderLeft: -0.2755592, 0.3848444, 2.954507
ElbowLeft: -0.3241012, 0.1390603, 2.852589
WristLeft: -0.3072602, -0.07706314, 2.709842
HandLeft: -0.3112949, -0.1416615, 2.677228
ShoulderRight: 0.04073605, 0.3751425, 2.994804
ElbowRight: 0.07787924, 0.1226125, 2.909082
WristRight: 0.07820636, -0.1059023, 2.771264
HandRight: 0.06847372, -0.1848621, 2.742177
HipLeft: -0.1710037, 0.0145436, 2.809164
KneeLeft: -0.1707318, -0.429416, 2.728762
AnkleLeft: -0.1418015, -0.8061845, 2.646003
FootLeft: -0.1086323, -0.8578645, 2.537741
HipRight: -0.03021423, 0.01087692, 2.824247
KneeRight: -0.1271736, -0.5264212, 2.739413
AnkleRight: -0.1102339, -0.8081948, 2.655668
FootRight: -0.1221964, -0.8559432, 2.520253
=========
HipCenter: -0.1060797, 0.0774295, 2.844804
Spine: -0.1177293, 0.1272511, 2.921828
ShoulderCenter: -0.1354132, 0.516269, 3.027691
Head: -0.1071314, 0.7023901, 3.0405
ShoulderLeft: -0.2762447, 0.3848411, 2.954915
ElbowLeft: -0.3247836, 0.1392458, 2.852813
WristLeft: -0.3070587, -0.07728587, 2.709702
HandLeft: -0.3114239, -0.1416035, 2.677225
ShoulderRight: 0.03730432, 0.3750806, 2.991541
ElbowRight: 0.07895229, 0.1210325, 2.905659
WristRight: 0.09057147, -0.09574677, 2.770214
HandRight: 0.08613937, -0.1760562, 2.738711
HipLeft: -0.1718804, 0.01506025, 2.808948
KneeLeft: -0.170541, -0.42963, 2.72861
AnkleLeft: -0.1417845, -0.8061897, 2.646026
FootLeft: -0.1086404, -0.857857, 2.537725
HipRight: -0.03254465, 0.01251709, 2.821525
KneeRight: -0.1269291, -0.5260882, 2.739313
AnkleRight: -0.1099137, -0.8081582, 2.655868
FootRight: -0.1221803, -0.8559365, 2.520238
=========
HipCenter: -0.1073661, 0.07820135, 2.844291
Spine: -0.1182591, 0.1276268, 2.921649
ShoulderCenter: -0.1366517, 0.5165959, 3.028873
Head: -0.1083149, 0.7023342, 3.040049
ShoulderLeft: -0.277767, 0.385002, 2.955723
ElbowLeft: -0.3257112, 0.1396581, 2.853042
WristLeft: -0.3069427, -0.07740912, 2.709634
HandLeft: -0.3115407, -0.1415499, 2.677232
ShoulderRight: 0.03453907, 0.3753424, 2.98903
ElbowRight: 0.08192397, 0.119453, 2.898577
WristRight: 0.1217696, -0.0778098, 2.76546
HandRight: 0.1260596, -0.1601004, 2.729209
HipLeft: -0.1731773, 0.01576634, 2.808844
KneeLeft: -0.1703644, -0.4296299, 2.728458
AnkleLeft: -0.1417694, -0.8061935, 2.646047
FootLeft: -0.1086518, -0.8578461, 2.537689
HipRight: -0.03475199, 0.01400668, 2.819133
KneeRight: -0.1261582, -0.5247211, 2.739275
AnkleRight: -0.1096012, -0.8081102, 2.656069
FootRight: -0.1221873, -0.8559195, 2.519932
=========
HipCenter: -0.1088157, 0.07894091, 2.843824
Spine: -0.1189586, 0.1280264, 2.921497
ShoulderCenter: -0.1379767, 0.5170889, 3.030344
Head: -0.1095921, 0.7023903, 3.039568
ShoulderLeft: -0.2791428, 0.385127, 2.956449
ElbowLeft: -0.3266608, 0.1400802, 2.853269
WristLeft: -0.3068588, -0.07749595, 2.709607
HandLeft: -0.3116508, -0.1414873, 2.677254
ShoulderRight: 0.03249067, 0.3756428, 2.987211
ElbowRight: 0.08567621, 0.1200326, 2.891643
WristRight: 0.1426199, -0.06475338, 2.75929
HandRight: 0.15523, -0.1460097, 2.718565
HipLeft: -0.174754, 0.01652994, 2.808854
KneeLeft: -0.1704674, -0.4288935, 2.728416
AnkleLeft: -0.1417579, -0.8056995, 2.646199
FootLeft: -0.1086561, -0.8578383, 2.53768
HipRight: -0.03679729, 0.01517398, 2.81719
KneeRight: -0.1255328, -0.5235193, 2.739265
AnkleRight: -0.1092998, -0.8080544, 2.656261
FootRight: -0.1223546, -0.8558245, 2.520218
=========
HipCenter: -0.1101118, 0.07956491, 2.843441
Spine: -0.1196444, 0.128378, 2.921376
ShoulderCenter: -0.139479, 0.5175034, 3.031883
Head: -0.110736, 0.7024508, 3.03913
ShoulderLeft: -0.2808268, 0.3853401, 2.957416
ElbowLeft: -0.3275649, 0.1405244, 2.853522
WristLeft: -0.3068025, -0.07754342, 2.709623
HandLeft: -0.3117358, -0.1414399, 2.67729
ShoulderRight: 0.03103401, 0.3759117, 2.985913
ElbowRight: 0.09086435, 0.1217828, 2.885459
WristRight: 0.1679034, -0.05651662, 2.747415
HandRight: 0.1723742, -0.1408005, 2.712928
HipLeft: -0.1762232, 0.01717938, 2.808857
KneeLeft: -0.1705648, -0.4278871, 2.728436
AnkleLeft: -0.1417425, -0.8050072, 2.646393
FootLeft: -0.1086594, -0.8578299, 2.537674
HipRight: -0.03830693, 0.01596609, 2.815796
KneeRight: -0.1249974, -0.5225998, 2.739248
AnkleRight: -0.1088432, -0.8079184, 2.656553
FootRight: -0.1224182, -0.8557848, 2.52022
=========
HipCenter: -0.1115218, 0.08008593, 2.843132
Spine: -0.1204599, 0.1286776, 2.921297
ShoulderCenter: -0.1407059, 0.5177295, 3.033199
Head: -0.1116783, 0.7024742, 3.038767
ShoulderLeft: -0.2824566, 0.3855259, 2.958336
ElbowLeft: -0.3288478, 0.1390857, 2.853013
WristLeft: -0.3067767, -0.07756065, 2.70971
HandLeft: -0.3118163, -0.1413734, 2.677338
ShoulderRight: 0.02999877, 0.3761373, 2.985005
ElbowRight: 0.1206271, 0.1322899, 2.862241
WristRight: 0.203674, -0.049822, 2.721728
HandRight: 0.2141703, -0.1319603, 2.68591
HipLeft: -0.1780699, 0.01766578, 2.80902
KneeLeft: -0.1706579, -0.426933, 2.728458
AnkleLeft: -0.1417172, -0.8044367, 2.646562
FootLeft: -0.1086598, -0.8578206, 2.537668
HipRight: -0.03971849, 0.01650189, 2.814615
KneeRight: -0.1245913, -0.521885, 2.739236
AnkleRight: -0.1085818, -0.8078215, 2.656732
FootRight: -0.1223552, -0.8557246, 2.519807
=========
HipCenter: -0.1127768, 0.08049133, 2.84289
Spine: -0.1212227, 0.1289364, 2.921237
ShoulderCenter: -0.1414429, 0.5177973, 3.033893
Head: -0.1130353, 0.7023574, 3.038482
ShoulderLeft: -0.2839103, 0.3856021, 2.959039
ElbowLeft: -0.3300638, 0.137453, 2.852382
WristLeft: -0.3067828, -0.0775547, 2.709841
HandLeft: -0.3119166, -0.1412917, 2.677402
ShoulderRight: 0.02925617, 0.376321, 2.984282
ElbowRight: 0.1362574, 0.1387603, 2.85041
WristRight: 0.2231917, -0.04413251, 2.708269
HandRight: 0.2345755, -0.126106, 2.67472
HipLeft: -0.1798401, 0.01796793, 2.809257
KneeLeft: -0.1707403, -0.4260524, 2.728472
AnkleLeft: -0.1417135, -0.8039721, 2.646716
FootLeft: -0.1086594, -0.8578112, 2.537663
HipRight: -0.04085341, 0.01684974, 2.813706
KneeRight: -0.1242642, -0.5213191, 2.739231
AnkleRight: -0.1083279, -0.8076388, 2.656978
FootRight: -0.1222932, -0.8556713, 2.519372
=========
HipCenter: -0.1142581, 0.08069766, 2.842676
Spine: -0.1221836, 0.1290525, 2.921206
ShoulderCenter: -0.1421886, 0.5177289, 3.034584
Head: -0.1154579, 0.7018111, 3.038299
ShoulderLeft: -0.285219, 0.3855464, 2.959576
ElbowLeft: -0.3304976, 0.1369785, 2.852354
WristLeft: -0.3068173, -0.07752869, 2.710015
HandLeft: -0.3120152, -0.1412239, 2.67747
ShoulderRight: 0.02863771, 0.3765192, 2.983544
ElbowRight: 0.1551353, 0.1540855, 2.843003
WristRight: 0.2626317, -0.01591654, 2.682618
HandRight: 0.2813959, -0.09353174, 2.658842
HipLeft: -0.1819248, 0.01804462, 2.80938
KneeLeft: -0.1708441, -0.4251534, 2.728501
AnkleLeft: -0.141729, -0.8036483, 2.646814
FootLeft: -0.1086628, -0.8577948, 2.537662
HipRight: -0.04201447, 0.0169277, 2.813003
KneeRight: -0.1240013, -0.5208648, 2.739232
AnkleRight: -0.1081461, -0.8074679, 2.657186
FootRight: -0.1222451, -0.8556161, 2.518959
=========
HipCenter: -0.1156021, 0.08087173, 2.842542
Spine: -0.1230496, 0.1291451, 2.921214
ShoulderCenter: -0.1429013, 0.5175628, 3.035168
Head: -0.1200482, 0.7017347, 3.040575
ShoulderLeft: -0.2868864, 0.3854281, 2.960279
ElbowLeft: -0.3308399, 0.1367623, 2.85276
WristLeft: -0.3068836, -0.07747696, 2.710247
HandLeft: -0.3120962, -0.1411875, 2.677541
ShoulderRight: 0.02816544, 0.3767285, 2.982816
ElbowRight: 0.1714592, 0.1711421, 2.837416
WristRight: 0.2850211, 0.003258749, 2.671931
HandRight: 0.315584, -0.05743546, 2.65254
HipLeft: -0.1839105, 0.01797859, 2.809785
KneeLeft: -0.1708133, -0.424369, 2.728474
AnkleLeft: -0.141747, -0.8034043, 2.646895
FootLeft: -0.1086677, -0.8577784, 2.537663
HipRight: -0.04304065, 0.01696597, 2.812332
KneeRight: -0.1237927, -0.5205417, 2.739236
AnkleRight: -0.1080586, -0.8073416, 2.657321
FootRight: -0.1221948, -0.8555759, 2.518646
=========
HipCenter: -0.1167366, 0.08083863, 2.842461
Spine: -0.1238025, 0.1291032, 2.921249
ShoulderCenter: -0.1436569, 0.5173059, 3.035708
Head: -0.1235147, 0.701401, 3.041895
ShoulderLeft: -0.2881695, 0.3851459, 2.960732
ElbowLeft: -0.3314681, 0.1347367, 2.852691
WristLeft: -0.3070249, -0.07734565, 2.710592
HandLeft: -0.3121673, -0.1411513, 2.677594
ShoulderRight: 0.02783292, 0.3770058, 2.981869
ElbowRight: 0.1868662, 0.1907597, 2.833768
WristRight: 0.3212427, 0.04219159, 2.665589
HandRight: 0.3569069, -0.01162202, 2.644581
HipLeft: -0.185462, 0.01772568, 2.810102
KneeLeft: -0.1707676, -0.4236861, 2.728444
AnkleLeft: -0.1418129, -0.8031998, 2.646994
FootLeft: -0.1086707, -0.8577633, 2.537666
HipRight: -0.04385792, 0.01677701, 2.811863
KneeRight: -0.1236569, -0.5203116, 2.739244
AnkleRight: -0.1080746, -0.8071972, 2.657445
FootRight: -0.122128, -0.8555478, 2.518435
=========
HipCenter: -0.1178201, 0.08070308, 2.842391
Spine: -0.1245993, 0.1289922, 2.921263
ShoulderCenter: -0.1446582, 0.5168284, 3.035784
Head: -0.1259798, 0.7011568, 3.042885
ShoulderLeft: -0.2891908, 0.3848772, 2.96108
ElbowLeft: -0.3319822, 0.1328955, 2.852646
WristLeft: -0.307385, -0.07708331, 2.711318
HandLeft: -0.3122438, -0.1411182, 2.677648
ShoulderRight: 0.02760512, 0.3772753, 2.980989
ElbowRight: 0.1979191, 0.2176717, 2.832758
WristRight: 0.3417955, 0.06070668, 2.658451
HandRight: 0.3757529, 0.0123086, 2.640427
HipLeft: -0.1868443, 0.01739629, 2.810283
KneeLeft: -0.1707016, -0.4230905, 2.728408
AnkleLeft: -0.141895, -0.803032, 2.647081
FootLeft: -0.108677, -0.8577444, 2.537677
HipRight: -0.04464531, 0.01641857, 2.811571
KneeRight: -0.123556, -0.5201395, 2.739251
AnkleRight: -0.1081318, -0.8070553, 2.657564
FootRight: -0.1221089, -0.8555313, 2.518331
=========
HipCenter: -0.1187754, 0.0805129, 2.842334
Spine: -0.1252887, 0.1288601, 2.921275
ShoulderCenter: -0.145415, 0.516448, 3.035793
Head: -0.1276587, 0.7010114, 3.043546
ShoulderLeft: -0.2900118, 0.3846001, 2.961332
ElbowLeft: -0.332217, 0.1325075, 2.852911
WristLeft: -0.3101216, -0.08986192, 2.706315
HandLeft: -0.3129937, -0.1492305, 2.671587
ShoulderRight: 0.02747114, 0.3776697, 2.980159
ElbowRight: 0.2032868, 0.2308204, 2.833278
WristRight: 0.3569776, 0.0762464, 2.655072
HandRight: 0.3906506, 0.03091954, 2.63922
HipLeft: -0.1880765, 0.01697153, 2.810379
KneeLeft: -0.1706885, -0.4228452, 2.728381
AnkleLeft: -0.1419869, -0.8030465, 2.647146
FootLeft: -0.1086868, -0.8577247, 2.53769
HipRight: -0.04533641, 0.01602105, 2.811386
KneeRight: -0.1234826, -0.5200099, 2.739257
AnkleRight: -0.1082355, -0.8069285, 2.65765
FootRight: -0.1221084, -0.8554958, 2.518305
=========
HipCenter: -0.1197409, 0.08028352, 2.842286
Spine: -0.1260183, 0.1287089, 2.921286
ShoulderCenter: -0.1460484, 0.5161664, 3.035777
Head: -0.1287874, 0.7009267, 3.043931
ShoulderLeft: -0.2907062, 0.3842887, 2.961437
ElbowLeft: -0.3324546, 0.1324718, 2.853343
WristLeft: -0.3111793, -0.09043091, 2.707664
HandLeft: -0.3132819, -0.1500592, 2.671064
ShoulderRight: 0.02740394, 0.3780907, 2.979403
ElbowRight: 0.2073412, 0.2444826, 2.83322
WristRight: 0.3716933, 0.1007568, 2.654001
HandRight: 0.4033699, 0.05100702, 2.636566
HipLeft: -0.1892812, 0.01649086, 2.810463
KneeLeft: -0.1706927, -0.4226913, 2.728353
AnkleLeft: -0.1420835, -0.8031014, 2.647205
FootLeft: -0.1086941, -0.8577076, 2.5377
HipRight: -0.04602358, 0.01561198, 2.811247
KneeRight: -0.1234273, -0.5199114, 2.739263
AnkleRight: -0.1083652, -0.8068154, 2.65772
FootRight: -0.1221097, -0.8554764, 2.518265
=========
HipCenter: -0.1206077, 0.08007676, 2.842252
Spine: -0.1266703, 0.1285803, 2.921295
ShoulderCenter: -0.1465437, 0.5159577, 3.03572
Head: -0.1296433, 0.7008492, 3.0442
ShoulderLeft: -0.2913887, 0.3838832, 2.96146
ElbowLeft: -0.3325581, 0.1327761, 2.854112
WristLeft: -0.3120779, -0.09018966, 2.709315
HandLeft: -0.3135737, -0.1503751, 2.67094
ShoulderRight: 0.02736465, 0.378503, 2.978692
ElbowRight: 0.2142181, 0.2537729, 2.831941
WristRight: 0.3802226, 0.1242623, 2.658085
HandRight: 0.4141836, 0.07097083, 2.637075
HipLeft: -0.1903458, 0.01601399, 2.810587
KneeLeft: -0.1707011, -0.4228674, 2.728234
AnkleLeft: -0.1421845, -0.8031852, 2.647256
FootLeft: -0.1087012, -0.857693, 2.537708
HipRight: -0.0466889, 0.0152782, 2.811096
KneeRight: -0.1233878, -0.5198431, 2.739266
AnkleRight: -0.1085787, -0.8067076, 2.657752
FootRight: -0.1222058, -0.8554335, 2.518407
=========
HipCenter: -0.121426, 0.07990506, 2.842238
Spine: -0.1273387, 0.1284721, 2.921314
ShoulderCenter: -0.1471395, 0.5157615, 3.035627
Head: -0.1303068, 0.7008736, 3.044611
ShoulderLeft: -0.2918957, 0.3834131, 2.96138
ElbowLeft: -0.3324627, 0.1334366, 2.855532
WristLeft: -0.3132317, -0.08903002, 2.711262
HandLeft: -0.3139153, -0.1503637, 2.671141
ShoulderRight: 0.02738979, 0.3790824, 2.977989
ElbowRight: 0.22208, 0.2643541, 2.831204
WristRight: 0.3855583, 0.1528637, 2.667313
HandRight: 0.4289628, 0.1045137, 2.639624
HipLeft: -0.1912929, 0.01558896, 2.810838
KneeLeft: -0.1707125, -0.4230854, 2.72812
AnkleLeft: -0.1423285, -0.80336, 2.647317
FootLeft: -0.1087081, -0.85768, 2.537713
HipRight: -0.04738052, 0.01504055, 2.810881
KneeRight: -0.1233668, -0.5197949, 2.739266
AnkleRight: -0.1087686, -0.8066447, 2.65774
FootRight: -0.12233, -0.8553936, 2.518501
=========
HipCenter: -0.1221387, 0.07975248, 2.842217
Spine: -0.1279349, 0.1283685, 2.921315
ShoulderCenter: -0.1476781, 0.5155505, 3.035492
Head: -0.1307664, 0.7009122, 3.044962
ShoulderLeft: -0.292375, 0.3828684, 2.961236
ElbowLeft: -0.3322983, 0.1344173, 2.857225
WristLeft: -0.3144068, -0.08745342, 2.713252
HandLeft: -0.3143484, -0.1502479, 2.671474
ShoulderRight: 0.02751633, 0.3797859, 2.977363
ElbowRight: 0.227743, 0.274289, 2.831965
WristRight: 0.392391, 0.179796, 2.675244
HandRight: 0.4401601, 0.1254787, 2.641345
HipLeft: -0.1921553, 0.01518322, 2.810946
KneeLeft: -0.1707222, -0.4233349, 2.728006
AnkleLeft: -0.1424518, -0.80352, 2.647381
FootLeft: -0.1087146, -0.8576675, 2.537717
HipRight: -0.04796598, 0.014837, 2.810704
KneeRight: -0.1233595, -0.5197616, 2.739265
AnkleRight: -0.1088908, -0.8066009, 2.657733
FootRight: -0.1224703, -0.855349, 2.518632
=========
HipCenter: -0.1228478, 0.07965605, 2.842213
Spine: -0.1285276, 0.1282885, 2.921334
ShoulderCenter: -0.1482193, 0.515344, 3.035478
Head: -0.1310949, 0.7009196, 3.045142
ShoulderLeft: -0.2927777, 0.3822685, 2.961027
ElbowLeft: -0.3321829, 0.1356049, 2.858964
WristLeft: -0.3155439, -0.08571046, 2.715106
HandLeft: -0.3149922, -0.1498647, 2.672139
ShoulderRight: 0.02768545, 0.3807215, 2.976705
ElbowRight: 0.233381, 0.2896753, 2.835361
WristRight: 0.4062454, 0.2272229, 2.68819
HandRight: 0.4719099, 0.1717804, 2.64677
HipLeft: -0.1929394, 0.01486337, 2.811102
KneeLeft: -0.1706851, -0.4235221, 2.727908
AnkleLeft: -0.1425314, -0.8036722, 2.647425
FootLeft: -0.1087204, -0.8576565, 2.537717
HipRight: -0.04860295, 0.01472962, 2.810467
KneeRight: -0.1233644, -0.5197414, 2.739264
AnkleRight: -0.1090317, -0.806566, 2.657705
FootRight: -0.1225912, -0.8553173, 2.518743
=========
HipCenter: -0.1234937, 0.07956523, 2.842182
Spine: -0.1290945, 0.1282099, 2.921321
ShoulderCenter: -0.1488384, 0.515162, 3.035429
Head: -0.1313352, 0.700928, 3.045248
ShoulderLeft: -0.2931372, 0.3817323, 2.960825
ElbowLeft: -0.3321648, 0.1369682, 2.860777
WristLeft: -0.316556, -0.08394402, 2.716722
HandLeft: -0.3156223, -0.1493879, 2.672857
ShoulderRight: 0.02787971, 0.3817434, 2.976132
ElbowRight: 0.2376759, 0.3035001, 2.83892
WristRight: 0.4138831, 0.2500681, 2.69419
HandRight: 0.4919071, 0.2116023, 2.652816
HipLeft: -0.193649, 0.01452526, 2.811102
KneeLeft: -0.1704405, -0.4247404, 2.727674
AnkleLeft: -0.1425846, -0.8038089, 2.647454
FootLeft: -0.1087249, -0.8576463, 2.537709
HipRight: -0.0491506, 0.01464476, 2.810263
KneeRight: -0.1233765, -0.5197336, 2.739261
AnkleRight: -0.1091925, -0.8065472, 2.657631
FootRight: -0.1226672, -0.8553054, 2.518724
=========
HipCenter: -0.1240578, 0.07946756, 2.842143
Spine: -0.1295998, 0.1281232, 2.921296
ShoulderCenter: -0.1495246, 0.5149842, 3.035341
Head: -0.1315088, 0.7009451, 3.045286
ShoulderLeft: -0.2934706, 0.3812082, 2.960616
ElbowLeft: -0.3321342, 0.1382238, 2.862382
WristLeft: -0.317475, -0.08215447, 2.718216
HandLeft: -0.316281, -0.1488661, 2.673621
ShoulderRight: 0.02802953, 0.3828761, 2.9756
ElbowRight: 0.2397861, 0.3405309, 2.843016
WristRight: 0.4173252, 0.2782145, 2.702291
HandRight: 0.501781, 0.2323566, 2.654975
HipLeft: -0.1942446, 0.01416581, 2.811069
KneeLeft: -0.1696848, -0.4273148, 2.727252
AnkleLeft: -0.1426213, -0.8039355, 2.647473
FootLeft: -0.1087107, -0.8576334, 2.537653
HipRight: -0.04961406, 0.01457787, 2.810087
KneeRight: -0.1234063, -0.5197412, 2.73925
AnkleRight: -0.1092931, -0.8065397, 2.657578
FootRight: -0.1227737, -0.8553039, 2.518519
=========
HipCenter: -0.1246018, 0.0795196, 2.842157
Spine: -0.1301876, 0.1281548, 2.921338
ShoulderCenter: -0.1528479, 0.5152459, 3.036513
Head: -0.131704, 0.7009909, 3.045249
ShoulderLeft: -0.2938027, 0.3808531, 2.960452
ElbowLeft: -0.3321289, 0.1393043, 2.863747
WristLeft: -0.3182566, -0.08061791, 2.719419
HandLeft: -0.3169264, -0.1483503, 2.674344
ShoulderRight: 0.02813217, 0.3843705, 2.97515
ElbowRight: 0.2435731, 0.3621242, 2.845135
WristRight: 0.4405248, 0.3124239, 2.707908
HandRight: 0.5220733, 0.283542, 2.658636
HipLeft: -0.1946742, 0.01398113, 2.811173
KneeLeft: -0.1694081, -0.4279891, 2.727059
AnkleLeft: -0.142641, -0.8040477, 2.647488
FootLeft: -0.108695, -0.8576227, 2.537593
HipRight: -0.05003391, 0.01473833, 2.809815
KneeRight: -0.1234374, -0.5197551, 2.739239
AnkleRight: -0.1094036, -0.8065421, 2.657485
FootRight: -0.1228347, -0.8553281, 2.518271
=========
HipCenter: -0.1249664, 0.07953794, 2.842149
Spine: -0.1305795, 0.1281669, 2.921345
ShoulderCenter: -0.1538579, 0.515149, 3.036579
Head: -0.1318665, 0.7010359, 3.045174
ShoulderLeft: -0.2940792, 0.3805162, 2.960249
ElbowLeft: -0.3321407, 0.1402581, 2.864923
WristLeft: -0.3187774, -0.07947537, 2.72032
HandLeft: -0.317489, -0.1478234, 2.675024
ShoulderRight: 0.02833638, 0.3860177, 2.974873
ElbowRight: 0.2461062, 0.3776014, 2.846313
WristRight: 0.4497382, 0.3301984, 2.713934
HandRight: 0.5321806, 0.3092662, 2.662836
HipLeft: -0.1949472, 0.01381717, 2.811169
KneeLeft: -0.1691866, -0.4285417, 2.726882
AnkleLeft: -0.1426532, -0.8041533, 2.647497
FootLeft: -0.1086737, -0.8576145, 2.537524
HipRight: -0.05024063, 0.01476268, 2.809707
KneeRight: -0.1234803, -0.5197833, 2.739217
AnkleRight: -0.1094725, -0.8065264, 2.657431
FootRight: -0.1228937, -0.8553547, 2.518059
=========
HipCenter: -0.1252501, 0.0795668, 2.842136
Spine: -0.1308987, 0.1281898, 2.921346
ShoulderCenter: -0.1550041, 0.5152443, 3.036686
Head: -0.1319945, 0.7010808, 3.04509
ShoulderLeft: -0.2943149, 0.3802486, 2.960072
ElbowLeft: -0.3322209, 0.14137, 2.866091
WristLeft: -0.3192295, -0.07850429, 2.721028
HandLeft: -0.3179998, -0.147331, 2.675592
ShoulderRight: 0.02847516, 0.3876463, 2.974672
ElbowRight: 0.2495175, 0.3929791, 2.849296
WristRight: 0.4625095, 0.372002, 2.724799
HandRight: 0.5503555, 0.3576922, 2.675758
HipLeft: -0.1951403, 0.01368789, 2.811158
KneeLeft: -0.1690057, -0.4290001, 2.726713
AnkleLeft: -0.1426624, -0.8042437, 2.647505
FootLeft: -0.1086521, -0.8576081, 2.537449
HipRight: -0.05038229, 0.01482957, 2.809601
KneeRight: -0.1235258, -0.5198242, 2.739187
AnkleRight: -0.1095141, -0.8064991, 2.657384
FootRight: -0.122928, -0.8553848, 2.51786
=========
HipCenter: -0.1254543, 0.07960943, 2.842115
Spine: -0.1311383, 0.1282223, 2.92134
ShoulderCenter: -0.1558283, 0.5153447, 3.036797
Head: -0.1321257, 0.7011019, 3.044917
ShoulderLeft: -0.2945185, 0.3800121, 2.959879
ElbowLeft: -0.3322533, 0.1422304, 2.86695
WristLeft: -0.3195393, -0.07783972, 2.721481
HandLeft: -0.3186266, -0.1465869, 2.676099
ShoulderRight: 0.02864388, 0.3891439, 2.974574
ElbowRight: 0.2511176, 0.40409, 2.851244
WristRight: 0.4676394, 0.3898518, 2.72996
HandRight: 0.5570273, 0.3808486, 2.684132
HipLeft: -0.1952694, 0.01359094, 2.811143
KneeLeft: -0.1688541, -0.4293854, 2.726545
AnkleLeft: -0.1426591, -0.8043263, 2.64751
FootLeft: -0.108629, -0.8576038, 2.537372
HipRight: -0.05044077, 0.01497159, 2.809452
KneeRight: -0.1235386, -0.5197679, 2.739153
AnkleRight: -0.1095508, -0.8064572, 2.657332
FootRight: -0.1229522, -0.8554083, 2.517767
=========
HipCenter: -0.1256306, 0.07968377, 2.842087
Spine: -0.1313541, 0.1282713, 2.92133
ShoulderCenter: -0.1564679, 0.515428, 3.036892
Head: -0.1322341, 0.701086, 3.044573
ShoulderLeft: -0.2947075, 0.3797476, 2.959597
ElbowLeft: -0.3323715, 0.1427881, 2.867472
WristLeft: -0.3197942, -0.07723954, 2.721846
HandLeft: -0.3191767, -0.1459594, 2.676522
ShoulderRight: 0.02887055, 0.3908615, 2.974685
ElbowRight: 0.2533252, 0.4224337, 2.853898
WristRight: 0.4668894, 0.4290684, 2.752444
HandRight: 0.5690705, 0.4225288, 2.711187
HipLeft: -0.195363, 0.01352264, 2.811126
KneeLeft: -0.1687238, -0.4296446, 2.726379
AnkleLeft: -0.1426518, -0.8044052, 2.64751
FootLeft: -0.1086137, -0.8575988, 2.537312
HipRight: -0.0504666, 0.01518627, 2.809276
KneeRight: -0.1235447, -0.519699, 2.739118
AnkleRight: -0.1095745, -0.8064027, 2.657285
FootRight: -0.1229496, -0.8554263, 2.517703
=========
HipCenter: -0.1257852, 0.07983153, 2.842057
Spine: -0.1315632, 0.1283723, 2.921319
ShoulderCenter: -0.1571966, 0.5155676, 3.03697
Head: -0.1322827, 0.7010499, 3.044178
ShoulderLeft: -0.2948723, 0.3795447, 2.959351
ElbowLeft: -0.3324798, 0.1432624, 2.867872
WristLeft: -0.3199951, -0.07672591, 2.72213
HandLeft: -0.3196745, -0.1454085, 2.676856
ShoulderRight: 0.02908144, 0.3922832, 2.974803
ElbowRight: 0.2546418, 0.4334301, 2.85577
WristRight: 0.4778744, 0.4494974, 2.759513
HandRight: 0.5744082, 0.442024, 2.724098
HipLeft: -0.1954153, 0.01350474, 2.8111
KneeLeft: -0.1686044, -0.4296945, 2.72617
AnkleLeft: -0.1426343, -0.8044697, 2.647511
FootLeft: -0.1086006, -0.8575985, 2.537263
HipRight: -0.05044463, 0.01544557, 2.809111
KneeRight: -0.1235505, -0.5196283, 2.739074
AnkleRight: -0.1095885, -0.8063368, 2.65724
FootRight: -0.1229442, -0.8554409, 2.517656
=========
HipCenter: -0.1258077, 0.08015811, 2.842035
Spine: -0.1317008, 0.1285428, 2.921317
ShoulderCenter: -0.1578877, 0.515727, 3.037042
Head: -0.1327731, 0.7008824, 3.043618
ShoulderLeft: -0.2950277, 0.3793375, 2.959072
ElbowLeft: -0.33259, 0.1436589, 2.868201
WristLeft: -0.3201696, -0.07629495, 2.722341
HandLeft: -0.3201085, -0.1449619, 2.677089
ShoulderRight: 0.0296328, 0.394945, 2.97531
ElbowRight: 0.263974, 0.4502335, 2.864031
WristRight: 0.496936, 0.4789634, 2.769212
HandRight: 0.589874, 0.4804689, 2.746821
HipLeft: -0.1952759, 0.01359755, 2.811059
KneeLeft: -0.1681628, -0.4294498, 2.725731
AnkleLeft: -0.1426221, -0.8045154, 2.647513
FootLeft: -0.1085883, -0.8575991, 2.537218
HipRight: -0.04998253, 0.01612063, 2.808901
KneeRight: -0.123555, -0.5195588, 2.739031
AnkleRight: -0.1095931, -0.8062531, 2.6572
FootRight: -0.1228762, -0.8554378, 2.517821
=========
HipCenter: -0.1257917, 0.0805371, 2.842014
Spine: -0.1318177, 0.128755, 2.921312
ShoulderCenter: -0.1584107, 0.5158475, 3.037023
Head: -0.1330377, 0.7007162, 3.043133
ShoulderLeft: -0.2951772, 0.3791133, 2.958761
ElbowLeft: -0.332693, 0.143985, 2.868457
WristLeft: -0.3202998, -0.07595438, 2.722494
HandLeft: -0.3204638, -0.1446159, 2.677226
ShoulderRight: 0.03031452, 0.3978066, 2.976134
ElbowRight: 0.2692132, 0.4593696, 2.869119
WristRight: 0.5076844, 0.4966707, 2.773706
HandRight: 0.5947958, 0.497194, 2.756168
HipLeft: -0.1950848, 0.01374919, 2.810996
KneeLeft: -0.1677192, -0.4291159, 2.725267
AnkleLeft: -0.142607, -0.8045542, 2.647515
FootLeft: -0.1085774, -0.8576006, 2.537178
HipRight: -0.04952072, 0.01676282, 2.808735
KneeRight: -0.1235584, -0.5195087, 2.73899
AnkleRight: -0.1095904, -0.8061622, 2.657167
FootRight: -0.1228068, -0.8554338, 2.518008
=========
HipCenter: -0.1257124, 0.08098308, 2.841981
Spine: -0.1318989, 0.1290042, 2.921302
ShoulderCenter: -0.1589134, 0.5159897, 3.037016
Head: -0.133134, 0.7006186, 3.042917
ShoulderLeft: -0.2953269, 0.3788957, 2.958453
ElbowLeft: -0.3327809, 0.1442561, 2.868659
WristLeft: -0.3203969, -0.07566001, 2.722607
HandLeft: -0.3207465, -0.1443633, 2.677297
ShoulderRight: 0.03107618, 0.4007312, 2.977065
ElbowRight: 0.2756024, 0.4676693, 2.873981
WristRight: 0.517372, 0.5122331, 2.775497
HandRight: 0.596816, 0.5134413, 2.764787
HipLeft: -0.1948004, 0.01396565, 2.810892
KneeLeft: -0.1672937, -0.4287632, 2.72482
AnkleLeft: -0.1425897, -0.8045913, 2.647517
FootLeft: -0.1085652, -0.8576077, 2.537132
HipRight: -0.04897844, 0.01742258, 2.808569
KneeRight: -0.1235616, -0.5194626, 2.738947
AnkleRight: -0.1095729, -0.8060724, 2.657135
FootRight: -0.1226005, -0.8554672, 2.51822
=========
HipCenter: -0.1252968, 0.08187568, 2.841801
Spine: -0.1318115, 0.1295165, 2.921209
ShoulderCenter: -0.1593203, 0.5161499, 3.037016
Head: -0.1332494, 0.7004912, 3.042678
ShoulderLeft: -0.2954687, 0.3786834, 2.958157
ElbowLeft: -0.3328748, 0.1444947, 2.86881
WristLeft: -0.3204774, -0.07543123, 2.722678
HandLeft: -0.3209733, -0.1441936, 2.677306
ShoulderRight: 0.03178232, 0.4033012, 2.977945
ElbowRight: 0.2792478, 0.4738435, 2.878076
WristRight: 0.5270119, 0.5259613, 2.775907
HandRight: 0.599839, 0.5298346, 2.769249
HipLeft: -0.1939396, 0.0150115, 2.810191
KneeLeft: -0.167242, -0.4199981, 2.723881
AnkleLeft: -0.14297, -0.7946417, 2.648388
FootLeft: -0.1085538, -0.8576156, 2.537087
HipRight: -0.04784531, 0.0182957, 2.80834
KneeRight: -0.1235651, -0.5194201, 2.7389
AnkleRight: -0.1095505, -0.8059815, 2.657101
FootRight: -0.1224813, -0.8554818, 2.518296
=========
HipCenter: -0.124919, 0.08266737, 2.841615
Spine: -0.1317119, 0.1300068, 2.921106
ShoulderCenter: -0.1595921, 0.5162833, 3.037001
Head: -0.133339, 0.7003869, 3.042519
ShoulderLeft: -0.2956083, 0.3785043, 2.957901
ElbowLeft: -0.3329364, 0.144665, 2.868911
WristLeft: -0.320512, -0.07519767, 2.722719
HandLeft: -0.321177, -0.1440616, 2.677262
ShoulderRight: 0.0324395, 0.4054916, 2.978809
ElbowRight: 0.2821214, 0.4794181, 2.881464
WristRight: 0.5255288, 0.538392, 2.780947
HandRight: 0.593881, 0.5475489, 2.769305
HipLeft: -0.1932928, 0.01586292, 2.809344
KneeLeft: -0.1677105, -0.4186325, 2.723557
AnkleLeft: -0.1428324, -0.7941017, 2.648458
FootLeft: -0.1085484, -0.8576204, 2.53706
HipRight: -0.04696589, 0.01890085, 2.808209
KneeRight: -0.1235681, -0.519385, 2.738848
AnkleRight: -0.1095253, -0.805892, 2.657069
FootRight: -0.1223574, -0.8554974, 2.518349
=========
HipCenter: -0.1245339, 0.08340312, 2.84146
Spine: -0.1315808, 0.1304973, 2.921017
ShoulderCenter: -0.1598094, 0.5164191, 3.03699
Head: -0.1334123, 0.7003038, 3.042403
ShoulderLeft: -0.2957484, 0.3783434, 2.957668
ElbowLeft: -0.3330056, 0.1448477, 2.868993
WristLeft: -0.3205325, -0.07499406, 2.722739
HandLeft: -0.3213511, -0.1439819, 2.67715
ShoulderRight: 0.03297491, 0.4071284, 2.979498
ElbowRight: 0.2839538, 0.4839039, 2.884289
WristRight: 0.5291901, 0.5507821, 2.782278
HandRight: 0.6007681, 0.5657707, 2.773464
HipLeft: -0.1927089, 0.0165948, 2.808619
KneeLeft: -0.168253, -0.4177126, 2.7233
AnkleLeft: -0.1426464, -0.7943622, 2.648423
FootLeft: -0.1085439, -0.8576248, 2.537033
HipRight: -0.04613695, 0.01942061, 2.808132
KneeRight: -0.1235682, -0.5193507, 2.738788
AnkleRight: -0.1094927, -0.8057755, 2.657017
FootRight: -0.1222319, -0.855512, 2.518367
=========
HipCenter: -0.124066, 0.08412333, 2.841298
Spine: -0.1314034, 0.1310228, 2.920913
ShoulderCenter: -0.1602334, 0.5166596, 3.036731
Head: -0.1334767, 0.7002344, 3.042308
ShoulderLeft: -0.2958861, 0.3782031, 2.957463
ElbowLeft: -0.3331114, 0.1450482, 2.869004
WristLeft: -0.3205372, -0.0748169, 2.722736
HandLeft: -0.3214959, -0.1439252, 2.677018
ShoulderRight: 0.03342213, 0.408399, 2.980102
ElbowRight: 0.290408, 0.4941238, 2.886771
WristRight: 0.5357803, 0.5688169, 2.7886
HandRight: 0.6057046, 0.5785654, 2.781153
HipLeft: -0.191995, 0.01722198, 2.807985
KneeLeft: -0.1684839, -0.4171323, 2.723046
AnkleLeft: -0.1424007, -0.7952039, 2.648327
FootLeft: -0.108537, -0.8576283, 2.536995
HipRight: -0.04511937, 0.0199506, 2.808075
KneeRight: -0.123569, -0.5193298, 2.738717
AnkleRight: -0.1094751, -0.8057029, 2.65695
FootRight: -0.1220762, -0.8555223, 2.518141
=========
HipCenter: -0.1235524, 0.08479636, 2.841162
Spine: -0.131207, 0.1315337, 2.920823
ShoulderCenter: -0.1610464, 0.5171953, 3.036487
Head: -0.1336156, 0.7001209, 3.042165
ShoulderLeft: -0.2960489, 0.3780643, 2.957261
ElbowLeft: -0.3332475, 0.1453055, 2.868947
WristLeft: -0.3205275, -0.07465221, 2.722675
HandLeft: -0.3216112, -0.1438948, 2.67685
ShoulderRight: 0.03382798, 0.4094119, 2.980657
ElbowRight: 0.2880749, 0.499749, 2.892972
WristRight: 0.5394201, 0.5798617, 2.792351
HandRight: 0.6076679, 0.5885795, 2.786016
HipLeft: -0.1912188, 0.01771255, 2.807446
KneeLeft: -0.168653, -0.4169838, 2.722723
AnkleLeft: -0.1421444, -0.7962396, 2.648221
FootLeft: -0.1085314, -0.8576305, 2.536949
HipRight: -0.04391406, 0.02050351, 2.808069
KneeRight: -0.1235686, -0.5193136, 2.738641
AnkleRight: -0.1094621, -0.8056608, 2.656906
FootRight: -0.121923, -0.8555245, 2.517675
=========
HipCenter: -0.1229508, 0.08536272, 2.841029
Spine: -0.1309659, 0.1319822, 2.92073
ShoulderCenter: -0.161785, 0.5176898, 3.03626
Head: -0.1338536, 0.6999688, 3.041952
ShoulderLeft: -0.2962268, 0.3779104, 2.957036
ElbowLeft: -0.3333688, 0.1455194, 2.86882
WristLeft: -0.320497, -0.07447755, 2.722577
HandLeft: -0.3216987, -0.1439088, 2.676661
ShoulderRight: 0.03419891, 0.4102862, 2.981212
ElbowRight: 0.2850353, 0.5031182, 2.897592
WristRight: 0.5413417, 0.5875896, 2.795321
HandRight: 0.6085562, 0.5963244, 2.791127
HipLeft: -0.1901847, 0.01795579, 2.807022
KneeLeft: -0.1670842, -0.4214721, 2.721654
AnkleLeft: -0.1419091, -0.7973376, 2.648119
FootLeft: -0.1085263, -0.8576323, 2.536903
HipRight: -0.04266675, 0.02098398, 2.808029
KneeRight: -0.1235742, -0.5193046, 2.738553
AnkleRight: -0.1094242, -0.8056322, 2.656848
FootRight: -0.1217898, -0.8555337, 2.517182
=========
HipCenter: -0.122346, 0.08578857, 2.840894
Spine: -0.1307004, 0.1323211, 2.920635
ShoulderCenter: -0.1621339, 0.5179366, 3.036174
Head: -0.1340042, 0.6998042, 3.041704
ShoulderLeft: -0.2963904, 0.377751, 2.95679
ElbowLeft: -0.3337949, 0.1373301, 2.861673
WristLeft: -0.320453, -0.07437135, 2.722418
HandLeft: -0.3217255, -0.1439539, 2.676481
ShoulderRight: 0.03451939, 0.4110204, 2.98176
ElbowRight: 0.2626366, 0.5028161, 2.911362
WristRight: 0.5307701, 0.5916449, 2.802277
HandRight: 0.5894737, 0.6089168, 2.808517
HipLeft: -0.189165, 0.01807677, 2.806621
KneeLeft: -0.1650694, -0.4243541, 2.72115
AnkleLeft: -0.1417351, -0.7983316, 2.648024
FootLeft: -0.1085242, -0.8576334, 2.536886
HipRight: -0.04159456, 0.02130521, 2.807997
KneeRight: -0.123587, -0.5192958, 2.738437
AnkleRight: -0.1093265, -0.8056442, 2.656786
FootRight: -0.1217011, -0.8555353, 2.517019
=========
HipCenter: -0.1217311, 0.08613899, 2.840753
Spine: -0.1304516, 0.1325947, 2.920541
ShoulderCenter: -0.1625184, 0.5180946, 3.036105
Head: -0.1341787, 0.6995947, 3.041416
ShoulderLeft: -0.296542, 0.377604, 2.956547
ElbowLeft: -0.3338973, 0.136168, 2.860238
WristLeft: -0.3203377, -0.07419509, 2.722227
HandLeft: -0.3217419, -0.1440067, 2.676333
ShoulderRight: 0.03490241, 0.4117403, 2.982471
ElbowRight: 0.2588159, 0.5038183, 2.914555
WristRight: 0.5294842, 0.5948929, 2.804309
HandRight: 0.5900714, 0.6167377, 2.812701
HipLeft: -0.1881365, 0.01808565, 2.806257
KneeLeft: -0.1640609, -0.4255991, 2.720945
AnkleLeft: -0.1415832, -0.799176, 2.647962
FootLeft: -0.1085213, -0.8576339, 2.536872
HipRight: -0.04048003, 0.02159579, 2.807911
KneeRight: -0.1236019, -0.5192958, 2.738303
AnkleRight: -0.1091385, -0.8056447, 2.656745
FootRight: -0.1216312, -0.8555343, 2.5169
=========
HipCenter: -0.1210663, 0.08643264, 2.84059
Spine: -0.130177, 0.1328322, 2.920427
ShoulderCenter: -0.162844, 0.518212, 3.036045
Head: -0.1342714, 0.6993831, 3.041143
ShoulderLeft: -0.2966699, 0.3774581, 2.956293
ElbowLeft: -0.3339311, 0.1354365, 2.859216
WristLeft: -0.3201871, -0.07398349, 2.721965
HandLeft: -0.3217132, -0.1440721, 2.676175
ShoulderRight: 0.03528415, 0.4123806, 2.983263
ElbowRight: 0.2524587, 0.5029066, 2.916814
WristRight: 0.5232248, 0.5954226, 2.806796
HandRight: 0.5838767, 0.6195584, 2.817269
HipLeft: -0.187065, 0.01801745, 2.805901
KneeLeft: -0.1628647, -0.4266199, 2.720888
AnkleLeft: -0.1414386, -0.7998725, 2.647918
FootLeft: -0.1085193, -0.8576341, 2.536862
HipRight: -0.03942712, 0.02184471, 2.807809
KneeRight: -0.1235922, -0.5193155, 2.738207
AnkleRight: -0.1089242, -0.8056405, 2.656709
FootRight: -0.1215254, -0.8555288, 2.516823
=========
HipCenter: -0.1202789, 0.08658782, 2.840379
Spine: -0.1298455, 0.1329856, 2.920288
ShoulderCenter: -0.1630528, 0.5182881, 3.036016
Head: -0.1343444, 0.6991852, 3.040896
ShoulderLeft: -0.2966784, 0.3772818, 2.955771
ElbowLeft: -0.3338746, 0.1351145, 2.858397
WristLeft: -0.3200394, -0.07375739, 2.721533
HandLeft: -0.3216603, -0.1441322, 2.676011
ShoulderRight: 0.03562155, 0.4129123, 2.983982
ElbowRight: 0.2526061, 0.5025361, 2.913878
WristRight: 0.5226204, 0.5967976, 2.807184
HandRight: 0.583122, 0.6221874, 2.818892
HipLeft: -0.1856144, 0.01769518, 2.805048
KneeLeft: -0.1621136, -0.4271918, 2.720852
AnkleLeft: -0.1413173, -0.8004652, 2.647882
FootLeft: -0.1085178, -0.8576344, 2.536855
HipRight: -0.03833875, 0.02191315, 2.807843
KneeRight: -0.1235668, -0.5193683, 2.738048
AnkleRight: -0.1085208, -0.8056614, 2.656658
FootRight: -0.1214392, -0.8555247, 2.516798
=========
HipCenter: -0.1195638, 0.08665985, 2.840174
Spine: -0.1295361, 0.1330864, 2.92015
ShoulderCenter: -0.1632907, 0.5183324, 3.035998
Head: -0.1343974, 0.6990401, 3.040759
ShoulderLeft: -0.2966692, 0.377124, 2.955276
ElbowLeft: -0.3337601, 0.1354575, 2.857803
WristLeft: -0.3198293, -0.07355913, 2.721014
HandLeft: -0.3215983, -0.144192, 2.675852
ShoulderRight: 0.03592911, 0.4133412, 2.984609
ElbowRight: 0.2545471, 0.5020059, 2.9097
WristRight: 0.500596, 0.5876922, 2.804637
HandRight: 0.5780957, 0.6204565, 2.816184
HipLeft: -0.1843281, 0.01726107, 2.804091
KneeLeft: -0.1614564, -0.4275911, 2.720861
AnkleLeft: -0.1412213, -0.8009672, 2.647866
FootLeft: -0.1085165, -0.8576345, 2.536849
HipRight: -0.03732535, 0.02185661, 2.807945
KneeRight: -0.1235376, -0.519435, 2.737872
AnkleRight: -0.1081298, -0.8056843, 2.656617
FootRight: -0.121347, -0.8555208, 2.516784
=========
HipCenter: -0.118915, 0.08671537, 2.839988
Spine: -0.1292365, 0.1331682, 2.920021
ShoulderCenter: -0.1635309, 0.5183705, 3.036019
Head: -0.1344182, 0.698946, 3.040688
ShoulderLeft: -0.2966819, 0.3770305, 2.954889
ElbowLeft: -0.3337799, 0.1356967, 2.857181
WristLeft: -0.31955, -0.07336147, 2.720418
HandLeft: -0.3215267, -0.1442462, 2.675704
ShoulderRight: 0.03620012, 0.413704, 2.985161
ElbowRight: 0.2535873, 0.5008081, 2.906453
WristRight: 0.4928382, 0.5836685, 2.801891
HandRight: 0.5761355, 0.6177784, 2.811874
HipLeft: -0.1832817, 0.01691972, 2.803295
KneeLeft: -0.1609747, -0.4264183, 2.721054
AnkleLeft: -0.1411543, -0.8009737, 2.647906
FootLeft: -0.108515, -0.8576346, 2.536847
HipRight: -0.03643308, 0.02180358, 2.808035
KneeRight: -0.123535, -0.5194809, 2.737698
AnkleRight: -0.1077853, -0.8057178, 2.656585
FootRight: -0.1212195, -0.855467, 2.517002
=========
HipCenter: -0.1183292, 0.08674109, 2.83982
Spine: -0.1289413, 0.1332286, 2.919897
ShoulderCenter: -0.1637121, 0.5184066, 3.036046
Head: -0.1344007, 0.6988258, 3.040643
ShoulderLeft: -0.2966889, 0.3769556, 2.954548
ElbowLeft: -0.3340566, 0.1351924, 2.855609
WristLeft: -0.3190977, -0.0731704, 2.719462
HandLeft: -0.3214511, -0.1442958, 2.675564
ShoulderRight: 0.03644845, 0.4140248, 2.985671
ElbowRight: 0.2552807, 0.4995184, 2.901637
WristRight: 0.4880702, 0.5805461, 2.799125
HandRight: 0.5755805, 0.6126352, 2.805265
HipLeft: -0.1823972, 0.01664313, 2.802519
KneeLeft: -0.1606716, -0.4243335, 2.721302
AnkleLeft: -0.1410921, -0.8003198, 2.648046
FootLeft: -0.1085126, -0.8576336, 2.536848
HipRight: -0.03557485, 0.0216544, 2.808216
KneeRight: -0.1235325, -0.5195212, 2.737524
AnkleRight: -0.1075969, -0.8057767, 2.656563
FootRight: -0.1211058, -0.8553945, 2.517255
=========
HipCenter: -0.1177629, 0.08677971, 2.839649
Spine: -0.1286018, 0.1332994, 2.919753
ShoulderCenter: -0.1638293, 0.5184262, 3.036037
Head: -0.1343669, 0.6987048, 3.04062
ShoulderLeft: -0.2967176, 0.376905, 2.954294
ElbowLeft: -0.3339723, 0.136443, 2.855965
WristLeft: -0.3186505, -0.07303402, 2.718521
HandLeft: -0.3213566, -0.1443398, 2.675417
ShoulderRight: 0.03665315, 0.4142869, 2.98607
ElbowRight: 0.2548692, 0.498151, 2.898564
WristRight: 0.4852484, 0.5781459, 2.796675
HandRight: 0.5685285, 0.5979925, 2.788688
HipLeft: -0.1816733, 0.01643393, 2.80192
KneeLeft: -0.1602729, -0.4228799, 2.721528
AnkleLeft: -0.1410344, -0.8000878, 2.648116
FootLeft: -0.1085104, -0.8576326, 2.53685
HipRight: -0.0348161, 0.02158734, 2.808294
KneeRight: -0.1235331, -0.5195671, 2.737355
AnkleRight: -0.1074501, -0.8058516, 2.656546
FootRight: -0.120999, -0.8553422, 2.517452
=========
HipCenter: -0.1171876, 0.08680076, 2.839471
Spine: -0.1281886, 0.133358, 2.919574
ShoulderCenter: -0.163858, 0.5183731, 3.035923
Head: -0.1342981, 0.6985704, 3.040616
ShoulderLeft: -0.2967395, 0.3768502, 2.954039
ElbowLeft: -0.333832, 0.1377355, 2.856455
WristLeft: -0.3182454, -0.07293699, 2.717654
HandLeft: -0.3212598, -0.144382, 2.675279
ShoulderRight: 0.03683424, 0.414502, 2.986401
ElbowRight: 0.2565283, 0.4969884, 2.894737
WristRight: 0.4802118, 0.5728058, 2.79462
HandRight: 0.5653184, 0.5909526, 2.780983
HipLeft: -0.1810375, 0.01625153, 2.801418
KneeLeft: -0.1600219, -0.422196, 2.721639
AnkleLeft: -0.1409908, -0.80008, 2.648144
FootLeft: -0.108511, -0.857631, 2.536896
HipRight: -0.03416078, 0.02152218, 2.808353
KneeRight: -0.1235357, -0.5196298, 2.737184
AnkleRight: -0.1072834, -0.8059819, 2.656528
FootRight: -0.1209599, -0.8553133, 2.517567
=========
HipCenter: -0.1166319, 0.08681369, 2.839271
Spine: -0.1277304, 0.1334129, 2.919351
ShoulderCenter: -0.163794, 0.5182908, 3.035714
Head: -0.1341706, 0.6984038, 3.040632
ShoulderLeft: -0.2967563, 0.3767999, 2.953816
ElbowLeft: -0.3338201, 0.1385757, 2.856598
WristLeft: -0.3178847, -0.07285802, 2.716888
HandLeft: -0.3211589, -0.1444192, 2.675148
ShoulderRight: 0.0370097, 0.4146799, 2.986676
ElbowRight: 0.2591203, 0.496273, 2.891043
WristRight: 0.4786715, 0.5698703, 2.792653
HandRight: 0.5635886, 0.5870387, 2.776666
HipLeft: -0.1805133, 0.01611084, 2.800982
KneeLeft: -0.159976, -0.4200928, 2.72184
AnkleLeft: -0.1409401, -0.7989902, 2.648312
FootLeft: -0.1085086, -0.8576229, 2.53695
HipRight: -0.03357301, 0.02144519, 2.808382
KneeRight: -0.123541, -0.5196846, 2.737012
AnkleRight: -0.1071703, -0.8060365, 2.656518
FootRight: -0.1210055, -0.8552489, 2.517818
=========
HipCenter: -0.1161138, 0.08682555, 2.839063
Spine: -0.127269, 0.1334598, 2.919117
ShoulderCenter: -0.1637074, 0.5182, 3.0355
Head: -0.1339816, 0.698284, 3.040789
ShoulderLeft: -0.2967736, 0.3767527, 2.953619
ElbowLeft: -0.3337446, 0.1393764, 2.856775
WristLeft: -0.3175878, -0.07277411, 2.716285
HandLeft: -0.3210581, -0.1444521, 2.675023
ShoulderRight: 0.03715864, 0.4148209, 2.986872
ElbowRight: 0.2623656, 0.4958646, 2.887769
WristRight: 0.5042811, 0.5713395, 2.773844
HandRight: 0.5689073, 0.5852864, 2.775025
HipLeft: -0.1800774, 0.01601368, 2.800596
KneeLeft: -0.1599265, -0.4173328, 2.722102
AnkleLeft: -0.1408394, -0.7969527, 2.648596
FootLeft: -0.1085062, -0.857614, 2.537007
HipRight: -0.03304102, 0.02136631, 2.808376
KneeRight: -0.1235464, -0.5197312, 2.73684
AnkleRight: -0.1070217, -0.8060831, 2.656515
FootRight: -0.1210214, -0.8552119, 2.51795
=========
HipCenter: -0.1156109, 0.08687717, 2.838822
Spine: -0.1268054, 0.1335082, 2.918866
ShoulderCenter: -0.1636267, 0.5181311, 3.035415
Head: -0.1335808, 0.6981407, 3.041153
ShoulderLeft: -0.2967733, 0.3767007, 2.95344
ElbowLeft: -0.3336222, 0.1401162, 2.856927
WristLeft: -0.3173939, -0.07268982, 2.715835
HandLeft: -0.3209593, -0.1444975, 2.674899
ShoulderRight: 0.03729168, 0.4149352, 2.987024
ElbowRight: 0.2652508, 0.4956796, 2.885256
WristRight: 0.5076724, 0.5707456, 2.769765
HandRight: 0.5691196, 0.5836958, 2.773153
HipLeft: -0.1797148, 0.01598964, 2.80028
KneeLeft: -0.1599174, -0.4148378, 2.722309
AnkleLeft: -0.1408003, -0.7951178, 2.648816
FootLeft: -0.1085041, -0.8576047, 2.537065
HipRight: -0.03246264, 0.02141277, 2.808126
KneeRight: -0.1235501, -0.5197763, 2.736672
AnkleRight: -0.1067651, -0.8061564, 2.656492
FootRight: -0.1210275, -0.8551874, 2.518031
=========
HipCenter: -0.1151611, 0.08692174, 2.838593
Spine: -0.1263828, 0.1335389, 2.918632
ShoulderCenter: -0.1635384, 0.5180535, 3.035376
Head: -0.1333297, 0.697994, 3.041382
ShoulderLeft: -0.2967184, 0.3766258, 2.953215
ElbowLeft: -0.3336191, 0.1405725, 2.856987
WristLeft: -0.3172589, -0.07261219, 2.715519
HandLeft: -0.3208306, -0.1446119, 2.674758
ShoulderRight: 0.03740662, 0.4150329, 2.987136
ElbowRight: 0.2834654, 0.5006256, 2.876536
WristRight: 0.5096392, 0.5703348, 2.767221
HandRight: 0.5691054, 0.5825375, 2.77177
HipLeft: -0.1794071, 0.01598596, 2.80004
KneeLeft: -0.1599291, -0.4127161, 2.722477
AnkleLeft: -0.1407858, -0.7936125, 2.64899
FootLeft: -0.1084983, -0.8575937, 2.537117
HipRight: -0.03194769, 0.02148112, 2.807786
KneeRight: -0.1235553, -0.5198235, 2.736503
AnkleRight: -0.1065939, -0.8061957, 2.656472
FootRight: -0.1210266, -0.855171, 2.51808
=========
HipCenter: -0.1147857, 0.0870564, 2.838266
Spine: -0.126001, 0.133628, 2.918317
ShoulderCenter: -0.1634386, 0.5179879, 3.035337
Head: -0.1331567, 0.6978358, 3.041641
ShoulderLeft: -0.296665, 0.3765564, 2.953019
ElbowLeft: -0.3335381, 0.1411738, 2.857276
WristLeft: -0.3171576, -0.0725622, 2.715282
HandLeft: -0.3207151, -0.1447418, 2.674649
ShoulderRight: 0.03749868, 0.4151065, 2.987214
ElbowRight: 0.2936898, 0.5036976, 2.871651
WristRight: 0.5099878, 0.5700931, 2.766236
HandRight: 0.5688968, 0.5817556, 2.770786
HipLeft: -0.1793456, 0.01655304, 2.799411
KneeLeft: -0.1625236, -0.4083579, 2.723065
AnkleLeft: -0.1418143, -0.7894478, 2.649308
FootLeft: -0.1084909, -0.8575868, 2.537155
HipRight: -0.03150936, 0.02155453, 2.807413
KneeRight: -0.1235592, -0.519879, 2.736314
AnkleRight: -0.1064173, -0.8062344, 2.656438
FootRight: -0.1210259, -0.8551574, 2.518117
=========
HipCenter: -0.1144783, 0.08717328, 2.837969
Spine: -0.1256753, 0.1337039, 2.918033
ShoulderCenter: -0.1633535, 0.5179327, 3.035315
Head: -0.1329766, 0.6976581, 3.041878
ShoulderLeft: -0.2965877, 0.3764559, 2.952795
ElbowLeft: -0.3332863, 0.1409342, 2.857168
WristLeft: -0.317094, -0.07252935, 2.715097
HandLeft: -0.3206108, -0.1448737, 2.674564
ShoulderRight: 0.03758533, 0.4151701, 2.987263
ElbowRight: 0.2970352, 0.5044408, 2.869839
WristRight: 0.5092877, 0.5700105, 2.766354
HandRight: 0.5686116, 0.5812812, 2.770124
HipLeft: -0.1793088, 0.0169485, 2.799011
KneeLeft: -0.1642599, -0.4056802, 2.723433
AnkleLeft: -0.1420451, -0.7874612, 2.6495
FootLeft: -0.1084829, -0.8575803, 2.537185
HipRight: -0.0311566, 0.02161158, 2.807021
KneeRight: -0.1235568, -0.5199479, 2.736113
AnkleRight: -0.1060407, -0.8063011, 2.656403
FootRight: -0.1210254, -0.8551474, 2.518144
=========
HipCenter: -0.1141941, 0.08729398, 2.83764
Spine: -0.1253685, 0.1337736, 2.917727
ShoulderCenter: -0.1632869, 0.5178757, 3.035295
Head: -0.1328964, 0.6975498, 3.042
ShoulderLeft: -0.2965327, 0.3763446, 2.9526
ElbowLeft: -0.3330925, 0.1409424, 2.857306
WristLeft: -0.3170457, -0.07249412, 2.714975
HandLeft: -0.3205205, -0.1450306, 2.674498
ShoulderRight: 0.03765591, 0.4152284, 2.987296
ElbowRight: 0.2975495, 0.5042148, 2.869828
WristRight: 0.5079745, 0.5700169, 2.767116
HandRight: 0.5682713, 0.5810199, 2.769609
HipLeft: -0.1792842, 0.01732336, 2.798575
KneeLeft: -0.1653439, -0.4038557, 2.72362
AnkleLeft: -0.1421997, -0.786238, 2.649608
FootLeft: -0.1084766, -0.8575746, 2.537203
HipRight: -0.03083842, 0.0216707, 2.80662
KneeRight: -0.1235544, -0.5200278, 2.735907
AnkleRight: -0.1056637, -0.806362, 2.656358
FootRight: -0.1210238, -0.8551394, 2.518167
=========
HipCenter: -0.1139171, 0.08739538, 2.837311
Spine: -0.1250534, 0.133831, 2.91742
ShoulderCenter: -0.1632114, 0.517824, 3.035278
Head: -0.1328417, 0.697478, 3.042091
ShoulderLeft: -0.2964796, 0.3762212, 2.952429
ElbowLeft: -0.3328823, 0.1409168, 2.85749
WristLeft: -0.3170203, -0.07245627, 2.714895
HandLeft: -0.3204377, -0.1452033, 2.674489
ShoulderRight: 0.03772967, 0.4152745, 2.987299
ElbowRight: 0.2697245, 0.4966593, 2.881453
WristRight: 0.5062569, 0.5701133, 2.768374
HandRight: 0.567832, 0.5809515, 2.769297
HipLeft: -0.179232, 0.0176102, 2.798202
KneeLeft: -0.1660661, -0.402516, 2.723713
AnkleLeft: -0.142301, -0.7853851, 2.649678
FootLeft: -0.1084748, -0.8575689, 2.537207
HipRight: -0.03055126, 0.02171405, 2.806237
KneeRight: -0.1235489, -0.5201063, 2.735708
AnkleRight: -0.1053068, -0.8064083, 2.656306
FootRight: -0.120991, -0.855131, 2.518169
=========
HipCenter: -0.113671, 0.08748037, 2.83702
Spine: -0.1247717, 0.1338708, 2.917149
ShoulderCenter: -0.1631513, 0.5177618, 3.035284
Head: -0.1328264, 0.6973888, 3.042226
ShoulderLeft: -0.2964312, 0.3761044, 2.952282
ElbowLeft: -0.3325431, 0.1403367, 2.857606
WristLeft: -0.3170158, -0.07240991, 2.714845
HandLeft: -0.3203499, -0.1454498, 2.674509
ShoulderRight: 0.03780939, 0.4153101, 2.987291
ElbowRight: 0.2650988, 0.4953753, 2.883573
WristRight: 0.5077579, 0.5707305, 2.767708
HandRight: 0.5708934, 0.5824206, 2.769953
HipLeft: -0.1791678, 0.01779859, 2.797946
KneeLeft: -0.1665242, -0.4015526, 2.723773
AnkleLeft: -0.1423714, -0.7847944, 2.649723
FootLeft: -0.1084728, -0.8575626, 2.537208
HipRight: -0.03029266, 0.02175769, 2.805879
KneeRight: -0.1235411, -0.5201823, 2.735511
AnkleRight: -0.1047405, -0.806525, 2.656231
FootRight: -0.1209318, -0.8551233, 2.51816
=========
HipCenter: -0.1134529, 0.08755623, 2.83676
Spine: -0.1245069, 0.1339011, 2.916902
ShoulderCenter: -0.1629081, 0.5176481, 3.035368
Head: -0.1328333, 0.6973088, 3.042351
ShoulderLeft: -0.2963448, 0.3759904, 2.952128
ElbowLeft: -0.3322364, 0.139487, 2.857642
WristLeft: -0.3170204, -0.07236642, 2.714817
HandLeft: -0.3202625, -0.1457025, 2.674541
ShoulderRight: 0.03789026, 0.4153436, 2.987271
ElbowRight: 0.2603244, 0.4942018, 2.885411
WristRight: 0.5075184, 0.5710026, 2.768255
HandRight: 0.571277, 0.5826907, 2.769881
HipLeft: -0.1791024, 0.01795299, 2.797765
KneeLeft: -0.1668553, -0.4008233, 2.723808
AnkleLeft: -0.1424234, -0.7843647, 2.649757
FootLeft: -0.1084709, -0.8575565, 2.537205
HipRight: -0.03007852, 0.02181831, 2.805498
KneeRight: -0.1235321, -0.520252, 2.735312
AnkleRight: -0.1041819, -0.8066396, 2.656145
FootRight: -0.1216292, -0.8548014, 2.516752
=========
HipCenter: -0.1133039, 0.08762621, 2.836561
Spine: -0.1243273, 0.1339235, 2.916729
ShoulderCenter: -0.16281, 0.5175794, 3.035785
Head: -0.1328352, 0.6972485, 3.042465
ShoulderLeft: -0.2962712, 0.3759078, 2.952024
ElbowLeft: -0.3319416, 0.1390186, 2.857849
WristLeft: -0.3170368, -0.07232101, 2.714807
HandLeft: -0.3201685, -0.146058, 2.674627
ShoulderRight: 0.03796757, 0.415374, 2.987241
ElbowRight: 0.2566901, 0.4933365, 2.88683
WristRight: 0.5066284, 0.5711821, 2.769356
HandRight: 0.5712847, 0.5829664, 2.769842
HipLeft: -0.1790693, 0.01807662, 2.797669
KneeLeft: -0.1671137, -0.4002581, 2.723836
AnkleLeft: -0.1424569, -0.7840425, 2.649778
FootLeft: -0.1084696, -0.8575507, 2.537201
HipRight: -0.0299664, 0.021938, 2.805058
KneeRight: -0.1235112, -0.5203059, 2.735122
AnkleRight: -0.1036513, -0.8067515, 2.656057
FootRight: -0.1218543, -0.8547363, 2.515582
=========
HipCenter: -0.1131981, 0.08766662, 2.836399
Spine: -0.1241857, 0.1339269, 2.916588
ShoulderCenter: -0.1627249, 0.5175049, 3.036216
Head: -0.1328434, 0.6970966, 3.04271
ShoulderLeft: -0.2961822, 0.3758365, 2.951944
ElbowLeft: -0.3319279, 0.1373847, 2.857065
WristLeft: -0.3170476, -0.07229368, 2.714808
HandLeft: -0.3200464, -0.1463581, 2.674709
ShoulderRight: 0.03803974, 0.4153806, 2.987173
ElbowRight: 0.2539445, 0.4926595, 2.888049
WristRight: 0.5056521, 0.571326, 2.770502
HandRight: 0.5710959, 0.5832298, 2.769826
HipLeft: -0.1790514, 0.01817433, 2.797626
KneeLeft: -0.1673496, -0.3997768, 2.723876
AnkleLeft: -0.1424785, -0.7837888, 2.649791
FootLeft: -0.1084673, -0.8575451, 2.537194
HipRight: -0.02994893, 0.02201618, 2.804568
KneeRight: -0.1234618, -0.520351, 2.734924
AnkleRight: -0.103151, -0.8068837, 2.655953
FootRight: -0.1220239, -0.8548543, 2.514558
=========
HipCenter: -0.1131162, 0.08769781, 2.836262
Spine: -0.1240727, 0.1339257, 2.916472
ShoulderCenter: -0.1626571, 0.5174385, 3.036624
Head: -0.1328133, 0.6969276, 3.042918
ShoulderLeft: -0.2959976, 0.3757598, 2.951852
ElbowLeft: -0.3318436, 0.1370689, 2.856989
WristLeft: -0.3170221, -0.07256019, 2.714689
HandLeft: -0.3199291, -0.1465692, 2.674788
ShoulderRight: 0.03811033, 0.4153854, 2.9871
ElbowRight: 0.2530476, 0.4922977, 2.888688
WristRight: 0.5047227, 0.5714043, 2.771583
HandRight: 0.5707835, 0.5834576, 2.769847
HipLeft: -0.1790403, 0.01826118, 2.797625
KneeLeft: -0.1675686, -0.3993531, 2.723927
AnkleLeft: -0.1424921, -0.783582, 2.649798
FootLeft: -0.1084674, -0.8575399, 2.537192
HipRight: -0.02997228, 0.02209044, 2.804108
KneeRight: -0.123386, -0.5203918, 2.734724
AnkleRight: -0.1021815, -0.8071793, 2.655878
FootRight: -0.1219921, -0.8549961, 2.514076
=========
HipCenter: -0.1130519, 0.08772627, 2.836155
Spine: -0.1239797, 0.1339248, 2.91638
ShoulderCenter: -0.1625801, 0.5173636, 3.036967
Head: -0.1327379, 0.6967529, 3.043034
ShoulderLeft: -0.2958042, 0.3757032, 2.95178
ElbowLeft: -0.3317142, 0.1369515, 2.857
WristLeft: -0.3169053, -0.07286277, 2.714537
HandLeft: -0.319677, -0.1466747, 2.674848
ShoulderRight: 0.03818123, 0.4153859, 2.987021
ElbowRight: 0.2549149, 0.4923486, 2.888445
WristRight: 0.5063195, 0.5716447, 2.771761
HandRight: 0.5727077, 0.5845348, 2.770097
HipLeft: -0.1790108, 0.01839848, 2.797885
KneeLeft: -0.1677745, -0.3989586, 2.723992
AnkleLeft: -0.1424896, -0.7833925, 2.649795
FootLeft: -0.1084674, -0.8575358, 2.53719
HipRight: -0.03002943, 0.02218261, 2.803625
KneeRight: -0.123308, -0.5204283, 2.734538
AnkleRight: -0.1012339, -0.8074734, 2.655805
FootRight: -0.1218691, -0.8550222, 2.51339
=========
HipCenter: -0.1129974, 0.0877549, 2.836076
Spine: -0.1239002, 0.1339305, 2.916318
ShoulderCenter: -0.1625377, 0.5174162, 3.037504
Head: -0.1326522, 0.696633, 3.043104
ShoulderLeft: -0.2955982, 0.3756643, 2.951741
ElbowLeft: -0.3315431, 0.1370385, 2.857117
WristLeft: -0.3168143, -0.07308026, 2.714444
HandLeft: -0.3194109, -0.1466774, 2.675073
ShoulderRight: 0.03829043, 0.4153675, 2.986931
ElbowRight: 0.2575502, 0.4925698, 2.887861
WristRight: 0.5134878, 0.5727128, 2.770832
HandRight: 0.5853625, 0.5873049, 2.772767
HipLeft: -0.1789653, 0.01854679, 2.798184
KneeLeft: -0.1679569, -0.3985994, 2.724069
AnkleLeft: -0.1424131, -0.7831942, 2.649768
FootLeft: -0.1084712, -0.8575311, 2.537192
HipRight: -0.03006708, 0.02226911, 2.803261
KneeRight: -0.1232267, -0.5204576, 2.734355
AnkleRight: -0.100553, -0.8076241, 2.655729
FootRight: -0.1217349, -0.8550977, 2.512839
=========
HipCenter: -0.1129485, 0.08778235, 2.836013
Spine: -0.1238308, 0.1339384, 2.916272
ShoulderCenter: -0.1624793, 0.5174916, 3.037995
Head: -0.132312, 0.6964766, 3.043028
ShoulderLeft: -0.2951877, 0.3756223, 2.95165
ElbowLeft: -0.3313766, 0.1372636, 2.857304
WristLeft: -0.31668, -0.0733191, 2.714331
HandLeft: -0.3191517, -0.1466475, 2.675225
ShoulderRight: 0.03852436, 0.415295, 2.986794
ElbowRight: 0.2607101, 0.4928981, 2.88705
WristRight: 0.5142388, 0.5719426, 2.771396
HandRight: 0.5861012, 0.5853828, 2.773516
HipLeft: -0.1788702, 0.01871093, 2.798638
KneeLeft: -0.16812, -0.3982559, 2.72416
AnkleLeft: -0.1423363, -0.7830027, 2.649732
FootLeft: -0.1084749, -0.8575267, 2.537195
HipRight: -0.03010248, 0.02236035, 2.802926
KneeRight: -0.1231396, -0.5204931, 2.734164
AnkleRight: -0.09983305, -0.8077921, 2.655561
FootRight: -0.121804, -0.8551529, 2.51235
