
-0.1626132 -0.02869995 2.580853
-0.1381121 0.02144727 2.652377
0.060364 0.3601113 2.760941
0.1638524 0.4902965 2.7733
-0.08139848 0.2923623 2.674505
-0.3209426 0.3759169 2.730128
-0.5873595 0.3604354 2.712383
-0.6530082 0.3435405 2.705927
0.1136674 0.2037283 2.708686
0.07967525 -0.03401389 2.612749
0.0755133 -0.2100471 2.513736
0.06844361 -0.2833088 2.461074
-0.2286114 -0.04847892 2.557027
-0.2672721 -0.4534673 2.488561
-0.2642975 -0.7163867 2.389468
-0.2271264 -0.7894191 2.303529
-0.1427428 -0.08429991 2.565589
-0.1155595 -0.444876 2.505143
-0.1142875 -0.7266312 2.409057
-0.1216486 -0.8027155 2.321781

-0.1733594 -0.01885327 2.582291
-0.1459306 0.02848869 2.653609
0.06047343 0.3600535 2.760928
0.1641234 0.4899529 2.773321
-0.08169723 0.2926224 2.674472
-0.3209085 0.3761553 2.730977
-0.5873165 0.3606589 2.713061
-0.6528031 0.3440088 2.707056
0.1099917 0.2027416 2.704663
0.07969148 -0.03354016 2.612749
0.07551649 -0.2096788 2.513908
0.06833863 -0.2829245 2.461185
-0.2370797 -0.04030806 2.557834
-0.2676508 -0.4536451 2.488461
-0.2643172 -0.7163722 2.38945
-0.2271142 -0.7894155 2.303545
-0.1568886 -0.07224138 2.567674
-0.1155301 -0.4412875 2.505348
-0.1142694 -0.7266096 2.409061
-0.1217869 -0.8027483 2.321768

-0.1776245 -0.0131169 2.58342
-0.1494321 0.03278642 2.654517
0.06062128 0.3599761 2.760909
0.1644115 0.4895943 2.773319
-0.08199003 0.2929107 2.674459
-0.3084847 0.3825384 2.747501
-0.5769698 0.3624443 2.716609
-0.6418537 0.3464023 2.710919
0.1082622 0.202418 2.702756
0.07970247 -0.03313131 2.612731
0.07554021 -0.2093635 2.514048
0.06825677 -0.2825892 2.461266
-0.2401877 -0.03238896 2.559574
-0.2679347 -0.4540839 2.488344
-0.2643602 -0.7163615 2.389425
-0.2271083 -0.7894118 2.303554
-0.1621861 -0.06713723 2.568716
-0.1154923 -0.4405667 2.505386
-0.1142566 -0.7265937 2.409065
-0.1218987 -0.8027713 2.32176

-0.166852 -0.02598502 2.57954
-0.14444 0.02728761 2.652819
0.06077744 0.3598896 2.760884
0.1646859 0.4892223 2.773302
-0.08178117 0.2925397 2.674143
-0.2973084 0.3846421 2.756327
-0.5638961 0.3642075 2.720257
-0.6282132 0.3486698 2.71681
0.1019087 0.2021468 2.696076
0.07970194 -0.0327485 2.612673
0.07557786 -0.2090884 2.514162
0.06820656 -0.2823189 2.461339
-0.2194521 -0.04971796 2.565986
-0.2664338 -0.454717 2.488503
-0.2644089 -0.7163675 2.38941
-0.2271052 -0.7894107 2.303564
-0.1508159 -0.07559612 2.55944
-0.1154926 -0.44136 2.5053
-0.114246 -0.7265841 2.409066
-0.1219859 -0.8027945 2.321741

-0.1568725 -0.03585517 2.577203
-0.1375995 0.02071043 2.651152
0.06094836 0.3597856 2.760854
0.1649333 0.4888779 2.773276
-0.08152416 0.2921113 2.673814
-0.2970844 0.3828334 2.755771
-0.5618314 0.3646177 2.721454
-0.6261545 0.3492328 2.718615
0.1003291 0.2020893 2.694454
0.07975028 -0.03209335 2.612675
0.07567152 -0.2085221 2.514348
0.06818106 -0.2817963 2.461497
-0.2083454 -0.06022761 2.568869
-0.2724753 -0.4295808 2.487742
-0.2641717 -0.7165912 2.389392
-0.2269756 -0.7895505 2.303526
-0.1355705 -0.08504088 2.552244
-0.1154772 -0.4413319 2.505287
-0.1142375 -0.7265818 2.409066
-0.1220618 -0.8028222 2.321714

-0.1511186 -0.04244418 2.575836
-0.1330866 0.0154103 2.649885
0.0611079 0.3596816 2.760822
0.1651581 0.4885531 2.773233
-0.08064155 0.2908605 2.673162
-0.2860979 0.3860604 2.761142
-0.5495927 0.3664809 2.724773
-0.6143406 0.350902 2.72143
0.09966387 0.2021354 2.693994
0.07979599 -0.03153775 2.612672
0.07576627 -0.2080367 2.5145
0.06816574 -0.2813354 2.461617
-0.2027722 -0.06874358 2.567918
-0.2735793 -0.4254691 2.487775
-0.2640764 -0.7167311 2.389398
-0.2269545 -0.789642 2.303513
-0.128719 -0.09073293 2.550461
-0.1154686 -0.442425 2.505224
-0.1142305 -0.7265824 2.409065
-0.1221213 -0.8028402 2.321699

-0.14827 -0.04836264 2.57459
-0.1298718 0.009423096 2.648526
0.06127034 0.359553 2.760778
0.1653627 0.4882348 2.773167
-0.07940914 0.288937 2.672202
-0.2983435 0.3730593 2.739113
-0.5540208 0.3661334 2.724931
-0.6190039 0.3503499 2.720986
0.09829874 0.201982 2.692783
0.07984249 -0.03105995 2.612671
0.07584997 -0.2076009 2.51462
0.06814676 -0.2809092 2.461702
-0.1999133 -0.07572492 2.565855
-0.2745405 -0.4271979 2.487929
-0.2636813 -0.7172293 2.389302
-0.2267689 -0.7900237 2.30337
-0.1256008 -0.09465919 2.549994
-0.1154028 -0.4448186 2.505101
-0.11424 -0.7266158 2.40905
-0.122219 -0.8029138 2.321649

-0.1465255 -0.05241401 2.573781
-0.1273281 0.004651254 2.647555
0.06144737 0.3593933 2.760722
0.1655603 0.4878999 2.77307
-0.07836423 0.2871864 2.671268
-0.3063914 0.3647766 2.725566
-0.5602787 0.3658182 2.724984
-0.6255709 0.3503339 2.720536
0.09468466 0.2021788 2.689478
0.07990681 -0.02956674 2.612994
0.07588578 -0.2073607 2.514653
0.06811133 -0.2806724 2.461715
-0.1982982 -0.08060847 2.564961
-0.2749505 -0.4317531 2.488224
-0.2634695 -0.7175386 2.389194
-0.2266778 -0.7902309 2.303212
-0.1236794 -0.09735417 2.549505
-0.1153368 -0.4474884 2.504981
-0.1143072 -0.7267323 2.408981
-0.122289 -0.8029788 2.321623

-0.1454522 -0.05542788 2.573217
-0.1260025 0.001470759 2.646853
0.06163295 0.3591814 2.760614
0.1657648 0.487563 2.772949
-0.07737689 0.285506 2.670388
-0.3070165 0.364264 2.72337
-0.5607901 0.3659146 2.725276
-0.6261966 0.3505058 2.720601
0.09425501 0.2025918 2.689248
0.07998542 -0.02846106 2.613214
0.0759027 -0.2071573 2.514643
0.06807106 -0.280503 2.461722
-0.1981419 -0.08519389 2.561774
-0.2749337 -0.4351777 2.488575
-0.2632563 -0.7178267 2.389103
-0.2265864 -0.7904115 2.303065
-0.1229495 -0.1019747 2.551438
-0.1152604 -0.4497812 2.504889
-0.1143466 -0.7267761 2.408962
-0.122353 -0.8030543 2.321561

-0.1449511 -0.05677447 2.573001
-0.1252056 -5.640893E-05 2.646514
0.06180652 0.358975 2.760506
0.1659384 0.4872724 2.772825
-0.07742212 0.2855733 2.670436
-0.3100263 0.3670627 2.72498
-0.5647147 0.3658924 2.725257
-0.6301265 0.3505115 2.720243
0.09615588 0.2030164 2.691094
0.08002841 -0.0274625 2.613445
0.07591099 -0.2069965 2.514627
0.06803427 -0.2803727 2.461724
-0.2013751 -0.08559565 2.55856
-0.2749189 -0.4389309 2.488781
-0.2631817 -0.7179852 2.389079
-0.2265164 -0.7904853 2.303008
-0.1228933 -0.1042268 2.553033
-0.1152408 -0.4504845 2.504886
-0.1143622 -0.7268108 2.40895
-0.1224207 -0.8031415 2.321464

-0.1447421 -0.05754441 2.572968
-0.1246504 -0.001158775 2.646277
0.06196493 0.3587794 2.760406
0.1660805 0.4870197 2.772675
-0.07753543 0.2853862 2.670346
-0.3120598 0.3688795 2.726092
-0.5680494 0.3658156 2.72509
-0.6333584 0.3502307 2.719976
0.09990324 0.203241 2.694779
0.0794767 -0.02914819 2.612807
0.07565256 -0.2079324 2.513841
0.06778248 -0.281464 2.461071
-0.2035825 -0.08581386 2.556597
-0.2749718 -0.4454299 2.488605
-0.2631387 -0.718115 2.389067
-0.2264763 -0.7905398 2.302968
-0.1228746 -0.105642 2.55432
-0.115297 -0.4512261 2.504862
-0.1143814 -0.7268475 2.408933
-0.1224834 -0.8032272 2.321364

-0.1445234 -0.05835133 2.572917
-0.1242711 -0.002049976 2.646111
0.06213733 0.3585601 2.760318
0.1662058 0.4868136 2.772516
-0.07750203 0.2851196 2.670208
-0.3133921 0.3692823 2.725358
-0.5712519 0.3656858 2.724674
-0.6475673 0.3490956 2.719498
0.1031172 0.2031549 2.697955
0.07935566 -0.02919221 2.612759
0.0755574 -0.2079889 2.513691
0.06770317 -0.2815756 2.460972
-0.2047697 -0.08671646 2.555247
-0.2750983 -0.4474968 2.488577
-0.2630777 -0.7181994 2.389045
-0.2264232 -0.7905768 2.302918
-0.122901 -0.1068123 2.555392
-0.1153832 -0.4521146 2.504872
-0.1143877 -0.7268721 2.408926
-0.1225211 -0.8032748 2.321312

-0.1446541 -0.05886042 2.572886
-0.1241534 -0.002691023 2.645973
0.0622947 0.3583558 2.760237
0.1663153 0.4866404 2.772322
-0.07757775 0.2848654 2.670042
-0.3142702 0.369509 2.725236
-0.5733398 0.3655898 2.724428
-0.6554245 0.3485448 2.719234
0.1055685 0.202949 2.700375
0.07925633 -0.02916906 2.612759
0.07524288 -0.2077008 2.513739
0.06757911 -0.2814578 2.461071
-0.2079189 -0.08639684 2.55151
-0.2749451 -0.4495465 2.488526
-0.2629772 -0.7182807 2.389034
-0.2263795 -0.7906018 2.302866
-0.123589 -0.1079823 2.55671
-0.1154914 -0.4530473 2.504927
-0.1143938 -0.7268907 2.408921
-0.12254 -0.8033078 2.321276

-0.1449845 -0.05917761 2.572896
-0.1241867 -0.003156009 2.645883
0.06242111 0.3581848 2.760188
0.1664099 0.486522 2.772124
-0.07790536 0.2851089 2.670067
-0.2910817 0.3787246 2.74513
-0.5605133 0.3666972 2.725445
-0.6603945 0.3482833 2.718848
0.1073492 0.2026677 2.702005
0.07918225 -0.02915631 2.612766
0.07493889 -0.2074272 2.513798
0.06745339 -0.2813433 2.461192
-0.2104551 -0.08622807 2.548823
-0.2746132 -0.4515517 2.488483
-0.2629356 -0.7183294 2.389024
-0.2263515 -0.7906169 2.302833
-0.1242999 -0.1088759 2.557812
-0.1155398 -0.4533467 2.504963
-0.1143956 -0.7269165 2.408907
-0.122554 -0.8033365 2.321244

-0.1453719 -0.05945315 2.572929
-0.1244322 -0.003484233 2.645828
0.06253847 0.3580397 2.760164
0.1664915 0.4864338 2.771943
-0.07759071 0.2840196 2.669319
-0.284288 0.3824584 2.751384
-0.5553491 0.3672479 2.72571
-0.6634681 0.3481631 2.718587
0.1086552 0.2024322 2.703191
0.07912007 -0.02912676 2.612778
0.07462516 -0.2071149 2.513881
0.06731436 -0.2811913 2.461352
-0.2118859 -0.086466 2.546996
-0.2742382 -0.4532428 2.488433
-0.2628756 -0.718376 2.389011
-0.226332 -0.7906275 2.302786
-0.1250441 -0.1095698 2.558885
-0.1155735 -0.4530927 2.505068
-0.1143949 -0.7269454 2.408885
-0.1225636 -0.8033611 2.32122

-0.1457026 -0.05959997 2.572977
-0.1246068 -0.00370371 2.645802
0.06270006 0.3578865 2.760157
0.1665859 0.486367 2.771751
-0.07760132 0.2840665 2.669222
-0.2927887 0.3816814 2.744672
-0.5595511 0.3670273 2.724823
-0.665552 0.348076 2.718379
0.1096017 0.2022614 2.704068
0.07906701 -0.02896208 2.612843
0.07416857 -0.2065958 2.514251
0.06712548 -0.2808298 2.461767
-0.2129283 -0.0865828 2.545167
-0.2739321 -0.4546563 2.48841
-0.2628193 -0.7184144 2.388998
-0.2263169 -0.7906379 2.302746
-0.1256672 -0.1101875 2.560354
-0.1156039 -0.4523484 2.505192
-0.1143896 -0.7269621 2.408866
-0.1225719 -0.8033804 2.321202

-0.1460375 -0.05965013 2.573041
-0.1248245 -0.003822367 2.645799
0.06280655 0.3577708 2.760149
0.1666534 0.4863172 2.771559
-0.07763962 0.2842014 2.66918
-0.2880455 0.3840182 2.751503
-0.5554129 0.3674331 2.725383
-0.6672636 0.3479543 2.718255
0.1103008 0.2021047 2.70473
0.07902637 -0.02875043 2.612918
0.07371101 -0.2060509 2.514633
0.06689642 -0.2804315 2.462225
-0.2135864 -0.08662722 2.544071
-0.2737733 -0.455355 2.488403
-0.2627904 -0.7184348 2.388997
-0.2263161 -0.7906317 2.302721
-0.1261459 -0.1105522 2.561479
-0.1156263 -0.4523311 2.505226
-0.1143857 -0.7269698 2.408854
-0.1225771 -0.8033972 2.321187

-0.146358 -0.05964155 2.573111
-0.1250601 -0.003871657 2.64581
0.06290606 0.3576607 2.760142
0.1667106 0.4862718 2.771327
-0.07763504 0.2841668 2.669118
-0.2946272 0.3796481 2.748471
-0.5590093 0.367034 2.724801
-0.6686339 0.3479193 2.718128
0.1108149 0.2019705 2.705216
0.07896163 -0.02848459 2.61302
0.0732064 -0.2054598 2.515029
0.06664973 -0.2800145 2.462745
-0.2140088 -0.08666806 2.543444
-0.2738016 -0.4553309 2.488373
-0.2627931 -0.7184312 2.388997
-0.2264152 -0.7905965 2.30269
-0.1264786 -0.1107069 2.562203
-0.1156539 -0.4523988 2.505241
-0.1143806 -0.7269657 2.408851
-0.1225816 -0.8034074 2.321181

-0.1466097 -0.05960661 2.573181
-0.1252688 -0.003881358 2.64583
0.06299221 0.3575627 2.760137
0.1667502 0.4862394 2.771111
-0.07763299 0.284146 2.669072
-0.2897372 0.3793565 2.751131
-0.5536475 0.3672893 2.725084
-0.6698663 0.347882 2.718066
0.1111943 0.2018496 2.705572
0.0789321 -0.02819565 2.613137
0.07272322 -0.2048855 2.515414
0.06639977 -0.279603 2.46327
-0.2141602 -0.08660995 2.5432
-0.2737823 -0.4556031 2.488343
-0.2628343 -0.7183895 2.389009
-0.2265319 -0.7905108 2.302672
-0.1266625 -0.1108293 2.562646
-0.1156937 -0.4525154 2.505248
-0.114388 -0.7269665 2.408843
-0.1225826 -0.8034149 2.321179

-0.1462959 -0.05801933 2.574073
-0.1254447 -0.002971084 2.646257
0.06304565 0.3574885 2.76014
0.1667654 0.4862187 2.770907
-0.0779874 0.2849076 2.669443
-0.2855484 0.3792434 2.753299
-0.5492123 0.3675586 2.725324
-0.6707199 0.347881 2.718015
0.120675 0.186819 2.710028
0.0788983 -0.0279322 2.613231
0.07228428 -0.2043984 2.515737
0.0661521 -0.2792526 2.463722
-0.2139092 -0.08603721 2.544929
-0.2737593 -0.4559077 2.488296
-0.2628462 -0.71837 2.389011
-0.2265988 -0.7904519 2.302643
-0.125966 -0.1099637 2.562512
-0.1157621 -0.4514498 2.505445
-0.1144055 -0.72693 2.408839
-0.1225837 -0.8034201 2.32118

-0.1458416 -0.05653448 2.574854
-0.1252192 -0.00230878 2.646675
0.06308044 0.3574254 2.760154
0.1667687 0.4862112 2.770723
-0.07882154 0.2864993 2.6703
-0.3015501 0.3774685 2.743831
-0.5630407 0.3671561 2.72386
-0.6713883 0.3478995 2.717993
0.1184113 0.1842097 2.70672
0.07890995 -0.02750718 2.613377
0.07188607 -0.2039873 2.516003
0.06591081 -0.2789454 2.464081
-0.2132313 -0.08533116 2.546924
-0.2738267 -0.4566006 2.488208
-0.2628999 -0.7183199 2.389018
-0.2266618 -0.7904085 2.302651
-0.1248758 -0.108823 2.562064
-0.1157931 -0.4513241 2.50549
-0.114437 -0.7268912 2.408826
-0.1226016 -0.8034418 2.32118

-0.1455916 -0.05557889 2.575393
-0.1250762 -0.00180815 2.64701
0.06312773 0.357325 2.760194
0.1667734 0.4862007 2.770566
-0.07946678 0.2872036 2.670673
-0.294976 0.3819018 2.742394
-0.5579666 0.3682687 2.723334
-0.6718691 0.347911 2.717965
0.1166724 0.1834523 2.704797
0.07799038 -0.03212332 2.61123
0.07059964 -0.208456 2.513973
0.06476909 -0.2835766 2.46235
-0.2126188 -0.0847232 2.548737
-0.2741068 -0.4562193 2.488184
-0.2628597 -0.7182964 2.389031
-0.2266904 -0.7903901 2.302643
-0.1241344 -0.1080429 2.561613
-0.1158164 -0.4514021 2.505531
-0.1144657 -0.726853 2.408816
-0.1226197 -0.8034621 2.32118

-0.1454367 -0.05493629 2.575761
-0.1249815 -0.00142153 2.647269
0.06317382 0.3572218 2.760239
0.1667748 0.4861929 2.77043
-0.08004171 0.2877017 2.670924
-0.2925717 0.3837861 2.74155
-0.5538799 0.3691329 2.722884
-0.6722242 0.3479219 2.717943
0.1148782 0.1837956 2.703481
0.07750384 -0.03196682 2.611271
0.07006598 -0.2085315 2.513994
0.06433929 -0.2837341 2.462489
-0.2120896 -0.08422508 2.550274
-0.2742664 -0.4559301 2.488183
-0.2627935 -0.7182717 2.389048
-0.2267157 -0.7903746 2.302634
-0.1235739 -0.1074706 2.561141
-0.1158343 -0.451795 2.505571
-0.1144975 -0.7268109 2.408803
-0.122636 -0.8034817 2.321179

-0.145316 -0.05443779 2.576042
-0.1248785 -0.001105612 2.647487
0.06321048 0.3571319 2.760278
0.1667698 0.4861896 2.7703
-0.08082452 0.2887966 2.67145
-0.3013828 0.3839989 2.738141
-0.5637885 0.369184 2.722157
-0.6725257 0.3479861 2.717994
0.1124551 0.1847267 2.701862
0.07446378 -0.03822903 2.607611
0.06910622 -0.2146003 2.511314
0.06353556 -0.2899105 2.46003
-0.2116512 -0.08380014 2.55151
-0.2743362 -0.4557415 2.488172
-0.2627824 -0.7182583 2.389057
-0.2267337 -0.79036 2.302633
-0.1231101 -0.10701 2.560706
-0.1157658 -0.4510119 2.505515
-0.114547 -0.7267873 2.408778
-0.122629 -0.8035021 2.321196

-0.1452652 -0.05411411 2.576225
-0.1248759 -0.0008510384 2.647638
0.06320692 0.3570615 2.760299
0.1667304 0.4861885 2.770132
-0.08106162 0.2890361 2.671581
-0.308715 0.380552 2.731814
-0.5701699 0.369014 2.721299
-0.6727527 0.3480523 2.718048
0.1110643 0.1856256 2.701443
0.07252577 -0.03503856 2.60814
0.06856227 -0.2141125 2.511635
0.06299213 -0.2894541 2.460464
-0.2112988 -0.08346251 2.552498
-0.2743897 -0.4549953 2.488214
-0.262812 -0.7182321 2.38905
-0.2267532 -0.7903287 2.302624
-0.1228278 -0.1066821 2.560332
-0.1156954 -0.4510533 2.505471
-0.1145957 -0.7267666 2.408746
-0.1226193 -0.80351 2.321216

-0.1451616 -0.05382146 2.576413
-0.1248303 -0.0006045407 2.647792
0.06319566 0.3569984 2.760312
0.1666795 0.4861867 2.769958
-0.0812782 0.2893177 2.671701
-0.3120938 0.3802441 2.729542
-0.5740681 0.3691391 2.720893
-0.6729282 0.3481194 2.718102
0.1099368 0.18657 2.701215
0.07118165 -0.03190047 2.608873
0.06805734 -0.2132603 2.512095
0.06230539 -0.2884823 2.46093
-0.210381 -0.08332096 2.554782
-0.2744395 -0.4540415 2.488234
-0.2629007 -0.7181742 2.38903
-0.2267734 -0.7902889 2.302624
-0.122383 -0.1062794 2.559637
-0.1155369 -0.4513751 2.505409
-0.114614 -0.726759 2.408736
-0.1226072 -0.8035212 2.321254

-0.1450913 -0.05355812 2.576581
-0.1248128 -0.0003478879 2.647947
0.06315799 0.3569472 2.760335
0.1666111 0.4861882 2.769781
-0.08128827 0.2889113 2.671366
-0.2935969 0.3863168 2.7418
-0.5605807 0.3715855 2.723774
-0.6731026 0.3482085 2.718233
0.1085508 0.1876791 2.700655
0.07026076 -0.02917205 2.609562
0.06760574 -0.2128529 2.512233
0.06164472 -0.287993 2.461118
-0.2099794 -0.08280925 2.558367
-0.274497 -0.4535115 2.48823
-0.263024 -0.7180957 2.389015
-0.2267923 -0.7902286 2.302634
-0.1219291 -0.1054619 2.558216
-0.1153965 -0.4518155 2.505334
-0.1146315 -0.7267546 2.408725
-0.1225881 -0.8035249 2.321301

-0.1450603 -0.0534182 2.576669
-0.1248198 -0.0002053772 2.648031
0.0631275 0.3569003 2.760346
0.1665425 0.4861898 2.769611
-0.08119921 0.2883163 2.670894
-0.2973813 0.3840178 2.737316
-0.562546 0.3719943 2.724113
-0.6734289 0.3483929 2.718515
0.1073978 0.189074 2.700385
0.0695904 -0.02716388 2.609987
0.06722025 -0.2123516 2.51239
0.06100864 -0.2873854 2.461294
-0.2097016 -0.08262853 2.560174
-0.2745116 -0.4524653 2.488249
-0.2632217 -0.718003 2.388984
-0.2268086 -0.7901897 2.30266
-0.1217628 -0.1050055 2.557261
-0.1152809 -0.4523393 2.505243
-0.1146539 -0.7267531 2.408707
-0.1225877 -0.8035396 2.321316

-0.1450372 -0.05331422 2.576735
-0.124815 -0.0001020614 2.648097
0.06310638 0.3568593 2.760356
0.166476 0.4861896 2.769423
-0.08161773 0.2887658 2.670835
-0.3057557 0.3820245 2.733413
-0.5698972 0.3721827 2.724453
-0.6737465 0.3485838 2.718773
0.1065088 0.1903086 2.700208
0.06922468 -0.02559152 2.610307
0.0668729 -0.211408 2.512688
0.06036938 -0.2863615 2.461605
-0.2094676 -0.08255584 2.561364
-0.2745256 -0.4515024 2.488266
-0.2633063 -0.717968 2.388935
-0.2268443 -0.7901771 2.302643
-0.1216555 -0.1046384 2.556536
-0.1151969 -0.4529957 2.505135
-0.1146897 -0.7267467 2.408692
-0.1225681 -0.8035599 2.321316

-0.1451106 -0.05327994 2.576773
-0.1248599 -1.52839E-05 2.648145
0.06309335 0.356835 2.760363
0.1664167 0.4861986 2.769252
-0.08159061 0.2885829 2.670596
-0.3095026 0.3796203 2.72999
-0.5726006 0.3722251 2.724442
-0.66365 0.3495091 2.719267
0.1059783 0.1912585 2.700159
0.06899501 -0.02446459 2.610523
0.06658448 -0.2105292 2.512866
0.0598208 -0.2854826 2.461838
-0.2093618 -0.0825229 2.562075
-0.2744824 -0.4498997 2.488405
-0.2633995 -0.7179394 2.38887
-0.2269261 -0.7901936 2.302616
-0.1217851 -0.1043587 2.556054
-0.114998 -0.4522837 2.505093
-0.1147281 -0.7267398 2.408676
-0.122549 -0.8035796 2.321311

-0.1462243 -0.05147235 2.576973
-0.1254512 0.001093843 2.648376
0.06307723 0.3568103 2.760388
0.1663658 0.4862095 2.769114
-0.08165834 0.2886434 2.670529
-0.3134505 0.3778726 2.727303
-0.5761674 0.3721514 2.724324
-0.6592217 0.3500367 2.719501
0.1056023 0.1920371 2.700149
0.06885624 -0.02360452 2.610681
0.06633225 -0.2095977 2.513041
0.05934353 -0.2846143 2.462093
-0.2106401 -0.08002394 2.561994
-0.2743905 -0.4484259 2.488542
-0.2634345 -0.717933 2.388838
-0.2270121 -0.7902324 2.302571
-0.1233709 -0.1019023 2.556078
-0.1147252 -0.4504935 2.505204
-0.1147677 -0.7267348 2.408664
-0.1224981 -0.8036069 2.321256

-0.1470317 -0.04902381 2.577318
-0.1259681 0.002744363 2.6487
0.06305383 0.3567899 2.760414
0.166308 0.4862266 2.768985
-0.08173765 0.2886881 2.670464
-0.3166125 0.3763957 2.725109
-0.5791844 0.3720483 2.724183
-0.6564626 0.3504043 2.719529
0.1053484 0.192712 2.700171
0.06878199 -0.02294756 2.610798
0.06608287 -0.2083725 2.513349
0.05889178 -0.2834869 2.462477
-0.2117618 -0.07591598 2.561609
-0.2744231 -0.4480725 2.488625
-0.2634711 -0.717932 2.388806
-0.2271003 -0.7902727 2.302528
-0.1241708 -0.09953173 2.556485
-0.1146321 -0.4481658 2.505181
-0.1148005 -0.7267295 2.408654
-0.1224637 -0.803626 2.321198

-0.1478793 -0.04658528 2.577521
-0.1266011 0.004547223 2.64893
0.06302779 0.3567713 2.760442
0.1662485 0.4862421 2.768862
-0.08183246 0.2887114 2.670389
-0.3184488 0.3755709 2.724018
-0.5811876 0.3719908 2.724083
-0.6543691 0.3507234 2.71952
0.1052223 0.1932563 2.700259
0.0687437 -0.02246764 2.610874
0.06590819 -0.2075396 2.51345
0.0585281 -0.2827623 2.462682
-0.2130592 -0.07178181 2.560745
-0.2744502 -0.4480596 2.488714
-0.2634719 -0.7179498 2.388789
-0.2271555 -0.7903048 2.302493
-0.1249116 -0.09747826 2.556874
-0.1145952 -0.4457693 2.505117
-0.114834 -0.7267044 2.408649
-0.1224268 -0.8036268 2.321155

-0.1485291 -0.044686 2.577678
-0.1271035 0.006033615 2.649113
0.06301437 0.3567485 2.760457
0.1661935 0.4862507 2.768731
-0.08207075 0.2889936 2.670386
-0.3223355 0.3722475 2.721819
-0.584554 0.3717408 2.723856
-0.6533449 0.3508983 2.719476
0.1051633 0.1936716 2.700361
0.06872849 -0.02210609 2.610927
0.06575303 -0.2070057 2.513444
0.05826327 -0.2823346 2.462777
-0.2138021 -0.06985128 2.560354
-0.2744939 -0.4479754 2.488763
-0.2634614 -0.7179728 2.388776
-0.2272057 -0.7903367 2.302459
-0.1255044 -0.09579707 2.557218
-0.1145826 -0.4438499 2.505068
-0.1148691 -0.7266762 2.408647
-0.1223845 -0.8036227 2.321109

-0.1490592 -0.04334418 2.577741
-0.1274241 0.007062791 2.649227
0.06300216 0.3567289 2.760469
0.166133 0.4862773 2.768572
-0.08223953 0.28908 2.670318
-0.3241701 0.370693 2.720881
-0.5864245 0.3716165 2.72367
-0.6525503 0.3510357 2.719438
0.1045807 0.1940764 2.699684
0.06872982 -0.0218828 2.610845
0.06564008 -0.2065234 2.513446
0.05805338 -0.2819434 2.462856
-0.2144067 -0.06849969 2.560169
-0.2744735 -0.4481271 2.48881
-0.2634949 -0.717988 2.388752
-0.227293 -0.7903637 2.302418
-0.1259287 -0.09466129 2.557184
-0.114581 -0.4432943 2.505029
-0.1149066 -0.7266425 2.408643
-0.1223506 -0.8036197 2.321069

-0.1495916 -0.04235407 2.577666
-0.1277246 0.007848183 2.649252
0.06299786 0.356714 2.760484
0.166094 0.4863297 2.768355
-0.08242951 0.2890577 2.670182
-0.3252726 0.3697715 2.720259
-0.587692 0.3715151 2.723529
-0.6599315 0.3510512 2.719224
0.1038809 0.1942617 2.698752
0.0687448 -0.02176595 2.610628
0.0655537 -0.2061656 2.51341
0.05789357 -0.2816705 2.462898
-0.214976 -0.06760194 2.559977
-0.2744679 -0.4480874 2.488835
-0.26354 -0.7180053 2.388708
-0.2273393 -0.7903824 2.302383
-0.1264523 -0.0934982 2.556896
-0.1145945 -0.4429095 2.504997
-0.1149455 -0.7266085 2.408638
-0.1223502 -0.803615 2.321031

-0.1500036 -0.0416049 2.57759
-0.1280081 0.008517811 2.64925
0.06299197 0.3567052 2.760492
0.1660408 0.4864205 2.768091
-0.08264819 0.2889707 2.669986
-0.3261245 0.3689811 2.719727
-0.5886449 0.3714555 2.723363
-0.6655192 0.3510484 2.719048
0.1036461 0.1944282 2.69845
0.06868648 -0.0217683 2.610265
0.06547315 -0.2058369 2.513334
0.05774865 -0.2814165 2.462892
-0.2153126 -0.06694707 2.55983
-0.2744598 -0.4480365 2.488849
-0.263651 -0.7179525 2.388673
-0.2274005 -0.7903672 2.302381
-0.1268826 -0.09262164 2.556677
-0.1146869 -0.4431085 2.504932
-0.1150007 -0.7265699 2.408628
-0.1223528 -0.8036079 2.320987

-0.1510111 -0.04063421 2.577483
-0.1286163 0.009333085 2.649235
0.06298732 0.3566965 2.760499
0.165991 0.4864918 2.767838
-0.08285727 0.2888697 2.669785
-0.3267026 0.368528 2.719377
-0.589296 0.371405 2.723221
-0.6689091 0.3510899 2.718801
0.1034309 0.1945212 2.698117
0.06864198 -0.02179708 2.609951
0.06536542 -0.205613 2.513059
0.05759427 -0.2812635 2.462725
-0.2157459 -0.06633207 2.559857
-0.2744558 -0.4479954 2.488854
-0.2637718 -0.717891 2.388636
-0.2274441 -0.7903461 2.302384
-0.1316424 -0.09010313 2.554993
-0.1147866 -0.4433605 2.50486
-0.1150436 -0.7265384 2.408619
-0.1223611 -0.8036034 2.320954

-0.1506138 -0.04011291 2.577415
-0.1285655 0.009795016 2.64924
0.06298071 0.3566822 2.760514
0.1659479 0.4865505 2.767615
-0.08311666 0.2890872 2.669739
-0.3271811 0.3682707 2.719173
-0.5899261 0.3713609 2.723056
-0.6713178 0.3511105 2.718611
0.1032988 0.1946048 2.697894
0.0686598 -0.02184979 2.609668
0.06523888 -0.205496 2.512455
0.05739687 -0.2812278 2.462289
-0.2143955 -0.06621155 2.559709
-0.274389 -0.4482791 2.488786
-0.2639337 -0.7177998 2.388627
-0.2274968 -0.7902917 2.302418
-0.1307411 -0.0895803 2.554578
-0.114853 -0.4442017 2.504773
-0.1150802 -0.726514 2.408607
-0.1225044 -0.8036023 2.320883

-0.150004 -0.0396096 2.57737
-0.1283658 0.01026191 2.649238
0.06297884 0.3566718 2.760519
0.1659048 0.4866023 2.767394
-0.08340862 0.2894799 2.669733
-0.3275686 0.3681305 2.719015
-0.5904722 0.3713121 2.72289
-0.673014 0.3511053 2.718479
0.1032225 0.1946835 2.697759
0.06867614 -0.02196919 2.609329
0.06510201 -0.2054409 2.511795
0.05721105 -0.2812336 2.46173
-0.2130889 -0.06596472 2.559543
-0.267628 -0.4494157 2.488466
-0.2640521 -0.7177184 2.388634
-0.2275458 -0.7902265 2.302456
-0.1294947 -0.08921261 2.554412
-0.1148798 -0.4443115 2.504737
-0.1151143 -0.7265025 2.408596
-0.1225904 -0.8036079 2.320846

-0.1492337 -0.03872835 2.577529
-0.1279849 0.01098312 2.649334
0.06297763 0.3566621 2.760522
0.1658632 0.4866742 2.767149
-0.08375158 0.290083 2.669797
-0.3278878 0.3683407 2.718975
-0.5908878 0.3712863 2.72276
-0.67423 0.3510936 2.718386
0.1031957 0.1947417 2.697649
0.0686626 -0.02216763 2.608895
0.06498387 -0.2054132 2.511186
0.05703789 -0.2812438 2.461155
-0.2120984 -0.06497759 2.560973
-0.2664566 -0.4506249 2.488085
-0.2642061 -0.7176048 2.388643
-0.2276018 -0.7901464 2.302514
-0.1284518 -0.08873482 2.553828
-0.1149059 -0.444879 2.504672
-0.1151465 -0.7264909 2.40858
-0.1226556 -0.8035897 2.320842

-0.1484493 -0.03858042 2.577538
-0.1275786 0.01128698 2.649338
0.06297857 0.3566533 2.760523
0.1658232 0.4867442 2.76692
-0.083911 0.2903259 2.66979
-0.3259585 0.3717547 2.721788
-0.5905744 0.3713372 2.722533
-0.6750668 0.3510796 2.71828
0.103194 0.1947874 2.697564
0.06877829 -0.02249919 2.608402
0.06489696 -0.2053933 2.510666
0.05688707 -0.2812416 2.46062
-0.2111526 -0.06449859 2.561741
-0.2657153 -0.4517538 2.487766
-0.2645125 -0.7173444 2.388724
-0.2276887 -0.7899269 2.302694
-0.1267136 -0.09024476 2.553356
-0.1149284 -0.4450099 2.504643
-0.1151784 -0.7264804 2.408562
-0.1227147 -0.8035767 2.320842

-0.1476782 -0.03861951 2.577477
-0.1271805 0.01146879 2.649284
0.06296646 0.3566368 2.760495
0.1657443 0.4868436 2.766604
-0.08400815 0.2904517 2.669768
-0.3247446 0.3736571 2.723061
-0.5902183 0.371369 2.722314
-0.6756763 0.3510602 2.718213
0.1032203 0.1948299 2.697507
0.06896248 -0.0227936 2.607985
0.06482643 -0.2054196 2.510146
0.0568372 -0.2812765 2.460036
-0.2103294 -0.0642245 2.562156
-0.2652968 -0.4526961 2.487507
-0.2648165 -0.7171485 2.388754
-0.2277507 -0.7897714 2.302814
-0.1251897 -0.09173354 2.552992
-0.1149429 -0.445102 2.504622
-0.1152104 -0.7264711 2.408543
-0.1228075 -0.8035775 2.320834

-0.147186 -0.03846843 2.577393
-0.1268173 0.01168324 2.649205
0.06296628 0.3566177 2.760475
0.1656772 0.4869284 2.766306
-0.08408713 0.2906277 2.669731
-0.3240238 0.3748817 2.723898
-0.5899928 0.3713886 2.722145
-0.6761177 0.3510529 2.718167
0.1031883 0.1947471 2.697263
0.0694115 -0.02283195 2.607836
0.0647845 -0.2054165 2.50973
0.05680841 -0.2812753 2.459562
-0.2097316 -0.06252775 2.561522
-0.265102 -0.4536185 2.487317
-0.2651346 -0.7169486 2.388753
-0.2278003 -0.7896367 2.302924
-0.1243 -0.09254298 2.552923
-0.1147992 -0.4462097 2.504412
-0.1152228 -0.726431 2.408533
-0.1228486 -0.8035724 2.320832

-0.1446733 -0.04003651 2.577193
-0.1252822 0.01105232 2.649025
0.0629713 0.3565953 2.760451
0.1656151 0.4870061 2.766027
-0.08414914 0.2908779 2.669673
-0.3037834 0.3887249 2.735414
-0.5569417 0.3838946 2.725826
-0.6445338 0.3602435 2.72027
0.1031844 0.194716 2.697122
0.06982117 -0.0229375 2.607735
0.06474613 -0.2056472 2.509049
0.05684679 -0.2815257 2.458843
-0.2038112 -0.06560781 2.559186
-0.2650406 -0.4544003 2.487177
-0.2654182 -0.7167773 2.388744
-0.2278326 -0.7895155 2.303024
-0.1218718 -0.09526805 2.553809
-0.1146965 -0.4466105 2.504285
-0.1152343 -0.7264006 2.408527
-0.1228732 -0.80357 2.320833

-0.1422164 -0.04239989 2.576883
-0.1237032 0.009908813 2.648765
0.06297708 0.3565729 2.760425
0.1655555 0.4870778 2.765773
-0.08418884 0.2911623 2.669609
-0.3080766 0.384487 2.731704
-0.5627601 0.3823248 2.726483
-0.640561 0.3599987 2.719831
0.103262 0.194693 2.697061
0.07031753 -0.02300379 2.60772
0.06471982 -0.206019 2.508235
0.05690795 -0.2819189 2.458009
-0.1994106 -0.06959305 2.556426
-0.2651037 -0.4553409 2.487035
-0.2655317 -0.7167084 2.388729
-0.2278435 -0.7894647 2.303064
-0.1195735 -0.09874883 2.555157
-0.1144261 -0.448061 2.504018
-0.1152708 -0.7263995 2.408506
-0.1228892 -0.8035705 2.32083

-0.1414384 -0.04614087 2.57541
-0.1229681 0.007871193 2.647823
0.06296839 0.3565558 2.760389
0.1654702 0.4871511 2.765494
-0.0841658 0.2912863 2.669526
-0.3100946 0.3821999 2.730078
-0.5672111 0.3807725 2.726601
-0.6380266 0.3594556 2.719435
0.1033257 0.1946804 2.696976
0.0708041 -0.02307697 2.607735
0.06475615 -0.2060834 2.507864
0.05699153 -0.2819874 2.457607
-0.1979802 -0.0723617 2.553786
-0.2652306 -0.4561362 2.486921
-0.2656385 -0.7166477 2.38872
-0.2278563 -0.7894112 2.303098
-0.1188469 -0.1035506 2.555598
-0.1141724 -0.4496339 2.503828
-0.1153001 -0.7263989 2.408485
-0.122898 -0.803575 2.320823

-0.1409445 -0.04879391 2.574292
-0.1224604 0.006225999 2.647012
0.06295935 0.3565397 2.76035
0.1653873 0.487217 2.765234
-0.08410224 0.2913535 2.669402
-0.3114586 0.3808008 2.729026
-0.5708466 0.3793798 2.726553
-0.6367521 0.3585651 2.719006
0.1035172 0.1946914 2.696952
0.07148089 -0.02306654 2.607878
0.06531095 -0.2054123 2.508291
0.05739891 -0.2811821 2.457773
-0.1971741 -0.07390204 2.551965
-0.2654857 -0.4569254 2.486839
-0.2657374 -0.7165959 2.38868
-0.227862 -0.7893711 2.303118
-0.1184411 -0.107025 2.555881
-0.113987 -0.4511989 2.503634
-0.1153346 -0.7264049 2.408462
-0.1229075 -0.8035926 2.320794

-0.1405914 -0.05029245 2.573622
-0.122094 0.005148466 2.646439
0.06293924 0.3565345 2.760303
0.165287 0.4872863 2.764992
-0.08396029 0.2916044 2.669353
-0.3130805 0.3795725 2.72807
-0.5745405 0.3780657 2.726517
-0.6370307 0.3574219 2.718878
0.1037295 0.1947146 2.696955
0.07227711 -0.02285695 2.608205
0.06604515 -0.204425 2.508933
0.05796038 -0.2800466 2.458152
-0.1967415 -0.07457776 2.550637
-0.2656879 -0.4574537 2.486799
-0.2658459 -0.7165442 2.38861
-0.2278738 -0.7893405 2.303128
-0.1181818 -0.1093873 2.556141
-0.1138308 -0.4515654 2.503607
-0.1153812 -0.7264055 2.408433
-0.122912 -0.8036178 2.320758

-0.1403754 -0.05138895 2.573119
-0.1218671 0.004320518 2.645981
0.06291492 0.3565332 2.760257
0.1651845 0.4873639 2.764785
-0.08382761 0.2917918 2.669302
-0.3146205 0.3784119 2.727095
-0.5774858 0.3770201 2.726431
-0.6381592 0.3563973 2.718956
0.1044828 0.1948992 2.69732
0.07281679 -0.02287827 2.608419
0.06675847 -0.2038061 2.509428
0.0584811 -0.2793236 2.458414
-0.1969329 -0.0749843 2.5491
-0.2658908 -0.4578758 2.486772
-0.2659396 -0.7165037 2.388547
-0.2279091 -0.7893061 2.303118
-0.1181002 -0.1112413 2.556527
-0.1137525 -0.4517874 2.503546
-0.1154344 -0.7264082 2.408399
-0.1229144 -0.8036354 2.320743

-0.1402445 -0.05234021 2.572704
-0.1217059 0.003558188 2.645582
0.06288318 0.3565378 2.760206
0.1650784 0.4874476 2.764582
-0.08370564 0.2919076 2.669234
-0.3154206 0.3777227 2.726792
-0.5792537 0.3762974 2.726387
-0.639078 0.3555694 2.719087
0.1051176 0.1951788 2.697624
0.07331338 -0.02289667 2.608639
0.06752783 -0.2032245 2.509971
0.05906334 -0.2785921 2.458675
-0.1971409 -0.07544523 2.547844
-0.2664061 -0.4569128 2.4868
-0.265998 -0.7164744 2.388498
-0.2279386 -0.7892761 2.303102
-0.1181033 -0.1127047 2.556894
-0.1137011 -0.4520312 2.503509
-0.1154776 -0.7264029 2.408374
-0.1229284 -0.8036462 2.320733

-0.1405143 -0.05200591 2.572652
-0.1217943 0.003499641 2.645353
0.06282418 0.3565691 2.760084
0.1649676 0.4875492 2.764374
-0.08360036 0.2922124 2.669271
-0.3162301 0.3773461 2.726721
-0.580873 0.3757311 2.726353
-0.6406354 0.3549686 2.719414
0.1156386 0.1908806 2.703288
0.07462513 -0.03265244 2.605413
0.06936386 -0.2103191 2.507408
0.06046313 -0.284896 2.455562
-0.2021073 -0.07086101 2.545578
-0.2670121 -0.4554285 2.486881
-0.2660485 -0.7164503 2.388451
-0.2280085 -0.7892503 2.303066
-0.1182045 -0.1137502 2.557323
-0.1136734 -0.4522799 2.503486
-0.1155242 -0.7264002 2.408344
-0.1229353 -0.8036543 2.320723

-0.1407694 -0.05153541 2.572663
-0.1218989 0.003550205 2.645182
0.06261294 0.3566506 2.759828
0.1647997 0.4876766 2.764137
-0.08349551 0.2924743 2.669309
-0.3167977 0.3771499 2.72675
-0.5819277 0.3753484 2.726331
-0.6419023 0.3545766 2.719831
0.1197531 0.1905831 2.70575
0.07579307 -0.03580745 2.604966
0.07021708 -0.2122182 2.506903
0.06138185 -0.2869139 2.455061
-0.2045136 -0.06841812 2.543977
-0.2622902 -0.446569 2.487787
-0.2660936 -0.7164292 2.388408
-0.2280818 -0.7892219 2.303027
-0.1183089 -0.1145422 2.557776
-0.1136633 -0.4525067 2.503486
-0.1155563 -0.7263979 2.408317
-0.122941 -0.8036588 2.320715

-0.1410397 -0.05095566 2.572728
-0.1219997 0.003666209 2.645062
0.06239831 0.3567716 2.759581
0.1646451 0.4878558 2.763926
-0.08334791 0.2928033 2.6694
-0.3172715 0.377005 2.726746
-0.5827494 0.375088 2.726257
-0.6431355 0.3545091 2.719882
0.1217657 0.1912674 2.707092
0.0772995 -0.04025858 2.604147
0.07122622 -0.2155423 2.505822
0.06252576 -0.2905929 2.454174
-0.2060556 -0.06670522 2.54284
-0.2614202 -0.4426893 2.48827
-0.2661354 -0.7164044 2.388363
-0.2281332 -0.7891916 2.302998
-0.1184622 -0.1151126 2.558313
-0.1137008 -0.452905 2.50349
-0.11558 -0.7264038 2.408295
-0.1229406 -0.8036696 2.320698

-0.1412742 -0.05023015 2.572891
-0.1220941 0.003902954 2.645011
0.0621823 0.3568998 2.759338
0.164431 0.4880402 2.76368
-0.08319603 0.2932369 2.669543
-0.3178144 0.3769429 2.726608
-0.5835009 0.3749166 2.726152
-0.644546 0.3546646 2.719877
0.1228977 0.1921067 2.707901
0.07809898 -0.0419008 2.603997
0.07173041 -0.2166376 2.505551
0.06309021 -0.2917784 2.45397
-0.2069476 -0.0655293 2.54243
-0.2609846 -0.4398726 2.488629
-0.2661778 -0.7163855 2.388319
-0.2281851 -0.7891653 2.302969
-0.118549 -0.115179 2.558866
-0.113772 -0.4534858 2.503516
-0.1156183 -0.7264226 2.408261
-0.1229685 -0.8036839 2.320675

-0.1414796 -0.04922947 2.573164
-0.122179 0.004336637 2.645046
0.06194178 0.3570358 2.759119
0.1635634 0.4882323 2.763013
-0.08305003 0.2938415 2.669786
-0.3183189 0.3769734 2.726545
-0.5841239 0.3748168 2.726032
-0.645847 0.3549395 2.719664
0.1231568 0.1934213 2.708172
0.07990465 -0.03931787 2.606079
0.07254914 -0.2153159 2.506663
0.06397033 -0.2905616 2.455255
-0.2075517 -0.06462613 2.542228
-0.261275 -0.4402139 2.488879
-0.2662129 -0.7163728 2.388284
-0.2282292 -0.7891455 2.302946
-0.1186556 -0.1132623 2.560056
-0.1136495 -0.4503547 2.503827
-0.1156465 -0.7264361 2.40823
-0.1229931 -0.8036932 2.320642

-0.1418073 -0.04831026 2.573532
-0.1222641 0.004755348 2.645169
0.0617688 0.3571733 2.758961
0.1626759 0.4884415 2.762321
-0.08295624 0.2946086 2.670147
-0.3189151 0.3770684 2.726465
-0.5847475 0.374772 2.725887
-0.6473685 0.3555781 2.719277
0.1206365 0.1947877 2.706282
0.08143034 -0.04353705 2.605202
0.07304069 -0.218972 2.505291
0.06461617 -0.2948709 2.454479
-0.2080108 -0.06411163 2.542042
-0.2603098 -0.4395888 2.489359
-0.2662451 -0.7163625 2.388253
-0.2282631 -0.7891271 2.302928
-0.1199854 -0.1104602 2.562602
-0.1136422 -0.446392 2.50413
-0.1156831 -0.7264457 2.40819
-0.1230137 -0.8037022 2.320604

-0.141945 -0.04811393 2.573651
-0.1222252 0.004805109 2.645221
0.06159213 0.3573226 2.758838
0.1617852 0.4886484 2.761655
-0.08251134 0.2945866 2.670218
-0.3190029 0.3770197 2.726314
-0.5848476 0.3747513 2.725739
-0.647831 0.3559518 2.71907
0.101813 0.1983982 2.69082
0.08221301 -0.04353854 2.606449
0.07364951 -0.2187485 2.505852
0.06535946 -0.2948189 2.455412
-0.2061768 -0.06635549 2.541767
-0.2577135 -0.4403787 2.490167
-0.2662966 -0.7163463 2.388228
-0.2283029 -0.7891107 2.302928
-0.1210652 -0.1084061 2.564581
-0.1136605 -0.4428454 2.504428
-0.1157228 -0.7264558 2.408146
-0.1230236 -0.8037155 2.32056

-0.1420585 -0.04799592 2.573772
-0.1222422 0.004870743 2.645259
0.06135857 0.3575256 2.758698
0.1605034 0.4889364 2.760869
-0.0822873 0.294793 2.670375
-0.3191247 0.3770773 2.726317
-0.5849904 0.3747469 2.725642
-0.6482636 0.3562977 2.718935
0.09959947 0.2015117 2.689718
0.08281793 -0.0418458 2.608481
0.07446085 -0.2168668 2.507627
0.06626885 -0.2929935 2.457365
-0.2046264 -0.06828503 2.541641
-0.2554966 -0.4399593 2.49079
-0.2659343 -0.7166373 2.388243
-0.2282625 -0.7891948 2.302861
-0.1218816 -0.1070039 2.566164
-0.1138171 -0.4427151 2.504736
-0.1157482 -0.7264708 2.408116
-0.1230205 -0.8037208 2.320549

-0.1417124 -0.04851034 2.573959
-0.1220828 0.004730141 2.645336
0.06112203 0.3577359 2.758548
0.1592656 0.4892405 2.760093
-0.08196061 0.2946246 2.670411
-0.3191361 0.3770199 2.726249
-0.5849383 0.3747949 2.72548
-0.6484938 0.3566253 2.718826
0.09897936 0.2045144 2.690158
0.08333305 -0.04197988 2.608793
0.07479927 -0.216978 2.507951
0.06697997 -0.2937614 2.458466
-0.202408 -0.07059795 2.541592
-0.2525198 -0.4371164 2.491414
-0.2657882 -0.71674 2.388223
-0.2282156 -0.7892442 2.302839
-0.121482 -0.1071691 2.567462
-0.1140034 -0.4435585 2.505088
-0.1157726 -0.7264844 2.408089
-0.1230009 -0.803723 2.320535

-0.1400131 -0.05052163 2.574141
-0.1207356 0.003502316 2.645481
0.0609164 0.3579299 2.758412
0.1581868 0.4895761 2.759403
-0.08175022 0.294636 2.670518
-0.318742 0.3774257 2.726811
-0.5846207 0.3749413 2.72536
-0.6484752 0.3569962 2.718744
0.09761665 0.2054531 2.689213
0.08264098 -0.04113531 2.609159
0.0752211 -0.2165414 2.50865
0.06762064 -0.2935239 2.459692
-0.1990573 -0.07386477 2.541543
-0.2520917 -0.435474 2.491839
-0.2657144 -0.7168 2.388207
-0.2281765 -0.7892821 2.302834
-0.1192137 -0.1092105 2.568761
-0.1140331 -0.4437625 2.505299
-0.1157915 -0.7264913 2.408065
-0.1229956 -0.8037258 2.320524

-0.1391245 -0.05215267 2.574047
-0.1198586 0.002418933 2.645465
0.06073209 0.3581083 2.758289
0.1573081 0.4898654 2.758837
-0.08135217 0.2943116 2.670573
-0.2933239 0.3846733 2.734602
-0.5598479 0.3773683 2.72543
-0.625411 0.36012 2.719133
0.09661446 0.2060173 2.688491
0.08193432 -0.03904712 2.61014
0.07572911 -0.2147832 2.510228
0.0683843 -0.2919979 2.461811
-0.1973524 -0.07563594 2.541425
-0.2545 -0.4380444 2.492116
-0.2656581 -0.7168516 2.388189
-0.2281223 -0.7893332 2.302841
-0.1181917 -0.1108253 2.569264
-0.1140628 -0.4441919 2.505428
-0.1158222 -0.726503 2.408026
-0.1229948 -0.8037284 2.320509

-0.1385371 -0.05329227 2.574002
-0.1192303 0.001609762 2.645458
0.06057127 0.3582693 2.758176
0.1562031 0.4907709 2.75772
-0.08115847 0.2942629 2.670697
-0.2964256 0.3827142 2.733051
-0.5611677 0.3775204 2.725015
-0.62706 0.3604019 2.719268
0.09634809 0.2068302 2.688618
0.08142986 -0.0374175 2.610886
0.07613464 -0.2133971 2.511573
0.06894477 -0.2907741 2.463481
-0.1963645 -0.07675347 2.541349
-0.2546511 -0.4404096 2.492344
-0.2656236 -0.716885 2.38818
-0.2280674 -0.7893751 2.302865
-0.1174804 -0.1120075 2.569621
-0.1140282 -0.4445254 2.505514
-0.1158468 -0.7264959 2.407999
-0.1230024 -0.803727 2.320487

-0.1386815 -0.05463834 2.573807
-0.1189498 0.0006594317 2.645401
0.06046824 0.358377 2.758107
0.1553034 0.4916168 2.756734
-0.07912864 0.2920729 2.670568
-0.2855368 0.3879039 2.742991
-0.5526852 0.378577 2.726154
-0.6180863 0.3612498 2.722411
0.09552647 0.20743 2.688192
0.08098735 -0.03534197 2.611982
0.07650179 -0.2118519 2.512975
0.06949853 -0.2893774 2.465136
-0.1957433 -0.07748171 2.541302
-0.25538 -0.4434804 2.492248
-0.2655474 -0.71695 2.38816
-0.2279832 -0.7894461 2.302876
-0.117888 -0.1130801 2.569786
-0.1140062 -0.4447984 2.505575
-0.1158525 -0.7264916 2.40798
-0.1230089 -0.8037246 2.320466

-0.1379963 -0.05593449 2.57383
-0.118437 -0.0001859102 2.645446
0.0603995 0.3584595 2.758061
0.1546127 0.4924734 2.755849
-0.07807852 0.2907922 2.670588
-0.2965922 0.378585 2.731914
-0.5573322 0.3780105 2.725439
-0.6226971 0.3604859 2.723001
0.09745911 0.2089893 2.691392
0.08070184 -0.03340932 2.613096
0.07679223 -0.2105433 2.514186
0.06996565 -0.2882018 2.466562
-0.1949135 -0.07825247 2.541372
-0.2574344 -0.4444079 2.491748
-0.265431 -0.7170053 2.388112
-0.2279225 -0.7894956 2.302856
-0.1169361 -0.1145372 2.569931
-0.114105 -0.4454455 2.505383
-0.1158556 -0.7264898 2.407969
-0.122986 -0.8037015 2.320493

-0.1378432 -0.05643698 2.573876
-0.1182529 -0.0005561794 2.645502
0.06035445 0.3585234 2.758032
0.1540899 0.4932614 2.755102
-0.07693247 0.2898779 2.670796
-0.3015253 0.3744583 2.727152
-0.5609356 0.3775405 2.724941
-0.6262804 0.3599149 2.723159
0.09965673 0.2097082 2.694668
0.08041951 -0.03177645 2.614112
0.07705055 -0.2094399 2.515288
0.07048213 -0.2872475 2.468011
-0.1946741 -0.07850104 2.54177
-0.2574623 -0.4451966 2.491676
-0.2653902 -0.717032 2.388098
-0.227834 -0.7895047 2.302862
-0.1168537 -0.1148432 2.570018
-0.1141495 -0.4454334 2.505358
-0.1158527 -0.7264862 2.407961
-0.1230314 -0.8036866 2.320466

-0.158295 -0.02820007 2.581489
-0.1324774 0.0191907 2.651215
0.06032859 0.358566 2.758012
0.1536995 0.4939247 2.754494
-0.07629314 0.2897601 2.6713
-0.3049068 0.3731788 2.725705
-0.5653358 0.3772864 2.72481
-0.6307608 0.3598231 2.723118
0.1028096 0.2093295 2.698727
0.08030495 -0.03170334 2.614542
0.0772646 -0.2094213 2.515882
0.07086496 -0.2874257 2.468806
-0.2206377 -0.04437943 2.545786
-0.2594459 -0.4435871 2.491477
-0.2653572 -0.7170514 2.38809
-0.2277738 -0.789514 2.302872
-0.1426551 -0.09379627 2.577662
-0.1142207 -0.4442741 2.505424
-0.115844 -0.7264833 2.407949
-0.1230738 -0.8036782 2.320431

-0.1673099 -0.015689 2.584845
-0.1388711 0.02813776 2.653817
0.0603343 0.3585969 2.758007
0.1534337 0.4945008 2.753978
-0.07608211 0.2902881 2.672188
-0.3090288 0.372535 2.724837
-0.5708856 0.3771731 2.725003
-0.6364368 0.3600117 2.723377
0.1052696 0.2088672 2.701785
0.08019667 -0.0313236 2.614924
0.07742441 -0.2091325 2.516546
0.07115384 -0.2872071 2.469542
-0.2336606 -0.02725588 2.547852
-0.2614676 -0.4442576 2.491062
-0.2653363 -0.717065 2.388083
-0.2277199 -0.7895159 2.302885
-0.1535621 -0.08478272 2.580815
-0.1142149 -0.4444382 2.50538
-0.115836 -0.7264745 2.407935
-0.1231193 -0.8036628 2.32039

-0.1701305 -0.01067143 2.585612
-0.1411748 0.03199389 2.654553
0.06047771 0.3585266 2.758007
0.153264 0.4949681 2.753548
-0.07604904 0.2910331 2.673129
-0.3117926 0.3729115 2.725484
-0.5740753 0.3771808 2.725231
-0.6396736 0.3601895 2.723631
0.1070859 0.2086366 2.704084
0.07911974 -0.02859454 2.616317
0.07760515 -0.2081546 2.517752
0.07147808 -0.2862779 2.470681
-0.237413 -0.02101912 2.548147
-0.2634076 -0.445729 2.490566
-0.2653217 -0.717075 2.388077
-0.227697 -0.7895204 2.302888
-0.1567873 -0.08063766 2.580972
-0.1141433 -0.4452111 2.505343
-0.1158274 -0.7264702 2.40792
-0.1231348 -0.8036541 2.320375

-0.1717933 -0.008164971 2.586073
-0.1428537 0.03439789 2.655161
0.06065064 0.3584227 2.758001
0.1531518 0.4953482 2.753201
-0.0756988 0.2906503 2.673491
-0.3128342 0.3727322 2.725536
-0.5753432 0.3771703 2.725307
-0.6409591 0.3602422 2.723765
0.1216136 0.1922774 2.713156
0.07841379 -0.0272372 2.617048
0.07774621 -0.2073176 2.518771
0.07172778 -0.2854716 2.471626
-0.2391661 -0.01905406 2.547805
-0.265233 -0.4475791 2.490034
-0.2652183 -0.7171239 2.388057
-0.2276672 -0.7895412 2.30287
-0.1588627 -0.07956844 2.581448
-0.1141389 -0.4452955 2.505339
-0.1158186 -0.7264643 2.407902
-0.1231789 -0.803655 2.320339

-0.1727579 -0.007577572 2.586025
-0.1441076 0.03597141 2.655496
0.06088844 0.3582704 2.757987
0.1530927 0.4956608 2.752909
-0.07535582 0.2900655 2.673731
-0.3136646 0.3724557 2.725382
-0.5763363 0.3771704 2.725378
-0.6419496 0.3602779 2.723845
0.1242777 0.1897159 2.715209
0.07782703 -0.02626801 2.617513
0.07785772 -0.2066681 2.519586
0.07179194 -0.2847503 2.472242
-0.2395633 -0.01963592 2.547562
-0.266528 -0.449405 2.489646
-0.2651346 -0.717174 2.388036
-0.2276395 -0.7895674 2.302854
-0.1604712 -0.07900225 2.581493
-0.114204 -0.4465106 2.505361
-0.1158083 -0.726458 2.407884
-0.1232176 -0.8036597 2.320306

-0.1683806 -0.01281393 2.585484
-0.1437332 0.03546067 2.655471
0.06116974 0.3580855 2.757986
0.1530678 0.4959124 2.752674
-0.0744153 0.2884903 2.673629
-0.3137724 0.3719324 2.725224
-0.5768129 0.3771834 2.725528
-0.6424411 0.3603427 2.724014
0.12717 0.1858024 2.71759
0.07817792 -0.03745978 2.613287
0.07790413 -0.215732 2.516426
0.07140611 -0.2936394 2.468856
-0.2325357 -0.02802519 2.547573
-0.2674412 -0.450067 2.489386
-0.2650797 -0.7172019 2.388027
-0.2276262 -0.7895811 2.302847
-0.1549473 -0.08417424 2.580861
-0.1142379 -0.4477207 2.505407
-0.1157977 -0.7264518 2.407867
-0.1232506 -0.8036649 2.320276

-0.1603902 -0.02029939 2.584481
-0.1402621 0.03218465 2.6549
0.06153766 0.3578128 2.757974
0.1531089 0.4960976 2.752454
-0.07405454 0.2880954 2.673717
-0.3140056 0.3717179 2.725222
-0.5772379 0.377226 2.725677
-0.6428841 0.360412 2.724142
0.1286759 0.1840879 2.718883
0.07855117 -0.0440782 2.611293
0.07765318 -0.221132 2.514505
0.07091437 -0.2987814 2.466554
-0.2236363 -0.03580264 2.547991
-0.2682063 -0.4504488 2.489202
-0.2650099 -0.7172333 2.388024
-0.2276133 -0.7895972 2.302843
-0.1430035 -0.09281316 2.578775
-0.1142627 -0.4480335 2.505441
-0.1157884 -0.7264456 2.407852
-0.1232673 -0.8036621 2.320242

-0.134689 -0.04182973 2.582509
-0.1234795 0.01777001 2.653436
0.06213067 0.3574262 2.758019
0.1532372 0.4962434 2.752256
-0.07361896 0.2877429 2.673794
-0.3139234 0.3715069 2.725285
-0.5773482 0.3773035 2.725938
-0.6430157 0.3605184 2.724361
0.1298305 0.1828036 2.719827
0.07810882 -0.03990371 2.613546
0.07751193 -0.2205458 2.515277
0.07059135 -0.2979916 2.467021
-0.19466 -0.05711111 2.548667
-0.2687511 -0.4507512 2.489094
-0.2649814 -0.717249 2.388021
-0.2276065 -0.7896064 2.302843
-0.1142205 -0.1155915 2.575039
-0.1143519 -0.449001 2.505623
-0.1157819 -0.7264409 2.40784
-0.1232773 -0.8036597 2.320208

-0.1262834 -0.04981689 2.581534
-0.1160538 0.01069415 2.652514
0.06270638 0.3570284 2.758037
0.1534084 0.4963487 2.752067
-0.07334908 0.2874089 2.673786
-0.3138521 0.3712891 2.725342
-0.57739 0.3774078 2.726252
-0.6431033 0.3606175 2.724518
0.1296172 0.1828013 2.720175
0.07773682 -0.03572399 2.615597
0.0773561 -0.2191689 2.516323
0.07029624 -0.2964086 2.467746
-0.1848783 -0.06478552 2.548925
-0.2692062 -0.4510604 2.489044
-0.2649667 -0.7172689 2.388003
-0.2275977 -0.7896164 2.302836
-0.1051838 -0.1236204 2.573371
-0.114329 -0.4498191 2.505821
-0.1157786 -0.7264326 2.407828
-0.1232788 -0.8036538 2.320178

-0.1223237 -0.05345975 2.581149
-0.1125741 0.007323526 2.6521
0.06336541 0.3566252 2.758041
0.1536439 0.4964218 2.751855
-0.07320316 0.2872453 2.673817
-0.3138834 0.3711827 2.725417
-0.5774961 0.3775495 2.726622
-0.6432254 0.3607423 2.724718
0.1282326 0.1840367 2.719873
0.07893509 -0.0407475 2.614307
0.07706331 -0.2219294 2.515505
0.06986898 -0.2989455 2.466585
-0.1807686 -0.06802765 2.549914
-0.2663326 -0.4488036 2.489642
-0.2649492 -0.7172969 2.387987
-0.2275975 -0.7896376 2.302826
-0.1008804 -0.1273607 2.572284
-0.1142741 -0.4509178 2.506023
-0.1157214 -0.726368 2.40785
-0.1232574 -0.8036106 2.320176

-0.119333 -0.05611473 2.58088
-0.1099161 0.004884713 2.651817
0.06395056 0.3562604 2.75804
0.1538812 0.4964723 2.751661
-0.07316224 0.287295 2.673918
-0.3134222 0.3718816 2.726838
-0.577409 0.3777756 2.727101
-0.6431396 0.3610075 2.725174
0.1257313 0.1862215 2.718993
0.07900334 -0.04138111 2.614283
0.07699126 -0.2224587 2.515486
0.06971526 -0.2993722 2.466408
-0.1771882 -0.07071885 2.55028
-0.2656402 -0.4474459 2.489698
-0.2649404 -0.7173232 2.38797
-0.2275998 -0.7896562 2.302815
-0.0977454 -0.1297164 2.57161
-0.114111 -0.4522705 2.506262
-0.1156337 -0.7263245 2.407865
-0.1232341 -0.8035812 2.320165

-0.1203671 -0.05367914 2.581754
-0.1086288 0.004137874 2.651853
0.06446523 0.3559447 2.758031
0.1541811 0.4965637 2.751432
-0.07317733 0.2874981 2.67407
-0.301108 0.3759041 2.738423
-0.5687937 0.3788876 2.730033
-0.6573865 0.362538 2.731406
0.1254224 0.1862417 2.719042
0.07894754 -0.04316529 2.613829
0.07678808 -0.223304 2.51524
0.06950542 -0.300117 2.465979
-0.1805678 -0.06767149 2.551075
-0.2653995 -0.4471408 2.489713
-0.2649124 -0.7173635 2.387959
-0.2275747 -0.7896878 2.302813
-0.0999906 -0.1258242 2.572552
-0.1140536 -0.4527102 2.506375
-0.1155412 -0.7262822 2.407881
-0.1231748 -0.8035496 2.320158

-0.135065 -0.04102002 2.583886
-0.1141204 0.009101583 2.652766
0.06491333 0.3556598 2.758021
0.1544882 0.4966445 2.751222
-0.07326587 0.2878177 2.674235
-0.2895426 0.38082 2.746976
-0.5581125 0.3804597 2.73371
-0.6653696 0.3634844 2.735126
0.1255805 0.1856248 2.719385
0.07893615 -0.04459892 2.613545
0.07657863 -0.2239606 2.51508
0.06931441 -0.3006877 2.465682
-0.2108592 -0.04832761 2.546623
-0.265368 -0.4469144 2.489728
-0.2648862 -0.7174014 2.387952
-0.2275536 -0.7897027 2.302804
-0.1170134 -0.1163301 2.576725
-0.1139126 -0.4527844 2.506545
-0.1154513 -0.726252 2.407896
-0.123039 -0.803516 2.320143

-0.1446263 -0.03382971 2.585287
-0.1198659 0.01360638 2.653753
0.06531351 0.3554001 2.758013
0.1548202 0.4967376 2.751008
-0.07338189 0.2882732 2.674448
-0.2903854 0.3813744 2.748444
-0.5581337 0.3812239 2.734945
-0.6691033 0.3639445 2.736672
0.1258679 0.1848921 2.719651
0.07907966 -0.04257486 2.616443
0.07595676 -0.2216172 2.516536
0.06886875 -0.2981829 2.466746
-0.2256649 -0.03900285 2.544632
-0.2654691 -0.4467212 2.48975
-0.2647564 -0.7174804 2.387954
-0.2275156 -0.7897285 2.302784
-0.1283473 -0.1115396 2.579626
-0.1138057 -0.4529439 2.506678
-0.1152815 -0.7261613 2.40796
-0.1229255 -0.8034277 2.320161

-0.152252 -0.02960798 2.58607
-0.1255392 0.01709329 2.654468
0.06568281 0.3551707 2.757988
0.1552624 0.4969362 2.75073
-0.07332586 0.288526 2.674599
-0.2830804 0.3862408 2.756417
-0.5516253 0.3825946 2.737013
-0.6715338 0.3642449 2.737678
0.125362 0.1853399 2.719662
0.07935426 -0.0408963 2.618653
0.07541992 -0.2195258 2.517799
0.06850193 -0.2959624 2.467688
-0.2327816 -0.03462 2.543763
-0.2658373 -0.4477603 2.489755
-0.2647178 -0.717505 2.387979
-0.2274989 -0.7897297 2.302795
-0.1390779 -0.1072865 2.582193
-0.1134832 -0.4522249 2.506942
-0.1151123 -0.7260647 2.408022
-0.1227564 -0.8033192 2.320184

-0.1543001 -0.02977893 2.586354
-0.1271301 0.01787276 2.654736
0.066061 0.3549636 2.757962
0.1558189 0.4972138 2.750442
-0.07326803 0.2888887 2.674802
-0.2786931 0.3888018 2.760708
-0.5468892 0.3835747 2.738373
-0.6731857 0.3644516 2.738402
0.1244306 0.1863312 2.719473
0.07971945 -0.03954168 2.620296
0.07495137 -0.2181601 2.518545
0.06821105 -0.2945461 2.46823
-0.2188797 -0.05612016 2.54863
-0.2663779 -0.4493287 2.489775
-0.2646897 -0.7175442 2.388007
-0.2274931 -0.7897374 2.3028
-0.1422579 -0.1057597 2.583035
-0.1133132 -0.4521109 2.507065
-0.1149542 -0.7259724 2.408082
-0.1226575 -0.8032471 2.320215

-0.1608132 -0.02306581 2.587229
-0.1314257 0.02184477 2.655458
0.06640439 0.354771 2.757935
0.1563812 0.4974861 2.750189
-0.07330884 0.289376 2.675042
-0.2907509 0.3841588 2.753439
-0.5536662 0.383963 2.738879
-0.6743936 0.3646019 2.73894
0.1231096 0.1886057 2.719255
0.07989766 -0.03806051 2.62152
0.07455862 -0.2170455 2.51917
0.06795224 -0.2933936 2.468702
-0.230911 -0.03266227 2.562473
-0.2667262 -0.4496896 2.489808
-0.2646812 -0.7175789 2.388028
-0.2274867 -0.7897424 2.302804
-0.1477414 -0.09724553 2.580352
-0.1130784 -0.4515629 2.507232
-0.1148432 -0.7259091 2.408126
-0.1225742 -0.8031938 2.320237

-0.1646608 -0.01900073 2.587801
-0.1348426 0.02506841 2.655998
0.0667621 0.3545122 2.757876
0.1569001 0.4977261 2.74997
-0.07319093 0.2896682 2.675244
-0.2919338 0.3843924 2.753722
-0.5542313 0.3843089 2.739549
-0.6752644 0.3647173 2.739347
0.1244583 0.1871709 2.720421
0.0802448 -0.03946031 2.621167
0.07397579 -0.2174499 2.518965
0.06759673 -0.2937168 2.468391
-0.2355261 -0.02374699 2.568064
-0.2670937 -0.4498109 2.489861
-0.2646913 -0.7175976 2.388056
-0.2274843 -0.7897394 2.302826
-0.1508472 -0.0921121 2.578542
-0.1129409 -0.4513983 2.507319
-0.1147427 -0.7258534 2.408171
-0.1224652 -0.8031397 2.320291

-0.1670266 -0.01668104 2.588168
-0.1368113 0.0269176 2.656387
0.06707671 0.3542784 2.757822
0.1573556 0.4979373 2.749785
-0.07311902 0.2900451 2.67549
-0.2909777 0.3853164 2.75515
-0.5535772 0.3846034 2.740125
-0.6758193 0.3648036 2.739639
0.1211253 0.1901438 2.718748
0.08036813 -0.03876428 2.621677
0.07348109 -0.2167593 2.519488
0.06743065 -0.2930727 2.468794
-0.2374379 -0.02065053 2.570262
-0.267723 -0.450893 2.490093
-0.264707 -0.7176129 2.388083
-0.2274805 -0.7897347 2.302853
-0.1528707 -0.08902426 2.577782
-0.1128518 -0.4513084 2.50738
-0.1146578 -0.7258205 2.408205
-0.1224231 -0.8031217 2.320335

-0.1695725 -0.01761235 2.587847
-0.1382166 0.02716887 2.656518
0.06736863 0.3540294 2.757762
0.1577482 0.4980983 2.749631
-0.0731087 0.2904861 2.675738
-0.2952265 0.3838795 2.753057
-0.5576928 0.3845311 2.740341
-0.6761215 0.3648668 2.739835
0.09942929 0.1841479 2.692544
0.08047805 -0.03761667 2.622183
0.07306592 -0.2161615 2.519949
0.0672639 -0.292523 2.469198
-0.2386085 -0.02071496 2.570023
-0.2682644 -0.4523232 2.490354
-0.2647594 -0.7175939 2.388132
-0.2275038 -0.7897063 2.302919
-0.1551843 -0.08937695 2.577125
-0.1127621 -0.4513024 2.507443
-0.1145825 -0.7257914 2.408236
-0.1223047 -0.8030702 2.320622

-0.1712313 -0.01889453 2.587534
-0.1397036 0.02733651 2.656545
0.06761649 0.353808 2.75771
0.15808 0.4982332 2.749507
-0.07317443 0.2910049 2.676012
-0.2906719 0.385743 2.755844
-0.5547734 0.3851525 2.740583
-0.6761847 0.3649201 2.739949
0.09932771 0.1885753 2.695549
0.08060331 -0.03633213 2.622584
0.07275885 -0.2157369 2.520302
0.06713671 -0.2921259 2.469508
-0.2389627 -0.02210215 2.568715
-0.2686721 -0.4537552 2.49056
-0.2648119 -0.7175801 2.388188
-0.2275286 -0.7896772 2.302986
-0.1566707 -0.09043054 2.576692
-0.1126195 -0.4507191 2.507533
-0.1145219 -0.72578 2.408261
-0.1221614 -0.80301 2.320982

-0.1639312 -0.02769313 2.586278
-0.1389833 0.0253742 2.656206
0.06783972 0.3536128 2.757659
0.1583891 0.4983714 2.749379
-0.07328608 0.2915125 2.676263
-0.2946898 0.3847879 2.753814
-0.5588215 0.385241 2.740396
-0.6761496 0.3649575 2.740053
0.1098394 0.1826299 2.704738
0.08067877 -0.03514288 2.622851
0.07251435 -0.2153918 2.520593
0.06704248 -0.2918071 2.469781
-0.2246011 -0.04874803 2.560612
-0.2689939 -0.4541447 2.490695
-0.2648776 -0.7175585 2.388247
-0.227558 -0.7896444 2.303062
-0.1428113 -0.1006606 2.573979
-0.1126001 -0.4499072 2.507551
-0.1144671 -0.7257732 2.408283
-0.1221579 -0.8029543 2.321175

-0.1613121 -0.03209191 2.585558
-0.1383198 0.02336692 2.655894
0.06803332 0.3534349 2.757617
0.1586555 0.4984916 2.74927
-0.07342505 0.2920545 2.676532
-0.2957727 0.3852516 2.754264
-0.5599409 0.3853682 2.740438
-0.6759756 0.364994 2.740083
0.1129243 0.1888767 2.709521
0.08073261 -0.03415032 2.622992
0.07233141 -0.2151198 2.520839
0.06698586 -0.2915596 2.470045
-0.2209644 -0.05801357 2.557832
-0.2693932 -0.4549934 2.4908
-0.2648968 -0.7175609 2.388257
-0.2275648 -0.7896394 2.303083
-0.140851 -0.1020566 2.573292
-0.1125832 -0.4497262 2.507568
-0.1144193 -0.7257698 2.408303
-0.1221612 -0.802916 2.321314

-0.1598438 -0.03542312 2.585036
-0.1378181 0.02133324 2.655591
0.06819776 0.3532913 2.757581
0.1588953 0.4986041 2.749179
-0.07358281 0.2926367 2.676833
-0.2976571 0.385301 2.753801
-0.5621536 0.3854018 2.740308
-0.6757239 0.3650253 2.740088
0.1149846 0.1933516 2.712863
0.08073135 -0.03332752 2.623058
0.07220931 -0.2149284 2.521008
0.0669678 -0.2914384 2.470421
-0.2193146 -0.06360235 2.556267
-0.269731 -0.4558126 2.490896
-0.2649 -0.7175733 2.388263
-0.2275666 -0.789641 2.303092
-0.1395886 -0.1030475 2.572839
-0.1039352 -0.4991975 2.495916
-0.1157857 -0.7519518 2.40141
-0.1222441 -0.8030215 2.321112

-0.1591078 -0.03753738 2.584688
-0.1375014 0.01973014 2.655349
0.06839059 0.3531683 2.757563
0.1591369 0.4987291 2.749093
-0.07382334 0.2932597 2.677141
-0.299423 0.3853731 2.753422
-0.5642223 0.3854045 2.740132
-0.6751594 0.3650702 2.739829
0.1162833 0.1963879 2.71505
0.08075805 -0.03263351 2.623087
0.07212231 -0.2147726 2.52115
0.06701405 -0.2913406 2.470744
-0.2185876 -0.06725737 2.555264
-0.2699544 -0.4561875 2.49094
-0.2649072 -0.7175791 2.388268
-0.2275641 -0.7896431 2.303104
-0.1388438 -0.1034823 2.572497
-0.1047872 -0.4967269 2.496898
-0.1155455 -0.7511525 2.401795
-0.1222821 -0.8030205 2.321184

-0.1586672 -0.03879963 2.584456
-0.1373391 0.01867417 2.655164
0.06856228 0.3530665 2.757552
0.1593486 0.4988413 2.74902
-0.07406323 0.2938245 2.677406
-0.3012321 0.3852613 2.752831
-0.5662714 0.3851904 2.739762
-0.674463 0.3650933 2.739342
0.1171073 0.1987842 2.716587
0.0810094 -0.03178778 2.623146
0.0720685 -0.2146609 2.521259
0.06706873 -0.2912661 2.470967
-0.2187796 -0.06897824 2.555315
-0.2701421 -0.4563936 2.490985
-0.2649171 -0.7175882 2.388263
-0.227593 -0.7896671 2.303102
-0.138757 -0.1029483 2.571752
-0.1078994 -0.4724532 2.501867
-0.1153317 -0.7482091 2.402682
-0.1223448 -0.8030186 2.321271

-0.1582711 -0.03673301 2.585166
-0.1370978 0.0187674 2.655312
0.06871211 0.3529874 2.757548
0.1595475 0.4989591 2.748959
-0.07429972 0.29432 2.677624
-0.3022896 0.3852814 2.752719
-0.5675384 0.3849557 2.739717
-0.6740268 0.3651015 2.73906
0.1176211 0.2003531 2.717598
0.08142817 -0.03009113 2.623387
0.07203373 -0.214577 2.521342
0.06712917 -0.2912057 2.471123
-0.2215842 -0.04693549 2.572359
-0.27045 -0.4560723 2.490983
-0.2649257 -0.7175942 2.388265
-0.2276143 -0.7896816 2.303111
-0.1390531 -0.1002265 2.570042
-0.10936 -0.4631268 2.50423
-0.1151323 -0.7445466 2.40378
-0.1223772 -0.8030201 2.321346

-0.1581308 -0.03448728 2.585868
-0.1369221 0.01912509 2.655511
0.06883477 0.3529184 2.757554
0.1601996 0.4981386 2.749616
-0.07437653 0.2945672 2.677754
-0.3029475 0.38525 2.752544
-0.5683289 0.3847728 2.739652
-0.6735896 0.3650896 2.738738
0.1180213 0.2012895 2.718321
0.08176274 -0.02877856 2.623569
0.07203793 -0.214519 2.521349
0.06723221 -0.291154 2.471126
-0.2229517 -0.03796254 2.578275
-0.2697119 -0.4552634 2.491045
-0.2648209 -0.7176971 2.388268
-0.2276276 -0.7897381 2.303078
-0.1395052 -0.09789262 2.568743
-0.1101459 -0.4582404 2.505515
-0.1148224 -0.7411214 2.40489
-0.1224042 -0.8030196 2.321426

-0.1584174 -0.03332604 2.58628
-0.1369757 0.01941594 2.655662
0.06894605 0.3528591 2.757562
0.1609915 0.4969727 2.750439
-0.07354433 0.2932641 2.677185
-0.3024654 0.3845112 2.751822
-0.5681579 0.3844016 2.739523
-0.6731543 0.3650798 2.738382
0.1183162 0.2019419 2.71885
0.0833225 -0.03418227 2.620288
0.07214814 -0.2162947 2.52018
0.06763962 -0.2932475 2.470239
-0.2238766 -0.03409114 2.580006
-0.2689526 -0.4524588 2.491212
-0.2647739 -0.7177601 2.388271
-0.227641 -0.7897726 2.303061
-0.1405248 -0.09721923 2.568586
-0.1107081 -0.4553412 2.506274
-0.114558 -0.7381862 2.405812
-0.1224581 -0.8029841 2.321546

-0.1587922 -0.03222366 2.586628
-0.1370796 0.01980664 2.655817
0.06905468 0.3528054 2.757581
0.1619402 0.4955204 2.751437
-0.07275558 0.2921073 2.676693
-0.3019605 0.3836337 2.750934
-0.5679712 0.3840502 2.73941
-0.6469438 0.3649434 2.735195
0.1185303 0.2024129 2.719238
0.0839328 -0.03474773 2.619673
0.0722262 -0.2165206 2.519965
0.06779128 -0.2934934 2.470016
-0.2246122 -0.03136451 2.580926
-0.268767 -0.4517862 2.491182
-0.264484 -0.7178489 2.388252
-0.2276223 -0.7898251 2.303016
-0.1414906 -0.09659562 2.568399
-0.1110949 -0.4532626 2.506844
-0.114273 -0.735797 2.406522
-0.1224974 -0.8029149 2.321708

-0.1569901 -0.03179643 2.586947
-0.1361582 0.01999336 2.655989
0.06916081 0.352758 2.757604
0.1628587 0.4941564 2.752385
-0.07165997 0.2905125 2.676086
-0.3009474 0.3826722 2.750047
-0.5671977 0.3836318 2.73925
-0.6337671 0.3649938 2.733767
0.1187175 0.2026664 2.719605
0.08438899 -0.03505849 2.619227
0.07236132 -0.2166825 2.519735
0.06791077 -0.2936455 2.469746
-0.2179989 -0.03216071 2.581812
-0.2634615 -0.4584237 2.492723
-0.2643732 -0.7178641 2.388256
-0.2276223 -0.7898408 2.303007
-0.1392171 -0.0968633 2.566952
-0.1113571 -0.4519962 2.507188
-0.1140018 -0.7338427 2.407114
-0.1225265 -0.8028265 2.321903

-0.1561631 -0.02908988 2.587779
-0.1354818 0.02136726 2.656451
0.0692647 0.352714 2.757628
0.1637642 0.4928786 2.753309
-0.07057269 0.2888508 2.675466
-0.2998176 0.3817993 2.749172
-0.5662288 0.3832411 2.739124
-0.6265572 0.3650416 2.733139
0.1188673 0.2028256 2.719899
0.08483396 -0.03507448 2.618964
0.07257174 -0.2167525 2.519554
0.06813302 -0.2935792 2.469358
-0.2168423 -0.0282588 2.584431
-0.2618568 -0.4597897 2.493292
-0.2641763 -0.7179175 2.388233
-0.2276204 -0.7898788 2.302962
-0.138729 -0.09454933 2.565223
-0.1113734 -0.449531 2.507732
-0.1137415 -0.7322918 2.407593
-0.1225462 -0.8027562 2.322074

-0.1557237 -0.02705702 2.588371
-0.1349756 0.02257794 2.656848
0.06939475 0.3526721 2.75767
0.1646686 0.4916909 2.754844
-0.06969716 0.2878639 2.6752
-0.2866652 0.3865852 2.75169
-0.5535351 0.3834783 2.739474
-0.6108568 0.3662881 2.733557
0.119003 0.2028307 2.720162
0.08525877 -0.03498609 2.618818
0.07277692 -0.2168169 2.519408
0.06823212 -0.2936578 2.469235
-0.2167087 -0.02769964 2.585495
-0.2615024 -0.4590694 2.493121
-0.2640422 -0.7179619 2.388222
-0.2276125 -0.7899068 2.302931
-0.138637 -0.09173387 2.563509
-0.1114624 -0.4485699 2.507977
-0.1135414 -0.7311037 2.407956
-0.1225714 -0.8027195 2.322147

-0.1548927 -0.02355051 2.589567
-0.1340963 0.02517101 2.657803
0.06954574 0.3526349 2.757731
0.1653422 0.4907288 2.756158
-0.06934341 0.2874841 2.675121
-0.2791747 0.3891331 2.753874
-0.5460703 0.3834755 2.739464
-0.6031592 0.3668495 2.733644
0.1239993 0.1952308 2.722153
0.08581481 -0.03396525 2.619185
0.07297565 -0.2168522 2.519288
0.06830989 -0.2937115 2.469139
-0.2167156 -0.02673 2.586307
-0.261196 -0.4592516 2.493153
-0.2639683 -0.7179921 2.388212
-0.227605 -0.7899247 2.302906
-0.1384066 -0.08955542 2.562356
-0.1115148 -0.4480433 2.508207
-0.1133916 -0.7302679 2.408207
-0.1225752 -0.8026995 2.322199

-0.1493188 -0.02394077 2.590465
-0.1309305 0.02565766 2.658531
0.06969633 0.3525926 2.75779
0.1659049 0.489938 2.757332
-0.06929279 0.2875318 2.675232
-0.2843003 0.3880285 2.750758
-0.5496743 0.3828761 2.738796
-0.6094205 0.3667064 2.733752
0.1255292 0.1926577 2.722923
0.0872348 -0.04275954 2.614039
0.07348963 -0.2222124 2.51648
0.06800479 -0.2989645 2.466309
-0.2050077 -0.04377688 2.584897
-0.2611879 -0.4593681 2.493069
-0.2639344 -0.7180266 2.388146
-0.2276028 -0.7899508 2.302836
-0.1313582 -0.08916803 2.560923
-0.1114831 -0.4480812 2.5084
-0.1132447 -0.7296389 2.408436
-0.1225307 -0.8026879 2.32228

-0.1487382 -0.02474806 2.590367
-0.1301493 0.02575254 2.658727
0.06984448 0.3525532 2.75785
0.1663546 0.4892507 2.758383
-0.0692792 0.2876626 2.675373
-0.280454 0.3871981 2.754458
-0.546707 0.3825514 2.739046
-0.6072485 0.3667292 2.734118
0.1261646 0.1914737 2.723223
0.08766975 -0.04747159 2.611305
0.0739199 -0.225473 2.514947
0.06799792 -0.3021305 2.464713
-0.2063061 -0.0503512 2.580868
-0.2575807 -0.4536633 2.493396
-0.2639371 -0.7180692 2.388047
-0.2276013 -0.7899836 2.302755
-0.1303908 -0.08880449 2.56058
-0.111423 -0.4483712 2.508549
-0.1131288 -0.7291693 2.408612
-0.1224388 -0.8026946 2.322376

-0.1455213 -0.02591437 2.590805
-0.1279549 0.02526408 2.659111
0.06998327 0.3525162 2.757908
0.1667326 0.4886014 2.759371
-0.06955737 0.2881529 2.675632
-0.2773244 0.3867798 2.758333
-0.5443119 0.3823275 2.739236
-0.6421005 0.3661819 2.73463
0.1269704 0.190215 2.72338
0.08776966 -0.04548951 2.611586
0.07453961 -0.2245916 2.515387
0.06842287 -0.301286 2.465147
-0.2052827 -0.05432454 2.580009
-0.2563142 -0.450777 2.493555
-0.2639943 -0.7180454 2.387965
-0.227626 -0.7899819 2.302713
-0.1246958 -0.08982849 2.559922
-0.1113964 -0.4489606 2.508676
-0.1130372 -0.7288053 2.408748
-0.1223505 -0.8027118 2.322434

-0.1446668 -0.02589122 2.591022
-0.1271745 0.02537762 2.659357
0.07014214 0.3524744 2.757996
0.1671116 0.4873897 2.761158
-0.06982587 0.2886422 2.675882
-0.2749822 0.3868434 2.761156
-0.5423067 0.3821941 2.739354
-0.632575 0.366609 2.735821
0.1273673 0.1894644 2.72344
0.08746196 -0.04286597 2.612398
0.07519874 -0.2228315 2.51618
0.0689666 -0.2995984 2.465984
-0.2088113 -0.04861568 2.580964
-0.2560531 -0.4500598 2.493416
-0.264068 -0.7180123 2.387883
-0.2276528 -0.7899752 2.302674
-0.1234953 -0.08972438 2.559591
-0.1113723 -0.4489891 2.508765
-0.1129732 -0.7285405 2.408839
-0.12225 -0.802734 2.322497

-0.1445484 -0.02573319 2.591142
-0.1267067 0.02546194 2.6595
0.0702903 0.3524328 2.758069
0.167401 0.4862438 2.762735
-0.06981495 0.2885863 2.675933
-0.2787175 0.3850493 2.760376
-0.5450107 0.3817717 2.738844
-0.6335836 0.3666178 2.735891
0.1274172 0.1890458 2.723271
0.0871345 -0.03960497 2.613847
0.07574811 -0.2211349 2.516901
0.06942778 -0.2979549 2.466737
-0.2119006 -0.04370094 2.58181
-0.2565582 -0.4495929 2.493128
-0.26415 -0.7179862 2.387807
-0.227661 -0.7899759 2.302653
-0.1237564 -0.08943164 2.559298
-0.1113437 -0.4490496 2.508824
-0.1129253 -0.728334 2.408907
-0.1221626 -0.8027505 2.322557

-0.1445819 -0.02541785 2.591044
-0.1263721 0.02556127 2.65957
0.07042386 0.3523924 2.758135
0.1675244 0.4851405 2.764101
-0.06974646 0.2883624 2.675949
-0.2766459 0.3849667 2.761867
-0.5427381 0.3816619 2.738986
-0.6199931 0.3668275 2.736649
0.1272168 0.1888919 2.722934
0.08699856 -0.03690569 2.615143
0.07616622 -0.2195203 2.517643
0.06980517 -0.2963836 2.467515
-0.213572 -0.04021525 2.582218
-0.2577105 -0.4500071 2.492667
-0.2642351 -0.7179567 2.387745
-0.2276686 -0.789976 2.302638
-0.1240885 -0.0887626 2.558533
-0.1113205 -0.4491808 2.50885
-0.1128879 -0.7281811 2.408959
-0.1221221 -0.8027495 2.322599

-0.145165 -0.02494163 2.590902
-0.1262735 0.02572959 2.659605
0.07056137 0.352361 2.758214
0.1675802 0.4841042 2.765605
-0.0696676 0.2882129 2.675975
-0.2750142 0.3849792 2.763052
-0.5409607 0.3815983 2.739151
-0.6119478 0.3669005 2.737046
0.1268422 0.1889401 2.722587
0.08698072 -0.03477615 2.616223
0.07645299 -0.218582 2.518085
0.07006155 -0.2954735 2.467984
-0.214986 -0.03737088 2.582326
-0.2590851 -0.4507933 2.492254
-0.2643363 -0.7179165 2.387681
-0.2276811 -0.7899686 2.302621
-0.1258119 -0.08794829 2.558668
-0.1113206 -0.4494456 2.50881
-0.1128518 -0.7280594 2.409
-0.1220947 -0.8027446 2.322634

-0.1468995 -0.02447049 2.590581
-0.1267593 0.02594838 2.659539
0.07067402 0.3523377 2.75828
0.167542 0.4832292 2.766857
-0.0695681 0.2880787 2.676005
-0.2760126 0.3849405 2.763711
-0.5417172 0.3814093 2.738934
-0.6100034 0.3668855 2.73713
0.1263433 0.1891523 2.722166
0.08696629 -0.03311428 2.61706
0.0766313 -0.2180639 2.518325
0.07022233 -0.2950279 2.468422
-0.2166725 -0.03490392 2.581931
-0.2591378 -0.4508466 2.492181
-0.2644221 -0.7178854 2.387617
-0.2276907 -0.7899662 2.302606
-0.1292224 -0.08779927 2.559502
-0.1113867 -0.4499474 2.508703
-0.1128421 -0.7279491 2.40901
-0.1220761 -0.802745 2.322652

-0.1481186 -0.0241218 2.590001
-0.1271625 0.02611821 2.65933
0.07081021 0.352327 2.758369
0.1674814 0.4824962 2.767952
-0.06944229 0.2879568 2.676047
-0.2825426 0.3827547 2.75924
-0.5468209 0.3809762 2.737827
-0.6428279 0.3659118 2.73494
0.1258212 0.1894411 2.721735
0.0870387 -0.03137741 2.618239
0.076756 -0.2176009 2.518548
0.07032846 -0.2946098 2.468721
-0.2176254 -0.03199258 2.576377
-0.2594812 -0.4516123 2.492222
-0.2645001 -0.7178552 2.387562
-0.2276983 -0.7899623 2.302593
-0.1310052 -0.08790897 2.560291
-0.1114177 -0.4505707 2.508615
-0.1128522 -0.7278554 2.409008
-0.1220619 -0.8027449 2.322665

-0.1456424 -0.03381073 2.587661
-0.1261317 0.02203203 2.658199
0.07094009 0.3523229 2.758454
0.1674155 0.4819245 2.768811
-0.06918675 0.2875537 2.676018
-0.2868636 0.3808819 2.755675
-0.5502952 0.3806556 2.737174
-0.6581138 0.3654802 2.734175
0.1253299 0.1903362 2.721589
0.08698799 -0.03013756 2.619106
0.0768448 -0.2172537 2.51871
0.07040167 -0.2942967 2.468935
-0.2046137 -0.05933215 2.568389
-0.2600251 -0.4529302 2.492194
-0.2645757 -0.7178274 2.387515
-0.227708 -0.7899582 2.302581
-0.1300029 -0.09177818 2.561846
-0.1114601 -0.4512776 2.508498
-0.1128672 -0.7277756 2.409003
-0.1220488 -0.8027441 2.322675

-0.1490409 -0.0387287 2.585001
-0.1276064 0.01880669 2.65657
0.07105095 0.3523121 2.75852
0.1673702 0.4815678 2.769388
-0.06868451 0.286595 2.675737
-0.2851484 0.3818105 2.758453
-0.5497596 0.3806765 2.737296
-0.6663546 0.3651582 2.733714
0.124738 0.1912943 2.721396
0.08706768 -0.03016856 2.619736
0.07690962 -0.2170019 2.518822
0.0704415 -0.2940497 2.469066
-0.2085369 -0.06612852 2.566383
-0.2605383 -0.4541216 2.492149
-0.2644376 -0.7179161 2.387406
-0.2276153 -0.7900261 2.302424
-0.13233 -0.09298881 2.561074
-0.1114827 -0.4520957 2.508437
-0.1129696 -0.7277124 2.408938
-0.1219728 -0.8027496 2.322667

-0.1504426 -0.04194271 2.583508
-0.1283286 0.01608475 2.655393
0.07115222 0.3523028 2.75858
0.1673405 0.481355 2.76977
-0.06915604 0.2869976 2.676007
-0.2921353 0.3820823 2.754775
-0.5565426 0.380627 2.736627
-0.6710991 0.364967 2.73334
0.1240451 0.1923352 2.721097
0.08706844 -0.03010201 2.620176
0.07696488 -0.2167152 2.518969
0.07046027 -0.2937261 2.469185
-0.2102221 -0.07061545 2.565248
-0.2610326 -0.4551443 2.492083
-0.2642083 -0.7180442 2.387301
-0.2274986 -0.7901077 2.302252
-0.1329007 -0.09424281 2.560698
-0.1114689 -0.4528332 2.508399
-0.1130581 -0.7276663 2.408885
-0.1218818 -0.8027529 2.322663

-0.1515211 -0.04164239 2.583572
-0.12868 0.01531665 2.655089
0.07123871 0.3522937 2.758643
0.1672987 0.4812358 2.770058
-0.06994072 0.2878448 2.676414
-0.2876676 0.383752 2.756616
-0.5531101 0.3809316 2.736886
-0.6331991 0.3661945 2.730999
0.1234403 0.1933222 2.720889
0.08703651 -0.02996677 2.620486
0.07702228 -0.2162293 2.519252
0.07048802 -0.2931754 2.469391
-0.2136184 -0.06925476 2.568254
-0.2616049 -0.4557267 2.492066
-0.2641073 -0.7181217 2.387228
-0.2274255 -0.7901613 2.302125
-0.1333409 -0.09426399 2.560453
-0.1114593 -0.4535106 2.508372
-0.1131735 -0.7276291 2.408828
-0.1217977 -0.8027452 2.322657