
-0.1456271 0.2086432 2.299074
-0.1442262 0.2629882 2.285125
-0.1392549 0.526548 2.231319
-0.1369708 0.6710389 2.226557
-0.2475428 0.4474931 2.224187
-0.2696258 0.4897376 1.971293
-0.2849514 0.5401432 1.732117
-0.2907997 0.5693626 1.613797
-0.0363081 0.4499627 2.22046
0.001542058 0.485021 1.966747
0.01755396 0.5470258 1.734082
0.02222511 0.5754914 1.638581
-0.2032554 0.1688164 2.300347
-0.2768127 -0.02559368 1.994762
-0.2797245 -0.1116283 1.714099
-0.2923878 -0.1039505 1.608368
-0.09229999 0.1524241 2.316199
-0.1330088 -0.2040953 2.225293
-0.1784673 -0.5336857 2.065869
-0.1831692 -0.5698967 1.981506

-0.1486064 0.2065171 2.29998
-0.1472664 0.2604321 2.286236
-0.1409823 0.5244914 2.232357
-0.1370949 0.6697204 2.226918
-0.2479288 0.4470099 2.224252
-0.2696919 0.4895146 1.971567
-0.2848555 0.5396671 1.732431
-0.2905878 0.5685887 1.613905
-0.0378888 0.445534 2.222698
0.001276388 0.4814538 1.982122
0.02020216 0.5427374 1.746564
0.02510331 0.574701 1.638745
-0.2067109 0.1667471 2.301429
-0.2750256 -0.02392577 1.99237
-0.2756643 -0.1215741 1.718557
-0.2907304 -0.1044062 1.609671
-0.09513646 0.1504005 2.316723
-0.13311 -0.2038841 2.225155
-0.178532 -0.5335454 2.065952
-0.1831314 -0.5697427 1.981593

-0.1525321 0.2042808 2.301156
-0.1507555 0.257947 2.287423
-0.1423436 0.522813 2.233096
-0.1372324 0.6687226 2.227191
-0.248403 0.4465592 2.224307
-0.2698259 0.4892224 1.971837
-0.285102 0.5386951 1.732762
-0.2902673 0.5673175 1.614464
-0.0388708 0.4422687 2.224321
0.001399535 0.4805984 1.98502
0.02145671 0.5416493 1.748849
0.02770993 0.574033 1.638783
-0.2112322 0.1644486 2.303065
-0.2735777 -0.02259567 1.990659
-0.2733529 -0.1261641 1.720654
-0.2893758 -0.1048665 1.610882
-0.09952489 0.1479273 2.317562
-0.1331402 -0.2038129 2.224923
-0.1785802 -0.5335047 2.066012
-0.1830549 -0.5697448 1.981661

-0.1570356 0.201933 2.302402
-0.1544063 0.2556122 2.288559
-0.1433259 0.5216002 2.233616
-0.1373513 0.6679497 2.227395
-0.2489765 0.4459832 2.224413
-0.2700529 0.4888357 1.972185
-0.2852933 0.5373266 1.733156
-0.2899706 0.5660514 1.615003
-0.03945104 0.4391763 2.225885
0.001516274 0.4799353 1.987147
0.02256179 0.5407955 1.750545
0.03006109 0.5734915 1.638753
-0.21625 0.1620809 2.304689
-0.2720703 -0.02109571 1.98891
-0.2716998 -0.1286411 1.721624
-0.2882605 -0.1049367 1.611247
-0.1047824 0.1451407 2.318588
-0.1330813 -0.2040073 2.224528
-0.1786136 -0.5337035 2.066021
-0.1829019 -0.5700529 1.98168

-0.1614609 0.1998072 2.303523
-0.1579168 0.2535704 2.289546
-0.1440539 0.5206895 2.233985
-0.1374779 0.6673274 2.227571
-0.2495682 0.4454195 2.224537
-0.2703037 0.4884348 1.972543
-0.2857783 0.5360882 1.733579
-0.2897176 0.5648184 1.615511
-0.03974295 0.4366776 2.227175
0.001657934 0.4793983 1.988658
0.02413328 0.5387659 1.754284
0.03237673 0.5728948 1.638884
-0.2208201 0.1600406 2.306029
-0.2702121 -0.01868616 1.986656
-0.2696335 -0.1276287 1.721107
-0.2871279 -0.104782 1.611208
-0.1104447 0.1423662 2.319685
-0.1329184 -0.2044985 2.223987
-0.1786145 -0.5342147 2.065962
-0.1826644 -0.5707275 1.981637

-0.1645978 0.1982583 2.304348
-0.160504 0.2520499 2.290283
-0.1446318 0.5199651 2.234243
-0.1375855 0.6668335 2.227705
-0.2500908 0.4449248 2.224649
-0.2706171 0.4879631 1.972893
-0.2859747 0.5349219 1.733914
-0.289522 0.5635307 1.616155
-0.0397846 0.4343562 2.228369
0.001845273 0.4789418 1.989732
0.02524496 0.5372703 1.756994
0.03452906 0.5722718 1.639105
-0.2239584 0.1585409 2.306993
-0.2682668 -0.01600676 1.984457
-0.267959 -0.1259481 1.720279
-0.2768855 -0.1143248 1.616053
-0.114252 0.1404774 2.320473
-0.1327071 -0.2050354 2.223467
-0.1786124 -0.5347743 2.06588
-0.1824157 -0.5714509 1.981575

-0.1667729 0.1970753 2.304953
-0.1623535 0.2508915 2.290827
-0.145069 0.5194071 2.234421
-0.1376726 0.666441 2.227802
-0.2505792 0.4444979 2.224748
-0.2709185 0.4875503 1.973203
-0.2861403 0.5339375 1.734189
-0.2893907 0.5621287 1.617017
-0.03972819 0.4325293 2.229333
0.002113612 0.4785433 1.99044
0.02602287 0.5361339 1.759023
0.03635937 0.5717059 1.639334
-0.2260643 0.1572146 2.307704
-0.2665032 -0.01358564 1.982484
-0.2663798 -0.1230728 1.718816
-0.2707449 -0.1189732 1.618198
-0.1168089 0.1391681 2.321038
-0.1324483 -0.2055902 2.222984
-0.1785922 -0.5353608 2.06579
-0.1821541 -0.5721903 1.981509

-0.1682949 0.1962226 2.305386
-0.1636791 0.2500362 2.291223
-0.1454136 0.5189173 2.234539
-0.1377669 0.666075 2.227889
-0.2510222 0.4441246 2.224833
-0.2712235 0.4871316 1.973481
-0.2862794 0.5330517 1.734415
-0.2893073 0.5607169 1.617945
-0.03960331 0.431147 2.230073
0.002459447 0.4781877 1.990838
0.02349205 0.524179 1.791796
0.03808989 0.5711396 1.63959
-0.2275295 0.1562202 2.308218
-0.2652112 -0.01177154 1.981056
-0.2651421 -0.1200206 1.717306
-0.2669321 -0.1216615 1.619431
-0.1185582 0.1382546 2.32144
-0.1321789 -0.2061167 2.222548
-0.1785633 -0.5359287 2.065692
-0.1819051 -0.572889 1.981437

-0.1693673 0.1955855 2.3057
-0.1646243 0.2493844 2.291514
-0.1456484 0.5184523 2.234619
-0.1378513 0.6657702 2.227952
-0.2514072 0.4437895 2.2249
-0.2715399 0.4866807 1.973726
-0.2864128 0.5322545 1.7346
-0.2892599 0.5594767 1.618745
-0.03940953 0.4300568 2.230654
0.002903382 0.4778375 1.990991
0.02897596 0.5244808 1.782788
0.03964326 0.5706098 1.639789
-0.2285605 0.1554361 2.308594
-0.2640271 -0.01011404 1.979818
-0.2639944 -0.1166798 1.715637
-0.264251 -0.1231761 1.620084
-0.1197757 0.1375984 2.321728
-0.1318769 -0.206626 2.22215
-0.1785253 -0.5364772 2.065589
-0.1816687 -0.5735419 1.981361

-0.1701557 0.1951226 2.305934
-0.1653108 0.2489108 2.291729
-0.145717 0.5180433 2.234684
-0.1379326 0.6654968 2.228008
-0.2517322 0.4435075 2.224953
-0.2718147 0.4862738 1.973932
-0.2865134 0.5315242 1.734746
-0.2892249 0.5583223 1.619378
-0.03920496 0.4292806 2.231082
0.003483892 0.4774725 1.990918
0.03330862 0.5258269 1.773294
0.04115355 0.5700232 1.639958
-0.2293286 0.1548684 2.30887
-0.2628806 -0.008474298 1.978727
-0.2628952 -0.113199 1.71394
-0.26212 -0.1239371 1.620393
-0.1206906 0.1371181 2.321952
-0.1315902 -0.2070651 2.221805
-0.1784599 -0.5369868 2.065513
-0.1814237 -0.5741395 1.981314

-0.1707359 0.194779 2.306106
-0.1658175 0.2485591 2.291885
-0.1457361 0.5177075 2.234709
-0.1379749 0.6652829 2.22805
-0.2520071 0.4432605 2.224986
-0.272045 0.4859096 1.974093
-0.2865852 0.5308521 1.734849
-0.2892108 0.5571575 1.619929
-0.03885334 0.4285469 2.231424
0.004176662 0.4770837 1.990701
0.03607995 0.5269103 1.766267
0.04257106 0.5693813 1.640112
-0.2298954 0.1544384 2.309074
-0.2617802 -0.006822854 1.977225
-0.2619042 -0.1097498 1.711767
-0.2602676 -0.1239605 1.619861
-0.1213603 0.1367601 2.32212
-0.1312932 -0.207476 2.221509
-0.1783691 -0.5374801 2.065452
-0.1811771 -0.5747082 1.981284

-0.1711763 0.1945256 2.306235
-0.1662039 0.2483002 2.292002
-0.1457377 0.5174562 2.23472
-0.1379765 0.6651067 2.228075
-0.252196 0.4430709 2.225003
-0.272235 0.485526 1.974212
-0.2866082 0.5301733 1.734907
-0.2891889 0.555932 1.620468
-0.03825027 0.4279206 2.231711
0.005032551 0.4766389 1.990355
0.0378259 0.5277163 1.761285
0.04395233 0.5686976 1.640212
-0.2303285 0.1541265 2.309219
-0.2607616 -0.005431591 1.97568
-0.2610138 -0.1068016 1.709628
-0.2586685 -0.1234837 1.618722
-0.1218663 0.1364919 2.322253
-0.1310019 -0.2078331 2.22123
-0.1782658 -0.5379276 2.065392
-0.1809309 -0.5752191 1.981256

-0.1715012 0.194339 2.306329
-0.1664899 0.2481087 2.292088
-0.1457113 0.5172445 2.234712
-0.1378807 0.6649101 2.228065
-0.25234 0.4429148 2.225007
-0.2723765 0.4851763 1.974296
-0.2865967 0.5295507 1.734931
-0.2891665 0.5548748 1.620863
-0.03752909 0.427365 2.231958
0.005907897 0.4761738 1.989995
0.03890854 0.528291 1.757927
0.04518301 0.5680113 1.64028
-0.2306494 0.1538942 2.309324
-0.2597824 -0.004208303 1.974011
-0.2601927 -0.104259 1.707496
-0.257273 -0.1225822 1.616986
-0.1222391 0.1362931 2.322354
-0.1307467 -0.2081333 2.220992
-0.1781725 -0.538317 2.065333
-0.1807105 -0.5756593 1.981226

-0.1717042 0.1941832 2.306406
-0.166682 0.2479576 2.292155
-0.1456542 0.5170669 2.234698
-0.1376435 0.6647426 2.22803
-0.2524444 0.4427618 2.22499
-0.2724597 0.4848609 1.974342
-0.2865046 0.5289895 1.734915
-0.2890821 0.5540132 1.621065
-0.03677376 0.4269266 2.232164
0.006823836 0.4756618 1.989622
0.03960848 0.5286781 1.755616
0.04629745 0.5673181 1.640318
-0.2307985 0.1536675 2.309401
-0.2585735 -0.002769583 1.970388
-0.259315 -0.101676 1.704144
-0.2558455 -0.1208167 1.612627
-0.1224344 0.1361221 2.322455
-0.1305268 -0.2084106 2.22078
-0.1780896 -0.5386958 2.065272
-0.180502 -0.5760788 1.981193

-0.1717238 0.1939896 2.306476
-0.1667226 0.2477787 2.292209
-0.1453642 0.5168166 2.234606
-0.137366 0.664593 2.227984
-0.2525132 0.4425271 2.224905
-0.2724933 0.4845691 1.974337
-0.2863518 0.5285157 1.734848
-0.2889511 0.553331 1.62112
-0.03606937 0.4265901 2.232318
0.007765149 0.4751063 1.989246
0.03210255 0.5199222 1.787038
0.04730608 0.5666105 1.640345
-0.2306723 0.1533201 2.309455
-0.2572441 -0.001446088 1.965948
-0.2583629 -0.09936133 1.70029
-0.2544021 -0.1189639 1.607395
-0.1224444 0.1359494 2.322565
-0.1303134 -0.208684 2.220582
-0.1779953 -0.539082 2.065205
-0.1802587 -0.5765229 1.981158

-0.1715883 0.1937519 2.306531
-0.1666285 0.2475604 2.292247
-0.1449596 0.5165165 2.234473
-0.1370465 0.6644574 2.227919
-0.2525041 0.442007 2.224683
-0.2722979 0.4842524 1.97426
-0.2860872 0.5281085 1.734735
-0.2887019 0.5528123 1.62085
-0.03542722 0.4263399 2.232398
0.008648397 0.4745962 1.988858
0.03391832 0.5218874 1.77857
0.04821502 0.5659482 1.640387
-0.2303444 0.1528938 2.309478
-0.2558746 -0.0004173471 1.959691
-0.2573674 -0.09736604 1.695231
-0.2530316 -0.1172819 1.600427
-0.1223092 0.1357701 2.322672
-0.1300943 -0.2089549 2.220395
-0.1778703 -0.5395037 2.065176
-0.1799515 -0.5770246 1.98117

-0.1713374 0.1934997 2.306553
-0.1664109 0.2473212 2.29225
-0.1442614 0.5161495 2.234251
-0.1366295 0.6643656 2.227857
-0.2524509 0.4414668 2.224368
-0.2720002 0.4839539 1.974097
-0.2856737 0.527791 1.734541
-0.2882182 0.5525105 1.620135
-0.03482237 0.4261476 2.232441
0.009609367 0.4741005 1.988498
0.03559535 0.5238463 1.770724
0.04901559 0.565357 1.640445
-0.2298923 0.1524381 2.309442
-0.2545522 0.0002097295 1.952937
-0.2563322 -0.0958134 1.689569
-0.2517443 -0.1160644 1.593249
-0.1220801 0.1355996 2.322762
-0.12983 -0.2092207 2.22021
-0.1777302 -0.5399012 2.06515
-0.1796149 -0.577509 1.981189

-0.170804 0.193251 2.306514
-0.1659527 0.247084 2.292196
-0.1434748 0.5158194 2.233988
-0.1361534 0.6642767 2.227775
-0.2524118 0.4409908 2.224051
-0.2716168 0.4836987 1.973892
-0.2851016 0.5275867 1.734304
-0.2873302 0.5525814 1.618809
-0.03418148 0.4259939 2.232474
0.01064888 0.4736083 1.988194
0.03695176 0.5254426 1.764885
0.04969397 0.5648571 1.640515
-0.2292392 0.1519716 2.309332
-0.2533972 0.0004742628 1.946848
-0.2553316 -0.09473377 1.684009
-0.2506419 -0.1153184 1.586965
-0.1213854 0.1353992 2.322836
-0.1296013 -0.2094501 2.220052
-0.1775928 -0.5402635 2.065129
-0.179288 -0.577946 1.981209

-0.1701931 0.1930305 2.306427
-0.1653791 0.2468646 2.292078
-0.1422767 0.5154619 2.233479
-0.1356767 0.6641976 2.227661
-0.2523607 0.440599 2.223695
-0.271051 0.4835062 1.973576
-0.2844116 0.5275025 1.73398
-0.2863381 0.5528426 1.61746
-0.03357362 0.4258666 2.232501
0.01164407 0.473147 1.987957
0.03795467 0.5266318 1.760783
0.05034704 0.5644169 1.640612
-0.2285616 0.1515483 2.309168
-0.252644 0.0007073829 1.943013
-0.2469302 -0.07082109 1.663923
-0.243006 -0.09183966 1.571512
-0.1206504 0.1352296 2.322885
-0.12932 -0.2096737 2.219946
-0.1774502 -0.5405734 2.065129
-0.1789431 -0.5783468 1.981261

-0.169546 0.1928343 2.306302
-0.1647524 0.2466718 2.29192
-0.1410609 0.5152242 2.232924
-0.1352035 0.6641226 2.227518
-0.2522449 0.440272 2.223149
-0.2703645 0.4833942 1.973029
-0.2835357 0.5275849 1.733418
-0.2852657 0.553245 1.616125
-0.03297067 0.425798 2.23252
0.01280048 0.4726717 1.987767
0.03873093 0.5274699 1.757901
0.05092143 0.5640482 1.640702
-0.2278706 0.1511583 2.308967
-0.252049 0.0008848205 1.940332
-0.2445042 -0.06437642 1.657982
-0.2395758 -0.08251494 1.565213
-0.1199103 0.1350941 2.322899
-0.1290652 -0.2098619 2.219863
-0.177313 -0.5408397 2.065139
-0.1785586 -0.5787165 1.98133

-0.168945 0.1926723 2.306172
-0.1641552 0.2465144 2.291754
-0.1398642 0.5150993 2.23237
-0.1343687 0.6640002 2.227276
-0.2519612 0.4398789 2.222388
-0.2695437 0.4833447 1.972309
-0.282464 0.5278522 1.732666
-0.2841265 0.5537516 1.614951
-0.03209857 0.4255976 2.232628
0.01492578 0.4695225 2.002462
0.03821917 0.526733 1.765334
0.05156575 0.5637482 1.640651
-0.2272639 0.1508389 2.308763
-0.2515592 0.001043932 1.938339
-0.2427305 -0.05973234 1.653665
-0.2377363 -0.07781217 1.561717
-0.119236 0.1349851 2.3229
-0.1288467 -0.2100203 2.219808
-0.1771679 -0.5410824 2.065167
-0.1780888 -0.5790813 1.981435

-0.1683901 0.1925309 2.306048
-0.1635924 0.2463761 2.291593
-0.1387742 0.5150102 2.231836
-0.1334926 0.6638399 2.226981
-0.2513668 0.4390502 2.221196
-0.2685946 0.4832987 1.971423
-0.2812462 0.5282275 1.731774
-0.2826944 0.5544192 1.613594
-0.03119511 0.4253627 2.232727
0.01745418 0.4682935 2.002482
0.03906262 0.5271086 1.763917
0.05225867 0.5634642 1.640588
-0.2267239 0.1505665 2.308575
-0.2512013 0.001211154 1.937
-0.2416285 -0.05717233 1.651062
-0.2364142 -0.07527539 1.559684
-0.1186306 0.1348967 2.322896
-0.1286384 -0.2101548 2.219759
-0.1770326 -0.5412884 2.065197
-0.1775611 -0.5794234 1.981552

-0.1678632 0.192413 2.305928
-0.1630241 0.2462623 2.291427
-0.1374748 0.5150128 2.231199
-0.1326666 0.663682 2.226695
-0.2503923 0.438228 2.219676
-0.267299 0.4833301 1.970206
-0.2798579 0.5287133 1.730639
-0.2812266 0.5550953 1.612311
-0.0301848 0.4250802 2.232836
0.01883787 0.4675273 2.001576
0.03951864 0.5201369 1.781713
0.05296829 0.5631542 1.64048
-0.2262416 0.1503478 2.308406
-0.2508732 0.001578109 1.936262
-0.2408573 -0.05576354 1.649859
-0.2353322 -0.07504336 1.560451
-0.1180803 0.1348299 2.322888
-0.1284377 -0.2102645 2.219712
-0.1769263 -0.5414391 2.065203
-0.1770423 -0.5797036 1.981627

-0.1673853 0.1923348 2.305813
-0.1624959 0.2461767 2.29127
-0.1360812 0.5148271 2.230594
-0.1318393 0.6635375 2.226401
-0.2493059 0.437598 2.218081
-0.2657162 0.483472 1.968748
-0.2782405 0.5292762 1.729265
-0.2797442 0.5556983 1.611156
-0.02914967 0.4247888 2.232952
0.01944518 0.4657033 2.00801
0.03823627 0.5159752 1.798299
0.05381757 0.5627164 1.640269
-0.2258366 0.1502024 2.308253
-0.2506011 0.002042572 1.935482
-0.2404632 -0.05565883 1.649263
-0.2347976 -0.07699142 1.561488
-0.1175954 0.1347909 2.322879
-0.1282745 -0.210343 2.219675
-0.1768493 -0.5415472 2.065206
-0.1765729 -0.5799242 1.981692

-0.1669588 0.1922691 2.305709
-0.1620205 0.2461063 2.291128
-0.1349033 0.5147213 2.230084
-0.1308292 0.66344 2.226007
-0.2478669 0.4370461 2.216265
-0.2641299 0.4836518 1.967174
-0.2765318 0.5298154 1.727741
-0.2783462 0.5561759 1.61017
-0.02815926 0.4245063 2.233086
0.02305115 0.4636283 2.004667
0.04299626 0.5146403 1.781266
0.05476423 0.562037 1.639936
-0.2254877 0.1500908 2.308118
-0.250574 0.00495439 1.937035
-0.2406863 -0.05639728 1.651579
-0.2350182 -0.07973069 1.567356
-0.1171723 0.1347635 2.322866
-0.1281483 -0.2104006 2.219639
-0.1767878 -0.5416353 2.065211
-0.1760909 -0.5801252 1.981769

-0.1665691 0.1922113 2.305616
-0.1615845 0.2460456 2.290997
-0.1339179 0.5146549 2.229616
-0.1297314 0.6634146 2.225615
-0.2458534 0.4364843 2.214198
-0.2624808 0.4838016 1.965516
-0.2746335 0.5301785 1.726072
-0.2769174 0.5564941 1.609443
-0.02696062 0.4239936 2.233307
0.02569145 0.4621434 2.001771
0.04316836 0.5108165 1.785431
0.05585268 0.5608784 1.639513
-0.2251728 0.1500056 2.307999
-0.2506463 0.007581364 1.938569
-0.2411064 -0.05748812 1.654261
-0.2352133 -0.08202353 1.572014
-0.116793 0.1347466 2.322857
-0.1280313 -0.210444 2.219608
-0.1767383 -0.541702 2.065215
-0.1755817 -0.5802999 1.981849

-0.1660337 0.1920672 2.305495
-0.1610519 0.2459248 2.290848
-0.1331294 0.5146054 2.229237
-0.1286319 0.6634055 2.22525
-0.2438703 0.4359632 2.212328
-0.2609462 0.4838533 1.964
-0.2727983 0.5303845 1.724527
-0.2753974 0.55665 1.608781
-0.02576497 0.4233892 2.233601
0.02745486 0.4610265 1.999474
0.04604789 0.5095738 1.772828
0.05708765 0.559187 1.639089
-0.2246437 0.1497845 2.307837
-0.2507049 0.009537388 1.939277
-0.2415348 -0.05859385 1.656239
-0.235201 -0.08302483 1.57382
-0.1162874 0.1347278 2.322814
-0.1288427 -0.2189011 2.216995
-0.1784986 -0.5497541 2.061211
-0.1758101 -0.5880636 1.978164

-0.1655419 0.1919296 2.305387
-0.1605616 0.245811 2.290714
-0.1324741 0.5145779 2.228923
-0.127417 0.6634755 2.224908
-0.2421832 0.435473 2.210818
-0.2596295 0.4838549 1.962755
-0.27021 0.5303314 1.722949
-0.273698 0.5566685 1.608166
-0.02433379 0.4225951 2.234069
0.02860781 0.4600726 1.997754
0.04658763 0.5071251 1.773922
0.05828961 0.5571159 1.638616
-0.2241594 0.1495775 2.307695
-0.2517236 0.01753359 1.947295
-0.2428541 -0.05846339 1.663023
-0.2363394 -0.08213521 1.583376
-0.1158215 0.1347155 2.322774
-0.1291022 -0.2195866 2.216728
-0.1787481 -0.5505049 2.060766
-0.1754368 -0.5887703 1.977838

-0.1649082 0.1916871 2.305265
-0.1599637 0.2456187 2.290566
-0.131938 0.5145548 2.228663
-0.1262868 0.6635482 2.224589
-0.2407643 0.4350219 2.209609
-0.2576744 0.4835501 1.961411
-0.2673883 0.5301315 1.721525
-0.27184 0.5565727 1.607546
-0.02300808 0.4218346 2.234566
0.0293911 0.459374 1.996482
0.04682907 0.5052199 1.775546
0.05936394 0.5549886 1.638208
-0.2234337 0.1491712 2.307535
-0.2523986 0.02229584 1.952158
-0.2439757 -0.05837167 1.668495
-0.237069 -0.08153339 1.589369
-0.1152662 0.1346805 2.322717
-0.1293447 -0.2206484 2.21634
-0.1790579 -0.5515295 2.060172
-0.1752927 -0.5897699 1.97733

-0.1642941 0.1913963 2.305144
-0.1593792 0.2453845 2.290425
-0.1314802 0.5145286 2.228455
-0.1253155 0.6636228 2.224319
-0.2395648 0.4345863 2.208643
-0.256083 0.4832587 1.96037
-0.2652752 0.529883 1.720482
-0.2701772 0.5564038 1.607056
-0.02193948 0.4212126 2.234983
0.02993336 0.4588545 1.995492
0.04686216 0.5038048 1.777347
0.06033459 0.5528525 1.637885
-0.222687 0.1486742 2.307357
-0.2533714 0.02479906 1.955438
-0.2454221 -0.05876936 1.673211
-0.2595861 -0.0659876 1.59091
-0.1147686 0.1346449 2.322662
-0.1295339 -0.2214853 2.216046
-0.1793081 -0.5523258 2.059702
-0.1751755 -0.5905468 1.976924

-0.1637362 0.1911107 2.305029
-0.1588346 0.2451479 2.290292
-0.1310322 0.5144994 2.228281
-0.1244447 0.6637036 2.224055
-0.238536 0.4342113 2.207859
-0.2547512 0.4830089 1.959537
-0.2636399 0.5296335 1.719683
-0.268725 0.5561911 1.606665
-0.02106404 0.4207523 2.235343
0.03030385 0.4584669 1.994727
0.04678261 0.5027925 1.779072
0.06110213 0.5509818 1.637623
-0.221994 0.14818 2.307179
-0.2541758 0.02646358 1.957657
-0.2466823 -0.05907301 1.676809
-0.2715355 -0.05821775 1.591427
-0.1143335 0.1346148 2.322608
-0.1294989 -0.2207505 2.216433
-0.179376 -0.5514854 2.059904
-0.174716 -0.5896883 1.977191

-0.163181 0.1907598 2.304902
-0.1583011 0.2448579 2.290154
-0.1306646 0.5144618 2.228143
-0.1236724 0.663792 2.223823
-0.2375845 0.4337127 2.207197
-0.2536773 0.4827549 1.958911
-0.2624237 0.5294145 1.719123
-0.267537 0.5559853 1.60637
-0.02032845 0.4203359 2.235653
0.03054652 0.4581716 1.994133
0.04666464 0.5021008 1.780563
0.06169114 0.549448 1.637417
-0.2212325 0.1475165 2.306936
-0.2569411 0.01776772 1.964275
-0.2491627 -0.06568339 1.683632
-0.2834006 -0.05907456 1.595591
-0.1139407 0.1345769 2.322554
-0.1294851 -0.219792 2.216912
-0.1793938 -0.5504466 2.060257
-0.1742562 -0.5886311 1.977596

-0.1626551 0.1903851 2.304794
-0.1577672 0.2445171 2.290037
-0.1302136 0.5143094 2.228049
-0.1230555 0.6638789 2.223653
-0.2367793 0.4332025 2.206729
-0.2528119 0.4825212 1.958497
-0.2615247 0.5292251 1.718772
-0.266591 0.5558004 1.606149
-0.01976607 0.4200256 2.23589
0.03069998 0.4579524 1.993659
0.04770535 0.5040862 1.772269
0.06214074 0.5482126 1.637261
-0.2205239 0.1468508 2.306737
-0.258905 0.01243978 1.968094
-0.2511508 -0.07046955 1.68842
-0.2903997 -0.05984198 1.597965
-0.1135982 0.1345413 2.322505
-0.1294783 -0.2197465 2.217008
-0.1794719 -0.550341 2.060233
-0.1741054 -0.5885198 1.977597

-0.1622099 0.1900678 2.304693
-0.1573059 0.2442159 2.289931
-0.1298124 0.5141394 2.227969
-0.1225324 0.6639575 2.223517
-0.2361438 0.4327877 2.206407
-0.2522793 0.4823617 1.958226
-0.2609008 0.5290772 1.718543
-0.2658451 0.5556346 1.605988
-0.01931164 0.4197721 2.236081
0.03078885 0.457786 1.993282
0.04758174 0.5037487 1.773927
0.06248259 0.5472218 1.637145
-0.219974 0.146411 2.306577
-0.2604142 0.008718153 1.970623
-0.2527821 -0.07413748 1.691968
-0.2951318 -0.0605943 1.599692
-0.1133073 0.134506 2.322452
-0.1293208 -0.2192437 2.217389
-0.1795203 -0.5496865 2.06038
-0.1739219 -0.5878559 1.977757

-0.1618161 0.1897906 2.304602
-0.1568932 0.2439442 2.289837
-0.1294429 0.5139446 2.227907
-0.1221103 0.6640084 2.223406
-0.2356669 0.4325027 2.206201
-0.2518657 0.4822473 1.958047
-0.2604482 0.5289516 1.718398
-0.2652597 0.5554883 1.605868
-0.01894978 0.4195681 2.23624
0.03083191 0.4576528 1.992986
0.04738693 0.5034124 1.775903
0.06274556 0.5464144 1.637046
-0.2194975 0.1460837 2.306456
-0.2623383 0.007033693 1.972076
-0.2847322 -0.07285502 1.718023
-0.300487 -0.07799757 1.626679
-0.1130382 0.1344646 2.32239
-0.129154 -0.218585 2.217793
-0.1795255 -0.5489086 2.0606
-0.1737553 -0.5870773 1.977982

-0.1614413 0.189542 2.304525
-0.1564982 0.2436951 2.289756
-0.1291059 0.5137526 2.227856
-0.1217656 0.6640494 2.223316
-0.2352939 0.432276 2.206068
-0.2515494 0.4821545 1.957932
-0.2601232 0.5288326 1.71832
-0.2648112 0.5553468 1.605802
-0.01866495 0.4194068 2.236367
0.03084561 0.4575479 1.992751
0.04715747 0.5031045 1.777795
0.0629469 0.5457492 1.636956
-0.219036 0.1458273 2.306365
-0.2653647 0.005236781 1.973445
-0.2975467 -0.07072006 1.738175
-0.301228 -0.0868215 1.661763
-0.1127815 0.1344196 2.32233
-0.1289444 -0.2177294 2.218212
-0.1794846 -0.5479711 2.060892
-0.1735918 -0.5861513 1.978274

-0.1610527 0.1893488 2.304447
-0.1560964 0.2434872 2.289675
-0.1287878 0.5135533 2.227813
-0.1214474 0.6640538 2.223198
-0.2350569 0.4321686 2.205976
-0.2513252 0.4820971 1.957849
-0.2599238 0.5287192 1.718286
-0.2644801 0.5552109 1.605756
-0.01845278 0.4192955 2.236453
0.03082226 0.4574591 1.992538
0.04692118 0.5028245 1.779493
0.06310012 0.5451791 1.636877
-0.2185706 0.1456667 2.306295
-0.2678707 0.003869648 1.974496
-0.3045412 -0.06950141 1.749561
-0.3017688 -0.09012892 1.674359
-0.1124853 0.1343778 2.322251
-0.1287249 -0.2168567 2.21863
-0.1794067 -0.5470513 2.061208
-0.1734666 -0.5852407 1.978584

-0.1604743 0.1892396 2.304373
-0.1556319 0.2433322 2.289612
-0.1285853 0.5133615 2.227824
-0.1211737 0.6640311 2.223082
-0.2349138 0.4321849 2.206097
-0.2513403 0.4819962 1.957991
-0.2599871 0.5284624 1.718522
-0.2642885 0.5549473 1.605839
-0.01828776 0.4192248 2.236507
0.03077207 0.4573841 1.992326
0.04665117 0.5025645 1.780881
0.06320926 0.5446236 1.636733
-0.2178897 0.1456379 2.30626
-0.2702635 0.002788929 1.975482
-0.3088921 -0.06868716 1.756949
-0.302389 -0.09206809 1.681678
-0.1116889 0.1343785 2.322101
-0.1286159 -0.2197477 2.217896
-0.1798114 -0.5496686 2.060049
-0.1741373 -0.5877928 1.977356

-0.1598085 0.1891869 2.304298
-0.1551501 0.2432611 2.289532
-0.1301578 0.5158522 2.22621
-0.120982 0.6639977 2.222971
-0.2348249 0.4324155 2.206449
-0.251491 0.4818737 1.958291
-0.2605599 0.5279363 1.719034
-0.2645117 0.5543734 1.606118
-0.01814909 0.4191722 2.236543
0.03069834 0.4573079 1.992126
0.04627944 0.5022584 1.782035
0.0630781 0.5437888 1.636402
-0.2169835 0.1457339 2.30628
-0.2726901 0.002303252 1.97631
-0.3119897 -0.06844427 1.761225
-0.3029196 -0.09345505 1.684857
-0.1105792 0.1343913 2.321932
-0.1286899 -0.221587 2.217278
-0.1801123 -0.5514454 2.059233
-0.1747698 -0.5897239 1.976494

-0.1585843 0.1891768 2.304311
-0.154314 0.2432098 2.289509
-0.1305102 0.5163753 2.225848
-0.1209474 0.6638784 2.222791
-0.2348283 0.4326899 2.206966
-0.2520046 0.481658 1.958862
-0.2617691 0.5271588 1.719873
-0.2657789 0.5533243 1.606802
-0.01802288 0.4191856 2.236506
0.0305671 0.4572116 1.991792
0.04576667 0.5019044 1.78282
0.06214115 0.5420728 1.636182
-0.2153898 0.1459221 2.306508
-0.2754456 0.001917529 1.977495
-0.3142023 -0.0681761 1.764515
-0.3033681 -0.09427536 1.687782
-0.1086952 0.1344018 2.321806
-0.1270536 -0.2201535 2.218505
-0.1796613 -0.5499895 2.059883
-0.1748263 -0.5882786 1.977088

-0.1574189 0.189201 2.304365
-0.1534953 0.2431882 2.289517
-0.1307255 0.516696 2.225608
-0.1209588 0.6637751 2.222622
-0.2348507 0.433019 2.207597
-0.252649 0.4814303 1.959564
-0.2641736 0.5260332 1.721067
-0.2691938 0.5514776 1.608156
-0.0179067 0.4192095 2.23643
0.03034664 0.4570709 1.991378
0.0450269 0.5014834 1.783288
0.06035796 0.5398052 1.636049
-0.213858 0.1461701 2.30682
-0.2777346 0.001517989 1.978688
-0.3157101 -0.06806583 1.766694
-0.3255834 -0.07177313 1.672957
-0.1070465 0.134415 2.321726
-0.1255426 -0.2186531 2.219688
-0.1791949 -0.5484242 2.060596
-0.1748901 -0.5867088 1.977759

-0.1548748 0.1889073 2.304527
-0.1515004 0.2429283 2.289625
-0.1307495 0.5168717 2.225482
-0.1210021 0.6636541 2.222452
-0.2346867 0.4336098 2.208672
-0.2535962 0.4811575 1.960704
-0.2677066 0.5246652 1.722881
-0.2747107 0.5490789 1.610739
-0.01778143 0.4192606 2.236247
0.03005938 0.456893 1.990814
0.04406401 0.5009682 1.783524
0.05757961 0.5369127 1.636461
-0.2101272 0.1460279 2.307434
-0.2798178 0.00128512 1.979954
-0.322776 -0.08136089 1.738043
-0.3487729 -0.06227201 1.637282
-0.1046349 0.1342703 2.321607
-0.124896 -0.2193013 2.220107
-0.1790623 -0.5487059 2.060603
-0.1751797 -0.5869358 1.977728

-0.1526702 0.1887012 2.304717
-0.1496702 0.242737 2.28977
-0.1306132 0.5169293 2.225456
-0.1211052 0.6634856 2.222287
-0.2344817 0.434181 2.209775
-0.2547868 0.4808818 1.961989
-0.2718768 0.5234431 1.724812
-0.2813575 0.5470247 1.613836
-0.0176532 0.4193231 2.236022
0.02973758 0.4566981 1.990224
0.03830279 0.5008875 1.766379
0.05460882 0.5343353 1.63689
-0.207137 0.1459935 2.307978
-0.2819389 0.00148642 1.981139
-0.3259028 -0.08784394 1.730849
-0.3639957 -0.06651796 1.623251
-0.1026044 0.1341656 2.321557
-0.1236911 -0.2181514 2.221059
-0.1785464 -0.5474667 2.061347
-0.1752784 -0.5856295 1.978426

-0.1499559 0.1884375 2.304977
-0.1477478 0.2426577 2.289915
-0.1313858 0.5196664 2.225032
-0.1212265 0.6636556 2.222012
-0.2341653 0.4348277 2.21114
-0.2572721 0.480564 1.964051
-0.2772832 0.5223177 1.727286
-0.288624 0.5455667 1.616843
-0.01750766 0.4193712 2.235752
0.02931757 0.4564367 1.98956
0.03500784 0.5007759 1.756799
0.05139004 0.5320053 1.637181
-0.2032325 0.145775 2.308646
-0.2839297 0.001840535 1.982436
-0.3278393 -0.09208929 1.726477
-0.3699254 -0.06656561 1.617213
-0.09929456 0.1340289 2.321593
-0.1227816 -0.2170226 2.221981
-0.1780125 -0.5462404 2.062237
-0.1753984 -0.5843301 1.979274

-0.1474649 0.1881898 2.305284
-0.1456616 0.2425925 2.290149
-0.1306813 0.5210056 2.225108
-0.1213007 0.6635866 2.221851
-0.2338157 0.4354388 2.212407
-0.2594774 0.4803899 1.965873
-0.2825151 0.5216115 1.729501
-0.2967649 0.5446821 1.620832
-0.01735514 0.4194143 2.235463
0.02872148 0.4560938 1.98882
0.03286399 0.5006281 1.750983
0.04756537 0.5299065 1.637055
-0.2000991 0.1455836 2.309228
-0.2867041 0.001172247 1.984774
-0.3295653 -0.09765334 1.724257
-0.3727722 -0.07088036 1.6163
-0.09660587 0.1339071 2.321676
-0.1222458 -0.2160455 2.222771
-0.1776096 -0.5451713 2.063021
-0.1755613 -0.583139 1.980042

-0.1447678 0.1879779 2.305658
-0.1431503 0.242519 2.29048
-0.1293245 0.5216132 2.22543
-0.1213831 0.6633448 2.221669
-0.2334937 0.4359598 2.21354
-0.2625885 0.4801968 1.967885
-0.2875875 0.5211921 1.731517
-0.304185 0.5444756 1.624246
-0.01719028 0.4194653 2.235109
0.02805934 0.4557413 1.988025
0.02804732 0.4977408 1.753899
0.04404627 0.5281826 1.636872
-0.1972942 0.1454162 2.309756
-0.2906203 -0.00224814 1.989406
-0.3309516 -0.1045828 1.724432
-0.3720865 -0.07974094 1.622225
-0.09379201 0.1338273 2.321861
-0.1219775 -0.2151099 2.22351
-0.1773319 -0.544158 2.063663
-0.1758042 -0.5819719 1.980689

-0.1423032 0.1878521 2.306056
-0.1405144 0.2425012 2.290923
-0.1258233 0.5215578 2.226705
-0.1214065 0.6630828 2.221529
-0.2331769 0.4364074 2.214552
-0.2652802 0.4801155 1.969599
-0.2929016 0.5212349 1.733466
-0.3107558 0.5446516 1.627704
-0.01700205 0.419504 2.234715
0.02730427 0.4553276 1.987187
0.02552425 0.4972952 1.750848
0.04114784 0.5268757 1.63667
-0.1951102 0.1452985 2.310165
-0.2932863 -0.004744721 1.992754
-0.3327658 -0.1074054 1.724239
-0.3731403 -0.08199339 1.623255
-0.09136805 0.1338074 2.322117
-0.1216415 -0.2142258 2.22431
-0.1770598 -0.5431836 2.06434
-0.1760311 -0.5808 1.981364

-0.1401884 0.1877723 2.306386
-0.1381754 0.2425222 2.29129
-0.1227802 0.5214429 2.227715
-0.1214519 0.6626121 2.221291
-0.2329088 0.4367665 2.215405
-0.2675488 0.4801619 1.971006
-0.2976 0.5215198 1.735098
-0.3164083 0.5450697 1.630759
-0.01674516 0.4194573 2.234232
0.02641689 0.4548327 1.986262
0.02376273 0.4970513 1.748534
0.03862576 0.5258539 1.636454
-0.1933688 0.1452092 2.310498
-0.2951611 -0.00652795 1.995212
-0.3338708 -0.1091961 1.724036
-0.3738151 -0.08383084 1.624749
-0.08931847 0.1337864 2.322319
-0.1216915 -0.2136984 2.224851
-0.1769404 -0.5426766 2.0647
-0.1762767 -0.5801393 1.981741

-0.1383657 0.1877377 2.306704
-0.136122 0.2425852 2.291646
-0.1202267 0.5213499 2.228556
-0.1214961 0.6621509 2.221067
-0.2326689 0.437055 2.216115
-0.2699541 0.4800063 1.972259
-0.3056076 0.5222449 1.737293
-0.3212098 0.5454785 1.633306
-0.01649391 0.4193752 2.233738
0.0255523 0.4543321 1.985393
0.02253801 0.4969082 1.746837
0.03647075 0.5250025 1.636309
-0.1919022 0.1451589 2.310804
-0.2970082 -0.008619741 1.997895
-0.3349637 -0.1105123 1.72448
-0.3742453 -0.08547118 1.627189
-0.08761927 0.1338006 2.32252
-0.1216457 -0.2130303 2.225456
-0.1767876 -0.541987 2.065195
-0.1765118 -0.5793031 1.982243

-0.1367858 0.1877159 2.306996
-0.1343357 0.2426512 2.291966
-0.1181349 0.5212597 2.229208
-0.121531 0.6617255 2.220858
-0.2324529 0.4373062 2.216738
-0.2718272 0.4799503 1.97325
-0.310036 0.5223681 1.738535
-0.3247164 0.5457106 1.635147
-0.01622483 0.4192818 2.233202
0.02469707 0.4537846 1.984517
0.02073109 0.4944511 1.75178
0.03452469 0.5242115 1.636024
-0.1907082 0.1451174 2.311068
-0.2988189 -0.01049484 2.00037
-0.3361088 -0.1113508 1.725428
-0.374974 -0.08663585 1.630027
-0.08610303 0.1338099 2.322729
-0.1214924 -0.2126913 2.225807
-0.1766781 -0.5416234 2.065472
-0.1766846 -0.5788444 1.982527

-0.1355734 0.1876836 2.307235
-0.1329639 0.2426982 2.292218
-0.1164667 0.5212277 2.229647
-0.1215779 0.6612965 2.220658
-0.2321713 0.4375034 2.217405
-0.2739742 0.4795012 1.974349
-0.3142008 0.5220915 1.739805
-0.3272391 0.5458183 1.636393
-0.01594175 0.4191601 2.232677
0.02394967 0.4532573 1.98374
0.01962139 0.4925996 1.755651
0.03298435 0.5235396 1.635735
-0.1897971 0.1450691 2.311286
-0.3028991 -0.01583983 2.005911
-0.3886767 -0.09067269 1.678351
-0.4043823 -0.09291311 1.589502
-0.08495711 0.1338103 2.322901
-0.1214005 -0.2124804 2.226026
-0.1766082 -0.5413905 2.065648
-0.1768494 -0.5785403 1.982718

-0.1346176 0.1876496 2.307433
-0.1318842 0.2427282 2.292426
-0.1151866 0.5211886 2.229986
-0.1215998 0.6609574 2.220524
-0.2319242 0.4376219 2.218019
-0.2806026 0.4704075 1.992424
-0.3198916 0.5175256 1.756297
-0.3290468 0.5458243 1.637229
-0.01569006 0.4190465 2.232193
0.02315427 0.4526566 1.982978
0.01902977 0.4912127 1.758458
0.031792 0.5229194 1.635461
-0.1890888 0.1450241 2.311465
-0.3056728 -0.01915497 2.00949
-0.4193605 -0.07298652 1.649507
-0.4205427 -0.09171504 1.565498
-0.08405764 0.1338029 2.323043
-0.1213244 -0.2123636 2.226168
-0.1765546 -0.541272 2.065763
-0.1770266 -0.5784015 1.982825

-0.1338907 0.1876162 2.307596
-0.131077 0.2427302 2.2926
-0.1143855 0.5208032 2.230319
-0.1215863 0.6607521 2.220459
-0.2316976 0.4376893 2.218563
-0.2826097 0.4689644 1.993863
-0.322636 0.5151706 1.764656
-0.330417 0.5457343 1.63782
-0.01546342 0.4189429 2.231758
0.02247075 0.4519906 1.982299
0.0187264 0.4901244 1.760654
0.03087955 0.5223467 1.635236
-0.1885503 0.1449822 2.311616
-0.3079761 -0.02099845 2.011888
-0.4341986 -0.06570534 1.638803
-0.4300311 -0.09086514 1.55584
-0.08336531 0.1337909 2.323165
-0.1211902 -0.2123265 2.226263
-0.1765096 -0.5411777 2.065852
-0.1771711 -0.5782926 1.982908

-0.1333343 0.187589 2.307727
-0.1304598 0.2427297 2.292739
-0.1137762 0.5204899 2.230587
-0.1215681 0.6605864 2.220418
-0.2315162 0.4377088 2.219081
-0.2840023 0.4681585 1.993742
-0.3242069 0.5137262 1.769334
-0.3314815 0.5455478 1.63819
-0.01522511 0.4188169 2.231384
0.02191395 0.4514119 1.98177
0.02007472 0.4891999 1.759021
0.03020079 0.5217804 1.635008
-0.1881432 0.1449503 2.311741
-0.3104201 -0.02148627 2.013523
-0.4424174 -0.06171871 1.63226
-0.4360109 -0.08973507 1.550168
-0.08281349 0.1337567 2.323265
-0.121096 -0.2122962 2.226331
-0.176464 -0.5411243 2.06591
-0.1772906 -0.5782247 1.982956

-0.1329149 0.1875697 2.307832
-0.1300142 0.2427288 2.292848
-0.1139535 0.5198689 2.230835
-0.121548 0.6604581 2.220397
-0.2313711 0.4376636 2.219573
-0.284793 0.4678042 1.992602
-0.3252214 0.5127662 1.772195
-0.3323249 0.5452226 1.638363
-0.01501377 0.418703 2.231066
0.02148363 0.4509201 1.981357
0.02131231 0.4884711 1.757637
0.02973682 0.5212347 1.634748
-0.1878304 0.1449336 2.31185
-0.3132426 -0.02079449 2.0147
-0.4481226 -0.05864531 1.628465
-0.4404938 -0.08798727 1.54726
-0.08238377 0.1337214 2.323348
-0.1209955 -0.2122951 2.226375
-0.1764198 -0.5410975 2.06595
-0.1773945 -0.5781895 1.982988

-0.1325943 0.1875502 2.307917
-0.1296828 0.2427176 2.292931
-0.1145352 0.5189399 2.230978
-0.1215226 0.660341 2.220388
-0.2312409 0.4375328 2.22006
-0.2848997 0.4679076 1.990937
-0.3258596 0.512034 1.774156
-0.3331362 0.5427582 1.640972
-0.0148193 0.4186222 2.230797
0.02116281 0.4505268 1.981038
0.02228962 0.4879208 1.756709
0.02945331 0.5207375 1.634513
-0.1875842 0.1449169 2.311945
-0.3159197 -0.01973605 2.015582
-0.4540143 -0.0460206 1.634173
-0.4510883 -0.0691752 1.551993
-0.08204479 0.1336799 2.323418
-0.1182807 -0.212448 2.229132
-0.1742737 -0.5413001 2.069506
-0.1760085 -0.5784124 1.986331

-0.1323504 0.1875344 2.307983
-0.1294341 0.2427057 2.292997
-0.1151785 0.5178747 2.231111
-0.1214939 0.6602084 2.22041
-0.2311285 0.4374034 2.220518
-0.2848247 0.4680293 1.989263
-0.3255477 0.5111353 1.776181
-0.3337122 0.5410081 1.641896
-0.01464889 0.4185575 2.230576
0.0209196 0.4502095 1.980797
0.02294109 0.4875236 1.756274
0.02931785 0.5202948 1.634318
-0.1873945 0.1449075 2.312025
-0.3195525 -0.01748075 2.016298
-0.4573522 -0.04012066 1.636034
-0.4556357 -0.06207588 1.553133
-0.08178165 0.1336401 2.323473
-0.1150477 -0.2126077 2.231513
-0.1721039 -0.5414618 2.072484
-0.1745109 -0.5785969 1.989175

-0.1321646 0.1875204 2.308037
-0.1292482 0.2426908 2.293049
-0.1158685 0.5168402 2.231227
-0.1214722 0.6600916 2.220445
-0.2310337 0.4372277 2.220992
-0.2841189 0.4659869 1.996502
-0.3249065 0.5100159 1.777699
-0.3340047 0.5385837 1.64375
-0.01450024 0.4185034 2.23039
0.02083352 0.4499074 1.980613
0.02346419 0.4872625 1.75605
0.02928418 0.5199091 1.634174
-0.1872478 0.1449011 2.312095
-0.3228238 -0.01531774 2.016884
-0.4592957 -0.03573068 1.638317
-0.4587089 -0.05688344 1.554442
-0.08157206 0.1335951 2.323519
-0.1131353 -0.2126207 2.232634
-0.1707578 -0.5415476 2.074234
-0.1736144 -0.5787081 1.990883

-0.1320182 0.1874937 2.308076
-0.1291061 0.2426677 2.293089
-0.1163228 0.5161971 2.231265
-0.1214544 0.6599784 2.220497
-0.2309782 0.4370629 2.221534
-0.2834555 0.4658158 1.994654
-0.3242121 0.5090348 1.777603
-0.3340491 0.5361978 1.645804
-0.01434228 0.4184531 2.230272
0.0207729 0.4496822 1.980515
0.02393234 0.4870972 1.755961
0.02933854 0.5195783 1.634074
-0.1871259 0.1447812 2.312143
-0.3261215 -0.01341547 2.017155
-0.460593 -0.03266896 1.640382
-0.4609795 -0.05319826 1.555552
-0.08140104 0.1335461 2.323555
-0.07663126 -0.2134171 2.238002
-0.1567945 -0.5401802 2.079638
-0.1619658 -0.5773998 1.996108

-0.1319007 0.1874524 2.308107
-0.1289975 0.2426367 2.29312
-0.1166295 0.5157978 2.231266
-0.1214374 0.6598778 2.220553
-0.2309374 0.4369085 2.222026
-0.2826115 0.4644068 2.000432
-0.323336 0.5079498 1.778341
-0.3339652 0.5342084 1.647525
-0.01420325 0.4184275 2.230154
0.0207264 0.4495363 1.980427
0.02439258 0.4870225 1.756026
0.02946525 0.5192998 1.634028
-0.1870217 0.1445488 2.312171
-0.3291229 -0.0116853 2.017259
-0.4613997 -0.03045191 1.642309
-0.4626686 -0.05044507 1.556579
-0.08126472 0.1334997 2.323586
-0.06194211 -0.2136656 2.239886
-0.1493649 -0.5393869 2.082338
-0.1554911 -0.5765966 1.998878

-0.1318035 0.1874028 2.308126
-0.1289125 0.2425982 2.29314
-0.1168728 0.5154979 2.231243
-0.1214466 0.6597894 2.220614
-0.2310037 0.4366423 2.222568
-0.2819984 0.4634013 2.004536
-0.3223312 0.50668 1.778759
-0.3338029 0.5326075 1.648871
-0.01406689 0.4184273 2.230031
0.02069561 0.4494308 1.980352
0.02485142 0.4871223 1.756565
0.02969157 0.5190749 1.63407
-0.1869223 0.1441836 2.312172
-0.3315041 -0.01042694 2.01731
-0.4618185 -0.02896405 1.644094
-0.4638924 -0.04847193 1.55751
-0.0811507 0.1334595 2.323605
-0.05744924 -0.2137001 2.240172
-0.1468022 -0.5391577 2.083466
-0.1533463 -0.5763717 2.000009

-0.1317413 0.1873491 2.308136
-0.1288591 0.2425555 2.293153
-0.1170702 0.515293 2.231229
-0.121473 0.6597198 2.220681
-0.2310906 0.4363952 2.223056
-0.2818415 0.464267 2.000007
-0.3213331 0.5054806 1.774943
-0.3335971 0.53132 1.649889
-0.01395234 0.4184999 2.229869
0.02065613 0.4493649 1.980268
0.02603902 0.4897863 1.752833
0.02995877 0.5189326 1.634115
-0.1868821 0.1437468 2.312155
-0.3332956 -0.009704841 2.017396
-0.435656 -0.02135441 1.745166
-0.4606253 -0.06536088 1.675135
-0.08108408 0.1334414 2.323614
-0.06281891 -0.2133047 2.23908
-0.1458692 -0.5390585 2.08401
-0.152512 -0.5762493 2.000656

-0.1317116 0.1872561 2.308134
-0.1288366 0.2424799 2.293157
-0.1172253 0.5151396 2.231216
-0.1215167 0.6596628 2.220754
-0.231186 0.436166 2.223516
-0.2817217 0.4651023 1.995931
-0.3205858 0.5044832 1.771122
-0.3333883 0.5302114 1.650757
-0.01388253 0.4186417 2.229637
0.02061693 0.4493431 1.980147
0.02529466 0.4915918 1.75817
0.03022389 0.5188622 1.634159
-0.1868868 0.1432175 2.312116
-0.3346378 -0.009263711 2.017451
-0.4278546 -0.01830213 1.776989
-0.4430588 -0.05004425 1.719804
-0.08104539 0.1334238 2.323613
-0.06643378 -0.2131056 2.238626
-0.1465525 -0.5390822 2.084016
-0.1530998 -0.5762143 2.000814

-0.1317028 0.1871558 2.308124
-0.1288406 0.2423914 2.293153
-0.117397 0.5150162 2.231198
-0.1215736 0.6596168 2.220831
-0.2312608 0.4360694 2.223931
-0.2816648 0.4657912 1.992662
-0.320114 0.503711 1.768086
-0.3332072 0.529231 1.651482
-0.01387665 0.4188821 2.229213
0.02057638 0.4494107 1.97989
0.02493813 0.4953285 1.753599
0.03050691 0.5190951 1.633889
-0.1869043 0.1427133 2.312067
-0.3356065 -0.008952394 2.017477
-0.4229874 -0.01660194 1.795577
-0.4385606 -0.04640882 1.736529
-0.08103259 0.133413 2.323602
-0.0659736 -0.21306 2.238679
-0.1457985 -0.5389448 2.084333
-0.1524852 -0.5760532 2.001182

-0.1317001 0.1870626 2.308109
-0.1288538 0.2423071 2.293143
-0.1175742 0.5149407 2.231166
-0.1217113 0.6595454 2.22088
-0.2313437 0.4359981 2.224282
-0.2817184 0.4663241 1.990085
-0.3204449 0.5028774 1.761677
-0.3330707 0.5283685 1.652051
-0.0140061 0.4195112 2.228346
0.02017922 0.4497879 1.979152
0.02450838 0.4986173 1.748645
0.03067368 0.5197423 1.633218
-0.1869138 0.1422286 2.312008
-0.336269 -0.00871054 2.01747
-0.4200433 -0.01541732 1.807217
-0.4343628 -0.04188497 1.742819
-0.0810213 0.1334345 2.323584
-0.06497417 -0.2128227 2.238573
-0.1444072 -0.5384038 2.084456
-0.1514242 -0.5755117 2.001406

-0.1316986 0.186953 2.308086
-0.1288737 0.2422147 2.29313
-0.1177559 0.5149009 2.231143
-0.1218855 0.6594673 2.220922
-0.2314237 0.4359379 2.22454
-0.2818327 0.4667352 1.987993
-0.3211097 0.5020107 1.755542
-0.3329903 0.5275779 1.652475
-0.01440055 0.4205117 2.227176
0.01948885 0.4505273 1.978102
0.02393758 0.5012754 1.744441
0.03055893 0.5209538 1.632099
-0.18686 0.1416619 2.311913
-0.3367339 -0.008548967 2.017441
-0.4177338 -0.01463425 1.814124
-0.4290438 -0.03420227 1.72862
-0.08101561 0.1334645 2.32356
-0.06752791 -0.2123468 2.238173
-0.1444692 -0.5381963 2.084407
-0.1516632 -0.5752487 2.001416

-0.1317044 0.1868317 2.308058
-0.1289031 0.2421161 2.293112
-0.117961 0.5149104 2.231113
-0.1220716 0.659389 2.220956
-0.2315029 0.4358942 2.224751
-0.2834987 0.4656365 1.990374
-0.3212651 0.5010263 1.754687
-0.3329695 0.5268503 1.652795
-0.01485637 0.4214538 2.226068
0.01870601 0.4513663 1.977037
0.02328195 0.5033343 1.741271
0.03013117 0.5225694 1.63073
-0.1867681 0.1410886 2.311806
-0.3369574 -0.008454544 2.017297
-0.415757 -0.01362116 1.797659
-0.4250099 -0.02749334 1.700172
-0.08102795 0.1335023 2.32353
-0.07456806 -0.2115703 2.237244
-0.1460753 -0.5380511 2.083929
-0.1533595 -0.5750298 2.001029

-0.1317129 0.186724 2.308026
-0.1289327 0.2420317 2.293093
-0.1181322 0.5150154 2.231136
-0.1223859 0.6592594 2.220974
-0.2316009 0.4358425 2.224923
-0.2849791 0.4645946 1.992775
-0.3216093 0.5001076 1.754794
-0.333003 0.5262035 1.653044
-0.01579067 0.4226639 2.224686
0.0177413 0.4524165 1.975789
0.02254499 0.5050739 1.738616
0.02938745 0.52443 1.629401
-0.1866734 0.1406611 2.311692
-0.3365398 -0.008891304 2.01704
-0.4144887 -0.01325124 1.79261
-0.4230998 -0.0248129 1.687646
-0.08106247 0.133569 2.323478
-0.08320488 -0.2110128 2.238014
-0.1488392 -0.537894 2.083736
-0.1562073 -0.5747054 2.000888

-0.1317323 0.1867068 2.307986
-0.1289621 0.2420129 2.293073
-0.1182643 0.5152293 2.231227
-0.1227055 0.6591251 2.220983
-0.2318834 0.4356836 2.225063
-0.2856567 0.4646996 1.99125
-0.3220436 0.4997202 1.753816
-0.333102 0.5256462 1.653143
-0.01641195 0.4234116 2.223767
0.01678349 0.4534077 1.974837
0.02169579 0.5065042 1.736799
0.02815386 0.5265948 1.627941
-0.1867534 0.1406253 2.311557
-0.3350023 -0.01012757 2.016822
-0.4133675 -0.01316223 1.787942
-0.4215288 -0.02345299 1.681073
-0.08109684 0.1336616 2.323405
-0.08843902 -0.2105498 2.238301
-0.1511653 -0.5376863 2.083472
-0.1584094 -0.5743479 2.000657

-0.1317541 0.1867046 2.307938
-0.1289943 0.2420083 2.293045
-0.1183979 0.5155944 2.231247
-0.1233038 0.6589053 2.221034
-0.2322062 0.4355959 2.225156
-0.2862003 0.464929 1.989547
-0.3226775 0.4995645 1.752447
-0.333215 0.5251794 1.653187
-0.01702195 0.4241371 2.222937
0.01541647 0.4546745 1.973838
0.02071262 0.5078021 1.735333
0.02656809 0.528908 1.626524
-0.1867778 0.1405803 2.311429
-0.3326777 -0.01148803 2.016277
-0.3837168 -0.05734813 1.7815
-0.3899335 -0.07138167 1.68198
-0.08115745 0.1338126 2.323299
-0.09100213 -0.2102553 2.23837
-0.1528089 -0.5374609 2.083273
-0.1599667 -0.5740372 2.00049

-0.1320704 0.1875705 2.307394
-0.1296606 0.2434124 2.292132
-0.124688 0.5266457 2.222991
-0.1251158 0.6641403 2.220128
-0.2325879 0.4355391 2.225205
-0.28662 0.4652334 1.987874
-0.3232459 0.4995501 1.751323
-0.3333262 0.5248033 1.653199
-0.01738748 0.4247438 2.22235
0.01368204 0.4561426 1.972971
0.01949705 0.5090733 1.73424
0.0238949 0.531664 1.625224
-0.1874931 0.1422541 2.310522
-0.327745 -0.01201833 2.014125
-0.3805068 -0.08320867 1.729148
-0.3862044 -0.1012498 1.636324
-0.08120825 0.1341415 2.323116
-0.1120693 -0.2252156 2.226635
-0.1686608 -0.5517979 2.06742
-0.1749205 -0.5891019 1.985253

-0.1324678 0.1896749 2.306343
-0.1303258 0.2456152 2.290952
-0.1268289 0.5317534 2.219984
-0.1275797 0.6678117 2.219456
-0.2330133 0.4356097 2.225143
-0.2868885 0.4657415 1.986028
-0.3234701 0.4997906 1.750723
-0.3336713 0.5252627 1.650926
-0.01768999 0.426405 2.22101
0.0120109 0.4578122 1.971411
0.01776295 0.5108117 1.732651
0.02081385 0.5344913 1.624235
-0.1884478 0.1458072 2.308844
-0.3219458 -0.01427913 2.013011
-0.3770957 -0.09237836 1.71802
-0.3827445 -0.1125077 1.625625
-0.08119503 0.1351716 2.322659
-0.1180997 -0.2234969 2.224131
-0.173281 -0.5504158 2.064235
-0.1794366 -0.587942 1.982211

-0.1328246 0.1919555 2.30529
-0.1308984 0.2478141 2.289848
-0.1280758 0.5348503 2.2182
-0.1303889 0.6707142 2.21935
-0.2335618 0.436069 2.2249
-0.2868495 0.4666996 1.983958
-0.3221184 0.5032883 1.747551
-0.3336617 0.5275332 1.646076
-0.01781623 0.428335 2.219639
0.01000775 0.4598749 1.969735
0.01575026 0.5127033 1.731128
0.01780367 0.5370923 1.623644
-0.1893861 0.1494601 2.307403
-0.3165163 -0.01669822 2.012581
-0.3745818 -0.09840231 1.711105
-0.3802181 -0.119173 1.619512
-0.08106796 0.1364271 2.322099
-0.1215758 -0.2227624 2.222574
-0.1761801 -0.54968 2.062161
-0.1823065 -0.5872841 1.980208

-0.1331249 0.1940527 2.304349
-0.131366 0.249789 2.288878
-0.1288706 0.5368776 2.217033
-0.1329588 0.672847 2.219316
-0.2340961 0.4369279 2.224466
-0.2853996 0.4690871 1.981261
-0.3206417 0.5067767 1.74454
-0.3332147 0.5303249 1.641507
-0.01800249 0.4298828 2.218555
0.008259365 0.4616608 1.968419
0.01376165 0.5145521 1.729981
0.01488483 0.5396519 1.623393
-0.1900798 0.1528232 2.306283
-0.3118299 -0.01872415 2.012562
-0.3729883 -0.1024117 1.706399
-0.3793551 -0.1226608 1.616803
-0.08094174 0.1378971 2.321408
-0.1230783 -0.2201574 2.22193
-0.1778938 -0.5472671 2.061307
-0.1840322 -0.5849181 1.979382

-0.1333336 0.1959726 2.303532
-0.1317074 0.2514678 2.28809
-0.1293998 0.538128 2.216292
-0.1352146 0.6740092 2.219536
-0.234565 0.4380098 2.223821
-0.2840995 0.4712169 1.978871
-0.3188043 0.5102391 1.741752
-0.3318808 0.5339561 1.637015
-0.01829606 0.4317181 2.217534
0.006755142 0.4632566 1.967322
0.01176409 0.5164531 1.729069
0.01219353 0.5421385 1.623418
-0.1904856 0.1556968 2.305452
-0.3082704 -0.02020039 2.012777
-0.3723499 -0.1041057 1.704304
-0.379876 -0.1223547 1.617972
-0.08079354 0.1395778 2.320621
-0.1245615 -0.2198638 2.221308
-0.1792112 -0.5470273 2.060356
-0.1852989 -0.5846796 1.978455

-0.1347954 0.2080385 2.300261
-0.1333692 0.2625851 2.284233
-0.1299358 0.5417627 2.213392
-0.138649 0.6785813 2.220218
-0.23949 0.4392489 2.221105
-0.283512 0.4735683 1.97532
-0.3164583 0.514747 1.737379
-0.3289823 0.539565 1.631488
-0.0184522 0.4333847 2.216654
0.005407772 0.464749 1.966373
0.009748045 0.518508 1.72834
0.009694665 0.5446956 1.623578
-0.1967642 0.1723987 2.303335
-0.3038085 -0.02100672 2.01474
-0.3723851 -0.1039242 1.704217
-0.3803379 -0.1208722 1.620582
-0.07985459 0.1432668 2.319451
-0.1241731 -0.2161445 2.222123
-0.1792443 -0.5434931 2.061158
-0.1848461 -0.5815759 1.979325

-0.1361795 0.2161291 2.298149
-0.1345332 0.2695667 2.281913
-0.1299418 0.5429965 2.212478
-0.140376 0.6800171 2.220556
-0.2119996 0.4954658 2.205444
-0.2776824 0.4850163 1.967329
-0.3079617 0.5253689 1.728969
-0.325553 0.544782 1.627416
-0.01866826 0.4353543 2.215694
0.004168066 0.4662515 1.965418
0.007401972 0.5213833 1.727671
0.007282087 0.5473599 1.62377
-0.2001536 0.1891686 2.302029
-0.2989904 -0.02025856 2.018468
-0.3727504 -0.10247 1.705363
-0.3812824 -0.1181382 1.623593
-0.08190284 0.1497208 2.316482
-0.1235131 -0.2146866 2.222351
-0.1793742 -0.5422198 2.061285
-0.1849006 -0.5804172 1.979465

-0.137008 0.2210387 2.296848
-0.1352348 0.2739148 2.280469
-0.1297771 0.5438641 2.211842
-0.1416866 0.6809998 2.22086
-0.2010129 0.526289 2.196859
-0.2750604 0.4912314 1.962361
-0.3033037 0.532467 1.723681
-0.3215428 0.5501273 1.624149
-0.01893225 0.4373901 2.214723
0.002920029 0.4680349 1.964079
0.004782857 0.525027 1.726619
0.004649135 0.5504507 1.62386
-0.2010121 0.19677 2.301333
-0.2956418 -0.01966031 2.021126
-0.3732094 -0.1004411 1.707242
-0.3820575 -0.1154668 1.626392
-0.08348057 0.1543327 2.314249
-0.1210454 -0.2069076 2.224652
-0.1774509 -0.5346566 2.064651
-0.1830334 -0.5730048 1.982822

-0.1378264 0.2246212 2.295965
-0.1358465 0.2769956 2.279525
-0.1294927 0.544445 2.211428
-0.1427924 0.6816759 2.221232
-0.1965957 0.5379273 2.193659
-0.2732972 0.4952645 1.959388
-0.2997777 0.5372898 1.720513
-0.3171103 0.5553979 1.621443
-0.01929545 0.4396006 2.213718
0.001839902 0.4698102 1.962764
0.002489448 0.5284725 1.725636
0.002053417 0.553516 1.624187
-0.2015531 0.202404 2.300751
-0.2925285 -0.01905515 2.023582
-0.3734206 -0.09906501 1.708589
-0.3823593 -0.1142253 1.627778
-0.08539674 0.1583489 2.312582
-0.1191631 -0.2017502 2.226144
-0.1760772 -0.5296556 2.066974
-0.1818224 -0.5680829 1.985144

-0.1386246 0.227425 2.29525
-0.1363975 0.279399 2.278823
-0.1289779 0.5449367 2.211243
-0.1435979 0.6822419 2.221598
-0.1932424 0.5462174 2.191581
-0.2704885 0.5007083 1.956901
-0.2970665 0.5410578 1.718279
-0.312874 0.5602155 1.619424
-0.01967043 0.442644 2.212545
0.0008418343 0.4716255 1.961357
0.0005133667 0.5316921 1.724605
-0.0004120108 0.5565065 1.624614
-0.2018108 0.2074412 2.300313
-0.2895977 -0.01816039 2.026279
-0.373512 -0.09786625 1.70989
-0.3825034 -0.1133336 1.628806
-0.08744637 0.161696 2.310838
-0.1176607 -0.1980134 2.227234
-0.1750794 -0.5260738 2.068655
-0.1810355 -0.5644586 1.98682

-0.1393228 0.2296428 2.2947
-0.1368618 0.281264 2.278328
-0.1284165 0.5452708 2.211253
-0.1441782 0.6826558 2.221967
-0.1951551 0.5443709 2.193076
-0.2695208 0.5029331 1.955626
-0.2951931 0.543639 1.717072
-0.3081554 0.5651968 1.617769
-0.0191038 0.4435666 2.212841
-4.677492E-05 0.4730638 1.961822
-0.001158389 0.5341596 1.725848
-0.002589882 0.5594423 1.625071
-0.202191 0.2109693 2.300023
-0.2872662 -0.01736439 2.02825
-0.3735032 -0.09687578 1.710918
-0.3822964 -0.1126811 1.629468
-0.08873527 0.1638815 2.309623
-0.1165857 -0.1955235 2.227933
-0.1743902 -0.5237287 2.069775
-0.1800856 -0.5619954 1.987975

-0.1397099 0.2310339 2.294348
-0.1371499 0.2825066 2.277999
-0.1278682 0.5455261 2.211393
-0.1447473 0.6829616 2.222357
-0.2252211 0.4887231 2.209145
-0.2696697 0.5026064 1.957781
-0.2930273 0.5454268 1.719635
-0.3041696 0.5692673 1.616626
-0.01844832 0.4441328 2.213275
-0.0009006203 0.4744374 1.962508
-0.003200436 0.5374178 1.727832
-0.004906966 0.5623679 1.625749
-0.2022993 0.2121145 2.299957
-0.2859334 -0.01711989 2.029038
-0.3734226 -0.09593417 1.71181
-0.3820253 -0.1120493 1.629943
-0.0892713 0.1651441 2.308953
-0.1158471 -0.1939023 2.22838
-0.1739218 -0.5221942 2.070514
-0.1794936 -0.5603848 1.988728

-0.14006 0.2325164 2.293989
-0.1373798 0.2837946 2.277744
-0.1272034 0.5457909 2.211694
-0.1451917 0.6832381 2.222782
-0.2370802 0.4684326 2.215832
-0.2698528 0.5024525 1.959332
-0.2912282 0.5470749 1.721664
-0.3009367 0.5724258 1.61612
-0.01796205 0.4445459 2.213503
-0.00167263 0.4757373 1.963235
-0.004722346 0.5400705 1.729452
-0.006887647 0.565167 1.626328
-0.2026169 0.2134612 2.299638
-0.284835 -0.01697217 2.029625
-0.372991 -0.09429388 1.713554
-0.3815393 -0.1111334 1.630732
-0.0895324 0.1661411 2.308466
-0.1153226 -0.1927995 2.22868
-0.173605 -0.5211455 2.071018
-0.1791112 -0.5592823 1.989234

-0.1403108 0.2336753 2.293724
-0.1375405 0.2848391 2.277578
-0.1265731 0.5460538 2.212062
-0.1455038 0.6835158 2.223295
-0.2422531 0.4594745 2.218565
-0.270115 0.5021405 1.960583
-0.2898663 0.5483481 1.723256
-0.2981785 0.5749876 1.61592
-0.01746874 0.4448067 2.213752
-0.002382329 0.4770242 1.964002
-0.005863806 0.542108 1.73072
-0.008602327 0.5676857 1.626792
-0.2029216 0.2143611 2.299345
-0.2836391 -0.01669664 2.029755
-0.3725313 -0.09310253 1.714467
-0.380986 -0.1104021 1.631055
-0.0894533 0.166929 2.308122
-0.1149298 -0.1920283 2.228881
-0.1734 -0.5203956 2.071358
-0.1788558 -0.5584999 1.989575

-0.1405234 0.2346888 2.293525
-0.137664 0.28577 2.277485
-0.1258806 0.5463368 2.212506
-0.1457868 0.6837774 2.22383
-0.2455571 0.4538308 2.220285
-0.270405 0.5017687 1.961513
-0.288869 0.54931 1.724412
-0.2959729 0.5769804 1.61593
-0.01688728 0.444952 2.214015
-0.002972222 0.4781246 1.964657
-0.00670657 0.5436487 1.731669
-0.01011285 0.5699553 1.62716
-0.2034031 0.2149657 2.299044
-0.2826247 -0.01637122 2.029683
-0.3721027 -0.09204893 1.71516
-0.3804109 -0.1097107 1.631235
-0.08914056 0.1675283 2.307931
-0.1146211 -0.1914858 2.229019
-0.173245 -0.5198437 2.07161
-0.1786536 -0.557925 1.989823

-0.140673 0.2355787 2.293386
-0.1376943 0.2869044 2.277537
-0.1214468 0.555531 2.218561
-0.1480462 0.6883552 2.224686
-0.2472851 0.45088 2.221009
-0.2706222 0.5014845 1.962271
-0.2880717 0.550093 1.725399
-0.2942521 0.5785381 1.61606
-0.01455653 0.4476492 2.215875
-0.003608842 0.4794251 1.966267
-0.007645706 0.5449979 1.733338
-0.01134196 0.5718067 1.627451
-0.2039026 0.2153033 2.298769
-0.2816116 -0.01587203 2.029243
-0.3645292 -0.09697255 1.697318
-0.3687266 -0.115284 1.608772
-0.08850971 0.1680352 2.307807
-0.1143755 -0.1911753 2.229068
-0.1731251 -0.5194897 2.071772
-0.1781903 -0.5574355 1.989849

-0.1408075 0.2363461 2.293278
-0.1377155 0.2878721 2.277611
-0.1195926 0.5584989 2.220767
-0.1492301 0.6904847 2.225775
-0.247479 0.4508153 2.220727
-0.2708216 0.5012121 1.962881
-0.2874539 0.5507033 1.726193
-0.292847 0.5797851 1.616261
-0.01297982 0.4489127 2.216866
-0.00411407 0.4803998 1.967225
-0.008442084 0.5460564 1.734384
-0.01233983 0.5733085 1.627644
-0.2045218 0.2154635 2.298535
-0.2803314 -0.01357335 2.027003
-0.3595126 -0.09939273 1.68342
-0.3620431 -0.1179555 1.593255
-0.08784913 0.1683952 2.307745
-0.114216 -0.1910692 2.229012
-0.1730486 -0.5193307 2.071843
-0.1779085 -0.5571521 1.989844

-0.1409564 0.2369723 2.293213
-0.137762 0.2886592 2.277708
-0.1185067 0.560086 2.222077
-0.1499724 0.6917305 2.226584
-0.246491 0.452864 2.21982
-0.2710067 0.5009474 1.963393
-0.2869755 0.5511784 1.726856
-0.2917788 0.5807238 1.616492
-0.01176352 0.4496928 2.217603
-0.004548531 0.4812041 1.968004
-0.009059125 0.5468369 1.735176
-0.01312773 0.5744797 1.627798
-0.2053695 0.2154467 2.29839
-0.2789857 -0.009894038 2.023581
-0.3561225 -0.1001669 1.673201
-0.3583007 -0.09119025 1.562193
-0.08726155 0.1686305 2.307725
-0.1141958 -0.1911628 2.22885
-0.1730124 -0.5193633 2.071821
-0.1776735 -0.5570253 1.989762

-0.1410283 0.2373104 2.293175
-0.137771 0.2891128 2.277804
-0.1177987 0.5610874 2.222968
-0.1505485 0.6925088 2.227218
-0.2450281 0.4557967 2.218819
-0.2711832 0.5007107 1.963838
-0.2866126 0.5515429 1.727406
-0.2909821 0.5814205 1.616708
-0.01082153 0.4501832 2.218184
-0.00495036 0.4819067 1.968675
-0.009571034 0.5474713 1.735815
-0.0137213 0.5753914 1.627913
-0.2058436 0.213523 2.298641
-0.2776214 -0.004730055 2.017848
-0.3536737 -0.09981192 1.664151
-0.3569791 -0.07667603 1.544966
-0.08669296 0.1687344 2.307749
-0.1203862 -0.2139027 2.217932
-0.176879 -0.5420777 2.062145
-0.1801648 -0.5780894 1.979951

-0.1411318 0.2376445 2.293186
-0.1378078 0.2895223 2.277931
-0.1173236 0.5615447 2.223687
-0.1509656 0.6929199 2.2278
-0.2435419 0.4591415 2.217993
-0.2713534 0.5005007 1.964253
-0.2863198 0.5518476 1.727924
-0.2903797 0.5819432 1.616919
-0.009282373 0.4503875 2.217396
-0.005427042 0.4828719 1.968081
-0.01004715 0.5485067 1.735246
-0.01419983 0.5761334 1.628058
-0.2066669 0.2126643 2.298955
-0.2764955 -0.0008961705 2.014409
-0.350899 -0.1000807 1.658334
-0.3501022 -0.057568 1.540983
-0.08620415 0.168808 2.307782
-0.1230263 -0.224408 2.212877
-0.1787918 -0.5527486 2.057637
-0.1828514 -0.5884685 1.97519

-0.1411991 0.23783 2.293215
-0.1378366 0.2897674 2.278073
-0.1172173 0.5613827 2.224326
-0.1512143 0.6930915 2.228326
-0.2439833 0.4595738 2.21807
-0.2717863 0.4998703 1.965543
-0.286069 0.5520043 1.729318
-0.2899165 0.5823408 1.617193
-0.008608364 0.4504776 2.216929
-0.005825989 0.483689 1.967577
-0.01036196 0.549321 1.734769
-0.01458992 0.576751 1.628235
-0.2073539 0.2101079 2.2995
-0.2756875 0.004292448 2.008978
-0.3482782 -0.1004354 1.653067
-0.3418749 -0.03920673 1.543715
-0.08570877 0.1687855 2.307865
-0.1245309 -0.2302433 2.210096
-0.1799778 -0.5586531 2.055065
-0.184634 -0.5942717 1.972444

-0.1412323 0.2373643 2.293494
-0.1378647 0.2895491 2.278402
-0.1176864 0.560236 2.224703
-0.1512883 0.692879 2.228902
-0.2446044 0.4597777 2.218282
-0.272215 0.4992607 1.966809
-0.2858973 0.5520737 1.730683
-0.2895747 0.5826312 1.617461
-0.008716545 0.4505426 2.216647
-0.006155401 0.4843088 1.967376
-0.01057275 0.5498636 1.7346
-0.01491517 0.5772887 1.628466
-0.2073555 0.2050693 2.300427
-0.2747408 0.009415935 2.003063
-0.3455757 -0.09980097 1.650381
-0.337532 -0.03062023 1.547136
-0.08520371 0.1685896 2.308038
-0.1257939 -0.2323469 2.208723
-0.1806416 -0.5610566 2.053922
-0.1855251 -0.5965764 1.971249

-0.1414209 0.2369305 2.293886
-0.1380282 0.2892764 2.278836
-0.118445 0.5587968 2.224946
-0.1512604 0.6925079 2.229445
-0.2448208 0.4603565 2.218269
-0.2724856 0.4989643 1.967397
-0.2857926 0.5521791 1.731315
-0.2893266 0.5828351 1.617734
-0.009348546 0.4504855 2.216229
-0.006478443 0.4848868 1.967123
-0.01077555 0.5504035 1.734363
-0.0151774 0.5777455 1.628721
-0.2078685 0.2030987 2.301206
-0.2733723 0.01602661 1.998092
-0.3428552 -0.09876716 1.648199
-0.3347738 -0.02540351 1.548954
-0.0848783 0.1684124 2.308264
-0.1267978 -0.233173 2.207947
-0.1811198 -0.5610185 2.05369
-0.1862745 -0.5967019 1.97098

-0.1416625 0.2361108 2.29441
-0.1382485 0.2887089 2.279371
-0.1192494 0.5573541 2.225064
-0.151186 0.6920488 2.22996
-0.2448632 0.4614455 2.218257
-0.2726932 0.4987557 1.967831
-0.2857227 0.5522586 1.731787
-0.2891513 0.5829727 1.617994
-0.009768523 0.4504431 2.215933
-0.006773466 0.4853961 1.966845
-0.01088705 0.5508755 1.7341
-0.01538727 0.5781389 1.629017
-0.2080961 0.2009988 2.302018
-0.2732438 0.02447321 1.992532
-0.3402663 -0.09634546 1.646666
-0.3325545 -0.02066601 1.551219
-0.08466738 0.1681505 2.30851
-0.1277685 -0.233308 2.207627
-0.1814893 -0.5614138 2.053414
-0.1868764 -0.5971813 1.970692

-0.1419845 0.2354832 2.294909
-0.1385443 0.2882275 2.279911
-0.1200306 0.5560697 2.225214
-0.1511905 0.6914852 2.230799
-0.2447784 0.462881 2.218242
-0.2728532 0.4986083 1.968146
-0.2856737 0.5523136 1.732121
-0.2890274 0.5830514 1.618245
-0.01053093 0.4502563 2.215652
-0.00704013 0.4857619 1.966748
-0.01098847 0.5511797 1.734005
-0.01556945 0.5784957 1.629464
-0.2084245 0.1998577 2.302547
-0.2702749 0.04767461 1.965786
-0.3345146 -0.0861965 1.63211
-0.3303614 -0.009010425 1.540865
-0.08455001 0.167885 2.308774
-0.1361934 -0.2323042 2.209174
-0.1820647 -0.5619544 2.053153
-0.1874869 -0.5977774 1.970412

-0.1423179 0.2348565 2.29539
-0.138871 0.2877112 2.280454
-0.1208774 0.5548766 2.225467
-0.1512798 0.6908311 2.232002
-0.2443782 0.4646936 2.21821
-0.2729707 0.4985038 1.968374
-0.2856344 0.5523492 1.732359
-0.2889329 0.5830851 1.618472
-0.01098819 0.4501173 2.215545
-0.007265739 0.4860439 1.96672
-0.01106033 0.5513858 1.733951
-0.0157364 0.5787773 1.630055
-0.2086416 0.1989611 2.302922
-0.2691651 0.05773529 1.953765
-0.3307079 -0.07833129 1.620875
-0.3285677 6.805547E-05 1.534308
-0.08458482 0.1675796 2.309109
-0.1406376 -0.2317642 2.209979
-0.182726 -0.5619813 2.05312
-0.1880873 -0.597881 1.970352

-0.1428323 0.2333832 2.296184
-0.1393904 0.2864425 2.281335
-0.1218715 0.5533797 2.225922
-0.1514255 0.6898801 2.233133
-0.2443791 0.4652491 2.218426
-0.2731233 0.4982901 1.968928
-0.2856005 0.5522333 1.732904
-0.2888543 0.5830512 1.618698
-0.01286338 0.4494256 2.215954
-0.0075105 0.4862728 1.966859
-0.01111674 0.5515314 1.733983
-0.01589875 0.5789716 1.630737
-0.208672 0.1973084 2.303387
-0.2685107 0.06318488 1.947431
-0.328172 -0.07270362 1.613133
-0.3263182 0.007976411 1.53145
-0.08494473 0.1668231 2.309744
-0.1489671 -0.2725483 2.194592
-0.1887376 -0.5935267 2.039727
-0.1968307 -0.6429274 1.957292

-0.1435297 0.2309503 2.297182
-0.1400997 0.2844172 2.282444
-0.1229785 0.5518343 2.226588
-0.1516209 0.6888379 2.234266
-0.2443607 0.4657672 2.218606
-0.2732657 0.498125 1.969303
-0.2855726 0.5519829 1.73327
-0.2887707 0.5828711 1.619011
-0.01736232 0.4477515 2.217504
-0.007886859 0.4864106 1.967588
-0.01115298 0.5515173 1.73448
-0.01607384 0.579048 1.631584
-0.2084536 0.1953604 2.303851
-0.2680908 0.06670292 1.943488
-0.3265251 -0.06883146 1.607867
-0.3248237 0.01304032 1.529839
-0.08580436 0.1655133 2.310492
-0.152967 -0.2953903 2.185866
-0.1912606 -0.6067861 2.034122
-0.201385 -0.667344 1.949852

-0.1441012 0.2289535 2.297989
-0.1407038 0.2827464 2.283352
-0.1240649 0.5509877 2.227037
-0.1518771 0.688364 2.235045
-0.2442547 0.466579 2.218669
-0.2733718 0.498022 1.969473
-0.2855449 0.5517616 1.733404
-0.2886381 0.5825204 1.619383
-0.02057265 0.4466811 2.218915
-0.008268208 0.4864874 1.96848
-0.01117746 0.551411 1.735121
-0.01621921 0.5790773 1.632345
-0.2082046 0.1937251 2.304264
-0.2679549 0.06907114 1.940177
-0.3256116 -0.06574358 1.602998
-0.3236035 0.01721173 1.528524
-0.08662084 0.1644058 2.311125
-0.1547539 -0.304956 2.182232
-0.192492 -0.6134146 2.031351
-0.2032864 -0.6773782 1.946797

-0.1445703 0.2273147 2.298644
-0.141222 0.2813413 2.284102
-0.1251029 0.5502908 2.227454
-0.1521932 0.6879576 2.235892
-0.2440884 0.4674249 2.218704
-0.2734518 0.4979385 1.96959
-0.2855042 0.5514653 1.733444
-0.288453 0.5818465 1.619969
-0.02228436 0.4459419 2.21987
-0.008743723 0.4863861 1.969839
-0.01121055 0.5511198 1.736204
-0.01634174 0.5790738 1.633018
-0.2079478 0.192332 2.304636
-0.2677686 0.07097787 1.937924
-0.324921 -0.0629911 1.599493
-0.3219926 0.02106074 1.52775
-0.08735972 0.1634549 2.311653
-0.1559714 -0.3107846 2.179961
-0.193281 -0.6175668 2.029602
-0.2045059 -0.6836001 1.944919

-0.1449384 0.2260416 2.299143
-0.1416384 0.2802294 2.28469
-0.1260053 0.5497265 2.227901
-0.1530746 0.6874644 2.236997
-0.2438247 0.4683684 2.218758
-0.2735227 0.4978586 1.969679
-0.285473 0.5510985 1.733446
-0.2882631 0.5810118 1.620633
-0.01840954 0.4334447 2.239554
-0.01010136 0.4818488 1.989676
-0.01126003 0.5452976 1.755286
-0.01648381 0.5789941 1.633755
-0.2077393 0.1912414 2.304901
-0.2672232 0.06472342 1.950505
-0.324265 -0.06227782 1.600466
-0.3191528 0.01894442 1.53613
-0.08807146 0.1625062 2.312134
-0.1565938 -0.314683 2.178424
-0.1938308 -0.620468 2.028385
-0.2052257 -0.687403 1.943866

-0.1451996 0.2250466 2.299545
-0.1419532 0.2793441 2.285166
-0.126774 0.5492724 2.228312
-0.153873 0.6870415 2.237921
-0.2436125 0.4690072 2.218913
-0.2736336 0.4977359 1.969809
-0.2854593 0.550562 1.733508
-0.2880928 0.580099 1.621321
-0.01838392 0.431766 2.242417
-0.01041277 0.4812309 1.992724
-0.01133666 0.5443968 1.758141
-0.01669322 0.578737 1.63494
-0.2074782 0.1903248 2.305113
-0.2655959 0.009176667 1.994654
-0.3189905 -0.09949587 1.658572
-0.3131779 -0.02384236 1.591616
-0.08864928 0.1617071 2.312577
-0.1565187 -0.3163072 2.177693
-0.1941667 -0.6222817 2.0276
-0.2053441 -0.6883275 1.943734

-0.1453834 0.2243249 2.299846
-0.1421879 0.2786856 2.285531
-0.1274021 0.5489315 2.228655
-0.1544854 0.6867373 2.238689
-0.2434234 0.4696327 2.21908
-0.2737477 0.4976258 1.96992
-0.2855349 0.5500657 1.733547
-0.2879959 0.579232 1.621997
-0.01843303 0.4311036 2.243865
-0.01063936 0.4810141 1.994069
-0.01162185 0.5440145 1.759343
-0.01687872 0.57851 1.63598
-0.2072456 0.1896135 2.305273
-0.2650716 -0.01329216 2.012522
-0.3168729 -0.1156513 1.684013
-0.3105198 -0.04206039 1.614856
-0.08908152 0.1611301 2.312933
-0.1604509 -0.2686141 2.195868
-0.1909736 -0.5894705 2.041118
-0.1958705 -0.6376479 1.958014

-0.1455023 0.2238227 2.30007
-0.1423538 0.2782091 2.28581
-0.1279165 0.5486673 2.228953
-0.1548879 0.6865414 2.239615
-0.2432667 0.4701401 2.219272
-0.2739047 0.4975208 1.970059
-0.2857077 0.5496557 1.733619
-0.28806 0.5784761 1.622663
-0.01853206 0.4313389 2.244056
-0.01082348 0.4811129 1.994177
-0.01200463 0.5440775 1.759364
-0.01708514 0.578329 1.637015
-0.2070106 0.1890614 2.305387
-0.2648038 -0.0248566 2.021747
-0.3158003 -0.1237724 1.696829
-0.3089648 -0.05132447 1.62656
-0.08939373 0.1607456 2.31322
-0.1592092 -0.2695181 2.195849
-0.1908764 -0.5899473 2.040808
-0.1958115 -0.6382604 1.958338

-0.1455981 0.2234463 2.300235
-0.1424823 0.2778464 2.286023
-0.1282596 0.5484754 2.229203
-0.1552525 0.6863858 2.240537
-0.2196208 0.5065403 2.216784
-0.2732626 0.4992075 1.970343
-0.285881 0.5494624 1.733603
-0.2884079 0.5777782 1.623455
-0.01878037 0.4335967 2.241683
-0.01108534 0.4816069 1.992617
-0.01253067 0.5446945 1.757815
-0.01734649 0.5782254 1.638012
-0.2067956 0.1887073 2.305467
-0.2646119 -0.03191539 2.027507
-0.3151198 -0.128636 1.704516
-0.3079578 -0.05697794 1.633763
-0.09000331 0.1603787 2.313385
-0.1574453 -0.2751139 2.194076
-0.1910213 -0.5935465 2.039171
-0.1965501 -0.6437045 1.957097

-0.145668 0.2231659 2.300359
-0.1425773 0.2775752 2.286188
-0.128525 0.5483666 2.229454
-0.1553136 0.6863821 2.241364
-0.2186715 0.5090485 2.217493
-0.2733293 0.4995282 1.970531
-0.2863047 0.5491996 1.733686
-0.2889601 0.5772217 1.624171
-0.01903515 0.435 2.240448
-0.01135056 0.4821697 1.990573
-0.01305337 0.5455229 1.755861
-0.01760834 0.5781828 1.639114
-0.2065662 0.1884506 2.305517
-0.2644786 -0.03693973 2.031605
-0.3146042 -0.1320466 1.709926
-0.3072361 -0.06104496 1.638676
-0.09054184 0.1600972 2.313507
-0.1557434 -0.2811677 2.192176
-0.191232 -0.5976891 2.037339
-0.197442 -0.6485085 1.956951

-0.1457216 0.2229582 2.300452
-0.1426515 0.2773718 2.286315
-0.1287403 0.548307 2.229718
-0.1553247 0.6864105 2.242018
-0.216417 0.5128857 2.217447
-0.273361 0.5000622 1.970675
-0.2868096 0.5490481 1.733675
-0.2897578 0.5767764 1.624885
-0.01980466 0.438285 2.236772
-0.01164405 0.4828962 1.98763
-0.013581 0.546637 1.753088
-0.01783996 0.5781844 1.640123
-0.2062796 0.1883161 2.30552
-0.260326 0.03173117 1.960737
-0.3152947 -0.09259961 1.638808
-0.3039577 -0.005887507 1.549734
-0.09115762 0.1598942 2.31359
-0.154441 -0.2861336 2.190511
-0.1914521 -0.6014497 2.035686
-0.1983527 -0.6535585 1.95607

-0.1457606 0.2228016 2.300525
-0.1427066 0.2772167 2.28642
-0.1289028 0.5482956 2.230008
-0.155351 0.6864465 2.24251
-0.2187234 0.5098493 2.217887
-0.273479 0.50032 1.970741
-0.2874168 0.5489047 1.733621
-0.2908592 0.5764328 1.62565
-0.02037605 0.4408064 2.233898
-0.01186418 0.4834964 1.985151
-0.01372418 0.5476578 1.7508
-0.01802497 0.5781937 1.641026
-0.2060021 0.1882248 2.305513
-0.2588871 0.05465211 1.936704
-0.3159429 -0.07058038 1.599568
-0.3027193 0.009987949 1.519463
-0.09164874 0.1597519 2.313679
-0.153336 -0.2898615 2.189274
-0.1916961 -0.6047341 2.034283
-0.1990974 -0.6577864 1.955089

-0.1457794 0.2226415 2.300607
-0.1427441 0.2770615 2.286532
-0.1290312 0.5482875 2.230278
-0.1553387 0.6864719 2.242877
-0.2241016 0.5025126 2.218629
-0.2736276 0.5005322 1.970796
-0.2880925 0.548784 1.733578
-0.2921941 0.5761941 1.626397
-0.02068287 0.4420452 2.232411
-0.01201716 0.4839794 1.983106
-0.01364433 0.5484251 1.748898
-0.0181178 0.5782013 1.641843
-0.2057233 0.1880815 2.305546
-0.2580539 0.06789086 1.922715
-0.3161522 -0.06177422 1.583088
-0.3024938 0.01956716 1.500095
-0.09197373 0.1595608 2.31378
-0.1525153 -0.2930406 2.188253
-0.1918961 -0.6072726 2.033207
-0.1996493 -0.6609361 1.954221

-0.1457911 0.2225105 2.300677
-0.142772 0.276932 2.28663
-0.1291203 0.548257 2.230561
-0.1553312 0.6864668 2.243193
-0.2286473 0.4960759 2.219078
-0.2738614 0.5006729 1.970829
-0.2890057 0.5486048 1.733521
-0.2935754 0.5760139 1.627029
-0.02090085 0.442918 2.231263
-0.01205151 0.4842987 1.981541
-0.0132289 0.548853 1.747329
-0.01800953 0.5781231 1.64267
-0.2055107 0.1879757 2.305573
-0.2575527 0.07477325 1.915606
-0.3162037 -0.05690571 1.574072
-0.3023464 0.01905984 1.492446
-0.09223794 0.1593764 2.31387
-0.15203 -0.2954073 2.187616
-0.1920827 -0.6092578 2.032375
-0.2000711 -0.6635039 1.953265

-0.1457643 0.2220392 2.300852
-0.1427884 0.2765525 2.286815
-0.1292057 0.5481862 2.230814
-0.1553116 0.6864357 2.243389
-0.2355907 0.4846518 2.220955
-0.274267 0.5005687 1.971158
-0.2899711 0.548255 1.733886
-0.2947732 0.5758687 1.627512
-0.02243415 0.4435129 2.22978
-0.01206519 0.4844798 1.980559
-0.0126951 0.5489477 1.746199
-0.01772642 0.5779817 1.643431
-0.2051484 0.1875905 2.30564
-0.2589566 0.06665552 1.939648
-0.3168989 -0.05699959 1.577812
-0.3030892 0.0146163 1.496615
-0.09248915 0.1590557 2.314019
-0.1516308 -0.29749 2.187102
-0.192213 -0.610506 2.031889
-0.2003444 -0.6653026 1.952568

-0.1457396 0.2215925 2.301011
-0.1428014 0.2761882 2.286985
-0.1292701 0.548102 2.231029
-0.1552731 0.6863812 2.243503
-0.2387728 0.4791716 2.221973
-0.274651 0.5004278 1.971508
-0.2908414 0.547919 1.734282
-0.2958481 0.5757341 1.627882
-0.023647 0.4439236 2.228478
-0.01200237 0.4845677 1.97964
-0.01208336 0.5489182 1.745135
-0.01725506 0.5777668 1.643965
-0.2048188 0.187221 2.305694
-0.2600209 0.06002663 1.954051
-0.3168951 -0.05957561 1.587291
-0.3030977 0.008181084 1.50726
-0.09270903 0.1587703 2.314158
-0.1509728 -0.2992143 2.186857
-0.1923137 -0.6114231 2.031525
-0.2004986 -0.6664584 1.952152

-0.1457174 0.2211682 2.301158
-0.1428127 0.2758389 2.287141
-0.1293197 0.5480174 2.231221
-0.1552128 0.6863072 2.243548
-0.2404661 0.4761004 2.222414
-0.2749672 0.5002947 1.971733
-0.2920099 0.5474533 1.734608
-0.2968425 0.5755757 1.628174
-0.02468361 0.4442099 2.227395
-0.0118688 0.4845712 1.978835
-0.01070902 0.548109 1.743822
-0.01637862 0.5773733 1.64412
-0.2045188 0.1868836 2.305733
-0.2606205 0.05252424 1.964555
-0.2900449 -0.02776064 1.657002
-0.2878735 -0.01681168 1.56721
-0.0929218 0.158483 2.314302
-0.1377694 -0.2567946 2.203563
-0.1871243 -0.5783812 2.045673
-0.1933529 -0.6212459 1.964093

-0.145686 0.2206715 2.301334
-0.1428122 0.2753998 2.287327
-0.1293416 0.5478292 2.231406
-0.1549612 0.6860589 2.243434
-0.2419948 0.472415 2.222873
-0.275397 0.4998656 1.97211
-0.2932261 0.5468304 1.735111
-0.2977878 0.5753678 1.628398
-0.02530103 0.4443724 2.226675
-0.01167919 0.4844939 1.97808
-0.009229291 0.5468743 1.742482
-0.01496678 0.5765881 1.644108
-0.2041822 0.1863312 2.305776
-0.2610514 0.04183776 1.972389
-0.2809455 -0.01757222 1.680303
-0.2819193 -0.02751742 1.590865
-0.09311707 0.1581222 2.314549
-0.1336851 -0.2091294 2.222186
-0.1822512 -0.5379726 2.062788
-0.1869211 -0.5729614 1.979827

-0.145631 0.2200239 2.30155
-0.1427892 0.2747937 2.287549
-0.129343 0.5474634 2.23158
-0.1545734 0.685598 2.243213
-0.2436347 0.4679438 2.223523
-0.2759041 0.499006 1.972747
-0.2943582 0.5459793 1.735825
-0.2987325 0.575078 1.628579
-0.02583073 0.4444113 2.226036
-0.01140963 0.4843277 1.977341
-0.00794168 0.5457476 1.74133
-0.0134017 0.5755695 1.643881
-0.2037596 0.1850118 2.306004
-0.2613969 0.0333308 1.977512
-0.2756907 -0.0121045 1.69469
-0.2782551 -0.03658724 1.609003
-0.09326275 0.1577643 2.314793
-0.1332537 -0.18386 2.231857
-0.1801919 -0.5173398 2.071267
-0.1842745 -0.5482184 1.988092

-0.1455702 0.2190756 2.301858
-0.1427637 0.2739319 2.287827
-0.1293436 0.5469864 2.231699
-0.1540767 0.6850097 2.242886
-0.2445557 0.4649101 2.223914
-0.2763184 0.4981514 1.9733
-0.295455 0.5450366 1.73647
-0.2997676 0.5745182 1.628867
-0.02630945 0.4443491 2.22542
-0.0110565 0.4839881 1.976527
-0.006839979 0.5446978 1.740291
-0.01162721 0.5742378 1.643414
-0.203322 0.1834369 2.30627
-0.2624638 0.02293141 1.985487
-0.2726684 -0.009094669 1.706063
-0.2771306 -0.04184439 1.622049
-0.09340253 0.1573258 2.315118
-0.1323417 -0.1729954 2.236035
-0.1791435 -0.5080691 2.075109
-0.1829796 -0.5373707 1.991606

-0.1455456 0.217851 2.302158
-0.142773 0.2727523 2.28809
-0.1293749 0.5460864 2.231714
-0.1532253 0.6837128 2.241725
-0.2451748 0.4625074 2.224231
-0.2768492 0.4969528 1.973927
-0.2966093 0.5438527 1.73716
-0.3008921 0.5736201 1.629305
-0.02679389 0.4440814 2.224738
-0.01064865 0.4834669 1.975617
-0.005831364 0.5434135 1.739198
-0.009647347 0.5723967 1.64273
-0.2029451 0.1814491 2.306431
-0.2639758 0.01188054 1.992248
-0.2732741 -0.03672768 1.722071
-0.2787592 -0.06676949 1.634735
-0.09354939 0.1567775 2.315488
-0.1316582 -0.1656931 2.23881
-0.1783841 -0.501694 2.077772
-0.1821755 -0.5300951 1.994056

-0.1456657 0.2165884 2.30257
-0.1428713 0.2715549 2.288405
-0.1293839 0.5451025 2.231641
-0.1522143 0.6821536 2.239961
-0.2453881 0.4607318 2.224489
-0.2772619 0.4956654 1.97455
-0.2976722 0.5421085 1.737836
-0.3020868 0.5723644 1.629722
-0.02721976 0.4437272 2.22405
-0.01009838 0.4826342 1.974575
-0.00494821 0.5420328 1.738137
-0.00754463 0.5700793 1.641898
-0.2027471 0.1797812 2.306631
-0.2643419 0.005823471 1.995905
-0.2738813 -0.05143183 1.730375
-0.2796868 -0.07914688 1.64178
-0.09396371 0.1560365 2.316241
-0.131672 -0.1633447 2.239537
-0.1779318 -0.4985048 2.079121
-0.1822233 -0.52817 1.995165

-0.1459276 0.2153669 2.302904
-0.1430706 0.2703854 2.288647
-0.1293666 0.5440331 2.23145
-0.1512206 0.6806711 2.238268
-0.234644 0.4682004 2.221279
-0.2772913 0.4951014 1.974543
-0.2987286 0.5403977 1.737466
-0.3033203 0.5707244 1.630006
-0.02751525 0.4430333 2.222208
-0.009220839 0.4813299 1.972548
-0.004209413 0.540503 1.736992
-0.00550781 0.567256 1.640746
-0.2026268 0.1784645 2.306767
-0.2644766 0.001356305 1.998441
-0.2737351 -0.08836564 1.738432
-0.2798986 -0.1130403 1.649558
-0.09487685 0.1551895 2.316968
-0.1321832 -0.1659643 2.238363
-0.1778969 -0.4991373 2.07895
-0.1831575 -0.5313527 1.99485

-0.1461742 0.2143421 2.303182
-0.1432609 0.2693814 2.288844
-0.1293139 0.5427812 2.231139
-0.1504116 0.6791999 2.236729
-0.2325983 0.468468 2.220615
-0.2773951 0.4941713 1.974486
-0.299887 0.5381942 1.737165
-0.3047817 0.5684296 1.630003
-0.02765532 0.4425 2.219997
-0.008228394 0.4797716 1.970025
-0.00352375 0.5386734 1.735939
-0.003637226 0.5643225 1.639506
-0.2025712 0.1774287 2.306866
-0.2645251 -0.002150382 2.000312
-0.2743427 -0.1225593 1.746692
-0.2818874 -0.1248912 1.651786
-0.09568641 0.1544518 2.317617
-0.1327506 -0.1704473 2.236595
-0.1780557 -0.5018916 2.077995
-0.184273 -0.5363728 1.994

-0.1463919 0.21342 2.303402
-0.1434139 0.268406 2.288993
-0.1288421 0.5408686 2.230666
-0.1492617 0.6770241 2.234736
-0.2308824 0.4675952 2.220115
-0.2773778 0.4928803 1.97445
-0.3008791 0.5359404 1.737032
-0.3066701 0.5653269 1.629625
-0.0275743 0.442161 2.218558
-0.007235812 0.4781022 1.967439
-0.004453433 0.5198755 1.763918
-0.002023047 0.5609787 1.638031
-0.202553 0.1765379 2.306925
-0.2647316 -0.005588248 2.001963
-0.2743499 -0.1351226 1.750707
-0.2833191 -0.1335619 1.6531
-0.09635931 0.1537757 2.318161
-0.1329385 -0.1752393 2.234772
-0.1782681 -0.5055383 2.076693
-0.1853111 -0.5415203 1.992989

-0.1466959 0.2126301 2.303551
-0.143635 0.2675428 2.289077
-0.1284096 0.5390016 2.230092
-0.1481806 0.6749025 2.232613
-0.2289736 0.4682345 2.219238
-0.2772581 0.4920258 1.974012
-0.3018513 0.5338359 1.736245
-0.3089389 0.5617043 1.629065
-0.02715924 0.4418874 2.216078
-0.00630564 0.4756744 1.967416
-0.003444136 0.5143464 1.760945
-0.0007173509 0.5577611 1.636569
-0.2025953 0.1759344 2.306964
-0.2655144 -0.009099835 2.003766
-0.2744859 -0.1435493 1.753609
-0.2843712 -0.13944 1.654159
-0.09727051 0.1531219 2.31856
-0.1324399 -0.1795811 2.233253
-0.1783257 -0.5091525 2.075494
-0.1860358 -0.5459691 1.992158

-0.1469846 0.2118633 2.303686
-0.1438408 0.2667068 2.289144
-0.1280353 0.53745 2.229589
-0.147352 0.6731296 2.230687
-0.2280473 0.4662092 2.219073
-0.2770824 0.490617 1.97398
-0.3027976 0.5312788 1.736184
-0.3112985 0.5578818 1.628237
-0.02684055 0.4418703 2.213641
-0.005508779 0.473343 1.968002
-0.002643286 0.511059 1.757374
0.000244426 0.5548134 1.635202
-0.2026562 0.1753963 2.306996
-0.2667575 -0.01328368 2.005998
-0.2771168 -0.1470215 1.754298
-0.2867138 -0.1458546 1.656278
-0.09802554 0.1525324 2.318901
-0.1318159 -0.1830957 2.232074
-0.1783311 -0.5122847 2.074485
-0.1866708 -0.5494828 1.991507

-0.1472606 0.2111103 2.30379
-0.1440162 0.26589 2.289186
-0.1274144 0.5360035 2.229102
-0.1467514 0.6716665 2.22922
-0.2278383 0.4636025 2.219136
-0.2770504 0.4888432 1.97401
-0.3037007 0.528787 1.736238
-0.3134839 0.5543312 1.627271
-0.02638284 0.4420254 2.211338
-0.004863892 0.4715092 1.968156
-0.003058308 0.5041615 1.773267
0.0009972909 0.5522019 1.633908
-0.2028 0.1747606 2.307008
-0.2689275 -0.01884414 2.009015
-0.2794715 -0.1485488 1.754624
-0.2891405 -0.1497943 1.657802
-0.09867445 0.1519382 2.319182
-0.1311665 -0.1860117 2.231181
-0.1783163 -0.5150313 2.073669
-0.1871786 -0.5523436 1.991006
