
-0.2603889 0.2209637 2.306969
-0.2668253 0.2702832 2.299765
-0.2900825 0.5110523 2.277452
-0.2655034 0.6552423 2.183782
-0.3779964 0.5013654 2.267999
-0.4273904 0.7081817 2.213306
-0.4007209 0.8704568 2.198894
-0.3923325 0.9180867 2.1997
-0.1623511 0.5741097 2.278117
-0.1061549 0.7337102 2.232546
-0.08833832 0.892536 2.216564
-0.08094756 0.9546447 2.219662
-0.3057276 0.1377824 2.298725
-0.3441525 -0.2834193 2.355444
-0.3056338 -0.5791055 2.222899
-0.278364 -0.6490085 2.156626
-0.1957988 0.1894153 2.32216
-0.06260809 -0.2080327 2.476636
0.1313975 -0.484915 2.462718
0.1561773 -0.5175294 2.389689

-0.2583745 0.2208357 2.307942
-0.2642127 0.2700451 2.300832
-0.2867084 0.5125067 2.278182
-0.2660997 0.6562127 2.184109
-0.3938989 0.5526348 2.264065
-0.4312082 0.716247 2.213483
-0.3962262 0.8766105 2.201193
-0.3821571 0.9267246 2.203392
-0.1623988 0.5744478 2.27814
-0.1063355 0.7325324 2.232695
-0.08924408 0.8916401 2.214869
-0.08218382 0.9531537 2.217371
-0.3041631 0.1382708 2.298641
-0.3440067 -0.2838544 2.355512
-0.3056492 -0.5794121 2.222735
-0.2784707 -0.648846 2.156409
-0.1946556 0.189594 2.325408
-0.06336954 -0.2085077 2.476379
0.1290487 -0.4860189 2.461598
0.1536764 -0.5186986 2.388533

-0.2568143 0.2207819 2.308676
-0.2622493 0.2699171 2.301616
-0.2844188 0.5136226 2.278695
-0.2666837 0.6572233 2.184439
-0.3980399 0.5549163 2.270582
-0.434478 0.7247692 2.214025
-0.3933593 0.882812 2.202888
-0.378471 0.9317375 2.204252
-0.1624574 0.5747567 2.278132
-0.1064799 0.7315057 2.232791
-0.09273619 0.8915029 2.211716
-0.08630832 0.9515886 2.213248
-0.3028509 0.1386974 2.298875
-0.3437325 -0.2845903 2.355664
-0.3056555 -0.5797317 2.222563
-0.2785655 -0.6487111 2.1562
-0.1939282 0.1898803 2.326621
-0.06428548 -0.2086026 2.475992
0.1272502 -0.4866278 2.460686
0.1507528 -0.5196842 2.387337

-0.2557614 0.2209701 2.309152
-0.2611615 0.2699594 2.302031
-0.2919288 0.5128924 2.275739
-0.2671947 0.6581103 2.184724
-0.4086169 0.5516111 2.273006
-0.4362766 0.7290502 2.21461
-0.3930537 0.8865459 2.203908
-0.3771923 0.9352322 2.204783
-0.1625231 0.5750474 2.278114
-0.1065386 0.7308462 2.232783
-0.09472746 0.8912868 2.209857
-0.09021714 0.9505057 2.209528
-0.3019737 0.1389883 2.299017
-0.3434557 -0.2853827 2.355786
-0.3056352 -0.5801202 2.222368
-0.2786441 -0.6486188 2.155988
-0.1928181 0.1903894 2.327738
-0.06522807 -0.2086474 2.475612
0.1259208 -0.4870784 2.460049
0.1489136 -0.5204193 2.386651

-0.2549596 0.2211613 2.30951
-0.2602046 0.2701002 2.302351
-0.2686677 0.5237658 2.276776
-0.267646 0.6588224 2.184911
-0.4018023 0.5522501 2.27721
-0.4374669 0.7322941 2.215148
-0.3932379 0.8896924 2.205205
-0.3767026 0.9382864 2.205629
-0.1623885 0.57545 2.278291
-0.106564 0.7304907 2.232611
-0.09754588 0.8915438 2.207741
-0.09352528 0.9495947 2.206648
-0.3011712 0.1395515 2.299273
-0.3431595 -0.286242 2.355903
-0.3055994 -0.5804486 2.222239
-0.2787072 -0.6485391 2.155834
-0.1924588 0.1906179 2.328363
-0.06627926 -0.208463 2.475156
0.1248895 -0.4873269 2.459551
0.1472928 -0.5208101 2.386053

-0.254282 0.2213892 2.309769
-0.2592997 0.2703549 2.302568
-0.2596163 0.5280238 2.277161
-0.2679996 0.6593511 2.18504
-0.407071 0.5463129 2.278533
-0.4382436 0.7344847 2.215616
-0.3938932 0.8920322 2.206098
-0.3770199 0.9408059 2.206238
-0.1623384 0.5756691 2.278345
-0.1066953 0.7299277 2.232452
-0.09938058 0.8909696 2.206513
-0.0967427 0.9479432 2.204322
-0.300585 0.1400174 2.299459
-0.3428827 -0.2868637 2.356035
-0.3055522 -0.5807793 2.222111
-0.2787646 -0.6484908 2.155702
-0.1921827 0.1907871 2.328812
-0.06705839 -0.2083261 2.474772
0.1241688 -0.4875231 2.459198
0.1463494 -0.5210928 2.385669

-0.2534627 0.2220254 2.309878
-0.2582259 0.2710325 2.302644
-0.2553881 0.530123 2.277433
-0.2682624 0.6596877 2.185149
-0.4095215 0.5438812 2.27931
-0.4390184 0.7357687 2.21622
-0.3944368 0.8931679 2.20637
-0.3772972 0.9422306 2.206248
-0.1622802 0.5758221 2.278413
-0.1069369 0.7292311 2.231966
-0.1009488 0.8904165 2.205485
-0.09938283 0.9465005 2.20243
-0.3001617 0.1404201 2.299562
-0.342629 -0.2873963 2.356157
-0.3054977 -0.5811014 2.221989
-0.2788121 -0.6484613 2.155585
-0.1917297 0.1911948 2.329
-0.06776348 -0.2080372 2.474361
0.1236744 -0.4874938 2.458941
0.1456854 -0.5211533 2.385399

-0.252864 0.2221144 2.309906
-0.2573765 0.2712831 2.302642
-0.2527145 0.5314577 2.277543
-0.2684948 0.659973 2.185241
-0.4114799 0.5416424 2.279762
-0.4396057 0.7366471 2.21677
-0.3950878 0.8938792 2.206479
-0.3778141 0.9432743 2.206135
-0.1647285 0.543565 2.294149
-0.1081853 0.7286627 2.230436
-0.104183 0.8923409 2.202176
-0.1036773 0.9488868 2.197617
-0.299889 0.1405741 2.299617
-0.3424008 -0.287841 2.356262
-0.3054027 -0.5814783 2.221857
-0.2788451 -0.6484619 2.155464
-0.1910465 0.1903834 2.328755
-0.06815746 -0.2084343 2.474264
0.1237895 -0.488024 2.459239
0.1467373 -0.5217133 2.386123

-0.2525108 0.2222797 2.309774
-0.2567731 0.2715747 2.302516
-0.2508345 0.5324044 2.277651
-0.2686656 0.6601607 2.185296
-0.413002 0.5396823 2.279996
-0.4400471 0.7371811 2.217251
-0.3969027 0.8942063 2.206733
-0.3796388 0.944137 2.20617
-0.1628693 0.5426403 2.296222
-0.1092624 0.7305533 2.227655
-0.1069668 0.8952794 2.199859
-0.1058138 0.9498209 2.195871
-0.3007347 0.1408343 2.299013
-0.342178 -0.2882474 2.356328
-0.3053185 -0.581795 2.221755
-0.2788717 -0.6484588 2.155363
-0.1907429 0.1897317 2.328261
-0.06845551 -0.2086021 2.474155
0.1295181 -0.4849122 2.467874
0.155227 -0.5182184 2.396688

-0.2522407 0.2224345 2.309526
-0.256278 0.2718474 2.302325
-0.249793 0.5329779 2.277829
-0.2688023 0.660301 2.185337
-0.4141533 0.5380844 2.280141
-0.4403746 0.7374488 2.217686
-0.3987816 0.8942549 2.206992
-0.3816957 0.944725 2.206263
-0.164451 0.5258852 2.300339
-0.1107552 0.7288538 2.226556
-0.1083022 0.8957874 2.198872
-0.1071239 0.9500915 2.1947
-0.3016089 0.1411071 2.298356
-0.3419866 -0.2886057 2.35636
-0.3052374 -0.582078 2.221665
-0.2788923 -0.6484601 2.155271
-0.190604 0.1889199 2.327188
-0.06866967 -0.2086889 2.474071
0.1343391 -0.481683 2.474045
0.1625328 -0.514301 2.404037

-0.2520363 0.2225431 2.309228
-0.2558815 0.2720655 2.302109
-0.2497663 0.5330933 2.278037
-0.2689082 0.6604139 2.185376
-0.4150721 0.5367186 2.280186
-0.4406176 0.737651 2.21801
-0.4100851 0.894428 2.210659
-0.3931608 0.9459738 2.209489
-0.1652113 0.5181276 2.302569
-0.11138 0.7277365 2.226645
-0.1091154 0.8955279 2.198834
-0.108004 0.9496375 2.19445
-0.3025647 0.1411423 2.29744
-0.3418841 -0.2887933 2.356375
-0.3051675 -0.5823044 2.221593
-0.2789094 -0.6484585 2.155195
-0.190451 0.1881243 2.326312
-0.06880914 -0.2087989 2.474036
0.1414021 -0.4768015 2.480555
0.1720627 -0.5085928 2.411279

-0.2544288 0.2341888 2.305125
-0.2591535 0.279387 2.2989
-0.2987607 0.5224115 2.270046
-0.2690109 0.6605185 2.185408
-0.4492646 0.5259267 2.272869
-0.440843 0.7373726 2.218425
-0.4175453 0.893378 2.212548
-0.4020528 0.9459534 2.211428
-0.1579511 0.545557 2.30106
-0.1113539 0.7282493 2.226663
-0.1096557 0.8957937 2.198927
-0.1086676 0.949679 2.194485
-0.3039746 0.1417178 2.296117
-0.3417792 -0.289203 2.356202
-0.3051037 -0.5825072 2.22153
-0.2789228 -0.6484617 2.155128
-0.1827165 0.1951502 2.324166
-0.07868788 -0.1965308 2.47595
0.138113 -0.4559532 2.487178
0.170361 -0.4876502 2.417709

-0.2545138 0.2334876 2.303349
-0.259622 0.2799473 2.29782
-0.3036135 0.5188397 2.270808
-0.2690756 0.6605924 2.185433
-0.4242675 0.5080356 2.270326
-0.4404014 0.734328 2.219425
-0.4213032 0.889201 2.213994
-0.4070316 0.9438265 2.212754
-0.1569617 0.5394582 2.306846
-0.1114374 0.7276973 2.227194
-0.1099263 0.8949292 2.199637
-0.1090061 0.9486086 2.195106
-0.3048143 0.1419468 2.295211
-0.3417006 -0.2895771 2.356001
-0.3050677 -0.5826196 2.221496
-0.2789363 -0.6484498 2.155086
-0.1819236 0.1941295 2.321434
-0.08372495 -0.189696 2.477112
0.13732 -0.4449481 2.490538
0.1719882 -0.4739342 2.421418

-0.2527626 0.2273774 2.302547
-0.2586515 0.2774042 2.297157
-0.3013434 0.5172824 2.273161
-0.2691185 0.660647 2.185472
-0.4099765 0.4997636 2.269401
-0.4394259 0.7287132 2.220951
-0.4238486 0.8858351 2.214815
-0.4109158 0.9417987 2.213638
-0.1568894 0.5350664 2.310339
-0.1114824 0.7274199 2.227499
-0.1100262 0.8940989 2.200426
-0.1091659 0.947637 2.195813
-0.3047532 0.1411599 2.295329
-0.3416443 -0.2899159 2.355766
-0.3050378 -0.5827086 2.221469
-0.2789478 -0.6484327 2.155046
-0.1815841 0.1914643 2.318788
-0.08696024 -0.1843475 2.477979
0.1391435 -0.4334612 2.492215
0.1760464 -0.4601545 2.423116

-0.2521128 0.2227611 2.301924
-0.2578495 0.2748854 2.296679
-0.293278 0.5174164 2.27634
-0.2690312 0.6603469 2.18536
-0.3981331 0.5101667 2.266869
-0.4393078 0.7277122 2.221364
-0.4229081 0.8855746 2.216338
-0.4119145 0.9414665 2.214967
-0.1573191 0.5316243 2.312536
-0.1114757 0.7271774 2.227933
-0.1103666 0.8932012 2.20167
-0.1096919 0.9466075 2.197121
-0.3048761 0.1407139 2.295362
-0.3416116 -0.2902982 2.355422
-0.3050144 -0.5827777 2.221448
-0.2789576 -0.6484145 2.155013
-0.1849383 0.1874743 2.315239
-0.09157076 -0.1809421 2.477371
0.1383929 -0.4223655 2.493891
0.177345 -0.4478822 2.425169

-0.2513671 0.2194588 2.301668
-0.2555284 0.2728771 2.296867
-0.2339735 0.5397877 2.290565
-0.2687065 0.659702 2.184911
-0.3528043 0.5454909 2.27301
-0.4392371 0.7270858 2.221686
-0.4215267 0.8857264 2.217396
-0.4122888 0.9412988 2.216033
-0.1393474 0.537072 2.318281
-0.1111103 0.7268316 2.228833
-0.1094873 0.8985649 2.204438
-0.1085756 0.9572279 2.200777
-0.3049433 0.1405567 2.295442
-0.3416144 -0.2904455 2.355125
-0.3049996 -0.5828215 2.221433
-0.2789681 -0.6483774 2.154988
-0.1876293 0.1844811 2.31278
-0.09321053 -0.1766985 2.477726
0.1434126 -0.4102397 2.497607
0.1842293 -0.4347618 2.429317

-0.251213 0.2180533 2.301383
-0.2546168 0.2720227 2.296812
-0.2275952 0.5419448 2.292335
-0.2681119 0.6585207 2.184104
-0.3490573 0.5521587 2.272222
-0.4392707 0.7267172 2.221982
-0.4194439 0.885996 2.217033
-0.4118418 0.941149 2.216177
-0.1428442 0.5343279 2.318773
-0.110726 0.7264252 2.229834
-0.1090553 0.9029992 2.206594
-0.1082477 0.9652052 2.203277
-0.3050606 0.1406636 2.295378
-0.3416452 -0.2905653 2.354785
-0.3049873 -0.5828533 2.22142
-0.2789734 -0.6483321 2.154963
-0.1907176 0.1827443 2.311187
-0.09383363 -0.1729752 2.478175
0.1142329 -0.3823145 2.508469
0.1560512 -0.4097711 2.441582

-0.2511378 0.2167262 2.301223
-0.2538105 0.2711276 2.29683
-0.2260623 0.5422446 2.292618
-0.2673573 0.6572392 2.183291
-0.3587502 0.5253058 2.270521
-0.4381934 0.7214311 2.22307
-0.4207487 0.8814589 2.215239
-0.4139047 0.9381949 2.215115
-0.1485567 0.5314012 2.317761
-0.110245 0.7262394 2.230842
-0.1086758 0.9076585 2.208299
-0.1080948 0.9725572 2.204942
-0.3051278 0.1406586 2.295341
-0.3416925 -0.2906484 2.354417
-0.304977 -0.5828658 2.221409
-0.278979 -0.6482629 2.154948
-0.1931519 0.1814978 2.310158
-0.08802675 -0.1682816 2.4798
0.1057877 -0.3731436 2.51192
0.1424357 -0.4000683 2.446677

-0.2510307 0.2161031 2.30109
-0.2533061 0.2706835 2.296816
-0.2334583 0.5382971 2.290892
-0.2666505 0.6560903 2.182491
-0.367546 0.5116671 2.269413
-0.4375188 0.7154505 2.223853
-0.4220106 0.8759885 2.213543
-0.4157327 0.9344288 2.213995
-0.1512979 0.5557319 2.308613
-0.1095935 0.7261173 2.231959
-0.1071902 0.9101359 2.21504
-0.1073818 0.9751546 2.209541
-0.3051771 0.1406682 2.295318
-0.3417627 -0.2906492 2.354045
-0.3049668 -0.5828535 2.221398
-0.2789786 -0.6481928 2.154952
-0.1939941 0.1815019 2.309362
-0.08197464 -0.1648497 2.481384
0.1366438 -0.3831741 2.520443
0.1733998 -0.4118779 2.454221

-0.2509677 0.2154714 2.30121
-0.2528417 0.2701318 2.296973
-0.2392242 0.5352436 2.289341
-0.2660644 0.6550326 2.181803
-0.3736753 0.50286 2.268676
-0.4370364 0.711428 2.224273
-0.4230566 0.8721924 2.212235
-0.417316 0.9312885 2.212939
-0.1524787 0.566734 2.304653
-0.1076765 0.7291342 2.237371
-0.1067072 0.9125353 2.220745
-0.1071935 0.9774483 2.216616
-0.3054065 0.1401835 2.295845
-0.3418596 -0.2905292 2.35362
-0.3049565 -0.5828333 2.221386
-0.2789744 -0.6481219 2.154957
-0.1946134 0.1810491 2.309052
-0.04252559 -0.1731169 2.489502
0.1674005 -0.4020024 2.526572
0.2034429 -0.4331552 2.459412

-0.2491365 0.2204831 2.303064
-0.251439 0.2719422 2.297845
-0.2437402 0.5330567 2.288077
-0.2655488 0.6540632 2.18119
-0.3781038 0.4971078 2.268178
-0.4367701 0.7087528 2.224503
-0.4239042 0.8695538 2.211159
-0.4186373 0.9287396 2.211909
-0.1462154 0.6090397 2.29767
-0.09940059 0.7951415 2.23905
-0.1008045 0.9834852 2.227329
-0.1017241 1.047923 2.225834
-0.3054287 0.1400923 2.295897
-0.3419932 -0.2901602 2.353189
-0.304946 -0.5828034 2.221372
-0.2789789 -0.6480621 2.154965
-0.1887542 0.1918303 2.32114
-0.03755325 -0.1709827 2.49093
0.174911 -0.4047643 2.528667
0.2108384 -0.4366568 2.461243

-0.2470123 0.2223062 2.304981
-0.2499491 0.2728468 2.298922
-0.2475825 0.5313234 2.287064
-0.2651246 0.6532726 2.180692
-0.382269 0.492523 2.267677
-0.4427088 0.689217 2.223598
-0.4220491 0.8484609 2.207388
-0.4165997 0.9142379 2.208799
-0.1455219 0.6160013 2.296944
-0.09759052 0.8060463 2.241161
-0.09991213 0.9943229 2.231415
-0.1011695 1.057934 2.231292
-0.3042388 0.1393559 2.296398
-0.3421819 -0.2892516 2.352699
-0.3049429 -0.5827321 2.221356
-0.2789923 -0.647971 2.154986
-0.1845671 0.1953771 2.32725
-0.03577885 -0.1686184 2.491622
0.1799403 -0.4066421 2.52999
0.215969 -0.4389298 2.462427

-0.2465003 0.2202462 2.306926
-0.2492438 0.2721306 2.300029
-0.2502119 0.5303374 2.286493
-0.2647116 0.6526051 2.180295
-0.3835548 0.4901071 2.267231
-0.4429809 0.6866594 2.223085
-0.4284226 0.8477486 2.205235
-0.4259428 0.9068664 2.201939
-0.150093 0.5564471 2.310666
-0.100616 0.7833011 2.252506
-0.1018387 0.9833058 2.241196
-0.1026965 1.049192 2.241123
-0.3033421 0.1384758 2.29665
-0.3423818 -0.2882477 2.352231
-0.3049522 -0.5826055 2.221334
-0.2790196 -0.6478115 2.155005
-0.1879414 0.1858921 2.333506
-0.03717275 -0.1659654 2.491571
0.1833978 -0.4078773 2.530892
0.2196942 -0.4402879 2.46317

-0.2465058 0.2201942 2.307568
-0.2489178 0.2720889 2.300484
-0.2513785 0.5298651 2.286211
-0.2642407 0.651993 2.17996
-0.3816051 0.5260945 2.255986
-0.4445644 0.701932 2.219989
-0.4332248 0.8550053 2.20371
-0.4327536 0.9021986 2.197029
-0.1495354 0.5640325 2.309771
-0.101892 0.7743636 2.255843
-0.1044412 0.9705147 2.245959
-0.1060802 1.031827 2.24696
-0.3034978 0.1391869 2.295914
-0.3426163 -0.2871957 2.351758
-0.3049606 -0.5824798 2.221305
-0.2790433 -0.6476622 2.155018
-0.1908281 0.1841835 2.33502
-0.05107498 -0.1579549 2.488505
0.1795955 -0.4046106 2.528
0.2184552 -0.4364092 2.461128

-0.2466355 0.2199604 2.308262
-0.2487098 0.2719536 2.300997
-0.252217 0.5295348 2.286007
-0.2638231 0.6514859 2.179721
-0.3801732 0.5383446 2.251746
-0.4454227 0.7118175 2.218199
-0.4311191 0.8680364 2.201403
-0.4313179 0.9083193 2.19541
-0.1497135 0.564253 2.310072
-0.1028887 0.7677532 2.257206
-0.1065127 0.9595464 2.248396
-0.1085396 1.018378 2.24983
-0.3029203 0.1403363 2.297077
-0.3428587 -0.2860846 2.351311
-0.3049702 -0.5823628 2.221268
-0.2790649 -0.6475281 2.155022
-0.1933246 0.1826242 2.335587
-0.05815098 -0.1535332 2.486735
0.1782576 -0.403256 2.526727
0.2164318 -0.4330777 2.459047

-0.2470003 0.2199029 2.308754
-0.2486527 0.2719208 2.301384
-0.2528289 0.5293156 2.285862
-0.2634096 0.6510334 2.179552
-0.3798712 0.5433329 2.250035
-0.446118 0.7176569 2.217226
-0.4276162 0.875672 2.199873
-0.4270892 0.9145916 2.19437
-0.1496829 0.5655544 2.310047
-0.1032724 0.767644 2.257047
-0.1050481 0.9521971 2.251367
-0.1071025 1.010931 2.253685
-0.302983 0.1410957 2.296976
-0.3430609 -0.2850913 2.350922
-0.304964 -0.5823282 2.221192
-0.2790665 -0.6474733 2.154988
-0.1955942 0.1817493 2.335788
-0.06281327 -0.1501939 2.48527
0.1761432 -0.4015526 2.525193
0.2133513 -0.429615 2.456721

-0.2471891 0.2197485 2.309197
-0.2485916 0.2718284 2.301764
-0.2532609 0.5291879 2.28576
-0.2629885 0.6507326 2.179481
-0.3799261 0.5464943 2.248909
-0.4467673 0.7208003 2.216662
-0.4243568 0.8797445 2.198816
-0.4220074 0.9193491 2.193701
-0.149682 0.5659567 2.310019
-0.1034921 0.7663668 2.257067
-0.08379163 0.9270791 2.261585
-0.08721501 0.9895475 2.264564
-0.3029261 0.1414579 2.297257
-0.3432643 -0.2840544 2.350568
-0.3049627 -0.5822737 2.221125
-0.2790699 -0.647413 2.154964
-0.1964509 0.1809073 2.335679
-0.0644023 -0.1481941 2.484239
0.1750192 -0.4006971 2.52386
0.2121528 -0.4282681 2.455037

-0.2473855 0.2193054 2.309559
-0.2485425 0.2715615 2.30211
-0.2535202 0.5291404 2.285684
-0.2625951 0.6505616 2.179503
-0.3800935 0.54763 2.248659
-0.4473599 0.7228196 2.216261
-0.4234764 0.8819897 2.198218
-0.4198742 0.9225399 2.193375
-0.1496137 0.5664848 2.309942
-0.1036739 0.7653046 2.256771
-0.07559626 0.9172575 2.265432
-0.07614141 0.9778841 2.270271
-0.3028931 0.1416712 2.297501
-0.3434407 -0.2828556 2.350237
-0.3049579 -0.5822228 2.221052
-0.2790682 -0.6473585 2.154936
-0.1968303 0.1795591 2.334727
-0.06540449 -0.1467985 2.483412
0.1739024 -0.3999848 2.522328
0.2110261 -0.4272687 2.453115

-0.2474934 0.2182335 2.310117
-0.2484289 0.2709231 2.302618
-0.2535914 0.529202 2.285634
-0.2621616 0.650443 2.179667
-0.3804701 0.5462446 2.249435
-0.4477879 0.7242261 2.215985
-0.4220045 0.8835247 2.197968
-0.4168191 0.9252479 2.193558
-0.1610084 0.5293407 2.312183
-0.1075054 0.7483887 2.256169
-0.07300747 0.8812121 2.26247
-0.06837202 0.9510111 2.26956
-0.3024205 0.1411601 2.297506
-0.3435691 -0.2817297 2.349967
-0.3049512 -0.5821751 2.22098
-0.279062 -0.6473088 2.154907
-0.1970566 0.1773439 2.335465
-0.06786869 -0.1447626 2.481849
0.1677837 -0.3952661 2.516639
0.2073608 -0.4234199 2.449152

-0.2508665 0.2126537 2.309677
-0.250039 0.2678288 2.302773
-0.2535723 0.5293126 2.285604
-0.2617584 0.6504008 2.179854
-0.3772456 0.5294532 2.253462
-0.4496537 0.6946999 2.221391
-0.4314877 0.8673298 2.20096
-0.4239899 0.9201696 2.191715
-0.1662406 0.512343 2.313172
-0.1098343 0.7367599 2.255669
-0.07050762 0.8725251 2.262048
-0.06349964 0.9420696 2.269163
-0.3030873 0.1395962 2.296584
-0.3436681 -0.2807958 2.349755
-0.3049391 -0.5821277 2.220911
-0.279052 -0.6472612 2.154881
-0.2024077 0.1710073 2.333882
-0.06893589 -0.14391 2.481
0.1650768 -0.3936905 2.513219
0.2057913 -0.4219415 2.446608

-0.2525032 0.2097762 2.309709
-0.2512296 0.2654798 2.302956
-0.2536289 0.5291432 2.28553
-0.2613836 0.6503687 2.180038
-0.3735549 0.522126 2.253623
-0.4511409 0.6930335 2.22107
-0.4406283 0.8721226 2.202601
-0.4339348 0.9250839 2.189933
-0.1635693 0.5236155 2.311798
-0.1091567 0.7369024 2.253959
-0.06467722 0.8854073 2.260491
-0.05848069 0.9402539 2.269433
-0.303224 0.1385175 2.295774
-0.3437294 -0.2800619 2.349575
-0.304925 -0.5820794 2.220844
-0.2790376 -0.6472151 2.154856
-0.2045511 0.1686431 2.334156
-0.06965527 -0.1432659 2.480264
0.1629415 -0.3926546 2.510106
0.2045176 -0.4209332 2.444177

-0.2530967 0.2077776 2.310169
-0.2517091 0.2636797 2.303367
-0.2535716 0.5289249 2.285371
-0.2610151 0.6502853 2.180192
-0.3708619 0.5147807 2.253677
-0.4519153 0.6918171 2.220707
-0.4435647 0.871137 2.203233
-0.4388501 0.9246308 2.188827
-0.1602813 0.5354279 2.310534
-0.1073763 0.7392231 2.252658
-0.06612112 0.8943771 2.257976
-0.05721475 0.9407763 2.268221
-0.3028929 0.1373285 2.295572
-0.343758 -0.2794339 2.349414
-0.3048815 -0.5820644 2.220741
-0.2789991 -0.6471951 2.154809
-0.2053769 0.1670119 2.334835
-0.06997839 -0.1430461 2.479548
0.1617213 -0.3923287 2.507882
0.2035141 -0.4209601 2.441247

-0.2529543 0.2063246 2.310847
-0.2516344 0.2623114 2.303898
-0.2533655 0.5286337 2.285165
-0.2604055 0.6497896 2.180136
-0.3684776 0.5077922 2.254009
-0.45292 0.6868036 2.221384
-0.44566 0.8692283 2.203494
-0.4425771 0.9235193 2.187776
-0.1574258 0.5447066 2.309632
-0.1065655 0.7398406 2.252177
-0.06667086 0.8976199 2.256868
-0.05749753 0.9429624 2.266465
-0.3020436 0.135774 2.295439
-0.3437884 -0.2788769 2.349283
-0.3048336 -0.5820554 2.220635
-0.2789543 -0.6471807 2.154759
-0.2040689 0.1661943 2.337288
-0.06980904 -0.1434671 2.478779
0.1512518 -0.3869467 2.497978
0.192808 -0.4156799 2.431304

-0.2526766 0.2052064 2.311428
-0.2515279 0.2611091 2.304307
-0.2568148 0.5238454 2.28227
-0.2597697 0.6489757 2.179635
-0.3670027 0.5033433 2.254219
-0.4535434 0.6858689 2.221148
-0.4474036 0.8691434 2.203439
-0.4458926 0.9238508 2.186711
-0.1553399 0.5511186 2.309183
-0.1052506 0.7429859 2.251629
-0.06882903 0.9050142 2.254112
-0.06048267 0.9526541 2.261249
-0.3011484 0.1341838 2.295305
-0.3438075 -0.2784914 2.349176
-0.304778 -0.5820562 2.220524
-0.2789001 -0.6471729 2.154702
-0.2025328 0.1657281 2.339344
-0.07209861 -0.144663 2.477738
0.1461373 -0.384667 2.493476
0.1845653 -0.4121459 2.424472

-0.252387 0.2043861 2.311872
-0.2514201 0.2601282 2.304604
-0.2592866 0.5198174 2.280122
-0.2585498 0.645977 2.177809
-0.3660254 0.5003436 2.254325
-0.4537861 0.6862662 2.220173
-0.4486964 0.8698921 2.203024
-0.4484116 0.9244835 2.185755
-0.1539313 0.5554784 2.308808
-0.1044856 0.7443258 2.25131
-0.07043353 0.9082962 2.252424
-0.06280495 0.9569 2.258011
-0.3004092 0.1328568 2.295225
-0.343826 -0.2782101 2.349113
-0.3047188 -0.5820677 2.220413
-0.2788413 -0.6471725 2.15464
-0.2014866 0.165634 2.340302
-0.07444424 -0.1463703 2.476801
0.1471745 -0.3858913 2.485433
0.1856897 -0.412911 2.416584

-0.2521572 0.2037945 2.312114
-0.251333 0.2592853 2.304732
-0.26112 0.5158516 2.278141
-0.2571933 0.642772 2.175346
-0.3671017 0.4979049 2.254851
-0.4539111 0.6887015 2.218295
-0.4494798 0.8712049 2.202367
-0.4503002 0.9252039 2.184927
-0.153028 0.5582752 2.308428
-0.1041322 0.7447182 2.251071
-0.07199591 0.9098037 2.251025
-0.06492192 0.9588267 2.25551
-0.2999814 0.131568 2.295001
-0.3438394 -0.2780187 2.349085
-0.3046749 -0.5820707 2.220335
-0.278795 -0.647165 2.154599
-0.2003955 0.1656329 2.340783
-0.07646357 -0.1484911 2.476042
0.1488786 -0.3877673 2.479818
0.1872296 -0.4146439 2.410959

-0.2520657 0.2034172 2.31224
-0.2513459 0.2586583 2.304756
-0.2626895 0.5124814 2.276551
-0.2560555 0.6401942 2.173091
-0.3698252 0.4964731 2.25564
-0.4536163 0.6880217 2.216978
-0.4489203 0.8642257 2.198239
-0.4519576 0.9212032 2.182332
-0.1524267 0.5601114 2.307999
-0.10347 0.7460433 2.250345
-0.06947482 0.911346 2.250268
-0.06220851 0.9605317 2.254477
-0.2998218 0.1307717 2.294877
-0.3439217 -0.2777639 2.349272
-0.3046465 -0.5820696 2.220284
-0.2787608 -0.6471533 2.154572
-0.1995361 0.1657471 2.340763
-0.14064 -0.1332409 2.475655
0.09973152 -0.3676053 2.462197
0.1371941 -0.3936249 2.3927

-0.2519834 0.2030667 2.312392
-0.2514444 0.2578104 2.304822
-0.2641262 0.5092617 2.275118
-0.2544754 0.6364853 2.168704
-0.372185 0.4955492 2.256248
-0.4533962 0.6872159 2.216015
-0.4481881 0.8586292 2.194754
-0.4530402 0.917222 2.17981
-0.1519514 0.5612878 2.307403
-0.102628 0.7480453 2.249065
-0.06602596 0.9129606 2.249786
-0.05847132 0.9622526 2.254056
-0.2996635 0.1298358 2.295162
-0.3441199 -0.2775913 2.349682
-0.3046426 -0.5820183 2.220286
-0.2787422 -0.6470685 2.154613
-0.1990803 0.1655913 2.340915
-0.1817927 -0.125719 2.47727
0.07198827 -0.3583026 2.462559
0.1093872 -0.3847799 2.393184

-0.2521279 0.2002522 2.313603
-0.2521131 0.2541333 2.305664
-0.265112 0.5066518 2.274166
-0.2526053 0.6282356 2.16061
-0.3741458 0.4948941 2.256612
-0.45297 0.6852748 2.21455
-0.4472096 0.8607723 2.190775
-0.4536395 0.9172369 2.177508
-0.1516814 0.5615759 2.306133
-0.1018411 0.7497699 2.247641
-0.06247812 0.9150071 2.239522
-0.05466527 0.9645096 2.245745
-0.3001182 0.125359 2.297843
-0.3444069 -0.2775731 2.350244
-0.3046582 -0.5819439 2.220324
-0.283511 -0.6279747 2.150286
-0.1988676 0.1638298 2.341282
-0.1969693 -0.1248067 2.479275
0.05894033 -0.3568212 2.464242
0.09575238 -0.3838387 2.395139

-0.2527315 0.1950387 2.314301
-0.2532335 0.24833 2.305973
-0.2657803 0.5044309 2.273441
-0.2511953 0.619922 2.15298
-0.3754506 0.4943942 2.256759
-0.4523946 0.6890869 2.205054
-0.4465214 0.8610845 2.187375
-0.4539893 0.9167255 2.175018
-0.1515783 0.5594363 2.303462
-0.101086 0.7509697 2.245852
-0.0610308 0.9155314 2.234979
-0.05206692 0.9654969 2.239125
-0.301324 0.1205203 2.300349
-0.3449661 -0.2782136 2.351119
-0.3046815 -0.5818962 2.220367
-0.2862486 -0.6182842 2.147988
-0.1988233 0.158162 2.339318
-0.0982077 -0.1782798 2.482235
0.1354714 -0.4219208 2.475232
0.1709177 -0.4513417 2.406167

-0.2536347 0.18045 2.318383
-0.2542699 0.2367534 2.308214
-0.2659113 0.5025266 2.272848
-0.2504496 0.6142592 2.147789
-0.3762089 0.493975 2.256678
-0.4511149 0.6915707 2.198295
-0.4458774 0.8602608 2.183414
-0.4541054 0.9154528 2.171716
-0.1514081 0.5558783 2.299815
-0.100121 0.7516003 2.243008
-0.05867159 0.9140152 2.22734
-0.04934973 0.9652695 2.232799
-0.3044787 0.1080422 2.306406
-0.3456691 -0.2790057 2.352184
-0.3047724 -0.5817838 2.220494
-0.2879809 -0.6127845 2.146919
-0.1986368 0.1439737 2.341677
-0.1521705 -0.1678874 2.49611
0.0924297 -0.4072665 2.488066
0.127674 -0.4369563 2.419018

-0.255324 0.172284 2.319825
-0.2582493 0.2278779 2.308219
-0.3010497 0.4875214 2.258206
-0.2500026 0.6102107 2.144199
-0.3769914 0.4935972 2.256239
-0.450518 0.6930464 2.193776
-0.4451011 0.860957 2.177799
-0.4539373 0.9151231 2.167228
-0.1516324 0.5519614 2.295889
-0.0990653 0.7515313 2.239069
-0.05409528 0.9101921 2.218342
-0.04453643 0.9631952 2.225065
-0.306922 0.1008223 2.309503
-0.3466253 -0.2804811 2.353608
-0.3049007 -0.5816592 2.22065
-0.2890535 -0.6095782 2.14633
-0.1985925 0.1362336 2.342645
-0.1148524 -0.1824256 2.495073
0.1227628 -0.4266817 2.491163
0.1572719 -0.4585766 2.422685

-0.2565529 0.1672632 2.320641
-0.2607587 0.2225639 2.308157
-0.304818 0.4842623 2.254939
-0.249718 0.6076493 2.141891
-0.3778091 0.4931404 2.25541
-0.4504834 0.6936581 2.191342
-0.4441151 0.8624914 2.170867
-0.4534124 0.9153985 2.161508
-0.1522678 0.5477108 2.29014
-0.09470799 0.747127 2.226455
-0.0515045 0.9051226 2.209459
-0.04167517 0.9602222 2.217604
-0.3085622 0.09636676 2.311376
-0.347517 -0.2820116 2.355082
-0.3051889 -0.5814025 2.220986
-0.2901135 -0.6072638 2.14605
-0.1990215 0.1312802 2.343195
-0.1460242 -0.1712456 2.504194
0.09326469 -0.4124704 2.501332
0.1269677 -0.4453698 2.432894

-0.2571721 0.1644094 2.321109
-0.262105 0.2195053 2.308102
-0.3048057 0.4822962 2.252666
-0.249502 0.6059315 2.14033
-0.3785603 0.49271 2.254454
-0.4507181 0.6939945 2.189285
-0.4433703 0.8639107 2.165233
-0.4525171 0.9165416 2.153751
-0.1527284 0.5448602 2.28413
-0.09010541 0.73857 2.211095
-0.04281659 0.8887637 2.176724
-0.0323828 0.9471683 2.186572
-0.3094251 0.09371556 2.312609
-0.3483459 -0.2834841 2.356561
-0.3056469 -0.5810425 2.221419
-0.2913471 -0.6056271 2.146003
-0.199162 0.1286854 2.343331
-0.1137485 -0.1801559 2.501878
0.1183803 -0.4264602 2.503159
0.1499082 -0.4605757 2.434727

-0.2574354 0.1631226 2.321227
-0.26283 0.2177472 2.307995
-0.3015813 0.4815364 2.25127
-0.249359 0.6046847 2.139134
-0.3841522 0.4594609 2.235789
-0.4497964 0.6814753 2.186311
-0.4430101 0.8644848 2.154469
-0.4520078 0.9169412 2.144914
-0.1530308 0.5417074 2.278393
-0.08514441 0.7330886 2.198684
-0.03507872 0.8803753 2.155958
-0.02361611 0.9383409 2.162877
-0.3099028 0.09196749 2.3134
-0.3490727 -0.284849 2.357903
-0.3061785 -0.5806389 2.221878
-0.2918461 -0.6044608 2.146049
-0.1991818 0.1279864 2.343426
-0.09880932 -0.1840311 2.50042
0.1290384 -0.4324132 2.504449
0.1636152 -0.467014 2.436659

-0.2577038 0.1627499 2.320876
-0.2633429 0.2167647 2.307593
-0.2954631 0.4808314 2.249303
-0.2492598 0.6037908 2.13826
-0.3858118 0.4591224 2.230666
-0.4507419 0.6800579 2.183924
-0.4426007 0.8556078 2.139865
-0.4514651 0.9100071 2.133242
-0.1537684 0.5370791 2.271772
-0.08195944 0.7285007 2.188896
-0.03225086 0.8765056 2.147639
-0.01973752 0.9337567 2.152102
-0.3101773 0.09081469 2.313853
-0.349052 -0.2886606 2.359863
-0.3068947 -0.5800631 2.222523
-0.2927929 -0.6037834 2.146429
-0.1996793 0.1280109 2.343136
-0.09085991 -0.1860369 2.499881
0.1349317 -0.4357664 2.505917
0.1693395 -0.470792 2.438309

-0.258003 0.1627313 2.320055
-0.2637226 0.2161931 2.306776
-0.2911358 0.4797811 2.247241
-0.2492442 0.6031743 2.137594
-0.3865842 0.4614418 2.227231
-0.451995 0.6791074 2.181546
-0.4433111 0.8506737 2.130978
-0.4516478 0.9059045 2.124388
-0.1545883 0.5329492 2.265285
-0.07987261 0.7251897 2.181526
-0.03047675 0.8739673 2.141999
-0.01744749 0.9307294 2.144876
-0.3102724 0.09015959 2.314036
-0.3469547 -0.3218128 2.358197
-0.3076077 -0.5794806 2.223158
-0.2938558 -0.6034256 2.146916
-0.2005851 0.1286577 2.341609
-0.08573146 -0.1873463 2.499748
0.1387305 -0.4381255 2.507615
0.1728556 -0.4735487 2.440071

-0.2583195 0.1626405 2.31867
-0.2639975 0.2157391 2.305385
-0.2881887 0.4790292 2.245431
-0.2495255 0.6028233 2.136987
-0.3867708 0.4646876 2.225164
-0.4532011 0.6785014 2.17877
-0.4440123 0.8456423 2.123135
-0.452106 0.8992593 2.115788
-0.1558269 0.5276406 2.259495
-0.07900364 0.7210273 2.175304
-0.02998224 0.871313 2.138079
-0.0162993 0.9278485 2.139655
-0.3102482 0.08975967 2.314033
-0.3460829 -0.3280201 2.359108
-0.3081505 -0.5791388 2.223692
-0.2949804 -0.6035565 2.147493
-0.2017902 0.1293873 2.338124
-0.08632918 -0.1750303 2.497461
0.1355411 -0.4303199 2.509688
0.1684705 -0.466554 2.442284

-0.2585877 0.1628308 2.316882
-0.2640592 0.2155845 2.303425
-0.2839989 0.4776653 2.241972
-0.2502499 0.6027573 2.136356
-0.3884898 0.4713624 2.221186
-0.4556723 0.6794983 2.173958
-0.4445826 0.8434482 2.11675
-0.4528907 0.892988 2.108348
-0.1567875 0.5234604 2.254408
-0.07850657 0.7177858 2.170456
-0.03035445 0.8691744 2.13525
-0.01595085 0.9254692 2.135614
-0.3101298 0.08964783 2.313877
-0.3451581 -0.330222 2.360857
-0.3086092 -0.5788602 2.224174
-0.2958612 -0.6040273 2.148178
-0.2028815 0.1302262 2.334081
-0.08436581 -0.1735712 2.497447
0.1362652 -0.4298278 2.513223
0.1687565 -0.4667254 2.446308

-0.2587936 0.162986 2.315212
-0.2642119 0.2152965 2.301279
-0.2935407 0.467024 2.226892
-0.2515557 0.6027005 2.135617
-0.391362 0.4509665 2.209543
-0.4574115 0.6505636 2.1476
-0.4489816 0.8327299 2.10823
-0.4552279 0.8860115 2.100162
-0.1575278 0.5204152 2.250578
-0.07834425 0.7151021 2.166489
-0.03145778 0.8673678 2.133
-0.01635486 0.9233474 2.13226
-0.3098935 0.08935567 2.313612
-0.3440269 -0.3296948 2.363005
-0.3089495 -0.5786597 2.224601
-0.2956429 -0.6051292 2.149369
-0.2032971 0.1307464 2.331606
-0.08294941 -0.1726711 2.49747
0.1368556 -0.4298992 2.516498
0.170142 -0.4674499 2.451138

-0.2588479 0.1629855 2.31398
-0.2642697 0.2148705 2.299494
-0.2984315 0.4610116 2.219089
-0.2528058 0.6026673 2.135007
-0.388359 0.4380305 2.202259
-0.4575887 0.606792 2.138657
-0.463231 0.7790684 2.092345
-0.4683983 0.8363477 2.080066
-0.1584129 0.5174046 2.247122
-0.07862936 0.7123758 2.1632
-0.03332896 0.8652634 2.130692
-0.01759189 0.920925 2.128878
-0.308969 0.08888287 2.313029
-0.3429932 -0.3269495 2.365196
-0.3091998 -0.578504 2.22501
-0.2950035 -0.6063381 2.150665
-0.2035073 0.130952 2.330636
-0.08170788 -0.1726025 2.498281
0.1374509 -0.4305008 2.519607
0.1717537 -0.4686188 2.455599

-0.2587312 0.1626204 2.312716
-0.2642354 0.2138421 2.297456
-0.3016542 0.4566146 2.214061
-0.2544915 0.6025082 2.134274
-0.3865252 0.4308399 2.198516
-0.4579961 0.5893642 2.134738
-0.4713584 0.7736171 2.081018
-0.4745708 0.8301846 2.069176
-0.159299 0.5147539 2.244024
-0.07896383 0.7094931 2.159946
-0.03605982 0.8628545 2.127663
-0.01986136 0.9182358 2.124969
-0.3077069 0.0880764 2.312428
-0.342216 -0.3229871 2.367251
-0.3094034 -0.5783349 2.225435
-0.2944892 -0.6072981 2.151782
-0.2035201 0.131061 2.329896
-0.08499668 -0.1646867 2.499918
0.1317382 -0.4224113 2.524702
0.1675766 -0.46155 2.461293

-0.2585935 0.1620877 2.311421
-0.2642654 0.2126171 2.295383
-0.303762 0.4536875 2.210815
-0.2560695 0.6024157 2.133649
-0.3854845 0.4270898 2.196305
-0.4606813 0.589009 2.124115
-0.4772589 0.7761042 2.072734
-0.4791019 0.8278276 2.061432
-0.1603395 0.5118866 2.241149
-0.07966083 0.7059731 2.156636
-0.03923651 0.8593233 2.123261
-0.0226872 0.9146734 2.119958
-0.3064025 0.08720697 2.311622
-0.3417058 -0.3192437 2.368865
-0.3095583 -0.578176 2.225854
-0.2941045 -0.6080827 2.15271
-0.2034622 0.1311227 2.32937
-0.08504318 -0.1632878 2.501758
0.1310563 -0.4211447 2.528076
0.1673526 -0.4605937 2.465067

-0.2590899 0.1609975 2.308986
-0.2650727 0.2107769 2.292197
-0.3052318 0.4515243 2.208522
-0.2605357 0.6022066 2.132089
-0.3853524 0.4244953 2.194845
-0.459758 0.5957967 2.114049
-0.4820783 0.7806438 2.06696
-0.483319 0.8281839 2.055271
-0.1611786 0.5094709 2.238987
-0.08047842 0.7025763 2.153533
-0.04207776 0.855763 2.11862
-0.02547001 0.9110566 2.114808
-0.3060439 0.0859342 2.310174
-0.3416606 -0.3141026 2.370456
-0.3096716 -0.5780452 2.226243
-0.2938524 -0.6086894 2.153422
-0.2034424 0.1308473 2.328523
-0.08679853 -0.1598713 2.503259
0.1286804 -0.4176347 2.530818
0.1651207 -0.4572541 2.467956

-0.259582 0.1593793 2.306616
-0.2658933 0.2086182 2.289325
-0.3063862 0.4498199 2.206885
-0.2651565 0.6020135 2.130676
-0.3853254 0.4227622 2.194062
-0.4604616 0.6009553 2.107987
-0.4858766 0.7840489 2.063313
-0.487116 0.8294609 2.050709
-0.1621609 0.5070057 2.236928
-0.0815259 0.6989977 2.150343
-0.04457045 0.8520979 2.114016
-0.02808239 0.9073856 2.109821
-0.3057618 0.08454502 2.308755
-0.3417721 -0.3097691 2.371639
-0.3097467 -0.5779635 2.22658
-0.2936845 -0.6092282 2.153987
-0.2033729 0.130291 2.32764
-0.08780385 -0.1576473 2.504183
0.1266091 -0.4141643 2.533109
0.162902 -0.4538644 2.470263

-0.259553 0.1584509 2.305004
-0.2659482 0.2073837 2.287495
-0.3045007 0.4481312 2.206473
-0.2691784 0.6018084 2.129329
-0.3859073 0.4215537 2.193788
-0.4610918 0.6051449 2.104531
-0.4888354 0.7872455 2.060939
-0.4904534 0.8315901 2.047322
-0.1628193 0.5052065 2.235374
-0.0821996 0.6960763 2.147448
-0.04663006 0.8490826 2.109514
-0.0305558 0.9041745 2.104892
-0.3053417 0.08320471 2.307366
-0.3418954 -0.306688 2.372425
-0.3097873 -0.5779319 2.226881
-0.2935233 -0.6097544 2.154471
-0.2029747 0.1299659 2.327207
-0.08872002 -0.1557329 2.504876
0.1259497 -0.4089097 2.536341
0.1622157 -0.4486887 2.473469

-0.2587527 0.1560489 2.30377
-0.2650856 0.2050754 2.286115
-0.2986644 0.446424 2.20716
-0.2721102 0.6016457 2.128357
-0.3870562 0.4207928 2.193974
-0.4616212 0.6084306 2.102624
-0.4913089 0.7895794 2.058969
-0.4934956 0.83382 2.044515
-0.1700155 0.4691951 2.229812
-0.0930963 0.6625831 2.14642
-0.05079915 0.8369972 2.104554
-0.03334167 0.8981453 2.099919
-0.30453 0.08064611 2.306501
-0.3426431 -0.3030685 2.373205
-0.3098168 -0.5779004 2.227194
-0.2936706 -0.6102812 2.154911
-0.2019177 0.1283934 2.326963
-0.08951089 -0.1541411 2.505335
0.1256856 -0.4049267 2.538393
0.1613247 -0.445296 2.475277

-0.2584599 0.1525719 2.302669
-0.2646853 0.2018613 2.284843
-0.296297 0.4446361 2.206667
-0.2747741 0.6014429 2.127503
-0.3886428 0.4203868 2.194517
-0.4621139 0.6109186 2.101602
-0.4931985 0.7912024 2.057478
-0.496029 0.835813 2.042334
-0.1736379 0.4475482 2.227024
-0.09893769 0.6434873 2.146154
-0.05322559 0.8284259 2.101106
-0.0353076 0.8930532 2.095757
-0.3043582 0.07787471 2.306279
-0.3432793 -0.3004721 2.373772
-0.3098692 -0.5778437 2.227548
-0.2940266 -0.6108183 2.155403
-0.2012675 0.1244397 2.325843
-0.09024964 -0.1527743 2.505688
0.1274991 -0.3984012 2.541914
0.1620187 -0.4399579 2.478391

-0.2578965 0.1478335 2.300524
-0.264112 0.1977532 2.282875
-0.2946472 0.4431783 2.206183
-0.2766698 0.6012782 2.126905
-0.3890052 0.4205449 2.194742
-0.4624985 0.6131356 2.101064
-0.494648 0.7924238 2.056264
-0.4981131 0.8376021 2.040557
-0.1752625 0.4380153 2.225745
-0.1015969 0.6344404 2.145554
-0.05469708 0.822368 2.09873
-0.03678886 0.888535 2.092425
-0.3042369 0.07527124 2.305734
-0.3437933 -0.2996067 2.374094
-0.310057 -0.5776257 2.228099
-0.2944812 -0.6110342 2.155914
-0.1998433 0.1192781 2.321987
-0.08096672 -0.1449063 2.511912
0.1389392 -0.3905332 2.550724
0.1714439 -0.432872 2.486432

-0.2572409 0.1441496 2.298934
-0.2635466 0.194518 2.281394
-0.2936355 0.441962 2.205683
-0.2780214 0.6010825 2.126487
-0.3888339 0.4211405 2.194887
-0.4627913 0.6148416 2.100888
-0.4956758 0.7933103 2.055301
-0.4997003 0.8391011 2.039136
-0.1762828 0.4323796 2.224879
-0.1032028 0.6290684 2.145064
-0.05553562 0.8183813 2.097112
-0.03777149 0.884971 2.089897
-0.3039457 0.07301439 2.305234
-0.3445926 -0.2997204 2.374274
-0.3102556 -0.5774497 2.228577
-0.2948767 -0.6112068 2.156335
-0.1984684 0.1159158 2.319377
-0.07050219 -0.1520827 2.520271
0.1561953 -0.3964555 2.560408
0.1883985 -0.4383289 2.496041

-0.2574414 0.1404834 2.298387
-0.2637226 0.1913221 2.280694
-0.2932957 0.4407946 2.205156
-0.2789856 0.6009334 2.126196
-0.3885642 0.4219494 2.195037
-0.4630906 0.6161644 2.100906
-0.496414 0.7939253 2.054478
-0.5008974 0.8402699 2.037937
-0.1770307 0.4282747 2.224261
-0.1043781 0.6251754 2.144728
-0.05604348 0.8156528 2.095994
-0.03839014 0.8823138 2.088001
-0.3040497 0.07078055 2.305439
-0.3453816 -0.3002201 2.374387
-0.3105438 -0.5772635 2.229084
-0.2954512 -0.6113843 2.156815
-0.1985239 0.1128118 2.318173
-0.05508471 -0.1659833 2.529038
0.1746265 -0.409318 2.568397
0.206657 -0.4511303 2.504248

-0.2579511 0.136526 2.299632
-0.2637837 0.188401 2.281277
-0.2871498 0.4428385 2.206721
-0.2797115 0.6007877 2.125994
-0.3878666 0.4232463 2.19515
-0.4633668 0.6172559 2.101047
-0.4969107 0.794369 2.053815
-0.5017514 0.8411837 2.036989
-0.1775139 0.4256266 2.223995
-0.105168 0.6224483 2.144482
-0.05635586 0.8137199 2.095211
-0.03877092 0.8803003 2.086589
-0.3044284 0.06843128 2.306934
-0.3462156 -0.300593 2.374734
-0.3108852 -0.5770817 2.229571
-0.2960607 -0.6114812 2.157243
-0.1999438 0.1092752 2.318834
-0.04886276 -0.1715323 2.532935
0.1819369 -0.4142013 2.571963
0.2139029 -0.4559005 2.507874

-0.2583923 0.1339993 2.300735
-0.2638212 0.1864512 2.281914
-0.2826111 0.4445114 2.207926
-0.2802371 0.6006697 2.125863
-0.390208 0.4240904 2.195399
-0.4638127 0.6182011 2.101212
-0.497112 0.7946611 2.053178
-0.5022871 0.8418539 2.036225
-0.1777338 0.4244919 2.224057
-0.1055575 0.6209443 2.144295
-0.0565457 0.8122955 2.094643
-0.03901579 0.878688 2.085499
-0.3050392 0.0665399 2.308479
-0.3474312 -0.3000087 2.375626
-0.3115126 -0.5767411 2.230245
-0.2971322 -0.611419 2.157851
-0.2011334 0.1068744 2.31966
-0.04557814 -0.1742626 2.535096
0.1861377 -0.4162351 2.574229
0.2180095 -0.4579332 2.510164

-0.2585863 0.1331463 2.300707
-0.2638269 0.1854968 2.281889
-0.2816589 0.4443337 2.2078
-0.2806343 0.6005321 2.125775
-0.3934161 0.4250023 2.195978
-0.4643286 0.6189668 2.101346
-0.4970022 0.7948331 2.052468
-0.5025996 0.842406 2.035543
-0.1778154 0.4259663 2.224416
-0.1053588 0.6214337 2.143871
-0.05666731 0.8112478 2.094218
-0.03919451 0.8772958 2.084647
-0.3057308 0.06541613 2.308139
-0.3485173 -0.3003154 2.376259
-0.3122713 -0.5763257 2.230915
-0.2984139 -0.6112486 2.158457
-0.2011025 0.1064887 2.32001
-0.04376394 -0.1758896 2.536411
0.1894349 -0.4166017 2.575779
0.2217132 -0.4570895 2.511686

-0.2587948 0.1329466 2.301019
-0.2638538 0.1849674 2.282054
-0.2810109 0.4441389 2.207694
-0.2809216 0.6003959 2.125735
-0.3969364 0.4256859 2.196517
-0.4648767 0.6195675 2.101467
-0.4966979 0.794941 2.05173
-0.502751 0.842887 2.03492
-0.1779019 0.428521 2.22493
-0.1049894 0.6228553 2.143275
-0.0567285 0.8104885 2.093909
-0.03930948 0.8761958 2.084009
-0.3061936 0.06466359 2.308435
-0.3494874 -0.3010847 2.37677
-0.3129818 -0.575965 2.231516
-0.299561 -0.611155 2.159024
-0.2010852 0.1069403 2.321201
-0.04212437 -0.1771659 2.537405
0.1920476 -0.4169789 2.576892
0.2246637 -0.4569864 2.512798

-0.2591862 0.1331633 2.301844
-0.2642393 0.1848359 2.282693
-0.2964607 0.4432732 2.205708
-0.2811956 0.6001199 2.125773
-0.400021 0.4259752 2.196978
-0.465412 0.6199493 2.10159
-0.4961185 0.7949258 2.050818
-0.5027241 0.843291 2.034265
-0.1781193 0.4312592 2.225432
-0.1046027 0.6245431 2.142644
-0.05677468 0.8098769 2.093673
-0.03942048 0.8750424 2.083472
-0.3066444 0.06403182 2.309045
-0.3505137 -0.3004547 2.37797
-0.313604 -0.5756966 2.23202
-0.3005411 -0.6111189 2.1595
-0.2011013 0.107903 2.323547
-0.05210931 -0.16521 2.532433
0.1848053 -0.3988137 2.57085
0.218111 -0.4400183 2.507452

-0.2594145 0.1335572 2.302877
-0.2645643 0.1848598 2.283459
-0.3021739 0.4418779 2.20464
-0.2815608 0.5998258 2.12592
-0.410314 0.3874648 2.201382
-0.4629231 0.5862699 2.111918
-0.4935554 0.7886493 2.050458
-0.5025789 0.8436332 2.033629
-0.1786272 0.4337972 2.225798
-0.1043113 0.6261523 2.14211
-0.05681112 0.8093898 2.093479
-0.03954731 0.8739128 2.082978
-0.3069986 0.06311319 2.310395
-0.3511649 -0.300505 2.378845
-0.3141382 -0.5754966 2.232446
-0.3010506 -0.611109 2.159858
-0.2005977 0.1091976 2.326159
-0.04543928 -0.1692466 2.532229
0.1857941 -0.3957541 2.569537
0.220915 -0.4360437 2.505263

-0.2598154 0.13395 2.303355
-0.2652218 0.1850849 2.283931
-0.3079652 0.4413572 2.204283
-0.2819411 0.5995697 2.126127
-0.4153867 0.3889652 2.202446
-0.46542 0.5870646 2.111452
-0.49269 0.7881324 2.049587
-0.5023394 0.8439243 2.032996
-0.179505 0.4366534 2.226136
-0.1041109 0.6279488 2.141536
-0.0568769 0.8089481 2.093268
-0.0397949 0.8726587 2.082422
-0.3077286 0.06253049 2.310783
-0.3518983 -0.3000841 2.37992
-0.3146675 -0.5753023 2.232899
-0.3018389 -0.611037 2.160264
-0.2002678 0.1099644 2.327098
-0.06932765 -0.1512685 2.523276
0.1593025 -0.3858827 2.564526
0.1920575 -0.427166 2.500697

-0.2602465 0.1343193 2.303983
-0.2658674 0.1853091 2.284547
-0.3101885 0.4409797 2.204168
-0.2824675 0.599101 2.12643
-0.4185882 0.3938232 2.202903
-0.4689279 0.5906442 2.109648
-0.491944 0.7879528 2.048712
-0.5020455 0.8441531 2.032379
-0.1803437 0.4389182 2.226421
-0.1040732 0.6294115 2.140974
-0.05696495 0.8085105 2.093001
-0.04006198 0.8713999 2.081829
-0.3084791 0.06201536 2.311532
-0.3527202 -0.2987112 2.381533
-0.3151477 -0.5751875 2.233318
-0.3025348 -0.611049 2.160655
-0.2001642 0.110515 2.32792
-0.07260914 -0.1484839 2.521768
0.1540809 -0.3838446 2.563451
0.1846926 -0.4263867 2.499758

-0.2606678 0.1346115 2.304719
-0.2665004 0.1854769 2.285264
-0.3117557 0.4406574 2.204127
-0.2831944 0.5985485 2.126829
-0.4205544 0.3964168 2.203211
-0.4714667 0.5925012 2.108339
-0.4912827 0.7879748 2.047778
-0.5016883 0.8443073 2.031721
-0.1814162 0.4399982 2.226553
-0.1042105 0.6298893 2.140333
-0.0571226 0.8080766 2.092716
-0.04032644 0.870483 2.081394
-0.3092162 0.06139616 2.312857
-0.3533556 -0.2973475 2.383036
-0.3155854 -0.575198 2.233697
-0.3032052 -0.6112122 2.161033
-0.2001122 0.1109484 2.328578
-0.08115193 -0.1332502 2.519259
0.1416738 -0.3775858 2.561571
0.171646 -0.4209594 2.498194

-0.2612499 0.1354704 2.305609
-0.2671895 0.1859274 2.286027
-0.3127652 0.4402801 2.204206
-0.2840578 0.59807 2.127347
-0.4224632 0.4050076 2.203529
-0.4755541 0.5989179 2.105164
-0.4906843 0.7881113 2.046803
-0.5012689 0.8443872 2.031008
-0.1828632 0.4667298 2.2261
-0.1031301 0.6338621 2.137501
-0.05736227 0.8076459 2.092407
-0.04099989 0.8689261 2.081044
-0.3099321 0.06111762 2.314124
-0.3537575 -0.2960807 2.384503
-0.315955 -0.5753882 2.234048
-0.3036254 -0.611535 2.161382
-0.2001413 0.1118237 2.329292
-0.08467232 -0.1272333 2.516816
0.137349 -0.3749511 2.559417
0.166754 -0.4179881 2.494904

-0.261645 0.1366447 2.306408
-0.2676899 0.1865394 2.286673
-0.3130855 0.4397584 2.204304
-0.2848561 0.5976579 2.127842
-0.4234261 0.4083926 2.203734
-0.4775591 0.6014893 2.103781
-0.4902044 0.7882922 2.045812
-0.5008457 0.8443961 2.030249
-0.1833927 0.4790608 2.225615
-0.1024728 0.6367822 2.135367
-0.05771856 0.8072331 2.09207
-0.04177773 0.8674817 2.080725
-0.3104798 0.06095809 2.315209
-0.3539228 -0.295372 2.385643
-0.3162556 -0.5758053 2.234393
-0.3039078 -0.6121372 2.161758
-0.1998324 0.1135391 2.329997
-0.0861546 -0.1250506 2.515187
0.1351373 -0.3738198 2.55749
0.1655081 -0.4174013 2.491942

-0.2619486 0.1379285 2.307182
-0.2681048 0.1872545 2.287301
-0.3129873 0.4392309 2.204445
-0.2856051 0.5973022 2.128307
-0.4237877 0.4122109 2.204054
-0.4794002 0.604179 2.102478
-0.4898429 0.7885047 2.04479
-0.5004423 0.8443535 2.029441
-0.1837033 0.4860873 2.225156
-0.1020127 0.6389159 2.1338
-0.05828432 0.8067064 2.091583
-0.04275325 0.8659456 2.080304
-0.3109015 0.06101787 2.316408
-0.3539391 -0.2950221 2.386558
-0.3164146 -0.5767889 2.234723
-0.3040582 -0.6134155 2.162128
-0.1995201 0.1153085 2.330577
-0.08561065 -0.1256396 2.513476
0.1342116 -0.3734048 2.555547
0.1659592 -0.4177136 2.489149

-0.2621976 0.1388857 2.307875
-0.2684441 0.1878243 2.287884
-0.3125086 0.438627 2.204671
-0.2864621 0.5969497 2.128743
-0.4239736 0.415093 2.204567
-0.4808097 0.6060449 2.101537
-0.4896213 0.7887524 2.043761
-0.5000976 0.844291 2.028612
-0.1864311 0.4837473 2.225674
-0.1018757 0.6401592 2.132767
-0.05888794 0.8062022 2.091079
-0.04361608 0.8646682 2.0799
-0.3112388 0.06111623 2.317513
-0.3538378 -0.294903 2.387365
-0.3164532 -0.578221 2.23498
-0.3042427 -0.6151953 2.16241
-0.1993705 0.1165029 2.331058
-0.03472592 -0.1671782 2.515816
0.1371897 -0.3756848 2.55057
0.168039 -0.419991 2.485271

-0.2623136 0.1399772 2.308664
-0.2686827 0.1884781 2.288505
-0.3118699 0.4380456 2.204871
-0.287497 0.5965205 2.129279
-0.4240327 0.4172171 2.205069
-0.4818622 0.6073861 2.100927
-0.4895827 0.7890188 2.042751
-0.4998562 0.8442203 2.027794
-0.1877017 0.4849698 2.225692
-0.1018621 0.641275 2.131786
-0.05972393 0.8057194 2.090357
-0.04461984 0.8634729 2.079368
-0.3113718 0.06138299 2.318679
-0.3534986 -0.2954089 2.388149
-0.3163849 -0.5795989 2.235273
-0.3042311 -0.6168917 2.162755
-0.1990916 0.1181784 2.331907
-0.004064938 -0.1924158 2.517519
0.1389016 -0.3768146 2.547136
0.1710475 -0.4222497 2.48063

-0.2622624 0.1411313 2.309566
-0.2688237 0.1891719 2.289186
-0.3113543 0.437409 2.20508
-0.288815 0.5960758 2.129927
-0.4240202 0.4187722 2.205512
-0.4827873 0.6083599 2.100528
-0.4896565 0.7892917 2.041863
-0.4996921 0.8441607 2.027051
-0.1887237 0.4859186 2.225591
-0.1022179 0.642083 2.130975
-0.06083011 0.8051807 2.089548
-0.04569799 0.8623481 2.078799
-0.3112254 0.06176573 2.319837
-0.3524755 -0.2970679 2.388904
-0.3162143 -0.5805814 2.235631
-0.3041098 -0.6181259 2.163179
-0.1985153 0.1202666 2.333423
0.007066566 -0.2015572 2.518032
0.1408483 -0.3779894 2.543859
0.1737764 -0.4241344 2.476581

-0.2622977 0.141794 2.310256
-0.2689894 0.1895899 2.289741
-0.3109463 0.4367048 2.20522
-0.2914803 0.5950471 2.130787
-0.4239642 0.4199665 2.205926
-0.4835777 0.609114 2.100287
-0.4897975 0.7895452 2.041104
-0.4995851 0.8441053 2.026388
-0.1917519 0.4781833 2.226146
-0.1028533 0.6426034 2.130238
-0.06215713 0.8046531 2.088667
-0.0468661 0.8613495 2.07819
-0.311079 0.06208391 2.320859
-0.3418891 -0.3218353 2.385095
-0.3157343 -0.5815675 2.236049
-0.3038576 -0.6192387 2.163598
-0.1983815 0.1211973 2.334225
-0.03726903 -0.1696036 2.506338
0.1414041 -0.3776762 2.540168
0.1741207 -0.4232489 2.47175

-0.2622963 0.1421554 2.310891
-0.2690965 0.1898088 2.290268
-0.3104297 0.4358624 2.205352
-0.2938088 0.5941051 2.131625
-0.4238856 0.420942 2.206366
-0.4842592 0.6097121 2.10016
-0.4899778 0.789765 2.040468
-0.4995229 0.8440496 2.0258
-0.1949806 0.466179 2.227846
-0.1047639 0.6415136 2.129935
-0.06379803 0.804139 2.087557
-0.04809463 0.8606774 2.077333
-0.3108433 0.06230643 2.321926
-0.3375566 -0.3314368 2.383658
-0.2983249 -0.6140673 2.218482
-0.2831622 -0.661746 2.143586
-0.1983162 0.121719 2.334784
-0.02138424 -0.1826809 2.505431
0.1431739 -0.3787866 2.536724
0.1758217 -0.4248092 2.46807

-0.2623264 0.1423102 2.311409
-0.2691999 0.1899107 2.290708
-0.3099722 0.4351508 2.205443
-0.2959054 0.593166 2.132333
-0.4238179 0.4217822 2.206844
-0.4848877 0.6102073 2.100108
-0.4902005 0.7899903 2.039978
-0.4995052 0.8440205 2.025332
-0.1973496 0.4555071 2.229175
-0.1076856 0.6388057 2.130105
-0.06540833 0.8036396 2.086503
-0.04926432 0.8602164 2.07643
-0.3106521 0.0624572 2.322801
-0.3354385 -0.3347462 2.383413
-0.2973517 -0.6062455 2.226705
-0.2848497 -0.6488888 2.15487
-0.198419 0.1218564 2.335188
-0.04910104 -0.1623 2.49839
0.1434712 -0.3781486 2.533125
0.175257 -0.4232741 2.463645

-0.2623466 0.1422889 2.311873
-0.2692802 0.1899244 2.291094
-0.3095697 0.4345946 2.205509
-0.2976001 0.592389 2.132843
-0.4237499 0.4224448 2.207295
-0.4854296 0.610587 2.100119
-0.4904779 0.7901854 2.039595
-0.4995317 0.8439907 2.024946
-0.1988761 0.4479179 2.229851
-0.1105477 0.635715 2.130514
-0.067203 0.8031486 2.085313
-0.05064236 0.8598962 2.075283
-0.3104658 0.06254975 2.323549
-0.3337509 -0.3359702 2.38353
-0.2973692 -0.6005303 2.232161
-0.2867067 -0.640752 2.161305
-0.1986355 0.1216268 2.335425
-0.06134619 -0.1531985 2.495518
0.1436015 -0.3774108 2.529785
0.1744434 -0.4217396 2.459776

-0.2623382 0.1422714 2.312184
-0.2693186 0.189941 2.291372
-0.3090116 0.4342262 2.205655
-0.2989228 0.5917699 2.133225
-0.410851 0.450014 2.207261
-0.4880259 0.6148348 2.098801
-0.4907682 0.7903492 2.039309
-0.4995801 0.8439611 2.024632
-0.1969211 0.4561015 2.229362
-0.1116054 0.6354932 2.130082
-0.06917213 0.8026949 2.083817
-0.05257511 0.8591058 2.073891
-0.310184 0.06276019 2.324143
-0.3325286 -0.334673 2.384039
-0.2977185 -0.5964152 2.235596
-0.2879632 -0.6352333 2.164945
-0.1989834 0.1213981 2.335139
-0.06724034 -0.1487938 2.493973
0.1444321 -0.379727 2.5241
0.1743123 -0.4230568 2.45604

-0.2622547 0.1423196 2.3124
-0.269297 0.1899948 2.291581
-0.3085141 0.4339451 2.205781
-0.3000403 0.5912101 2.133487
-0.4108683 0.4469862 2.208262
-0.4886758 0.6150336 2.098984
-0.4910952 0.790489 2.039074
-0.4996594 0.8439286 2.024353
-0.1950592 0.4648953 2.228095
-0.1124263 0.6356139 2.129575
-0.07200018 0.8060701 2.079388
-0.05533764 0.8614395 2.069988
-0.309823 0.06298362 2.324603
-0.3318371 -0.3324266 2.384616
-0.2983908 -0.5929829 2.238148
-0.2886958 -0.6310095 2.167429
-0.1989761 0.1214626 2.335006
-0.03105456 -0.1759623 2.495382
0.1456895 -0.3824677 2.520651
0.175616 -0.4276803 2.452531

-0.2620291 0.1424664 2.312553
-0.269136 0.1901722 2.291769
-0.3079037 0.4338734 2.205932
-0.3009049 0.5907865 2.133659
-0.4120146 0.4417133 2.209106
-0.4900548 0.6035392 2.104838
-0.4914687 0.7905947 2.038847
-0.4997801 0.8438833 2.024072
-0.1931899 0.4725827 2.22659
-0.1130981 0.6359679 2.129004
-0.07414113 0.8076628 2.076339
-0.05774004 0.8626616 2.066823
-0.3094518 0.06319812 2.324951
-0.3314329 -0.3309322 2.384898
-0.2989691 -0.5906776 2.23968
-0.2892775 -0.6282374 2.168829
-0.1987343 0.1217107 2.334742
-0.03921809 -0.1708377 2.493815
0.1468607 -0.3863854 2.515679
0.1762724 -0.4304903 2.44923

-0.2616699 0.1427294 2.312667
-0.2688374 0.1904826 2.291945
-0.3072196 0.4339328 2.20608
-0.3015338 0.59045 2.133761
-0.4135072 0.4362321 2.209728
-0.4901882 0.5930724 2.109894
-0.4955151 0.7563221 2.042973
-0.5032967 0.8135576 2.026026
-0.1918329 0.4778927 2.22548
-0.1136216 0.6363938 2.128411
-0.07577018 0.8079799 2.074145
-0.05979201 0.8627707 2.064245
-0.3090409 0.06344703 2.325219
-0.3316532 -0.327348 2.385464
-0.2995875 -0.5887913 2.240791
-0.2898014 -0.6261215 2.16979
-0.1983764 0.1220278 2.334492
-0.04529888 -0.1669721 2.492689
0.1572648 -0.3941837 2.506308
0.1857322 -0.4366116 2.441516

-0.2613129 0.1429851 2.312703
-0.2685184 0.1908048 2.292051
-0.306277 0.4343203 2.20615
-0.3019815 0.5902102 2.133802
-0.4145709 0.4332604 2.209938
-0.4902653 0.5872295 2.112632
-0.497191 0.7415606 2.044741
-0.5045883 0.8012295 2.026914
-0.1911047 0.4803958 2.224983
-0.114419 0.6355509 2.128052
-0.07714121 0.8093041 2.071683
-0.06163162 0.8648315 2.060869
-0.3086466 0.06370862 2.325357
-0.3319835 -0.3242901 2.385912
-0.2999991 -0.5876589 2.241358
-0.2901532 -0.6248133 2.170262
-0.1980616 0.1222887 2.334192
-0.05009085 -0.163495 2.491997
0.1675601 -0.3982798 2.49195
0.1958055 -0.4392402 2.427298

-0.2606198 0.1438195 2.312231
-0.2678697 0.1916821 2.291772
-0.3050342 0.4350771 2.206067
-0.3023145 0.5900227 2.133801
-0.4154862 0.4309125 2.21003
-0.4902468 0.5836671 2.114272
-0.497987 0.7340902 2.045569
-0.5050701 0.7942281 2.027358
-0.1899267 0.4827987 2.22424
-0.1125058 0.6507564 2.120714
-0.07761721 0.8121185 2.068547
-0.0627399 0.8659581 2.058424
-0.3080365 0.06438761 2.324854
-0.3324245 -0.321508 2.386255
-0.3003803 -0.5868011 2.241715
-0.290521 -0.6238053 2.170497
-0.1975767 0.1227233 2.333687
-0.05345031 -0.1610879 2.491505
0.1724126 -0.4008538 2.48394
0.2004364 -0.4410626 2.419075

-0.2601206 0.144363 2.311713
-0.2673998 0.1923016 2.291458
-0.3041219 0.4356966 2.206018
-0.3025346 0.5899625 2.133731
-0.4160753 0.4294887 2.209922
-0.4875547 0.5919182 2.107804
-0.498891 0.75719 2.03474
-0.5148932 0.8030321 2.029237
-0.1883917 0.4635736 2.223592
-0.1128407 0.6485627 2.119986
-0.0778223 0.8139473 2.066418
-0.0633925 0.8688844 2.055286
-0.3074583 0.06505276 2.324088
-0.3328785 -0.3190126 2.386496
-0.3008088 -0.5859671 2.241974
-0.2912445 -0.6228065 2.170549
-0.1973167 0.1228125 2.333143
-0.05575769 -0.1596 2.491086
0.1749765 -0.4027953 2.478973
0.2024401 -0.4427419 2.41372

-0.2594668 0.1443873 2.311254
-0.2667768 0.1926912 2.291206
-0.2940386 0.4478781 2.209177
-0.3026235 0.5900114 2.133565
-0.415748 0.428378 2.209465
-0.4867285 0.5913823 2.106986
-0.4991777 0.7690992 2.029507
-0.52091 0.8100527 2.029499
-0.1876349 0.4531717 2.223187
-0.1131747 0.6454148 2.119876
-0.07764225 0.815666 2.064534
-0.06353685 0.8718252 2.052352
-0.3067765 0.065473 2.323439
-0.333311 -0.3170282 2.386613
-0.3011891 -0.5853306 2.242109
-0.2919028 -0.6218036 2.170336
-0.1970726 0.1223778 2.332108
-0.05738816 -0.1585865 2.490746
0.1735812 -0.406913 2.473866
0.1999159 -0.4465607 2.40766

-0.2588132 0.1441641 2.310781
-0.2662461 0.1928008 2.290928
-0.2943015 0.4473059 2.206846
-0.3026312 0.5901311 2.133367
-0.4154075 0.4274824 2.208989
-0.4859402 0.5907068 2.106329
-0.4991816 0.7760218 2.026559
-0.5246776 0.8151901 2.028148
-0.1874201 0.4449705 2.222557
-0.113403 0.6402721 2.120213
-0.07720804 0.8161743 2.063152
-0.06335921 0.8731426 2.050312
-0.3061655 0.06571545 2.323002
-0.3336928 -0.315422 2.386679
-0.3015231 -0.5848383 2.242167
-0.2924361 -0.6213334 2.170269
-0.1967423 0.12158 2.330861
-0.05891949 -0.1577089 2.490381
0.1704028 -0.4103651 2.470157
0.1948667 -0.4510142 2.40351

-0.2582338 0.1438997 2.310342
-0.2657761 0.1928294 2.290637
-0.2955175 0.4456676 2.204288
-0.3025397 0.5904164 2.133044
-0.4152036 0.4266597 2.208527
-0.4851971 0.5899643 2.105802
-0.4991321 0.7801976 2.024743
-0.5271064 0.8188151 2.026114
-0.1871697 0.4404595 2.221897
-0.1133521 0.6367328 2.120049
-0.07624991 0.8157157 2.0616
-0.06292184 0.873664 2.048447
-0.305633 0.06589192 2.322625
-0.3340443 -0.3140935 2.386676
-0.3018138 -0.5844661 2.24216
-0.2929409 -0.6210359 2.170151
-0.1964215 0.1208305 2.329765
-0.06007869 -0.1572057 2.489999
0.167285 -0.4131811 2.466709
0.1904985 -0.4545077 2.399724

-0.257645 0.1435761 2.309966
-0.2653097 0.1927738 2.290361
-0.2969874 0.4437648 2.202042
-0.3024041 0.5907899 2.132697
-0.4150158 0.4259244 2.208017
-0.4844892 0.5890889 2.105321
-0.4990554 0.7828461 2.023476
-0.5285323 0.8215015 2.022361
-0.1869568 0.4375381 2.221377
-0.1131118 0.6338091 2.119625
-0.07386895 0.8133996 2.059124
-0.06143223 0.8729396 2.045882
-0.3048619 0.0659491 2.322267
-0.3343294 -0.3129697 2.386637
-0.3020622 -0.5842274 2.242061
-0.2934031 -0.6209368 2.169933
-0.1960354 0.1201857 2.329078
-0.061095 -0.1569927 2.489605
0.164696 -0.4152795 2.464466
0.187249 -0.457026 2.397377

-0.2571528 0.1431949 2.309471
-0.2648732 0.1926097 2.289943
-0.2979526 0.4420158 2.200206
-0.3022407 0.5912093 2.132337
-0.4147557 0.4254698 2.20737
-0.483672 0.5881566 2.104917
-0.498956 0.7846619 2.022537
-0.529378 0.8230618 2.018349
-0.1866308 0.4355676 2.220653
-0.1122849 0.6313614 2.118589
-0.07128292 0.8105822 2.056699
-0.0597292 0.8715507 2.043483
-0.3042543 0.06599727 2.321918
-0.3345701 -0.3117349 2.386532
-0.3022701 -0.5840672 2.241932
-0.2938516 -0.620952 2.169682
-0.1957492 0.1192481 2.327989
-0.06201356 -0.1570696 2.489145
0.1626836 -0.4168343 2.463019
0.184817 -0.4588671 2.395885

-0.2569523 0.1424305 2.308399
-0.2646094 0.1920786 2.288983
-0.298703 0.4403969 2.198616
-0.3020558 0.5916265 2.131988
-0.4143279 0.4252874 2.20654
-0.4827973 0.5871888 2.104592
-0.4988573 0.7859493 2.021822
-0.5301563 0.8231044 2.013287
-0.1861489 0.4342397 2.219771
-0.1112585 0.6291655 2.117164
-0.06872315 0.8075869 2.054204
-0.05776241 0.8696133 2.040979
-0.3039696 0.06597807 2.321337
-0.3346708 -0.3108379 2.386364
-0.3024066 -0.5840904 2.241574
-0.2942246 -0.6211867 2.169177
-0.1960016 0.1173386 2.325796
-0.06297285 -0.1575611 2.488657
0.1592634 -0.4192242 2.463235
0.1811283 -0.4615646 2.396164

-0.2566288 0.142142 2.307688
-0.2642465 0.1918185 2.288215
-0.2990535 0.4391695 2.197381
-0.3017608 0.5919724 2.131644
-0.4131616 0.4582611 2.196337
-0.4835677 0.5888663 2.102085
-0.4986649 0.7868243 2.021207
-0.5304642 0.8221768 2.008073
-0.1853559 0.433465 2.218549
-0.1101723 0.627428 2.115633
-0.0663043 0.8046169 2.051495
-0.05559514 0.8671932 2.038126
-0.3026508 0.06734952 2.321653
-0.334623 -0.3103835 2.385945
-0.3015242 -0.586729 2.238894
-0.2861381 -0.6380435 2.163836
-0.1961292 0.1158842 2.323991
-0.03653867 -0.1911972 2.488045
0.1790535 -0.4551493 2.467826
0.1993813 -0.4987768 2.401056

-0.255885 0.1415745 2.307129
-0.2636368 0.1913765 2.287559
-0.2993079 0.4382284 2.196439
-0.3014202 0.592318 2.131299
-0.4006912 0.4528524 2.192908
-0.4812746 0.5858251 2.102445
-0.4981414 0.7865904 2.020707
-0.5305312 0.8186676 2.003014
-0.1844109 0.4332366 2.217188
-0.1089017 0.6260465 2.11394
-0.06402318 0.8018317 2.048664
-0.05332691 0.8645074 2.035023
-0.3003733 0.06830399 2.322186
-0.3344987 -0.3097973 2.385439
-0.3009873 -0.5882469 2.237105
-0.2852771 -0.6403886 2.162389
-0.1959804 0.1147655 2.322781
-0.04223299 -0.1930199 2.487545
0.1726983 -0.4555077 2.470964
0.1945365 -0.4996073 2.404303

-0.2553431 0.1400228 2.306112
-0.2631336 0.1902562 2.286542
-0.2994842 0.4374851 2.195692
-0.3011101 0.5926324 2.130963
-0.3957105 0.4512852 2.191311
-0.4770898 0.5929229 2.094286
-0.4977113 0.7866186 2.020106
-0.5302225 0.8170674 1.999092
-0.1833771 0.4329883 2.215825
-0.1077789 0.6247624 2.112411
-0.06197724 0.7992719 2.045966
-0.05104646 0.8617774 2.03188
-0.2995296 0.06838425 2.321951
-0.3342744 -0.3094265 2.384819
-0.3004871 -0.5895461 2.23554
-0.2849757 -0.6416305 2.161
-0.1961552 0.1127487 2.321146
-0.03730129 -0.2013684 2.487971
0.1762044 -0.4643576 2.474741
0.1986149 -0.5084568 2.408322

-0.2548405 0.1386611 2.305158
-0.2626479 0.1892056 2.285556
-0.2995746 0.4368825 2.195055
-0.3007172 0.5929629 2.130512
-0.3914343 0.4461118 2.190304
-0.4756885 0.5938181 2.091496
-0.4972196 0.7863796 2.01945
-0.5291883 0.8155468 1.995129
-0.1823501 0.4329347 2.214576
-0.1067704 0.6237553 2.110959
-0.06032791 0.7972162 2.043717
-0.04902311 0.8593239 2.029111
-0.2988138 0.06828608 2.321544
-0.3408904 -0.2708986 2.394408
-0.3034575 -0.5776582 2.24376
-0.2847294 -0.6364745 2.17093
-0.1961007 0.1111958 2.319857
-0.03194571 -0.2087583 2.488795
0.180284 -0.4723203 2.478441
0.203179 -0.5163215 2.412235

-0.2543289 0.1382336 2.304505
-0.2621163 0.1887519 2.284782
-0.2994923 0.436362 2.194443
-0.3003725 0.5932434 2.130063
-0.3961096 0.4544757 2.191335
-0.4740853 0.6020779 2.084388
-0.4967432 0.7860361 2.018856
-0.528123 0.8143883 1.992065
-0.1811155 0.4329819 2.213199
-0.1057727 0.622955 2.109484
-0.05896711 0.795443 2.0417
-0.04725545 0.8570343 2.026585
-0.2980693 0.06858592 2.321273
-0.3366791 -0.2789827 2.387236
-0.3030405 -0.5782565 2.242412
-0.2825526 -0.639738 2.170387
-0.195923 0.1102838 2.319003
-0.04947997 -0.1940474 2.489461
0.1636707 -0.4553909 2.482973
0.1836197 -0.4994293 2.417113

-0.2536944 0.1379233 2.30374
-0.2612458 0.1883977 2.283786
-0.2925845 0.4379519 2.192485
-0.299145 0.5935684 2.128985
-0.3985206 0.4495192 2.191746
-0.4730052 0.6069998 2.080379
-0.4962767 0.7855936 2.018219
-0.5272789 0.8134572 1.989721
-0.1797662 0.4330997 2.21176
-0.1048446 0.6223729 2.108104
-0.05647156 0.7955942 2.03914
-0.04443295 0.8566052 2.023698
-0.2974659 0.06865528 2.320627
-0.3334952 -0.2863239 2.382044
-0.3025675 -0.5791934 2.240879
-0.2809369 -0.6421497 2.169786
-0.1955758 0.109573 2.318232
-0.04602686 -0.1976274 2.491226
0.1662764 -0.4593007 2.486172
0.186378 -0.5035373 2.420472

-0.2531108 0.1376161 2.303071
-0.2604692 0.1880265 2.282926
-0.2903233 0.4379213 2.191463
-0.2975298 0.5938457 2.127687
-0.393583 0.4450648 2.190581
-0.4720767 0.6094336 2.078303
-0.4957857 0.7851651 2.01762
-0.5266306 0.8128364 1.988114
-0.178311 0.4332924 2.210397
-0.1038494 0.6219469 2.106754
-0.05455418 0.7955461 2.037309
-0.04215132 0.8560986 2.021511
-0.2968912 0.06867114 2.319884
-0.3364274 -0.2643226 2.387913
-0.3039477 -0.5729052 2.245232
-0.2814614 -0.6368996 2.176258
-0.1952619 0.109028 2.317646
-0.04269795 -0.2006662 2.49262
0.1689875 -0.4626975 2.488584
0.1900013 -0.5071663 2.423126

-0.2525823 0.1371408 2.302374
-0.2597685 0.1874978 2.28207
-0.2887474 0.437774 2.190637
-0.2961583 0.5940507 2.126562
-0.3897676 0.4416959 2.189781
-0.4713701 0.611104 2.07692
-0.4952153 0.7847289 2.017025
-0.5260987 0.8124532 1.987045
-0.1769747 0.4333493 2.209184
-0.1027931 0.6215019 2.105572
-0.05302608 0.7952957 2.035819
-0.04025013 0.8554829 2.019628
-0.2963937 0.06859473 2.319093
-0.33368 -0.2727658 2.381371
-0.3025043 -0.576535 2.241639
-0.2795841 -0.6403601 2.173773
-0.1950136 0.1084633 2.317106
-0.03974717 -0.2032403 2.493779
0.1716345 -0.4656076 2.490916
0.1933539 -0.5101988 2.425647

-0.2521498 0.1367994 2.30178
-0.2591974 0.187091 2.281356
-0.2876608 0.4376028 2.190005
-0.2944507 0.594251 2.12546
-0.3947151 0.4499684 2.189673
-0.4709996 0.6134097 2.075544
-0.49464 0.7843363 2.016526
-0.5255287 0.8121594 1.986226
-0.1756453 0.4332644 2.20802
-0.1014835 0.6209415 2.104364
-0.05171202 0.795001 2.03453
-0.03864712 0.8549057 2.018001
-0.2959961 0.06852127 2.318396
-0.3315742 -0.2819206 2.376197
-0.3009471 -0.5812038 2.237296
-0.2775332 -0.6443739 2.170104
-0.1947923 0.1080076 2.316679
-0.05305 -0.1884852 2.495479
0.1596309 -0.4500746 2.494026
0.1800625 -0.4948242 2.428684

-0.2518553 0.1361416 2.300939
-0.2587716 0.1864775 2.280539
-0.286912 0.4374267 2.189539
-0.2923879 0.5943664 2.124322
-0.3877227 0.444461 2.187984
-0.4701377 0.6141363 2.075106
-0.4940579 0.7839644 2.016109
-0.5249712 0.8119615 1.985686
-0.1743759 0.4331424 2.206988
-0.09985678 0.6203101 2.103214
-0.05043526 0.7946163 2.033493
-0.03718286 0.8543025 2.016677
-0.2957958 0.06818195 2.317221
-0.3302641 -0.2883903 2.372947
-0.3000023 -0.584352 2.234175
-0.2762177 -0.6471104 2.16736
-0.1946865 0.1073102 2.31606
-0.07379768 -0.1596108 2.496631
0.1386515 -0.4214761 2.496187
0.1610843 -0.4654126 2.430785

-0.2514648 0.1353087 2.30012
-0.2583121 0.1857314 2.27976
-0.2863934 0.4371899 2.189137
-0.2907676 0.5944272 2.123438
-0.3829516 0.3954747 2.188223
-0.4569471 0.5824111 2.088031
-0.4911594 0.7787975 2.017116
-0.5122098 0.8116785 1.991898
-0.1730012 0.4328613 2.206065
-0.0980564 0.6195925 2.102289
-0.0484881 0.7936946 2.032031
-0.03517174 0.8532364 2.014906
-0.2955327 0.06678867 2.315659
-0.3293818 -0.292897 2.370927
-0.2993979 -0.5863676 2.232017
-0.2753517 -0.6488988 2.16542
-0.1942094 0.1066037 2.315593
-0.0820819 -0.1478728 2.496939
0.1304432 -0.4093876 2.498155
0.1550024 -0.4527699 2.432964

-0.251044 0.134606 2.299294
-0.2576901 0.1851187 2.278934
-0.2821691 0.4377788 2.188527
-0.2888612 0.5944353 2.122626
-0.3838488 0.392026 2.18854
-0.4556654 0.5837686 2.088862
-0.4900274 0.7782675 2.017084
-0.5038313 0.818059 1.995563
-0.1711911 0.4324221 2.205151
-0.09567328 0.6186827 2.101299
-0.04644711 0.7925963 2.03066
-0.03323083 0.8520951 2.013297
-0.2954126 0.06554244 2.314246
-0.3287949 -0.296178 2.369648
-0.2989914 -0.5876166 2.230547
-0.2747692 -0.650016 2.164055
-0.1936277 0.1059466 2.31505
-0.08562669 -0.1432606 2.497529
0.1271591 -0.4046035 2.499523
0.1520592 -0.4478281 2.43429

-0.2507704 0.133721 2.298466
-0.2571441 0.1844709 2.278192
-0.2780732 0.4383353 2.188177
-0.2866329 0.5943796 2.121678
-0.3762233 0.4050001 2.186491
-0.4554 0.5918708 2.088524
-0.4879158 0.7785326 2.017743
-0.4993299 0.8210108 1.998015
-0.1694845 0.4320102 2.204331
-0.0930578 0.6177711 2.100449
-0.04424712 0.7913803 2.029274
-0.03121217 0.8508652 2.011672
-0.2954152 0.06453659 2.313099
-0.3369489 -0.2713251 2.385818
-0.3023395 -0.5791686 2.23925
-0.2780846 -0.6410791 2.172544
-0.1938417 0.1044939 2.313883
-0.08728315 -0.1415325 2.498344
0.1279212 -0.4018126 2.503413
0.1533459 -0.4449537 2.438316

-0.250401 0.1328018 2.297836
-0.256405 0.1837544 2.277628
-0.2735026 0.4390769 2.188317
-0.2833945 0.5943981 2.120687
-0.3711288 0.4156657 2.185245
-0.455152 0.6001289 2.088504
-0.4856347 0.779486 2.018792
-0.4957159 0.8238425 2.000447
-0.1677157 0.4314197 2.203609
-0.09052106 0.616754 2.099762
-0.0417852 0.7898908 2.027959
-0.02896327 0.8494225 2.01009
-0.2953639 0.06376754 2.312273
-0.340578 -0.2602784 2.392971
-0.3045362 -0.5735925 2.244916
-0.2802747 -0.6352516 2.178028
-0.193996 0.1031891 2.312975
-0.08709297 -0.1424135 2.499271
0.1302433 -0.4011532 2.507061
0.1558239 -0.4442114 2.441958

-0.2501938 0.1318692 2.297388
-0.2558306 0.1830758 2.277238
-0.2702371 0.4396035 2.18849
-0.2802112 0.59442 2.119947
-0.3682443 0.422775 2.184541
-0.4549327 0.6067769 2.088928
-0.4827279 0.7812209 2.020637
-0.4926791 0.8264802 2.002881
-0.1659635 0.4306901 2.203011
-0.08809312 0.6156855 2.099315
-0.03731909 0.7776184 2.029248
-0.005598271 0.8122618 2.01729
-0.2954595 0.06317488 2.31173
-0.3366101 -0.2798754 2.383222
-0.3042807 -0.5741565 2.243351
-0.2856444 -0.6287164 2.172664
-0.1943745 0.10178 2.312231
-0.08561437 -0.145204 2.500481
0.1333481 -0.4021402 2.510505
0.1588795 -0.4451641 2.445382

-0.2499699 0.1311144 2.297038
-0.2552778 0.1825058 2.276947
-0.2678292 0.4400157 2.188866
-0.2774293 0.5945252 2.119476
-0.3665 0.4272372 2.184241
-0.4546469 0.6114936 2.089674
-0.4794585 0.7842072 2.023595
-0.4899683 0.8300685 2.005929
-0.1644251 0.4300613 2.202581
-0.08554904 0.6145725 2.098976
-0.03397499 0.7731051 2.029591
0.009296694 0.7954634 2.01935
-0.2954905 0.06277333 2.31134
-0.3340486 -0.2912056 2.377426
-0.3037742 -0.5752816 2.241203
-0.2891811 -0.6244971 2.168603
-0.1945658 0.1007822 2.311604
-0.08361752 -0.1487042 2.501763
0.1364598 -0.4039675 2.513494
0.161885 -0.4469184 2.448322

-0.2497721 0.1304753 2.296772
-0.2547692 0.1820163 2.276737
-0.2657852 0.4404587 2.189333
-0.27521 0.5946404 2.119183
-0.3653633 0.4308271 2.184348
-0.4543488 0.6155696 2.090777
-0.4760748 0.7874321 2.027189
-0.488663 0.8320074 2.007842
-0.1631337 0.429523 2.202326
-0.082792 0.613394 2.09894
-0.03134163 0.770574 2.029873
0.01662465 0.7879655 2.019703
-0.2955168 0.06246924 2.311054
-0.3323478 -0.2998134 2.372924
-0.3031957 -0.576608 2.23894
-0.2916174 -0.6217915 2.165533
-0.1947234 0.09998851 2.311105
-0.0816984 -0.152426 2.503005
0.1391969 -0.4061569 2.515734
0.1644046 -0.4490102 2.450482

-0.2496061 0.1299541 2.296569
-0.2543484 0.1816248 2.276587
-0.2648101 0.4411328 2.190002
-0.2727054 0.5949837 2.119307
-0.3644978 0.4336108 2.184641
-0.4540539 0.6187339 2.091947
-0.472564 0.7913439 2.032643
-0.489007 0.8325969 2.009921
-0.1617212 0.4293937 2.202276
-0.07994699 0.6128222 2.099047
-0.02888106 0.7694008 2.030173
0.02182793 0.7834883 2.019917
-0.2955278 0.06226174 2.310849
-0.3313373 -0.304643 2.37038
-0.3029041 -0.5773144 2.237364
-0.2934213 -0.6195889 2.163317
-0.1948204 0.09937607 2.310661
-0.0799552 -0.1562169 2.50431
0.1414087 -0.4091172 2.518759
0.1665611 -0.4519107 2.45347

-0.2494535 0.1295261 2.296425
-0.2539808 0.1813175 2.276498
-0.2642889 0.4423591 2.191093
-0.2700295 0.5957722 2.119994
-0.363965 0.4359886 2.185368
-0.4536717 0.6213672 2.093225
-0.4700264 0.7943759 2.037255
-0.4916006 0.8315351 2.012952
-0.1602882 0.4293701 2.202455
-0.07643647 0.6124955 2.100183
-0.02521816 0.7706922 2.031366
0.02651634 0.7808924 2.019831
-0.2955346 0.0621069 2.310702
-0.3307016 -0.3076851 2.368771
-0.3026513 -0.5779387 2.235991
-0.2947326 -0.6180463 2.161633
-0.1948563 0.09890361 2.310299
-0.07893345 -0.1586067 2.50528
0.1432526 -0.4122125 2.521194
0.1682452 -0.4548351 2.455777

-0.2492901 0.1291806 2.296378
-0.2536245 0.1810992 2.276531
-0.2644002 0.4446146 2.192956
-0.2673765 0.5967292 2.121281
-0.3635789 0.4374544 2.186148
-0.4526556 0.6236913 2.09555
-0.4683311 0.796732 2.041143
-0.4943039 0.829609 2.01529
-0.1587563 0.4290169 2.203093
-0.07282129 0.6119369 2.102935
-0.02229712 0.772375 2.032771
0.03016995 0.7834834 2.021568
-0.2955256 0.06199313 2.310612
-0.3303039 -0.3095793 2.367786
-0.3024337 -0.5784801 2.234841
-0.2956154 -0.6169637 2.160378
-0.1948605 0.0985769 2.310078
-0.07807205 -0.1606856 2.506271
0.1445116 -0.4148956 2.523114
0.1694163 -0.4572673 2.457547

-0.2473503 0.1304497 2.297132
-0.2511273 0.182649 2.27773
-0.2626307 0.4475062 2.196508
-0.2652403 0.5976509 2.122694
-0.3632757 0.4384809 2.186987
-0.4513249 0.6256672 2.098392
-0.4666925 0.7998765 2.047292
-0.4926405 0.8397481 2.036345
-0.1447806 0.4652916 2.212444
-0.06337382 0.6190413 2.106749
-0.0185163 0.7770188 2.035994
0.03253324 0.782433 2.021944
-0.2949505 0.06236274 2.31074
-0.3300206 -0.3109449 2.367074
-0.3022628 -0.5789434 2.233887
-0.2956268 -0.6161599 2.159331
-0.1921363 0.1011843 2.311234
-0.07710944 -0.1635784 2.507665
0.1453416 -0.4172373 2.524485
0.1710302 -0.4591916 2.458992

-0.2455822 0.1313904 2.298099
-0.248862 0.1838744 2.279099
-0.2606747 0.4498903 2.199851
-0.2632047 0.5985553 2.124377
-0.3630331 0.4394755 2.188228
-0.4498058 0.6278527 2.102079
-0.4655211 0.8020548 2.052132
-0.4920271 0.842862 2.043091
-0.1437048 0.4584214 2.219984
-0.06015455 0.6178417 2.113502
-0.01529111 0.7819178 2.040315
0.0339683 0.7855609 2.022243
-0.294156 0.06285234 2.311191
-0.3298005 -0.3118648 2.366554
-0.3021382 -0.5793701 2.233027
-0.2957304 -0.6156478 2.158501
-0.1902144 0.102782 2.312256
-0.07657073 -0.1654025 2.508544
0.1458938 -0.4193906 2.525323
0.171993 -0.460909 2.459813

-0.2437153 0.1322554 2.299543
-0.2464559 0.185069 2.281147
-0.2575471 0.4529718 2.205568
-0.2606919 0.5996048 2.127469
-0.3625834 0.4401094 2.189982
-0.4480014 0.6295235 2.106786
-0.4644836 0.8036715 2.056137
-0.4909607 0.8458613 2.049298
-0.1428428 0.4543459 2.224785
-0.05755369 0.617968 2.119414
-0.01310498 0.786997 2.048589
0.03002306 0.8026048 2.030151
-0.292919 0.06361477 2.312307
-0.3295073 -0.3286805 2.360879
-0.3020561 -0.5797094 2.232335
-0.2956735 -0.6152331 2.157787
-0.1885978 0.1040253 2.313293
-0.08037499 -0.1621235 2.509632
0.1405607 -0.4158053 2.524804
0.1676557 -0.4566386 2.459201

-0.2421002 0.1332905 2.300928
-0.2445258 0.1863805 2.283021
-0.2557005 0.4554272 2.209929
-0.2582555 0.6004423 2.131232
-0.3618989 0.440282 2.192285
-0.4458042 0.6307268 2.112763
-0.4635002 0.8050109 2.060308
-0.4892833 0.8486443 2.055487
-0.138273 0.4711474 2.231052
-0.0527587 0.6248326 2.124302
-0.0110577 0.7919902 2.057529
0.02734816 0.8187372 2.041548
-0.2917534 0.06449413 2.3134
-0.3296022 -0.3279736 2.360809
-0.3020241 -0.5799385 2.231818
-0.295108 -0.6149011 2.157203
-0.1871671 0.1052856 2.3143
-0.08367232 -0.1589811 2.510446
0.136328 -0.412438 2.523606
0.1650272 -0.4524534 2.458122

-0.2407298 0.1340458 2.302656
-0.2429594 0.1873619 2.285095
-0.2543741 0.457122 2.213247
-0.2563305 0.6010516 2.134571
-0.3610945 0.44013 2.194632
-0.4438734 0.631373 2.118187
-0.4625542 0.8061077 2.064175
-0.4882561 0.8502296 2.059046
-0.1366695 0.4741946 2.233857
-0.04962798 0.6297824 2.128947
-0.009550939 0.7973649 2.067319
0.02770187 0.8291416 2.053832
-0.2907146 0.06524641 2.31486
-0.3297862 -0.3308161 2.359859
-0.3020288 -0.5801021 2.231422
-0.2946259 -0.6146532 2.15678
-0.1859777 0.1061738 2.315623
-0.02697732 -0.2164271 2.515055
0.1912077 -0.4720558 2.520771
0.2219804 -0.5103843 2.45527

-0.2396341 0.1347564 2.304519
-0.2417903 0.1882792 2.287265
-0.2537213 0.4586621 2.216402
-0.2546547 0.6017809 2.138234
-0.3600846 0.439197 2.197562
-0.4421305 0.6310478 2.123242
-0.4614597 0.807326 2.068691
-0.4853036 0.8525251 2.063091
-0.1356361 0.4759423 2.236072
-0.04744266 0.6339743 2.133188
-0.009148709 0.8009575 2.075155
0.02719179 0.8354711 2.062515
-0.2898234 0.06593404 2.316277
-0.3303586 -0.3278827 2.361842
-0.3022437 -0.5799483 2.231194
-0.2943778 -0.6141555 2.156621
-0.1849946 0.1070563 2.317423
-0.06592859 -0.170231 2.517787
0.1508787 -0.4271683 2.518945
0.1821374 -0.4644979 2.453227

-0.2384394 0.1349596 2.307361
-0.2406793 0.1887211 2.290172
-0.2533335 0.4597023 2.219197
-0.2531862 0.6026735 2.142426
-0.3590686 0.4380175 2.200917
-0.4407316 0.6304115 2.127701
-0.4603175 0.8085134 2.073436
-0.4819677 0.8545237 2.066376
-0.1351048 0.4764481 2.237963
-0.04587146 0.6392872 2.138958
-0.008956978 0.803844 2.081571
0.02772713 0.8387978 2.069523
-0.2888482 0.06620155 2.3186
-0.3309259 -0.3244244 2.363935
-0.3024666 -0.5798035 2.231053
-0.2942134 -0.6138155 2.156542
-0.1837018 0.1074353 2.320303
-0.07717693 -0.1568856 2.520315
0.1388827 -0.4141418 2.517399
0.1703389 -0.4512871 2.451491

-0.2376028 0.1357909 2.310079
-0.2399527 0.1896593 2.293054
-0.2533995 0.4608155 2.222522
-0.2517428 0.6034535 2.147042
-0.3582878 0.4366136 2.20484
-0.4395382 0.62958 2.13188
-0.4590701 0.8096703 2.078158
-0.4785052 0.8564034 2.069742
-0.1348031 0.478536 2.24075
-0.04522957 0.6428078 2.144339
-0.009004451 0.8061733 2.08709
0.02841541 0.8408703 2.076321
-0.2881358 0.06657714 2.320504
-0.3313335 -0.3209362 2.366126
-0.3027109 -0.5796267 2.230988
-0.2939067 -0.6134186 2.156593
-0.182678 0.1084556 2.323448
-0.08046336 -0.1587625 2.522741
0.1369989 -0.4135698 2.516478
0.1688184 -0.4500373 2.450498

-0.2371841 0.136271 2.312808
-0.2396881 0.1902044 2.296069
-0.2541362 0.4613107 2.226822
-0.2506767 0.6038845 2.151399
-0.3578273 0.4352716 2.208645
-0.4387585 0.6286862 2.136376
-0.4577101 0.8112794 2.08396
-0.4722903 0.8599388 2.077128
-0.1407403 0.4516138 2.254223
-0.05105719 0.6341433 2.158499
-0.008995583 0.8079317 2.091386
0.02859201 0.8428704 2.081521
-0.287632 0.06684919 2.322456
-0.3315861 -0.3179354 2.368414
-0.3029374 -0.5794865 2.231001
-0.293622 -0.6130749 2.156718
-0.1822183 0.1089457 2.326367
-0.08226445 -0.1569695 2.523638
0.1352301 -0.4118089 2.515709
0.1672374 -0.44796 2.449668

-0.2370291 0.1363709 2.31562
-0.2398048 0.1903704 2.299225
-0.2566357 0.4616136 2.232422
-0.2500576 0.6039796 2.155496
-0.3569093 0.4290276 2.215234
-0.4367444 0.6235029 2.142431
-0.4566473 0.8128061 2.089387
-0.4682773 0.8623754 2.082316
-0.1428301 0.4429486 2.259365
-0.05542192 0.6213233 2.176427
-0.01001779 0.809463 2.097558
0.02770736 0.8443578 2.09008
-0.2872536 0.06683575 2.32455
-0.3317556 -0.3155498 2.370386
-0.303164 -0.5793319 2.231103
-0.2933699 -0.6127095 2.156918
-0.181963 0.1091696 2.32906
-0.0818737 -0.1615322 2.524433
0.1375968 -0.4154747 2.512935
0.1694693 -0.4507053 2.446662

-0.2363847 0.1319316 2.323944
-0.2393885 0.1871742 2.306759
-0.2571543 0.4612516 2.23834
-0.2499627 0.604117 2.16009
-0.3562026 0.4247718 2.219732
-0.4354862 0.6196802 2.14697
-0.4554673 0.8149667 2.094887
-0.4639557 0.8659487 2.090158
-0.1444414 0.4363536 2.262973
-0.05759922 0.615347 2.185059
-0.01104385 0.8104396 2.103024
0.02649207 0.8454828 2.098002
-0.2867036 0.06404714 2.330519
-0.3318487 -0.3138501 2.372027
-0.3034332 -0.5791307 2.231338
-0.2931411 -0.6123806 2.157263
-0.1813107 0.1054943 2.336941
-0.08050369 -0.1672096 2.524934
0.1409441 -0.4199765 2.510504
0.1727282 -0.4547883 2.44403

-0.2360786 0.1303642 2.328499
-0.2392189 0.1855836 2.311481
-0.2576592 0.460453 2.243068
-0.250295 0.6039814 2.164962
-0.3558754 0.42242 2.223463
-0.4350616 0.6174208 2.150928
-0.4542929 0.8172618 2.100411
-0.4611522 0.8687615 2.096289
-0.1451546 0.4601424 2.272385
-0.05683728 0.6207262 2.18901
-0.01140511 0.812188 2.108849
0.02543456 0.8479549 2.104663
-0.2863713 0.06256047 2.334436
-0.3319288 -0.3124377 2.373587
-0.3036952 -0.5789822 2.231679
-0.2923126 -0.6120031 2.158033
-0.1808565 0.1041181 2.341482
-0.04715367 -0.2052608 2.525002
0.1744229 -0.4584818 2.504222
0.2082334 -0.492204 2.438048

-0.2359042 0.1293497 2.33158
-0.2391298 0.184497 2.314743
-0.2577669 0.4592081 2.247308
-0.2503807 0.6036981 2.169151
-0.3557327 0.421116 2.226745
-0.434899 0.6161084 2.153844
-0.4534066 0.819055 2.10482
-0.4595103 0.870674 2.100715
-0.1466604 0.454787 2.277926
-0.05763706 0.6201574 2.19226
-0.01135598 0.8139299 2.114065
0.02456751 0.85037 2.109667
-0.2861659 0.06158165 2.337255
-0.3320138 -0.3110756 2.3754
-0.3039429 -0.5788715 2.232072
-0.2918664 -0.6117393 2.158619
-0.180598 0.1032158 2.344552
-0.04632978 -0.2104681 2.525944
0.1771429 -0.462867 2.502206
0.21112 -0.4960808 2.435877

-0.2358961 0.1287018 2.333802
-0.2391768 0.1837633 2.317153
-0.2577359 0.4580324 2.250822
-0.2503667 0.60315 2.17289
-0.3565631 0.4220102 2.2319
-0.4320963 0.6184363 2.159106
-0.4527174 0.8210085 2.108846
-0.4586723 0.8720321 2.103303
-0.1476636 0.450067 2.281286
-0.05816067 0.6196969 2.194731
-0.01115566 0.8153999 2.118195
0.023885 0.8523865 2.113272
-0.2861684 0.06103441 2.339584
-0.332028 -0.3100767 2.377014
-0.3041347 -0.5788638 2.232471
-0.2916711 -0.6116241 2.159055
-0.1805838 0.1025806 2.346691
-0.04950153 -0.2115156 2.526872
0.175373 -0.462838 2.500512
0.2080144 -0.495524 2.433638

-0.2360891 0.1281393 2.335584
-0.23963 0.1829656 2.319224
-0.2627 0.4533139 2.254791
-0.250169 0.6026543 2.177832
-0.3578376 0.4236051 2.237589
-0.4300887 0.6204942 2.163154
-0.452256 0.8229982 2.112685
-0.4584301 0.873413 2.1058
-0.1482475 0.4464986 2.283317
-0.05869781 0.6191391 2.196665
-0.01094427 0.8164699 2.121395
0.02332168 0.853848 2.115735
-0.2864335 0.06048102 2.341942
-0.3320188 -0.3093693 2.378482
-0.3043095 -0.5789157 2.232897
-0.2916225 -0.6115861 2.159468
-0.1806433 0.1020513 2.34826
-0.05382052 -0.2100695 2.527637
0.1715943 -0.4605153 2.499503
0.2024783 -0.4930555 2.432061

-0.2363176 0.1277627 2.336958
-0.2400443 0.1823918 2.320841
-0.26373 0.4507301 2.25826
-0.2499736 0.6022403 2.18202
-0.3587186 0.4258825 2.242316
-0.4329064 0.6232095 2.170411
-0.451876 0.8247915 2.116022
-0.4584191 0.8744996 2.107609
-0.1486036 0.4438106 2.284492
-0.05912073 0.6186627 2.198123
-0.01076976 0.8172169 2.123923
0.0225135 0.8553109 2.117872
-0.2866621 0.0601807 2.343585
-0.3319936 -0.3089345 2.379764
-0.3044619 -0.5790013 2.233371
-0.2916597 -0.6115562 2.159872
-0.1810717 0.1015158 2.349965
-0.0470094 -0.2166388 2.527687
0.1764612 -0.4680677 2.498419
0.2060309 -0.5009524 2.430418

-0.2366484 0.1276145 2.338087
-0.2404902 0.182031 2.322168
-0.2642807 0.4484339 2.261428
-0.2494837 0.6018776 2.186572
-0.359599 0.4282285 2.246147
-0.435182 0.6255966 2.175498
-0.4515373 0.8263742 2.118938
-0.4585244 0.8759498 2.110339
-0.1487806 0.442054 2.285254
-0.05959112 0.6180142 2.199365
-0.01061548 0.8175413 2.126228
0.02173799 0.8562769 2.119603
-0.2868991 0.06009129 2.344737
-0.3318225 -0.3085773 2.381329
-0.3045854 -0.5791304 2.233938
-0.2917692 -0.6115527 2.160325
-0.181685 0.1011254 2.35157
-0.04854333 -0.2173265 2.527904
0.1743234 -0.4688266 2.497891
0.202719 -0.5017941 2.429491

-0.2498233 0.1112881 2.367032
-0.2495339 0.171274 2.344175
-0.264277 0.4475835 2.264325
-0.2488297 0.601494 2.190503
-0.3601847 0.4303909 2.24946
-0.4369318 0.6273911 2.179231
-0.4509115 0.8283288 2.122944
-0.4582623 0.8773745 2.112883
-0.1488547 0.4408457 2.285784
-0.0600109 0.6173574 2.200357
-0.01033511 0.8176121 2.128476
0.02131755 0.8569132 2.121807
-0.2961127 0.05486955 2.360154
-0.3316169 -0.3083624 2.382704
-0.3046793 -0.5793398 2.234529
-0.292147 -0.6123527 2.161328
-0.1969781 0.07439908 2.389938
-0.05041318 -0.2175116 2.528318
0.1713303 -0.4693751 2.497852
0.1979857 -0.5037194 2.42969

-0.2550815 0.1055406 2.37867
-0.253513 0.1668295 2.353901
-0.2640896 0.4471298 2.266617
-0.2480872 0.6010169 2.194087
-0.360374 0.4321392 2.252254
-0.4380763 0.6286561 2.182078
-0.4501362 0.8301836 2.127004
-0.4578266 0.8787588 2.115462
-0.1487578 0.4397129 2.286081
-0.06029714 0.6167796 2.201167
-0.01003216 0.8175762 2.130486
0.02083798 0.8574871 2.12372
-0.3008997 0.05371727 2.36985
-0.3313442 -0.3081504 2.384055
-0.3047503 -0.5795391 2.235096
-0.2925958 -0.6131198 2.162265
-0.2049243 0.06216357 2.408054
-0.0533853 -0.2163471 2.528644
0.1669982 -0.4688519 2.497961
0.1923502 -0.5046111 2.430028

-0.2576009 0.1028137 2.384676
-0.2556331 0.1645129 2.359472
-0.2637163 0.4470995 2.269022
-0.2475173 0.6002664 2.197368
-0.3604281 0.4334126 2.254881
-0.4387889 0.6297519 2.185217
-0.4488912 0.8321434 2.132717
-0.4542787 0.881959 2.12551
-0.1486188 0.4389465 2.286321
-0.06048305 0.6161358 2.20211
-0.009652522 0.8173524 2.132579
0.02040375 0.8578681 2.125183
-0.3034251 0.05360463 2.376947
-0.3309764 -0.3079125 2.38538
-0.3048023 -0.5797345 2.235652
-0.2930638 -0.6137793 2.163092
-0.2080888 0.05722104 2.415532
-0.04472787 -0.2231462 2.525693
0.171771 -0.4790046 2.496867
0.1965741 -0.5179979 2.429193

-0.2592649 0.1012864 2.388469
-0.2569799 0.1632137 2.362909
-0.263249 0.4472897 2.271002
-0.2471176 0.5996419 2.199866
-0.3648572 0.4668225 2.271065
-0.4423554 0.6386616 2.189228
-0.4474418 0.8341921 2.139105
-0.4528854 0.8841865 2.132259
-0.1481416 0.4384885 2.286627
-0.05987092 0.6181679 2.203427
-0.009800112 0.812199 2.139176
0.01579566 0.8549114 2.127475
-0.3053992 0.05408407 2.381933
-0.3302913 -0.3070565 2.387215
-0.3048675 -0.5798436 2.23631
-0.2951867 -0.6145057 2.164315
-0.2101514 0.05409766 2.420256
-0.03967842 -0.2270268 2.524004
0.1744851 -0.485157 2.496216
0.1968761 -0.5259832 2.42843

-0.2599515 0.1009293 2.390865
-0.2577668 0.1623862 2.365333
-0.2621997 0.4475785 2.272888
-0.2465599 0.5989171 2.202272
-0.3605509 0.4645611 2.274299
-0.4360885 0.640364 2.194633
-0.4459216 0.8377105 2.147122
-0.4521155 0.8879132 2.141069
-0.1470984 0.4382465 2.287235
-0.05871642 0.6201955 2.204815
-0.006509177 0.8151104 2.143117
0.01032675 0.8557158 2.121855
-0.3063138 0.0544184 2.385005
-0.3295115 -0.3061634 2.388946
-0.3049117 -0.5799149 2.236974
-0.2957138 -0.6148681 2.165063
-0.210748 0.05328483 2.42217
-0.0365329 -0.2293996 2.52298
0.1761419 -0.4889782 2.49579
0.1981852 -0.5304729 2.428105

-0.2588827 0.1024406 2.391634
-0.2577271 0.162354 2.366968
-0.2611421 0.4478368 2.274411
-0.2458161 0.598327 2.204556
-0.3562929 0.4560705 2.275778
-0.4330579 0.6395705 2.19915
-0.4445701 0.8400843 2.15278
-0.4504828 0.8905603 2.147346
-0.1454655 0.4383198 2.288038
-0.05705465 0.6223714 2.206197
-0.004304562 0.8144584 2.146601
0.008396372 0.855858 2.122326
-0.3059865 0.0554997 2.38766
-0.3287686 -0.3053268 2.390365
-0.3050007 -0.5797345 2.237996
-0.2961593 -0.6149831 2.166032
-0.2085557 0.05562814 2.420288
-0.0339472 -0.2310902 2.522229
0.177517 -0.4918186 2.495489
0.1994568 -0.5336978 2.427897

-0.2520528 0.1051819 2.392758
-0.2541891 0.1633401 2.368928
-0.2601211 0.4482011 2.275772
-0.2444298 0.5980118 2.207098
-0.3538563 0.4503931 2.277117
-0.431039 0.6390289 2.202147
-0.4432147 0.8419256 2.157388
-0.4488426 0.8924705 2.15185
-0.1421157 0.4393965 2.289708
-0.05267081 0.6243656 2.208699
-0.002137728 0.8153003 2.148717
0.007073315 0.8571364 2.12251
-0.2989344 0.05624449 2.391816
-0.3279805 -0.3047655 2.39148
-0.3050399 -0.5794355 2.239096
-0.2964849 -0.6149956 2.167054
-0.1971644 0.05927734 2.42029
-0.03168868 -0.2323725 2.521785
0.1788058 -0.4939923 2.495181
0.2007664 -0.536119 2.42768
