
-0.04155673 -0.08249843 2.455113
-0.03581516 -0.02102939 2.513021
0.1273329 0.3011518 2.569897
0.2093446 0.4336134 2.537901
0.02464325 0.1925447 2.482491
-0.05706121 0.42972 2.506668
-0.08852434 0.679778 2.523747
-0.1017478 0.7603819 2.535114
0.1589579 0.1958053 2.572184
0.366511 0.1244274 2.620304
0.5537655 0.1437857 2.610267
0.6035026 0.118873 2.629445
-0.1002199 -0.1294411 2.369099
-0.2102326 -0.511026 2.382568
-0.1949708 -0.7720502 2.314343
-0.1661001 -0.8464938 2.334449
-0.03627267 -0.1585822 2.498983
0.02491591 -0.5167868 2.391557
0.1101381 -0.8408443 2.333597
0.1569252 -0.8683985 2.264266

-0.0419098 -0.0835455 2.455062
-0.03640038 -0.02175802 2.512905
0.127233 0.3011477 2.57004
0.2092773 0.433427 2.537982
0.02283038 0.1955815 2.48445
-0.05974282 0.4320014 2.507655
-0.08950176 0.6807415 2.523696
-0.1023576 0.7622204 2.535198
0.1622416 0.1890896 2.572136
0.3654163 0.1244767 2.620632
0.5524745 0.1437238 2.610964
0.6021259 0.1195714 2.629419
-0.1001732 -0.1302836 2.369232
-0.2100132 -0.5134572 2.382362
-0.1950438 -0.7741097 2.314444
-0.1639356 -0.8486476 2.351893
-0.03670275 -0.1592332 2.498899
0.02487626 -0.5167542 2.391751
0.1103118 -0.8406817 2.333546
0.1576334 -0.8680673 2.264382

-0.04221622 -0.08438154 2.455018
-0.0368504 -0.02240046 2.512836
0.1271327 0.3011461 2.570187
0.2091821 0.4332999 2.538115
0.02108567 0.1986933 2.486444
-0.06230732 0.4344365 2.50876
-0.09150809 0.6833825 2.523952
-0.1030667 0.7645029 2.535436
0.164105 0.1854607 2.571954
0.3645905 0.1245151 2.620863
0.5514595 0.143719 2.611575
0.6013288 0.1203465 2.629283
-0.1001619 -0.1309357 2.369365
-0.2098715 -0.5150287 2.382241
-0.1951126 -0.775405 2.314447
-0.1590453 -0.8512828 2.386979
-0.03708581 -0.159782 2.498798
0.02484204 -0.5167459 2.391965
0.1106331 -0.8407577 2.333765
0.1582551 -0.8681291 2.264739

-0.04239329 -0.08435483 2.455138
-0.03608222 -0.02304554 2.513364
0.1270334 0.301142 2.570342
0.2090153 0.4332114 2.53831
-0.002842475 0.2552261 2.519182
-0.1040861 0.4853388 2.528613
-0.1178982 0.7374595 2.532737
-0.1113952 0.8178836 2.544322
0.1649522 0.1836735 2.571835
0.3640873 0.1245043 2.621051
0.5509039 0.1437479 2.612049
0.6018555 0.1214399 2.628772
-0.100613 -0.1300366 2.369841
-0.2097704 -0.5161068 2.382159
-0.1951502 -0.7761928 2.314409
-0.1577429 -0.8528902 2.399534
-0.03726377 -0.1600448 2.498755
0.02482521 -0.5167716 2.392201
0.1108114 -0.8406212 2.333707
0.05825285 -0.8805064 2.33256

-0.04242825 -0.08348916 2.455424
-0.03509418 -0.02325739 2.514016
0.1269373 0.3011341 2.570518
0.20873 0.4331606 2.538601
-0.01778188 0.2914019 2.540283
-0.1308578 0.518146 2.541399
-0.1348089 0.771822 2.538425
-0.1171998 0.8496962 2.549543
0.1658272 0.1821024 2.571861
0.3640592 0.1244233 2.621253
0.550882 0.1439352 2.612469
0.6031467 0.122522 2.628404
-0.1013393 -0.1277643 2.370516
-0.2097066 -0.516881 2.382116
-0.1952572 -0.777026 2.314106
-0.156148 -0.8532248 2.405776
-0.0373857 -0.1602294 2.498721
0.02481481 -0.5168027 2.392428
0.1108734 -0.8401288 2.333377
0.1138849 -0.8640317 2.276992

-0.0421634 -0.08126303 2.456047
-0.03424888 -0.02280821 2.51471
0.1268426 0.3011192 2.570692
0.2084409 0.4331256 2.538897
-0.02260784 0.3029026 2.546993
-0.1400024 0.529264 2.545762
-0.1408644 0.7838079 2.540528
-0.119558 0.8616968 2.551764
0.1769551 0.1733089 2.580946
0.3638077 0.1243721 2.621376
0.5506066 0.1440048 2.612696
0.6035586 0.123166 2.627986
-0.1023949 -0.1246939 2.371361
-0.2096906 -0.5172173 2.382206
-0.1953039 -0.7774549 2.313929
-0.1613582 -0.8649437 2.374419
-0.03733447 -0.1602398 2.498684
0.02480969 -0.5168325 2.392658
0.1107053 -0.8391728 2.332663
0.1187802 -0.8592232 2.268253

-0.04181072 -0.07896826 2.456678
-0.03342168 -0.0221456 2.515406
0.1267229 0.3010911 2.570887
0.2080376 0.4330176 2.539233
-0.02595923 0.3108755 2.551648
-0.1458904 0.5363605 2.548575
-0.1439575 0.7911308 2.543058
-0.1056301 0.8495077 2.551787
0.181113 0.1699001 2.584454
0.3646337 0.1242268 2.621305
0.5517908 0.1456647 2.612497
0.6143612 0.1482803 2.617766
-0.1033363 -0.1219861 2.372106
-0.2096578 -0.5166506 2.382668
-0.1955138 -0.7768499 2.313943
-0.1667621 -0.8146381 2.26939
-0.03709954 -0.1601304 2.498635
0.02482561 -0.5169601 2.392903
0.1104087 -0.8382594 2.331846
0.1316381 -0.854992 2.255045

-0.04165332 -0.07783744 2.457056
-0.03348078 -0.0212604 2.515716
0.1266108 0.3010581 2.571091
0.20739 0.4328379 2.539659
0.0007703693 0.2438027 2.514673
-0.09750274 0.4763839 2.527248
-0.1212257 0.7309899 2.536088
-0.1083078 0.808513 2.547269
0.1844252 0.1673755 2.587342
0.3648102 0.1238502 2.621633
0.5519187 0.1468446 2.612076
0.6158715 0.151586 2.615498
-0.1039181 -0.1208 2.37257
-0.2095394 -0.5166456 2.382974
-0.1956237 -0.7767961 2.313819
-0.1545539 -0.8269634 2.338354
-0.03685537 -0.1600255 2.498592
0.024848 -0.5170979 2.393149
0.1101326 -0.837315 2.331048
0.1429291 -0.8535388 2.249864

-0.0415956 -0.07730284 2.457251
-0.03347267 -0.02088309 2.515941
0.1265004 0.301024 2.57129
0.2066921 0.4326869 2.540057
0.009409501 0.2217965 2.502661
-0.08152759 0.4562697 2.520267
-0.1117058 0.7046198 2.533037
-0.1105865 0.7849205 2.544461
0.1859087 0.1656652 2.588256
0.3670251 0.1238309 2.621778
0.5541912 0.1484544 2.611639
0.6185511 0.1530656 2.613752
-0.1042608 -0.1201016 2.372868
-0.2094288 -0.5166084 2.383271
-0.1957356 -0.7766535 2.313594
-0.1585644 -0.8262309 2.350443
-0.03669341 -0.1599975 2.498564
0.02487309 -0.5172329 2.39338
0.1098808 -0.8365533 2.330297
0.1486368 -0.8527756 2.246804

-0.04157155 -0.07696028 2.457392
-0.03365549 -0.02058349 2.516073
0.1263665 0.3009972 2.57151
0.2059229 0.432586 2.540423
0.01627576 0.2042474 2.492907
-0.06937178 0.4401992 2.514504
-0.1059465 0.6931985 2.531425
-0.1108491 0.7745268 2.54321
0.1871921 0.1643809 2.589269
0.369045 0.1238132 2.621883
0.5561368 0.1497391 2.611145
0.6207432 0.1534228 2.612063
-0.1045575 -0.1197353 2.37316
-0.2093203 -0.5165298 2.38356
-0.1957912 -0.7765608 2.313552
-0.1509789 -0.8252028 2.369353
-0.03654978 -0.1599819 2.498529
0.02490153 -0.5173935 2.393608
0.1098618 -0.8364336 2.330085
0.1548043 -0.8552735 2.247568

-0.04155184 -0.07673378 2.457512
-0.03388479 -0.02032575 2.516165
0.1262092 0.3009571 2.571766
0.2051761 0.4324753 2.540735
0.01945788 0.1961113 2.488424
-0.06368232 0.4327076 2.511859
-0.1034745 0.685636 2.530638
-0.111763 0.7682627 2.542504
0.1882562 0.1633997 2.590225
0.3700067 0.1238613 2.621917
0.5570408 0.15044 2.610831
0.6218897 0.1529027 2.610534
-0.1047705 -0.1195722 2.373396
-0.209272 -0.5161844 2.383911
-0.1958857 -0.7761664 2.313605
-0.1461809 -0.8255137 2.375237
-0.03637458 -0.159977 2.498526
0.02494399 -0.5175869 2.393838
0.109894 -0.8364817 2.330023
0.1590292 -0.857835 2.249479

-0.04154096 -0.0765981 2.457616
-0.03414993 -0.02010376 2.516231
0.1259921 0.3009603 2.572112
0.2044053 0.4323683 2.541062
0.02155101 0.1907953 2.485507
-0.05997453 0.427767 2.510154
-0.1014872 0.6806809 2.530137
-0.1121237 0.7641831 2.542133
0.1890339 0.1627783 2.590979
0.3701906 0.1238637 2.622099
0.5570676 0.1508516 2.610465
0.6200064 0.1493329 2.609271
-0.1049318 -0.1195605 2.3736
-0.209249 -0.5158866 2.384226
-0.1960349 -0.7759826 2.313757
-0.1476759 -0.8274783 2.383462
-0.03620352 -0.1599739 2.498536
0.02498473 -0.5177724 2.394056
0.1097652 -0.8363641 2.329807
0.1609976 -0.8586924 2.249924

-0.04153714 -0.0765371 2.457707
-0.034413 -0.0199246 2.516278
0.1257461 0.3010024 2.572483
0.2036859 0.4322399 2.541385
0.02218139 0.1892088 2.484653
-0.05885938 0.4259396 2.509624
-0.1007847 0.6779276 2.529718
-0.1128864 0.7618092 2.541911
0.1897077 0.1623923 2.591805
0.3701697 0.1237737 2.622337
0.5567069 0.1514768 2.610635
0.6161153 0.1432981 2.610986
-0.1050503 -0.1196809 2.373782
-0.2092396 -0.5155954 2.384512
-0.1961529 -0.775892 2.313829
-0.1513149 -0.8319396 2.387696
-0.03603559 -0.1599746 2.498553
0.02501775 -0.5179461 2.394265
0.109748 -0.8364693 2.329894
0.1622901 -0.8604534 2.252307

-0.04152023 -0.07649533 2.457787
-0.03462427 -0.01977024 2.516322
0.1255211 0.3010449 2.572829
0.2031643 0.4321916 2.541612
0.02145243 0.1913039 2.485892
-0.06033697 0.4272564 2.510331
-0.1014525 0.6777124 2.529482
-0.1141687 0.7612849 2.541826
0.1902107 0.1621699 2.592479
0.370069 0.1236965 2.622505
0.556181 0.1521572 2.610816
0.6135867 0.1393926 2.611904
-0.1050985 -0.1197783 2.373928
-0.2092433 -0.5153466 2.38476
-0.1956668 -0.7801902 2.316475
-0.1460616 -0.8364882 2.390882
-0.03585102 -0.159968 2.498588
0.02504615 -0.518111 2.394464
0.109814 -0.8367933 2.33013
0.1629443 -0.862217 2.254684

-0.04150504 -0.07648794 2.457854
-0.03481242 -0.01964675 2.516352
0.1253176 0.3010874 2.573136
0.2026811 0.4321437 2.541796
0.01994033 0.1952304 2.488075
-0.06308607 0.4302731 2.51161
-0.102906 0.679282 2.529408
-0.1155567 0.7621202 2.541838
0.1905569 0.1619989 2.592916
0.3701804 0.1236821 2.622531
0.5560787 0.1528461 2.611264
0.6113452 0.1346973 2.614208
-0.1051181 -0.1199088 2.374047
-0.2105089 -0.5019552 2.387287
-0.1959376 -0.7732958 2.318063
-0.1502449 -0.8368308 2.389913
-0.0356813 -0.1599673 2.498614
0.02508622 -0.5183156 2.394653
0.1104377 -0.8381746 2.331908
0.1634572 -0.8651438 2.259437

-0.04147786 -0.07652431 2.457923
-0.0349626 -0.01955618 2.51638
0.125142 0.3011289 2.573424
0.2022888 0.4321457 2.541954
0.01840616 0.1990692 2.490227
-0.06582361 0.4333515 2.512868
-0.1045068 0.6814185 2.529404
-0.1168159 0.7635065 2.541855
0.1908663 0.1619881 2.593427
0.3703327 0.1236624 2.622536
0.5560818 0.1531158 2.611351
0.6105597 0.1318377 2.615375
-0.1050973 -0.12011 2.374157
-0.2107366 -0.4994123 2.388002
-0.1967688 -0.7743296 2.31853
-0.1510401 -0.8394313 2.389828
-0.0354769 -0.1599895 2.498658
0.02512334 -0.5185084 2.394826
0.1105505 -0.8385317 2.332222
0.1635374 -0.866156 2.260883

-0.04143867 -0.07673565 2.457987
-0.03505404 -0.0195364 2.516408
0.1249774 0.3011728 2.57365
0.2019542 0.4321566 2.54207
0.01711899 0.2022388 2.491986
-0.0680464 0.4359351 2.513969
-0.1058436 0.6834632 2.529574
-0.117658 0.7649418 2.54212
0.1797025 0.1718499 2.586234
0.3708595 0.1236175 2.62241
0.5564471 0.1531093 2.611374
0.6106972 0.1296589 2.616206
-0.1048225 -0.1206953 2.374245
-0.2109644 -0.4983056 2.38845
-0.1974333 -0.7759199 2.318622
-0.1492458 -0.8404667 2.388389
-0.03532114 -0.1600481 2.498706
0.02515402 -0.5186851 2.394984
0.1105992 -0.8388146 2.332315
0.1629941 -0.8667711 2.261503

-0.04140209 -0.07696748 2.458042
-0.03518464 -0.01952268 2.516412
0.1248394 0.301209 2.573858
0.201674 0.4321892 2.542183
0.01610377 0.2047272 2.493346
-0.069826 0.4379474 2.514785
-0.106602 0.6844496 2.52959
-0.1184262 0.7662569 2.542191
0.1797394 0.1730614 2.587051
0.3719154 0.1235199 2.622148
0.5574588 0.1525556 2.611437
0.6157678 0.1373854 2.615584
-0.1045784 -0.1212762 2.374313
-0.2111831 -0.4979952 2.388753
-0.197086 -0.7749658 2.319013
-0.1531585 -0.8413228 2.38765
-0.03518135 -0.1601093 2.498751
0.02517822 -0.5188406 2.395124
0.1083124 -0.8313243 2.331203
0.1582841 -0.857424 2.261113

-0.04136814 -0.07731114 2.458084
-0.03528858 -0.01956248 2.516417
0.1247197 0.3012404 2.574034
0.2014455 0.432232 2.54227
0.0153183 0.2066845 2.494407
-0.07119744 0.4395142 2.515441
-0.1076394 0.685933 2.529658
-0.119093 0.7674249 2.542249
0.1788268 0.1740828 2.586622
0.3728895 0.12343 2.621894
0.5581765 0.1523908 2.611542
0.6195595 0.1453237 2.615241
-0.1042893 -0.1219471 2.374371
-0.211402 -0.4984848 2.388875
-0.1967685 -0.7741373 2.319176
-0.1556845 -0.840855 2.387747
-0.03506105 -0.1601797 2.498789
0.02519711 -0.5189777 2.395246
0.1073124 -0.8303958 2.330738
0.155701 -0.8563249 2.260741

-0.04133199 -0.07777003 2.458126
-0.03540066 -0.01965184 2.516418
0.1246102 0.3012713 2.574192
0.2012252 0.4322754 2.542331
0.01474124 0.2081063 2.495164
-0.07219868 0.4406441 2.515914
-0.1084491 0.6870805 2.529727
-0.1195757 0.7683429 2.542313
0.1543518 0.1933182 2.57516
0.3710728 0.1234889 2.621557
0.5559893 0.1511628 2.611566
0.5843809 0.1321727 2.618283
-0.1036358 -0.1230177 2.374444
-0.2115887 -0.4995228 2.388901
-0.1971608 -0.7755778 2.31886
-0.1579232 -0.8420617 2.387808
-0.03497969 -0.1602324 2.498832
0.02520766 -0.5190817 2.395354
0.1065091 -0.8298108 2.330261
0.1538178 -0.8556428 2.260293

-0.04131716 -0.07832829 2.458139
-0.03552204 -0.01979783 2.516405
0.1245102 0.3013101 2.574321
0.2010354 0.4323011 2.542386
0.01429761 0.2091698 2.495723
-0.07294831 0.4414783 2.516255
-0.1090889 0.6879693 2.529772
-0.1199417 0.7690714 2.542347
0.147506 0.1987927 2.571912
0.3705435 0.1234225 2.621294
0.5549853 0.1493501 2.611912
0.5740794 0.1273566 2.619797
-0.1028822 -0.1241009 2.374528
-0.2117369 -0.5007007 2.388854
-0.1971094 -0.7751291 2.319046
-0.1545183 -0.8385798 2.386309
-0.03493633 -0.1602698 2.498861
0.02521464 -0.519164 2.395447
0.1062362 -0.830928 2.330561
0.1528179 -0.8566908 2.260722

-0.04130027 -0.07877959 2.458166
-0.03569328 -0.01990507 2.516363
0.1244229 0.3013395 2.574397
0.2008544 0.4323116 2.542428
0.01396028 0.2099553 2.496138
-0.07350032 0.4420802 2.516504
-0.1095734 0.6886237 2.529806
-0.1202094 0.7696264 2.542372
0.1697695 0.1881301 2.588791
0.3703776 0.1233814 2.62117
0.5546184 0.1463263 2.61369
0.6044978 0.1207726 2.626778
-0.1023289 -0.1249434 2.374632
-0.2118539 -0.5017797 2.388754
-0.1970127 -0.7745211 2.31914
-0.1580649 -0.8383263 2.386151
-0.03489923 -0.1603001 2.498893
0.02521375 -0.5192189 2.395535
0.1059339 -0.8313406 2.330427
0.1521742 -0.8571044 2.260769

-0.04129002 -0.07927326 2.458172
-0.03585103 -0.02004535 2.516317
0.1243383 0.3013767 2.574464
0.2006756 0.4323127 2.542448
0.01370676 0.2105479 2.496443
-0.07390115 0.4425207 2.516685
-0.1099198 0.6891037 2.529836
-0.1203737 0.7700506 2.542402
0.1574487 0.1966479 2.583295
0.3699461 0.1234231 2.620944
0.5536255 0.1434901 2.615519
0.5811141 0.1129534 2.628149
-0.1016608 -0.1257739 2.374718
-0.2126962 -0.4973192 2.388908
-0.1968015 -0.7710302 2.319517
-0.1560456 -0.8010282 2.286691
-0.03488378 -0.160327 2.498921
0.02521038 -0.5192611 2.39561
0.1056441 -0.8312984 2.330218
0.1516222 -0.8570256 2.26066

-0.04129459 -0.07975204 2.458178
-0.03601112 -0.0201998 2.516272
0.1242582 0.3014143 2.574518
0.2005 0.4323271 2.54247
0.01350943 0.2109901 2.496668
-0.07419115 0.4428416 2.51683
-0.1101584 0.6894529 2.529893
-0.1204335 0.7703961 2.542513
0.1499987 0.2015724 2.579698
0.3695323 0.1234974 2.620712
0.5528616 0.1414208 2.616874
0.5686461 0.1092945 2.628631
-0.1010538 -0.1265103 2.374798
-0.2130987 -0.4958774 2.388872
-0.1966334 -0.7685019 2.319686
-0.1554078 -0.7857875 2.244027
-0.03490516 -0.1603467 2.498968
0.02520564 -0.519295 2.395679
0.1054003 -0.8313439 2.329932
0.1511965 -0.8570378 2.260437

-0.04131196 -0.08020637 2.458182
-0.03617712 -0.0203631 2.516224
0.1241766 0.3014563 2.574567
0.2003357 0.4323366 2.542489
0.01337208 0.2113035 2.496827
-0.07439508 0.4430652 2.516936
-0.1103169 0.6896936 2.529955
-0.1204046 0.7706539 2.542657
0.1454012 0.2045031 2.577343
0.3691621 0.1236119 2.62049
0.5523217 0.1400047 2.61778
0.5630897 0.107615 2.629153
-0.100503 -0.1271304 2.374869
-0.2136424 -0.492388 2.388895
-0.1971582 -0.7691113 2.320239
-0.1563493 -0.7839114 2.224127
-0.03497785 -0.1603615 2.499033
0.02520062 -0.5193228 2.395743
0.1052207 -0.831404 2.329635
0.1509051 -0.8570702 2.260184

-0.04133084 -0.08062056 2.458185
-0.03633311 -0.02052577 2.51618
0.1240897 0.3015134 2.574626
0.200193 0.4323921 2.542526
0.01326965 0.211536 2.496943
-0.07454553 0.4432285 2.517015
-0.1104313 0.6898652 2.530011
-0.1203469 0.77084 2.542796
0.142445 0.2063377 2.575763
0.3688229 0.1237541 2.620291
0.5519412 0.1390072 2.618274
0.5801917 0.1086799 2.630607
-0.09996811 -0.1276748 2.374907
-0.2138489 -0.4918587 2.388778
-0.1974821 -0.7697869 2.3205
-0.1570147 -0.7866745 2.2162
-0.03508903 -0.1603794 2.499115
0.02519652 -0.5193457 2.395802
0.1050963 -0.8314819 2.329355
0.150718 -0.8571249 2.259924

-0.04153297 -0.08133735 2.458132
-0.03662648 -0.02089692 2.516103
0.1239931 0.3015742 2.574684
0.2000313 0.4325067 2.542561
0.01317804 0.2117313 2.497029
-0.07466377 0.4433537 2.517075
-0.1100294 0.6900804 2.530083
-0.1199587 0.7710459 2.543039
0.1403043 0.2075709 2.574373
0.3684077 0.123951 2.620066
0.5515789 0.1382461 2.618639
0.5897922 0.109498 2.63132
-0.09953312 -0.1282086 2.374969
-0.2140267 -0.4919439 2.388591
-0.1976354 -0.7696017 2.320587
-0.1576217 -0.7855594 2.210869
-0.03532419 -0.1604014 2.499181
0.02519226 -0.5193642 2.395857
0.1049836 -0.8315316 2.329042
0.150548 -0.8571447 2.259562

-0.04170849 -0.08195993 2.458073
-0.03683479 -0.02127516 2.516056
0.1238794 0.3016554 2.574736
0.1998637 0.4326514 2.542588
0.013097 0.2118907 2.497088
-0.07475957 0.443446 2.517123
-0.1100504 0.6901854 2.530121
-0.1198887 0.7711569 2.543127
0.1397181 0.2080839 2.573374
0.3685632 0.1239524 2.620044
0.5518661 0.1377736 2.618755
0.6000868 0.1112649 2.632256
-0.09916449 -0.128645 2.37501
-0.2141652 -0.4927931 2.388289
-0.19778 -0.7691087 2.320601
-0.1584513 -0.7862603 2.214791
-0.03555303 -0.1604246 2.499238
0.02518805 -0.519375 2.395901
0.1063127 -0.8349934 2.33081
0.151803 -0.860663 2.26117

-0.04187118 -0.0826514 2.457983
-0.0370436 -0.02171296 2.515981
0.1237647 0.3017386 2.574779
0.1997178 0.4327831 2.542614
0.0130283 0.212013 2.497121
-0.07483418 0.4435093 2.517156
-0.1100841 0.6902466 2.530146
-0.1198448 0.7712327 2.543182
0.1393128 0.2084079 2.572585
0.3685601 0.123984 2.619996
0.5519517 0.1375458 2.618845
0.5910983 0.1129295 2.632972
-0.09869621 -0.1291498 2.375082
-0.2142613 -0.4946944 2.387931
-0.1978635 -0.7686426 2.320527
-0.1586999 -0.787526 2.221222
-0.03578019 -0.1604551 2.499273
0.0251827 -0.5193834 2.395941
0.1067403 -0.836267 2.331032
0.1521813 -0.861898 2.261297

-0.04205724 -0.08334123 2.457885
-0.03723785 -0.02220153 2.515915
0.1236558 0.3018165 2.574819
0.1996364 0.4328447 2.542645
0.01296824 0.2121046 2.497137
-0.07489473 0.4435465 2.517176
-0.1101256 0.6902685 2.530147
-0.1198064 0.7712817 2.54321
0.13992 0.207742 2.571699
0.3688348 0.1239468 2.620034
0.5523732 0.1375802 2.618791
0.5821065 0.1136546 2.633383
-0.09833974 -0.1296233 2.375172
-0.2143951 -0.4969865 2.387578
-0.1979783 -0.7688302 2.320456
-0.1592619 -0.7924221 2.228714
-0.03600945 -0.1604851 2.499291
0.02517519 -0.5193906 2.395977
0.1070356 -0.8371854 2.331059
0.1524018 -0.8627665 2.261215

-0.04224421 -0.0840053 2.457793
-0.0374577 -0.02267604 2.515842
0.1235437 0.3018949 2.574862
0.1995526 0.4329507 2.542649
0.01290378 0.2120571 2.496992
-0.07494251 0.4433582 2.517098
-0.1101832 0.6900099 2.530053
-0.1197327 0.7711005 2.543128
0.140263 0.2071027 2.57084
0.3688842 0.1239593 2.62002
0.5524741 0.137466 2.618848
0.5749288 0.1138535 2.633441
-0.09802176 -0.130057 2.37526
-0.2144903 -0.4952824 2.387695
-0.198011 -0.7697971 2.319905
-0.1591767 -0.7968417 2.233417
-0.03625873 -0.1605199 2.499307
0.02516658 -0.5193989 2.396012
0.1072162 -0.837709 2.331019
0.1525647 -0.8632684 2.261098

-0.04240604 -0.0845651 2.457712
-0.0376249 -0.02311571 2.51579
0.123438 0.3019696 2.574902
0.1994577 0.433125 2.542673
0.01284021 0.2120573 2.49689
-0.07499289 0.4432449 2.517044
-0.1102457 0.6898246 2.529982
-0.1196915 0.7709835 2.543059
0.1413877 0.2059167 2.57007
0.369183 0.1239218 2.620116
0.5528474 0.1376455 2.618989
0.5693628 0.1139001 2.633202
-0.09778614 -0.1303553 2.375348
-0.2146678 -0.4930232 2.387889
-0.1979688 -0.7698593 2.319623
-0.1590138 -0.798066 2.236094
-0.03647563 -0.1605441 2.499308
0.0251575 -0.5194042 2.396045
0.1072939 -0.8381561 2.330837
0.1525735 -0.863686 2.260761

-0.04252761 -0.08432432 2.457732
-0.03674252 -0.02351756 2.51619
0.1233176 0.3020547 2.574942
0.1993715 0.4332562 2.542689
-0.006560094 0.2616519 2.522868
-0.1107016 0.4859083 2.533167
-0.1340352 0.7339151 2.536775
-0.1257184 0.814459 2.549364
0.141882 0.2053732 2.56961
0.3692622 0.1239251 2.620138
0.5529817 0.1379181 2.619322
0.5656256 0.1139085 2.633003
-0.09775025 -0.1290251 2.375576
-0.2147628 -0.4928025 2.387856
-0.1979127 -0.7698828 2.319354
-0.1611613 -0.7981427 2.23732
-0.03667909 -0.1603639 2.499329
0.02514644 -0.5194076 2.396078
0.1077052 -0.839029 2.331175
0.05074063 -0.8755354 2.327219

-0.04264128 -0.08402115 2.457764
-0.03674063 -0.02352024 2.516248
0.1232054 0.3021328 2.574982
0.199289 0.4333848 2.542707
-0.002776405 0.2507105 2.514104
-0.1025534 0.4762125 2.528217
-0.1298193 0.7255914 2.534652
-0.1249462 0.808594 2.547474
0.1431167 0.2040412 2.569266
0.3696809 0.1238383 2.620304
0.5535347 0.1388449 2.620022
0.5950204 0.1383654 2.630641
-0.09778998 -0.1279692 2.375698
-0.2149693 -0.4938823 2.387614
-0.1980026 -0.7716225 2.319182
-0.1611987 -0.8011785 2.240141
-0.03687597 -0.1601766 2.499361
0.02513725 -0.5194126 2.396103
0.1086504 -0.8425878 2.334901
0.01289213 -0.8840767 2.357033

-0.04277322 -0.08386196 2.457759
-0.03682688 -0.02349098 2.51626
0.1231002 0.3022047 2.575011
0.1992298 0.4334975 2.542742
0.001220305 0.239901 2.506506
-0.09434584 0.4659407 2.523469
-0.1244652 0.7148362 2.532326
-0.1236714 0.7989954 2.54518
0.1435673 0.2034753 2.568989
0.3697755 0.1238286 2.620339
0.5536142 0.1393095 2.620369
0.5835978 0.132563 2.630258
-0.09780998 -0.1272517 2.37578
-0.2151586 -0.495048 2.387371
-0.1980526 -0.7714837 2.319211
-0.1664269 -0.8301796 2.342277
-0.03714607 -0.1599645 2.499379
0.02512833 -0.5194174 2.396124
0.1087694 -0.828429 2.333386
0.1222467 -0.8410313 2.281063

-0.04288689 -0.08372416 2.457762
-0.03690963 -0.02345737 2.516274
0.1229971 0.3022726 2.575035
0.1991733 0.4336076 2.542779
0.004166483 0.2320613 2.501396
-0.08861621 0.4586508 2.5202
-0.1204306 0.7066904 2.530639
-0.12263 0.7909756 2.543427
0.1498905 0.1959674 2.570344
0.3707347 0.1235625 2.620728
0.5544883 0.1404271 2.620963
0.6044908 0.1473015 2.628529
-0.09786263 -0.1268782 2.375818
-0.2153576 -0.4946428 2.387261
-0.1980389 -0.7712029 2.319275
-0.1610784 -0.8076355 2.285684
-0.03736689 -0.1597997 2.499413
0.02511892 -0.5194205 2.396143
0.1128524 -0.8365193 2.341034
0.1297857 -0.8676766 2.29588

-0.04298546 -0.08378625 2.45773
-0.03702259 -0.02354472 2.516245
0.1228846 0.302337 2.575047
0.1991265 0.4337109 2.542811
0.006144449 0.2268468 2.498142
-0.08484489 0.4537748 2.518018
-0.1176831 0.7010015 2.529371
-0.1219699 0.7850462 2.542019
0.1507723 0.1945105 2.570229
0.3709187 0.1235176 2.620801
0.5545755 0.1408945 2.621287
0.5819343 0.1320043 2.629244
-0.09782216 -0.1267335 2.37591
-0.2154597 -0.4950285 2.387075
-0.1979577 -0.7726959 2.319362
-0.1494267 -0.8335232 2.358377
-0.03755291 -0.1596906 2.499405
0.02510872 -0.5194232 2.396159
0.1154392 -0.8421679 2.345901
0.1663214 -0.8765901 2.283051

-0.04310415 -0.08391158 2.457691
-0.03715926 -0.02366874 2.51621
0.1227771 0.3023904 2.575058
0.199061 0.4338231 2.542843
0.007448754 0.2231942 2.495999
-0.08229575 0.4503653 2.516539
-0.1157279 0.6969078 2.528483
-0.1214748 0.7806438 2.541006
0.1514242 0.193302 2.570052
0.3711149 0.1234662 2.620886
0.554738 0.1411542 2.621331
0.5706157 0.1245475 2.629395
-0.09780367 -0.1266864 2.376005
-0.215542 -0.4948631 2.386994
-0.1984176 -0.7774229 2.319113
-0.1481712 -0.8517345 2.389177
-0.03773052 -0.159618 2.499391
0.02509839 -0.5194257 2.396173
0.1170076 -0.8461125 2.348982
0.1790365 -0.8794299 2.278475

-0.04323164 -0.08407301 2.457646
-0.03733936 -0.02381614 2.516156
0.12263 0.3024245 2.57505
0.1989867 0.4339485 2.542891
0.008332185 0.220645 2.494554
-0.08061115 0.4479676 2.515468
-0.1144087 0.6939668 2.527733
-0.1212149 0.7774023 2.540087
0.154319 0.1890413 2.570808
0.3719265 0.1232235 2.62123
0.5553371 0.1413651 2.621897
0.5972725 0.1365947 2.630466
-0.09782548 -0.1267183 2.376095
-0.2156207 -0.4942764 2.38696
-0.1985108 -0.7805763 2.318017
-0.1471691 -0.8571228 2.400631
-0.03789048 -0.1595993 2.499368
0.02508499 -0.5194298 2.396188
0.114504 -0.8433105 2.343464
0.1791272 -0.8709651 2.262863

-0.04336145 -0.08426095 2.457591
-0.03755032 -0.02397285 2.516078
0.1224747 0.3024526 2.575026
0.1989143 0.4340931 2.54297
0.009156457 0.2180448 2.493218
-0.07914785 0.4454877 2.514446
-0.1132451 0.6909447 2.526991
-0.1209267 0.7740507 2.539208
0.1576883 0.1842648 2.57173
0.3726153 0.1230031 2.621543
0.5557854 0.1416252 2.622287
0.6094552 0.1430833 2.630408
-0.09787688 -0.1268177 2.376167
-0.2158114 -0.4928341 2.386977
-0.1984171 -0.7774188 2.318061
-0.142276 -0.8546126 2.400021
-0.03804156 -0.159629 2.499334
0.02507085 -0.519437 2.3962
0.1123698 -0.8407429 2.338794
0.1765936 -0.8653802 2.25438

-0.04357565 -0.08453219 2.457506
-0.03869506 -0.0246642 2.51572
0.08652814 0.3091556 2.574614
0.1988471 0.4342425 2.543058
0.009688363 0.216283 2.492336
-0.07819039 0.4437847 2.513736
-0.1124997 0.68884 2.526402
-0.1208055 0.7717091 2.538485
0.156269 0.1853943 2.571638
0.3727125 0.1229688 2.621617
0.5556356 0.141332 2.622483
0.624952 0.1355369 2.63324
-0.0979161 -0.1269897 2.376251
-0.2159287 -0.4932346 2.386864
-0.1991116 -0.7790058 2.317421
-0.1432727 -0.8555927 2.400903
-0.03819208 -0.1596756 2.499274
0.02505447 -0.519445 2.39621
0.1106719 -0.8385041 2.334625
0.1736255 -0.8606453 2.249364

-0.04376851 -0.08484069 2.457417
-0.03951555 -0.02493825 2.515467
0.08701851 0.3095059 2.57257
0.1987739 0.4343399 2.54315
0.01004335 0.2150813 2.49174
-0.07754635 0.4426025 2.513241
-0.1119968 0.6873582 2.525966
-0.1207372 0.7700669 2.537949
0.152546 0.1885311 2.570805
0.3719128 0.1232097 2.621443
0.554586 0.1413698 2.622174
0.5910916 0.1231826 2.631555
-0.09786689 -0.1273029 2.376336
-0.2162005 -0.4921958 2.386817
-0.1993133 -0.7794452 2.317056
-0.1553944 -0.82149 2.280638
-0.03833378 -0.1597392 2.499216
0.02503648 -0.5194539 2.396219
0.1093342 -0.8368674 2.331316
0.1697785 -0.8581826 2.246591

-0.04394744 -0.08513786 2.457329
-0.04021819 -0.02516775 2.515242
0.09110093 0.309082 2.570605
0.1986761 0.4344357 2.543221
0.01029223 0.2142179 2.491316
-0.07709893 0.4417335 2.512877
-0.1110728 0.686305 2.525563
-0.1204913 0.7688156 2.53755
0.1492487 0.1918122 2.570018
0.3709285 0.1235162 2.621187
0.5533506 0.1413138 2.621609
0.5715694 0.1167893 2.630483
-0.09780783 -0.1276353 2.376412
-0.2164766 -0.4908743 2.386799
-0.1993375 -0.7804327 2.316263
-0.1574843 -0.8144352 2.243002
-0.0384725 -0.1598063 2.499158
0.02501575 -0.5194644 2.396224
0.1083465 -0.8358575 2.329127
0.1657275 -0.856867 2.245615

-0.04408894 -0.0854336 2.457259
-0.04075805 -0.02536182 2.515062
0.0960644 0.3084051 2.569114
0.1985882 0.4345167 2.543274
0.01046756 0.2135854 2.491013
-0.07680907 0.4410693 2.51258
-0.1108483 0.6854253 2.525152
-0.1205094 0.7678479 2.53714
0.1465972 0.1945069 2.569449
0.3698781 0.1238495 2.620904
0.5520818 0.141239 2.620975
0.5643013 0.1142828 2.629646
-0.09765997 -0.128078 2.376495
-0.2166328 -0.491369 2.386791
-0.1993121 -0.7805334 2.315956
-0.1665184 -0.8377976 2.340199
-0.0385917 -0.1598787 2.499123
0.02498752 -0.519473 2.396227
0.1079024 -0.8355208 2.328103
0.1624056 -0.8577858 2.247338

-0.04423243 -0.08569319 2.457203
-0.04127793 -0.02550177 2.514885
0.1005541 0.307705 2.568123
0.198506 0.4345878 2.543317
0.01061981 0.2128734 2.490704
-0.0766188 0.440243 2.512197
-0.110682 0.6846222 2.524797
-0.1205645 0.7667206 2.536643
0.1444543 0.1967429 2.56897
0.3687193 0.1241328 2.620564
0.5506662 0.1415417 2.620495
0.5597447 0.112707 2.62918
-0.09754853 -0.1285116 2.376522
-0.2166949 -0.4936506 2.386721
-0.1992481 -0.7805161 2.315701
-0.1633786 -0.8382537 2.340842
-0.03889866 -0.1599799 2.499162
0.02495786 -0.5194803 2.396229
0.1075701 -0.835288 2.327373
0.1598308 -0.8587932 2.249507

-0.04547066 -0.0860183 2.457726
-0.0424587 -0.02542999 2.514948
0.1041685 0.3070914 2.567498
0.1984057 0.4346662 2.54334
0.01068961 0.2118217 2.490256
-0.07653318 0.4390281 2.511617
-0.1107268 0.6831416 2.524041
-0.1206803 0.7652078 2.535882
0.1428858 0.1983817 2.568633
0.363554 0.1243135 2.621324
0.5449058 0.1429517 2.620493
0.5566672 0.1116708 2.628848
-0.09999445 -0.129995 2.374871
-0.2167518 -0.4957592 2.38667
-0.198926 -0.777298 2.316378
-0.1580516 -0.835822 2.360108
-0.05785746 -0.1697219 2.517678
0.02466463 -0.5195168 2.39622
0.1073356 -0.8352048 2.326877
0.1579627 -0.8600531 2.251751

-0.05191259 -0.0875742 2.458193
-0.04588694 -0.02588289 2.515078
0.1069079 0.3065325 2.567097
0.1982736 0.4347492 2.54336
0.01074177 0.2106453 2.489736
-0.07650995 0.4376516 2.510955
-0.1108608 0.6814936 2.523181
-0.1208497 0.7635692 2.534996
0.1495531 0.1846027 2.56783
0.3625878 0.1243245 2.621546
0.5436915 0.1439719 2.620449
0.5544483 0.1108294 2.628667
-0.1065109 -0.1295614 2.376605
-0.216777 -0.4977688 2.386602
-0.1986319 -0.7747358 2.316869
-0.1578717 -0.8061789 2.285275
-0.07079904 -0.1731205 2.514021
0.02435589 -0.5195508 2.396209
0.10841 -0.8364756 2.329485
0.1571493 -0.8630531 2.258229

-0.05751032 -0.08890155 2.458279
-0.0493259 -0.02639988 2.515038
0.1089483 0.3060658 2.566807
0.1980962 0.434764 2.543333
0.01069762 0.2098586 2.489405
-0.07658432 0.4367025 2.510471
-0.1109455 0.680635 2.522703
-0.121081 0.762405 2.534215
0.1535176 0.1767727 2.567446
0.3618078 0.1242655 2.62172
0.5426177 0.1449239 2.620462
0.5529594 0.1103928 2.628549
-0.112065 -0.1285117 2.378821
-0.21684 -0.4996271 2.386534
-0.1983931 -0.7728167 2.317214
-0.157834 -0.7945276 2.25702
-0.07825112 -0.1747552 2.509723
0.02404819 -0.5195618 2.396188
0.1064614 -0.8288036 2.331094
0.1526771 -0.8555472 2.261764

-0.06543627 -0.08816709 2.457442
-0.05489779 -0.02564457 2.514409
0.1104371 0.305706 2.56661
0.1978527 0.4347279 2.543288
0.01063083 0.2092782 2.489164
-0.07671126 0.4359767 2.510053
-0.1110418 0.6799732 2.522311
-0.121285 0.761553 2.533596
0.1562138 0.1720898 2.567611
0.3613791 0.1241569 2.621838
0.5420318 0.1453432 2.620421
0.58374 0.1376887 2.625455
-0.1216826 -0.1222156 2.381876
-0.2168689 -0.5012435 2.386486
-0.1997813 -0.7791749 2.318401
-0.1766776 -0.8484328 2.354176
-0.08458736 -0.173404 2.503449
0.02371038 -0.5195411 2.396152
0.1063013 -0.8277754 2.331456
0.1516461 -0.8548049 2.263036

-0.0700885 -0.08846531 2.456757
-0.05949139 -0.02535277 2.513514
0.1115432 0.3053787 2.566451
0.1975864 0.4346175 2.543176
0.01054872 0.2088348 2.488982
-0.07685307 0.435411 2.509712
-0.1111389 0.6794475 2.521988
-0.1214501 0.7609062 2.533106
0.1481176 0.181218 2.566362
0.3603248 0.1242541 2.621537
0.5409657 0.145332 2.620341
0.5676106 0.1304271 2.624503
-0.1245806 -0.1208046 2.383336
-0.2168932 -0.5024911 2.386446
-0.1997672 -0.777833 2.319018
-0.1661992 -0.8153715 2.284597
-0.08813776 -0.1722633 2.498854
0.02336404 -0.5195794 2.396073
0.1062591 -0.8271466 2.331584
0.1511507 -0.8545071 2.263923

-0.0732054 -0.08871508 2.456274
-0.06290081 -0.02515113 2.512788
0.1123558 0.3050871 2.566341
0.1973068 0.4344905 2.543059
0.01039653 0.2082365 2.488711
-0.07701857 0.4347016 2.509308
-0.111332 0.6785754 2.521491
-0.1215843 0.7601477 2.532617
0.1427153 0.1879266 2.565872
0.3595037 0.1243515 2.621219
0.5400769 0.1451938 2.62051
0.5762123 0.1271635 2.625786
-0.1264623 -0.1199072 2.384421
-0.2169549 -0.5097049 2.385414
-0.1996772 -0.7784523 2.319338
-0.1546546 -0.8352626 2.342005
-0.09021047 -0.1711053 2.495392
0.02303434 -0.5195953 2.395985
0.1063027 -0.8269153 2.331348
0.1510439 -0.8545771 2.264247

-0.07556318 -0.08915832 2.455794
-0.06565537 -0.0252169 2.512076
0.1129268 0.3048547 2.566255
0.1970445 0.4343624 2.542939
0.01022312 0.2074708 2.48831
-0.07716861 0.4338282 2.508807
-0.1115035 0.6774943 2.52095
-0.1216669 0.7592434 2.532134
0.1391733 0.1924865 2.565603
0.3588216 0.1244441 2.620873
0.5393376 0.1450002 2.620692
0.5821841 0.1247298 2.626756
-0.1276564 -0.1193788 2.385362
-0.217086 -0.5132291 2.384898
-0.1996632 -0.7786547 2.319514
-0.1664588 -0.84909 2.378803
-0.0913785 -0.1700531 2.49249
0.02272771 -0.5196139 2.395887
0.1066459 -0.8274717 2.331599
0.1518067 -0.8557611 2.265134

-0.07725251 -0.08956224 2.455407
-0.06766497 -0.02534614 2.511512
0.1133491 0.3046493 2.566188
0.1968066 0.4342454 2.542831
0.01004778 0.2067186 2.487915
-0.07729052 0.4329866 2.508344
-0.1116386 0.6764331 2.520432
-0.1216956 0.7583627 2.531677
0.1368105 0.195565 2.565399
0.3582338 0.124542 2.620447
0.5387368 0.1447754 2.620805
0.5862386 0.1230932 2.627708
-0.1282852 -0.1191414 2.386175
-0.217164 -0.5148321 2.38468
-0.1995778 -0.7785011 2.319599
-0.1578765 -0.818535 2.287277
-0.09195463 -0.1691758 2.49031
0.0224507 -0.5196401 2.395794
0.1069259 -0.8282076 2.331604
0.1524762 -0.85692 2.2655

-0.07857823 -0.09013035 2.45501
-0.069237 -0.02562889 2.51102
0.1136582 0.3044698 2.566137
0.1965952 0.43414 2.542718
0.009889978 0.2060468 2.487546
-0.0774054 0.432218 2.507914
-0.1117431 0.6754573 2.519943
-0.1217044 0.757544 2.531214
0.1348925 0.1979682 2.565057
0.3460109 0.1229849 2.617916
0.5262407 0.1401729 2.618696
0.5841497 0.1209827 2.627285
-0.1283145 -0.1193619 2.386961
-0.2185796 -0.5043225 2.384898
-0.1993694 -0.7777958 2.319292
-0.1557943 -0.8107706 2.266214
-0.09219161 -0.1684491 2.488617
0.02220229 -0.5196683 2.395704
0.1071271 -0.8286266 2.331491
0.1529891 -0.8575884 2.265574

-0.07950418 -0.0906379 2.454678
-0.07030356 -0.02590681 2.510673
0.1138867 0.3043015 2.5661
0.1963203 0.4340158 2.542587
0.009744199 0.2053418 2.487157
-0.07748234 0.4314207 2.507492
-0.1117956 0.6747673 2.519612
-0.1216606 0.7566798 2.530765
0.1339554 0.1990915 2.564873
0.3412033 0.1223061 2.617055
0.5212854 0.1378603 2.617652
0.5834292 0.1196091 2.626923
-0.1279774 -0.1197882 2.387591
-0.2194912 -0.4961449 2.385202
-0.1993343 -0.7777339 2.319217
-0.1548634 -0.8053802 2.24368
-0.09209771 -0.1678634 2.48733
0.02196464 -0.5196773 2.395607
0.1074658 -0.8292734 2.331487
0.1535809 -0.8583424 2.265633

-0.08015718 -0.09106857 2.454405
-0.07104905 -0.02616636 2.510421
0.1140529 0.3041465 2.566069
0.1960678 0.4338952 2.542465
0.009588435 0.2049133 2.486917
-0.07757741 0.4309332 2.5072
-0.1118689 0.6741376 2.519241
-0.121648 0.756139 2.530387
0.1331322 0.1999965 2.564443
0.3380345 0.1218581 2.616505
0.5179846 0.1360481 2.616854
0.5862979 0.1194975 2.627272
-0.1274559 -0.1202746 2.388083
-0.2198048 -0.4942 2.385181
-0.1992157 -0.7774216 2.318966
-0.1542544 -0.8020408 2.23303
-0.09187721 -0.1673479 2.486377
0.02152247 -0.5197719 2.395487
0.1077166 -0.8299958 2.331269
0.1539865 -0.8590314 2.265335

-0.08058065 -0.09156734 2.45413
-0.07158761 -0.02648603 2.510189
0.1141736 0.3039939 2.566042
0.1958491 0.433798 2.542342
0.009433637 0.2044336 2.486639
-0.07765133 0.4303904 2.506889
-0.1119195 0.6734112 2.518837
-0.1216117 0.7555295 2.529985
0.13252 0.20062 2.564036
0.333253 0.1215301 2.616157
0.5133333 0.1342784 2.616431
0.5627859 0.1165967 2.62452
-0.1266195 -0.1210877 2.388443
-0.2197154 -0.5076227 2.382621
-0.1987678 -0.7790465 2.317757
-0.1537054 -0.8022168 2.225822
-0.09153824 -0.1669346 2.485665
0.02108232 -0.5198837 2.395375
0.1078675 -0.8308935 2.330739
0.1543061 -0.8598385 2.264622

-0.08077543 -0.0921896 2.453803
-0.07193913 -0.02690698 2.509941
0.1142482 0.3038492 2.566013
0.1955925 0.4337071 2.5422
0.009283132 0.2039952 2.486384
-0.07770998 0.4298954 2.50661
-0.1119365 0.6727368 2.518479
-0.1215389 0.7549728 2.529651
0.1319772 0.2010601 2.56355
0.3301423 0.1213348 2.615969
0.5102163 0.1329341 2.616506
0.5490098 0.1150661 2.623371
-0.1254593 -0.1221336 2.388559
-0.2197326 -0.5098492 2.382106
-0.1985197 -0.7787644 2.317334
-0.1534254 -0.8009061 2.22244
-0.09110919 -0.1666846 2.485107
0.02068772 -0.5200462 2.395253
0.1079464 -0.8317162 2.330317
0.1545243 -0.8605404 2.264041

-0.08087743 -0.09264702 2.453529
-0.07215083 -0.02727256 2.50974
0.1142973 0.3037029 2.565983
0.1953403 0.4336119 2.542034
0.009143662 0.2037554 2.486238
-0.07777508 0.4296238 2.506441
-0.1119693 0.6723472 2.518229
-0.121503 0.7546589 2.529417
0.1316523 0.2014502 2.563242
0.328216 0.1212229 2.615855
0.5082937 0.1320184 2.616478
0.5406753 0.1138982 2.622497
-0.1245598 -0.1228104 2.388642
-0.2201264 -0.5031224 2.382548
-0.1982526 -0.7779904 2.317056
-0.1535168 -0.7997363 2.223363
-0.0906546 -0.166394 2.484642
0.02034507 -0.5201763 2.395131
0.1079731 -0.8323941 2.329935
0.1546323 -0.8611014 2.263467

-0.08093264 -0.09297407 2.453298
-0.07226777 -0.02757771 2.509573
0.1143222 0.30356 2.565946
0.1951089 0.4335195 2.541875
0.008963734 0.2036384 2.486156
-0.07784993 0.4294677 2.506323
-0.1120004 0.6721192 2.518057
-0.1214798 0.7544787 2.529248
0.1314408 0.2017776 2.562987
0.3270684 0.1211407 2.615781
0.5071793 0.1314504 2.616507
0.5369312 0.113395 2.622275
-0.1238996 -0.1232301 2.388687
-0.2202065 -0.5015088 2.382604
-0.1980575 -0.7759297 2.316895
-0.1541593 -0.7977146 2.226729
-0.09023877 -0.1661188 2.484272
0.02005285 -0.5202933 2.39502
0.1079838 -0.8329599 2.329607
0.1546673 -0.8615555 2.262913

-0.08098523 -0.09322474 2.453089
-0.07223938 -0.02794477 2.509449
0.1143285 0.3034256 2.565907
0.1949108 0.4334255 2.541708
0.008639863 0.2037931 2.486177
-0.07803795 0.4295279 2.506249
-0.1120549 0.6720557 2.5179
-0.1214661 0.7544869 2.529079
0.1314413 0.2006945 2.561595
0.3261977 0.1210764 2.615705
0.506348 0.1309432 2.616562
0.5341082 0.112994 2.622107
-0.1235498 -0.1234815 2.388675
-0.21891 -0.5113057 2.381985
-0.1975593 -0.7775451 2.315347
-0.1549909 -0.8012179 2.228017
-0.08990244 -0.1659024 2.483988
0.01979837 -0.5204045 2.394912
0.1080937 -0.8335008 2.329484
0.08199867 -0.8979279 2.314889

-0.08062562 -0.09254214 2.452888
-0.06976746 -0.02861309 2.510013
0.1143239 0.3032984 2.565873
0.1947244 0.4333501 2.541496
-0.008469853 0.2546026 2.512415
-0.1124377 0.4733411 2.523153
-0.135398 0.7169473 2.525043
-0.1273097 0.7989622 2.534884
0.1312378 0.2000093 2.56047
0.325571 0.1210388 2.61566
0.505814 0.1303339 2.616811
0.5660346 0.1140051 2.628713
-0.1232804 -0.1218929 2.388521
-0.2187638 -0.5129251 2.381836
-0.1974002 -0.7772732 2.314861
-0.1593977 -0.8003672 2.228858
-0.0890484 -0.1653098 2.483747
0.01958017 -0.5205051 2.394815
0.1090618 -0.8395469 2.334681
0.112673 -0.8895994 2.291838

-0.0802746 -0.09192353 2.452725
-0.06933358 -0.02863001 2.510045
0.1143091 0.3031766 2.56584
0.194546 0.433276 2.54128
-0.007756418 0.2437165 2.505116
-0.1064259 0.4651922 2.518505
-0.1315848 0.7098069 2.522406
-0.1267999 0.7940632 2.532749
0.1311349 0.1995291 2.559757
0.324354 0.121143 2.615627
0.5045125 0.1295764 2.617082
0.574747 0.114292 2.631061
-0.1230492 -0.1208585 2.388316
-0.2186595 -0.5140166 2.381742
-0.1972912 -0.7769159 2.314487
-0.1649966 -0.8317024 2.338628
-0.08830874 -0.1648235 2.483601
0.01939559 -0.5205926 2.394729
0.1091618 -0.8404009 2.335406
0.1287698 -0.877971 2.280483

-0.08017771 -0.09187779 2.452466
-0.06904494 -0.02879631 2.510005
0.1142847 0.3030624 2.565803
0.1943652 0.4332088 2.541044
-0.006116272 0.2336504 2.498878
-0.09978884 0.4563635 2.514064
-0.1267716 0.7007328 2.519796
-0.1258301 0.7860129 2.530447
0.1309299 0.1981668 2.558199
0.3251044 0.1209022 2.615898
0.5053281 0.128906 2.617122
0.5873134 0.1147629 2.632625
-0.122913 -0.120497 2.388205
-0.2185121 -0.5162125 2.38158
-0.1973226 -0.7775267 2.314481
-0.1509605 -0.842204 2.380348
-0.0878087 -0.1646071 2.483317
0.01923893 -0.5206622 2.394653
0.1092361 -0.841274 2.336162
0.1397338 -0.8735951 2.274227

-0.08009682 -0.09186715 2.452221
-0.06882414 -0.02893715 2.509955
0.1142496 0.3029559 2.565758
0.1941614 0.4332021 2.540708
-0.004691164 0.2262146 2.494404
-0.09488437 0.4498901 2.510881
-0.1231422 0.69379 2.51796
-0.1251313 0.7791141 2.528686
0.1312951 0.1964461 2.55695
0.3254223 0.1207689 2.616061
0.5056981 0.1283897 2.617144
0.5928768 0.1147384 2.633607
-0.1228241 -0.1202107 2.388101
-0.2187572 -0.5037991 2.383097
-0.1976863 -0.7805021 2.314794
-0.1451973 -0.8513047 2.401665
-0.08735719 -0.1644552 2.483056
0.01909863 -0.5207231 2.394581
0.1092173 -0.8417859 2.336451
0.1461129 -0.8699722 2.268557

-0.07982174 -0.09139398 2.451963
-0.0673512 -0.02930626 2.510105
0.1141988 0.3028443 2.565692
0.1939775 0.4332277 2.540331
-0.01381596 0.2619888 2.514478
-0.1184433 0.4798619 2.522896
-0.1304102 0.7239484 2.52622
-0.1232028 0.7864667 2.531458
0.131567 0.1955745 2.556424
0.3260323 0.1206738 2.616221
0.5065215 0.1276746 2.616748
0.5967937 0.1146117 2.633651
-0.1229076 -0.1192023 2.38801
-0.2182426 -0.5143726 2.381948
-0.1977348 -0.7836404 2.314551
-0.1672505 -0.8280334 2.272558
-0.08646748 -0.1640791 2.482701
0.01897756 -0.520779 2.394516
0.1091738 -0.8418382 2.336301
0.1478014 -0.8657159 2.261952

-0.07956271 -0.09069785 2.451717
-0.06611851 -0.02945323 2.510233
0.1141241 0.3027187 2.565578
0.1938135 0.4332606 2.539968
-0.01855764 0.280619 2.524981
-0.1301693 0.4947907 2.528906
-0.1392486 0.738156 2.528126
-0.1265723 0.8073447 2.535316
0.131617 0.1951656 2.556068
0.3336666 0.1211471 2.615072
0.5139461 0.1254851 2.616613
0.5988738 0.1147636 2.628744
-0.1232994 -0.1176662 2.387981
-0.2181887 -0.5153107 2.381884
-0.197228 -0.783456 2.315206
-0.1477387 -0.8391757 2.347568
-0.08565813 -0.1636895 2.482377
0.01886694 -0.5208259 2.39445
0.1089872 -0.8417649 2.335806
0.1481321 -0.8630916 2.257247

-0.07889064 -0.0900059 2.451498
-0.06444339 -0.02962384 2.51039
0.1140393 0.3025993 2.565454
0.1936532 0.433327 2.539504
-0.0204707 0.2876135 2.528907
-0.1356041 0.5016982 2.531593
-0.1437323 0.7452143 2.528966
-0.1282821 0.817382 2.536981
0.1317161 0.1951125 2.555843
0.3390702 0.121645 2.614133
0.5190807 0.1239221 2.616532
0.6038027 0.1144786 2.628455
-0.1232287 -0.116797 2.38805
-0.2181462 -0.5166472 2.381787
-0.1977739 -0.7859922 2.315897
-0.1449511 -0.850594 2.355978
-0.0832865 -0.1632266 2.481725
0.01876237 -0.5209377 2.394359
0.1090739 -0.8419986 2.335829
0.1490469 -0.8620466 2.255224

-0.07781589 -0.08781742 2.451428
-0.0628264 -0.02906788 2.510652
0.113945 0.3024847 2.565331
0.1934993 0.4333887 2.539086
-0.02183292 0.2923831 2.5316
-0.138803 0.5057434 2.533149
-0.1464055 0.7493966 2.52944
-0.1292803 0.8230582 2.537655
0.1317965 0.195225 2.555731
0.3427549 0.1220201 2.613413
0.5225583 0.1228127 2.616407
0.5616506 0.1124149 2.623494
-0.1232363 -0.1134321 2.387641
-0.2181171 -0.5172167 2.381745
-0.1976402 -0.7852389 2.316441
-0.1402147 -0.8487576 2.362667
-0.08152644 -0.1627261 2.481426
0.01866792 -0.5210525 2.39427
0.1091965 -0.8422095 2.335866
0.1495342 -0.8615007 2.253894

-0.07699019 -0.08589427 2.451387
-0.06154349 -0.02851042 2.510868
0.113854 0.3023407 2.565187
0.1933744 0.4334105 2.538665
-0.02278118 0.2957191 2.53346
-0.1410377 0.5085393 2.534215
-0.148257 0.7520617 2.529703
-0.12985 0.8264482 2.538055
0.131847 0.1954283 2.555685
0.3453697 0.1223239 2.612722
0.5249314 0.1220204 2.616349
0.5364576 0.1114532 2.62059
-0.1234558 -0.110661 2.387277
-0.2187881 -0.4993729 2.383126
-0.1974333 -0.7853192 2.316526
-0.1598572 -0.8193134 2.272333
-0.08028157 -0.1622707 2.481241
0.01857692 -0.5211681 2.394174
0.1096564 -0.8440637 2.337396
0.1489522 -0.8646523 2.256011

-0.07633101 -0.08432072 2.451363
-0.06048235 -0.02798708 2.511045
0.1137318 0.302189 2.564965
0.1932365 0.433384 2.538179
-0.02347856 0.2976173 2.534554
-0.1423862 0.510132 2.534735
-0.1496757 0.7535995 2.529706
-0.13026 0.8288369 2.538253
0.1318908 0.1959753 2.555715
0.3467878 0.1223574 2.612472
0.5262778 0.1217189 2.616259
0.5504475 0.1115834 2.621348
-0.1237124 -0.1087537 2.387012
-0.2193018 -0.4886881 2.383882
-0.1971608 -0.7849002 2.316523
-0.1677747 -0.8057759 2.236901
-0.07925734 -0.1618726 2.481115
0.01848393 -0.521258 2.39406
0.1100428 -0.8448516 2.338031
0.05226421 -0.8787571 2.339453

-0.07582457 -0.08299939 2.451349
-0.05964765 -0.027484 2.511184
0.1136034 0.3020412 2.564732
0.1930937 0.4333782 2.53771
-0.0239141 0.2980981 2.534853
-0.14282 0.5105291 2.534758
-0.1507087 0.7540509 2.529447
-0.1305831 0.830466 2.538262
0.1321293 0.1961747 2.555773
0.3484738 0.1222589 2.612092
0.5279188 0.1218896 2.616068
0.585771 0.1112548 2.626659
-0.1241085 -0.1072765 2.386814
-0.2196945 -0.4821867 2.384302
-0.1967785 -0.7820274 2.316717
-0.1726064 -0.7958126 2.218003
-0.07842348 -0.1615176 2.481018
0.01819009 -0.5213799 2.393852
0.1103892 -0.8455461 2.338566
0.1146207 -0.8760983 2.289868

-0.07545616 -0.08198145 2.451317
-0.05901445 -0.02705476 2.511271
0.1134738 0.3018893 2.564472
0.192953 0.4333466 2.537244
-0.02413368 0.2975653 2.534558
-0.1425564 0.5100689 2.534411
-0.1513667 0.7536775 2.528941
-0.1308293 0.8314008 2.538034
0.1323216 0.1963786 2.555867
0.3425021 0.1220701 2.610831
0.5216833 0.1221432 2.614214
0.5900884 0.1110029 2.627271
-0.1244775 -0.1062623 2.386636
-0.2199421 -0.4781358 2.384543
-0.1966232 -0.7784204 2.317077
-0.1753022 -0.7901886 2.207954
-0.07777615 -0.1612204 2.480931
0.01787541 -0.52148 2.393613
0.1103572 -0.8447241 2.337097
0.1185584 -0.8695226 2.276625

-0.07517201 -0.08097664 2.451249
-0.05855845 -0.02650849 2.511289
0.1133425 0.3017403 2.564189
0.1928277 0.4333242 2.536807
-0.02421039 0.2964366 2.533853
-0.1418884 0.5090861 2.533745
-0.15172 0.7527625 2.528314
-0.131003 0.8317013 2.537544
0.1419691 0.1849899 2.559119
0.3540748 0.1190912 2.611559
0.5330393 0.1254653 2.612197
0.6214264 0.1149119 2.628545
-0.1252678 -0.1051536 2.386434
-0.2189901 -0.513574 2.378779
-0.1957519 -0.7828354 2.315298
-0.1748344 -0.798766 2.2049
-0.07718921 -0.1609365 2.480793
0.01757967 -0.5215513 2.393373
0.1101237 -0.8431022 2.335274
0.132981 -0.8627912 2.25929

-0.07494096 -0.07991234 2.45116
-0.05818409 -0.02579976 2.511257
0.1132068 0.3016163 2.5639
0.1927126 0.4333001 2.536424
-0.02414783 0.2950106 2.532923
-0.1409787 0.5078261 2.53294
-0.1495511 0.7509161 2.527042
-0.1240723 0.8160562 2.540058
0.1453932 0.1813515 2.560318
0.3610765 0.1173433 2.611967
0.5399139 0.127356 2.610901
0.6274852 0.1222579 2.624051
-0.1261365 -0.1040055 2.386066
-0.2193507 -0.5193748 2.377507
-0.1955512 -0.7826976 2.314923
-0.1745651 -0.7989188 2.206107
-0.0767241 -0.1606995 2.480686
0.01730849 -0.5216154 2.39314
0.1097954 -0.8425413 2.334454
0.1381344 -0.8612205 2.253136

-0.07470686 -0.07864555 2.451175
-0.05783683 -0.02484052 2.511277
0.1130631 0.301517 2.563615
0.1926123 0.4332753 2.536085
-0.02413245 0.2942436 2.532409
-0.1400247 0.5065423 2.532147
-0.1474889 0.7491698 2.525926
-0.1205333 0.8079619 2.540458
0.1473607 0.1796882 2.560992
0.3650726 0.1163908 2.612112
0.5438513 0.1280908 2.610048
0.6339132 0.1225998 2.623492
-0.128689 -0.1026291 2.382889
-0.2203025 -0.497541 2.379209
-0.1955249 -0.7807185 2.314497
-0.174181 -0.7971818 2.210901
-0.07582672 -0.1611951 2.483053
0.01706244 -0.5216742 2.39291
0.1106187 -0.845331 2.337418
0.1011321 -0.9076182 2.335395

-0.07319713 -0.07522211 2.451918
-0.05726572 -0.0220048 2.511562
0.1129134 0.3014332 2.563337
0.1925245 0.4332266 2.535749
-0.02408245 0.2934574 2.531881
-0.1391526 0.5053095 2.531402
-0.1456848 0.7476101 2.525107
-0.1183879 0.8029225 2.540658
0.1601734 0.1685301 2.572399
0.3683442 0.1156308 2.612349
0.547061 0.1285825 2.609399
0.6382528 0.122746 2.623357
-0.1325105 -0.1014075 2.376379
-0.2206066 -0.4957433 2.379107
-0.1955551 -0.7788865 2.314151
-0.1669448 -0.8340968 2.331162
-0.07058048 -0.1637501 2.492032
0.01684063 -0.5217177 2.392689
0.1103704 -0.8454706 2.337227
0.1281289 -0.8858638 2.289569

-0.07193116 -0.07247476 2.452556
-0.05647346 -0.0197986 2.511902
0.1127671 0.3013686 2.563077
0.1924431 0.4331634 2.535467
-0.02390149 0.2921395 2.530986
-0.1383889 0.5041795 2.53066
-0.145804 0.7463236 2.52479
-0.1204991 0.8047245 2.5395
0.1620681 0.1674431 2.573936
0.3705678 0.1151338 2.612512
0.5493148 0.1286617 2.608962
0.6410887 0.1220776 2.623458
-0.1353673 -0.1010809 2.370447
-0.2207848 -0.4946662 2.378997
-0.1956514 -0.7737786 2.314217
-0.1648059 -0.8415516 2.371257
-0.06720631 -0.1654676 2.498079
0.01664565 -0.5217336 2.392479
0.1097723 -0.845066 2.336406
0.1353417 -0.8767 2.271811

-0.07098205 -0.07042797 2.45305
-0.05572363 -0.0181214 2.512209
0.1126116 0.3013301 2.562816
0.1923353 0.4331098 2.535194
-0.02380583 0.2913858 2.530454
-0.1377352 0.5032074 2.529971
-0.1460571 0.7452234 2.524564
-0.1230197 0.80753 2.538096
0.153472 0.1764779 2.569185
0.369449 0.1158665 2.611562
0.5477524 0.1266351 2.609421
0.5970314 0.1113884 2.62619
-0.1373058 -0.1013943 2.365802
-0.2209385 -0.493927 2.378908
-0.1957013 -0.7696509 2.314378
-0.1572013 -0.8439782 2.391925
-0.06533416 -0.1664712 2.502048
0.01646731 -0.5217355 2.392268
0.1090663 -0.844179 2.334954
0.1392926 -0.86968 2.259326

-0.07026248 -0.06890626 2.453434
-0.05511808 -0.01682158 2.512463
0.1124446 0.3013012 2.562557
0.1922211 0.4330304 2.534943
-0.02371616 0.2906889 2.529952
-0.1371751 0.5023552 2.529377
-0.1464062 0.744249 2.524358
-0.1256542 0.8105509 2.53623
0.1461119 0.1839493 2.565084
0.3668294 0.1171045 2.610307
0.5449658 0.1246425 2.609914
0.5731167 0.1070605 2.627387
-0.1384982 -0.1020057 2.362175
-0.2210952 -0.4921129 2.37897
-0.195746 -0.7695572 2.312826
-0.1481676 -0.8474471 2.39895
-0.06418418 -0.1671437 2.504875
0.01630358 -0.5217155 2.392055
0.108016 -0.8420682 2.332626
0.07915439 -0.9016895 2.324883

-0.06980837 -0.06796063 2.453643
-0.05468964 -0.01593092 2.512613
0.1122906 0.3012738 2.562306
0.1920698 0.4328967 2.534654
-0.02363337 0.2897848 2.52921
-0.1367573 0.5016849 2.528865
-0.1468256 0.7434464 2.52417
-0.1280792 0.8133154 2.534465
0.1406678 0.1895747 2.562114
0.3636116 0.1185102 2.608918
0.5417059 0.1227747 2.61033
0.5676002 0.1068106 2.626294
-0.1393104 -0.1027664 2.359421
-0.2210928 -0.4899993 2.379175
-0.1962344 -0.7733105 2.31061
-0.1367731 -0.8522371 2.391028
-0.0634989 -0.1676266 2.50669
0.01616002 -0.5216942 2.391843
0.1077993 -0.8416364 2.332017
0.1160415 -0.8787487 2.280739

-0.06946364 -0.0672548 2.453797
-0.05433544 -0.0152276 2.512728
0.1121534 0.3012636 2.562078
0.1918447 0.4327205 2.534344
-0.02361439 0.28931 2.52878
-0.1364829 0.5012426 2.528477
-0.1472612 0.7428785 2.524023
-0.1303114 0.8158782 2.533053
0.1381565 0.1922992 2.560519
0.3490003 0.1204482 2.609324
0.5276939 0.1208756 2.608979
0.5399459 0.1059497 2.624068
-0.1398551 -0.1033693 2.35745
-0.2211081 -0.4957477 2.378788
-0.1966105 -0.77658 2.30887
-0.1331654 -0.8527169 2.39007
-0.06302759 -0.1679688 2.507967
0.01603243 -0.5216562 2.391619
0.1076496 -0.8413056 2.331478
0.1282763 -0.8706003 2.264841

-0.069216 -0.06671153 2.453906
-0.05406348 -0.01465698 2.512812
0.1120267 0.3012663 2.56187
0.1916332 0.4325546 2.534061
-0.02363102 0.2889565 2.528414
-0.1363102 0.5009609 2.528184
-0.1477583 0.7425364 2.523861
-0.1322152 0.8182297 2.531907
0.1363526 0.194242 2.559369
0.3383262 0.1216624 2.609218
0.5174061 0.1199239 2.608317
0.529781 0.1052652 2.623457
-0.1402641 -0.1037201 2.355882
-0.221149 -0.4993584 2.378502
-0.1967429 -0.7772162 2.308166
-0.1322039 -0.8491562 2.384592
-0.06281053 -0.1682369 2.508938
0.01588722 -0.5215573 2.391368
0.1073849 -0.8406853 2.330916
0.1347928 -0.8645455 2.255758

-0.06905066 -0.06631728 2.453964
-0.05387422 -0.01421855 2.512849
0.1118146 0.3013982 2.561599
0.1914373 0.4323772 2.533728
-0.02371228 0.288578 2.527891
-0.1361886 0.500744 2.527909
-0.1483114 0.7422739 2.523648
-0.1338316 0.8200912 2.53072
0.1352756 0.195405 2.558615
0.3262828 0.1225737 2.608379
0.5054221 0.119381 2.607771
0.5230553 0.1051064 2.622991
-0.1405797 -0.1039891 2.354685
-0.2214608 -0.4957162 2.378421
-0.1968669 -0.7766101 2.307919
-0.1322657 -0.8431166 2.376563
-0.06281558 -0.1684907 2.509573
0.01557572 -0.5213996 2.391017
0.1071602 -0.8401329 2.330459
0.1382773 -0.8612691 2.250912

-0.06890885 -0.06600227 2.453976
-0.05370915 -0.01384343 2.512842
0.1115476 0.3016021 2.561286
0.1912307 0.4321942 2.533414
-0.02385845 0.2882598 2.527287
-0.1361304 0.5005921 2.527525
-0.1488764 0.7421008 2.523392
-0.1350858 0.8215194 2.529747
0.1345918 0.1961652 2.558019
0.3206132 0.1230625 2.608031
0.4996324 0.1191235 2.607974
0.5490342 0.1065013 2.626128
-0.1407659 -0.1042071 2.353743
-0.2215738 -0.4952472 2.378243
-0.1969483 -0.7756763 2.307868
-0.1318644 -0.839393 2.37421
-0.06279836 -0.1686741 2.509951
0.01509847 -0.5211996 2.390559
0.1069705 -0.8426237 2.333936
0.04496031 -0.8790388 2.347023

-0.06881771 -0.06577826 2.453957
-0.0535925 -0.0135694 2.512814
0.1113015 0.3017879 2.560971
0.1910227 0.4320084 2.533112
-0.02408233 0.2879357 2.526524
-0.1361063 0.5004632 2.527123
-0.1494081 0.7419485 2.52314
-0.1359828 0.8224857 2.529038
0.1339127 0.1969049 2.557402
0.3158871 0.1233662 2.607628
0.4947387 0.1190319 2.608203
0.5583428 0.1077863 2.627847
-0.1408792 -0.104495 2.35298
-0.2216493 -0.4950975 2.378068
-0.1971632 -0.7724821 2.308428
-0.1331231 -0.8323128 2.370536
-0.06321556 -0.1688477 2.509954
0.01463839 -0.5209561 2.390074
0.1057333 -0.8391117 2.3325
0.1076851 -0.8558614 2.277204

-0.06897271 -0.06552501 2.453798
-0.05522107 -0.01279947 2.512267
0.06346132 0.3157878 2.556364
0.1907761 0.4318623 2.532857
-0.02430071 0.2876401 2.525777
-0.1360981 0.5003505 2.526698
-0.149951 0.7418085 2.522815
-0.1366783 0.823173 2.528421
0.1334867 0.1973995 2.556968
0.3123846 0.1235611 2.607247
0.4910469 0.1190524 2.608486
0.5631048 0.1085006 2.628872
-0.1409424 -0.1047359 2.352406
-0.2220346 -0.4917189 2.377621
-0.1975019 -0.7704656 2.308504
-0.1347873 -0.8284373 2.367761
-0.06374234 -0.1689814 2.509748
0.01411066 -0.5207669 2.389595
0.105581 -0.8378192 2.332245
0.1194775 -0.8528854 2.270875

-0.06918925 -0.0653839 2.453576
-0.05619418 -0.01225626 2.511855
0.07067537 0.3148964 2.554249
0.1906205 0.4317961 2.532621
-0.02450962 0.2873671 2.525043
-0.1361009 0.5002415 2.526265
-0.1505293 0.7416575 2.522356
-0.1372637 0.823654 2.527801
0.1328797 0.1980589 2.556295
0.3099638 0.1236766 2.606963
0.4885022 0.1190873 2.608644
0.5660129 0.1089154 2.629401
-0.1409113 -0.1052032 2.351863
-0.222138 -0.4911656 2.37748
-0.1977615 -0.7683327 2.308809
-0.1360988 -0.8258183 2.365875
-0.06465079 -0.169131 2.509247
0.01351525 -0.5205829 2.389066
0.1054792 -0.8377995 2.332889
0.04609286 -0.8697162 2.339799

-0.06937985 -0.06530158 2.453314
-0.05677702 -0.01190616 2.511466
0.08008977 0.3128414 2.552721
0.1904327 0.4317328 2.532357
-0.02468865 0.2871059 2.52439
-0.1360994 0.5000691 2.525752
-0.1496645 0.7414103 2.520965
-0.1303885 0.8070584 2.536316
0.1321837 0.1991348 2.555467
0.3082501 0.1237576 2.606761
0.4867139 0.1191042 2.608727
0.5678842 0.1091563 2.629714
-0.1407603 -0.1057458 2.351345
-0.2227615 -0.4948396 2.376455
-0.1978414 -0.7675754 2.308872
-0.1553469 -0.8370333 2.359039
-0.06549524 -0.1692388 2.508705
0.01299216 -0.5204199 2.388589
0.1053645 -0.8372381 2.332622
0.1096853 -0.8604741 2.279129

-0.06958819 -0.06525906 2.453035
-0.05719268 -0.01166533 2.511145
0.08796132 0.3109456 2.551856
0.1902561 0.4316795 2.532108
-0.02495426 0.2867582 2.523433
-0.1361 0.4999063 2.525198
-0.1488004 0.7411959 2.519731
-0.1271932 0.7995597 2.539684
0.1307126 0.2011737 2.553863
0.3068727 0.123786 2.606527
0.4852677 0.1191513 2.608818
0.5691289 0.1093088 2.629944
-0.1405795 -0.1063222 2.350882
-0.2232707 -0.4977074 2.375645
-0.1978537 -0.7669546 2.308944
-0.1707821 -0.8061855 2.267668
-0.06665368 -0.1692408 2.50808
0.01255579 -0.5202783 2.38817
0.1052644 -0.8366352 2.332199
0.1243822 -0.8582924 2.263554

-0.06975965 -0.06532528 2.452689
-0.0574529 -0.01155196 2.510821
0.09352767 0.3095032 2.551311
0.1899871 0.4315823 2.531741
-0.02521243 0.286447 2.522549
-0.1361083 0.4997479 2.524668
-0.1480295 0.7409874 2.5187
-0.1257166 0.7957866 2.541081
0.1294192 0.2029508 2.552464
0.3058841 0.1238001 2.606348
0.4842246 0.1192037 2.608884
0.569958 0.1094063 2.630074
-0.1399997 -0.1074145 2.350269
-0.2236612 -0.5000418 2.375013
-0.197875 -0.7664951 2.308974
-0.1669033 -0.8278025 2.32641
-0.06770343 -0.169313 2.507425
0.01218663 -0.5201348 2.38779
0.1051681 -0.8359203 2.33168
0.135909 -0.8562899 2.251753

-0.06991246 -0.0654006 2.452348
-0.05763493 -0.01147455 2.510516
0.0973624 0.3084718 2.550967
0.1896849 0.4314651 2.53137
-0.02543697 0.2862071 2.52176
-0.1361264 0.4996113 2.524059
-0.1473452 0.7408282 2.51784
-0.1248347 0.7934809 2.541878
0.1282249 0.20439 2.55126
0.3051499 0.1237998 2.606182
0.4834594 0.1192159 2.608927
0.5703536 0.1094333 2.630136
-0.1394645 -0.1083422 2.349722
-0.2244731 -0.494157 2.374995
-0.19802 -0.7642977 2.309304
-0.1559416 -0.820783 2.330695
-0.06857996 -0.1693212 2.506874
0.0118799 -0.5200103 2.387458
0.1050912 -0.8352843 2.331136
0.1415712 -0.8553349 2.245889

-0.07000975 -0.06544024 2.452021
-0.05775681 -0.01137664 2.510196
0.09998145 0.3077617 2.550706
0.189371 0.4315495 2.531005
-0.02557517 0.2860717 2.521244
-0.136172 0.4995339 2.523454
-0.1467793 0.7407747 2.517137
-0.1244024 0.7920136 2.54207
0.1279979 0.2047012 2.550776
0.3048009 0.1237307 2.605981
0.4830227 0.1191901 2.608942
0.5707108 0.1093791 2.630229
-0.1390561 -0.1090286 2.349178
-0.2240323 -0.5139207 2.374088
-0.1952231 -0.7898033 2.315009
-0.1439024 -0.8552381 2.357475
-0.06916916 -0.1693367 2.506469
0.01161161 -0.5198789 2.387149
0.104733 -0.8355215 2.331183
0.05208905 -0.8893857 2.330559

-0.07011987 -0.06544718 2.451695
-0.05784587 -0.0112831 2.509887
0.1018293 0.3072319 2.55052
0.1890839 0.4316312 2.530697
-0.02574917 0.2859457 2.520589
-0.1362237 0.4994704 2.522871
-0.1462965 0.7407319 2.516548
-0.1243292 0.7912638 2.541619
0.1279266 0.20478 2.550441
0.3045778 0.1236473 2.605791
0.4827066 0.1191776 2.608954
0.5707671 0.109243 2.630303
-0.1388091 -0.109491 2.348714
-0.2268308 -0.4944694 2.374573
-0.1975383 -0.7754599 2.314797
-0.1483981 -0.8514639 2.366252
-0.06978085 -0.1692874 2.506092
0.01135786 -0.5196955 2.386831
0.1044633 -0.8358281 2.3311
0.1066549 -0.8755969 2.281113

-0.07023688 -0.06546561 2.451365
-0.05790779 -0.01121153 2.509593
0.1031229 0.3068544 2.550391
0.1888136 0.4317244 2.53042
-0.02592047 0.2858441 2.519994
-0.1362984 0.4994116 2.522169
-0.1458992 0.7406859 2.515989
-0.1249092 0.791333 2.540152
0.1278656 0.2047987 2.550194
0.3044558 0.1235631 2.605606
0.4825002 0.1191342 2.608939
0.5625392 0.1099143 2.626576
-0.1386267 -0.109877 2.348315
-0.2243864 -0.5324898 2.370681
-0.1957009 -0.7965353 2.307499
-0.1398284 -0.8595375 2.368412
-0.07034945 -0.1692365 2.505726
0.01113686 -0.5195241 2.386533
0.1042548 -0.8358462 2.330893
0.1192867 -0.8704946 2.268081

-0.07032442 -0.06538454 2.451004
-0.05798981 -0.01100955 2.509199
0.1040197 0.3066 2.550261
0.1885817 0.4318075 2.530174
-0.02605964 0.2857778 2.519523
-0.1363933 0.4993896 2.52149
-0.1455746 0.7406823 2.515527
-0.1260052 0.792203 2.537953
0.1371048 0.1896903 2.553732
0.3043565 0.1234807 2.605436
0.4823731 0.119023 2.608836
0.561497 0.1096654 2.625844
-0.1386554 -0.1100016 2.347748
-0.2248571 -0.5314977 2.37085
-0.1969516 -0.7874483 2.307152
-0.1621766 -0.8061426 2.266055
-0.07071412 -0.1692084 2.505453
0.01078592 -0.5193287 2.386204
0.1041306 -0.835857 2.330652
0.1415696 -0.8934788 2.348761

-0.07041142 -0.06528828 2.45067
-0.05801963 -0.01083815 2.508857
0.1046579 0.3064093 2.550148
0.1883583 0.4319132 2.529985
-0.02626976 0.2857264 2.518888
-0.1365001 0.4994024 2.520871
-0.1453144 0.7407169 2.515143
-0.1270676 0.7933021 2.535916
0.1390917 0.186507 2.554245
0.3043066 0.1234127 2.605291
0.4823228 0.1188983 2.608718
0.5607824 0.1096038 2.625374
-0.1387444 -0.1100586 2.347246
-0.2234578 -0.5451521 2.368171
-0.1956808 -0.7972762 2.302219
-0.1647786 -0.8220946 2.225306
-0.07101887 -0.169172 2.505229
0.01041012 -0.5191628 2.385888
0.1040455 -0.8357562 2.330412
0.1453223 -0.8711849 2.288838

-0.07048512 -0.06529656 2.45033
-0.05793028 -0.01080298 2.508531
0.1051269 0.3062645 2.550058
0.1879942 0.431891 2.529717
-0.02645602 0.2856902 2.518321
-0.1363797 0.4995376 2.520239
-0.1450258 0.7408491 2.514756
-0.1280532 0.7947595 2.533812
0.1336173 0.1908291 2.550763
0.30428 0.1233491 2.605149
0.4822964 0.1187686 2.608586
0.5603043 0.109491 2.625059
-0.1386506 -0.110478 2.346577
-0.2237276 -0.5439796 2.368422
-0.1962325 -0.7948489 2.301248
-0.1721302 -0.8094272 2.200467
-0.07135624 -0.169205 2.505031
0.01007685 -0.5189697 2.385582
0.1067109 -0.8431165 2.339335
0.0559078 -0.8839583 2.361095

-0.0704596 -0.06524296 2.450061
-0.05811801 -0.01043887 2.508012
0.1054632 0.3061531 2.549971
0.1876654 0.4318765 2.529479
-0.02663108 0.2856747 2.517827
-0.1363007 0.4996839 2.519633
-0.1447904 0.7409928 2.514415
-0.1290361 0.7962552 2.531689
0.1578507 0.1746187 2.575084
0.3186846 0.1182089 2.607985
0.4961196 0.1194697 2.607549
0.5749961 0.1095583 2.625228
-0.1385834 -0.1108085 2.34604
-0.2236533 -0.5488159 2.368213
-0.195838 -0.7994651 2.299572
-0.170911 -0.8155389 2.191561
-0.0714694 -0.1693002 2.504879
0.009692446 -0.518752 2.385285
0.1074249 -0.8471051 2.34304
0.1199196 -0.8833723 2.305375

-0.07043511 -0.06519609 2.449813
-0.05792097 -0.01034901 2.507697
0.1056929 0.3060663 2.549884
0.1873589 0.4318457 2.529267
-0.02680046 0.2856558 2.517369
-0.1362362 0.4998125 2.519023
-0.1446021 0.741105 2.514127
-0.1298282 0.7973794 2.53007
0.1386729 0.1901851 2.560618
0.3192317 0.1178947 2.607666
0.4968295 0.1192362 2.606997
0.5758571 0.1092006 2.625132
-0.1385227 -0.1111106 2.345559
-0.225288 -0.5300327 2.370625
-0.1977211 -0.7839795 2.301993
-0.1757888 -0.7981428 2.192593
-0.07160795 -0.1693798 2.504757
0.009355852 -0.5185558 2.385024
0.1073179 -0.8478215 2.342575
0.1238969 -0.8738749 2.277004

-0.07042585 -0.06523733 2.449516
-0.0577145 -0.01036017 2.507364
0.105833 0.3059948 2.549777
0.1870872 0.4318093 2.529076
-0.02694397 0.2856421 2.516951
-0.1361795 0.4999168 2.518466
-0.1444462 0.7411928 2.513879
-0.1303668 0.7981854 2.528861
0.1282492 0.1987248 2.552554
0.3184904 0.118024 2.607027
0.4963199 0.1188383 2.6064
0.5756115 0.1087488 2.625008
-0.1384394 -0.111457 2.345104
-0.2261423 -0.5199836 2.371851
-0.1988428 -0.7752287 2.303604
-0.177782 -0.7889287 2.199279
-0.07179427 -0.1695354 2.504596
0.009077036 -0.5183706 2.384791
0.1069907 -0.8480028 2.341496
0.1332722 -0.8688616 2.256037

-0.07046147 -0.06538837 2.44913
-0.05751986 -0.01045805 2.507009
0.1058627 0.305953 2.549634
0.1868569 0.4317567 2.528908
-0.02707043 0.2856407 2.516582
-0.1361333 0.5000068 2.517983
-0.1443183 0.7412642 2.513668
-0.1307479 0.798779 2.527947
0.1223775 0.2035666 2.547886
0.3171906 0.1184871 2.606341
0.4952724 0.1186263 2.60574
0.5746487 0.1082259 2.624929
-0.1383451 -0.1118163 2.344685
-0.226602 -0.5146696 2.372411
-0.1994257 -0.7704881 2.304588
-0.1784889 -0.7843852 2.206137
-0.07205749 -0.1697597 2.50437
0.008854777 -0.5182092 2.384589
0.1071351 -0.8479594 2.340995
0.1379848 -0.8667313 2.24774

-0.07058644 -0.06554782 2.448736
-0.05739747 -0.0105564 2.506689
0.1058084 0.3059249 2.549464
0.1866349 0.4316779 2.528735
-0.02720112 0.2856564 2.516216
-0.1361099 0.500089 2.517552
-0.144217 0.7413279 2.513464
-0.1308908 0.7991717 2.527283
0.1189073 0.2064211 2.545095
0.3156873 0.1190546 2.605644
0.4939591 0.1184892 2.605103
0.5732366 0.1077241 2.625044
-0.1383258 -0.1120753 2.344358
-0.2278665 -0.4955352 2.374249
-0.1998091 -0.7662165 2.305536
-0.1770447 -0.8254741 2.32296
-0.07247292 -0.1699724 2.504111
0.00859884 -0.5180464 2.384373
0.107588 -0.8495418 2.343619
0.04670388 -0.8902103 2.336828

-0.07073897 -0.06581104 2.448307
-0.05729546 -0.01071312 2.50636
0.1056644 0.30593 2.549254
0.186459 0.4316064 2.528619
-0.02739088 0.2857064 2.51582
-0.1361209 0.500183 2.517173
-0.1441394 0.7413958 2.513276
-0.1309427 0.799461 2.526797
0.1167902 0.2081595 2.543414
0.3141632 0.1196449 2.605007
0.4925292 0.1183668 2.604454
0.5717114 0.1072794 2.625074
-0.1382229 -0.1125563 2.344206
-0.2258919 -0.5303018 2.369323
-0.1950473 -0.7957206 2.301355
-0.1693315 -0.8399023 2.258908
-0.07291765 -0.1701692 2.503704
0.008310289 -0.5179545 2.384153
0.1080688 -0.8509084 2.34591
0.08011138 -0.9177684 2.374982

-0.07088723 -0.06619729 2.447907
-0.05719289 -0.01094287 2.506052
0.1054899 0.3059517 2.549039
0.1863003 0.4315532 2.528519
-0.02757603 0.2857603 2.515452
-0.1361509 0.5002569 2.516833
-0.144087 0.7414433 2.513092
-0.1310004 0.7996585 2.526445
0.1153611 0.2093415 2.542299
0.3127549 0.1201902 2.604441
0.4911407 0.118276 2.603913
0.5702913 0.1068466 2.624881
-0.1379662 -0.1151528 2.344173
-0.2249662 -0.5532906 2.366475
-0.1928349 -0.8110871 2.29986
-0.1459583 -0.8728191 2.335308
-0.07331939 -0.1703469 2.503341
0.008012319 -0.5178699 2.38394
0.1067525 -0.8434241 2.3398
0.1233191 -0.868909 2.283862

-0.07107497 -0.06657594 2.447397
-0.0571213 -0.01118909 2.505669
0.1052942 0.3059836 2.548816
0.1861262 0.4314822 2.5284
-0.02778278 0.2857979 2.51508
-0.1361872 0.5003012 2.516549
-0.1440491 0.7414633 2.512933
-0.1309896 0.7997715 2.526183
0.1143283 0.2101983 2.5415
0.3112441 0.1207152 2.603879
0.4895278 0.1180224 2.603231
0.5687064 0.1064572 2.624516
-0.136767 -0.1151083 2.347918
-0.2243744 -0.5603194 2.365382
-0.191708 -0.8163993 2.299192
-0.1556562 -0.8540051 2.256435
-0.07294168 -0.1585106 2.487429
0.007672569 -0.5177716 2.383735
0.1058404 -0.8388807 2.335505
0.1299754 -0.8650368 2.27641

-0.07079472 -0.06765779 2.446507
-0.05685229 -0.0118246 2.504984
0.1050969 0.3060253 2.548587
0.185993 0.4314531 2.528319
-0.02793864 0.2858159 2.514744
-0.1362151 0.5003099 2.516312
-0.1440206 0.7414494 2.512801
-0.1309049 0.7997841 2.525981
0.1186305 0.2066749 2.543449
0.3098045 0.121154 2.603357
0.4877107 0.117288 2.602101
0.5670466 0.1060446 2.623948
-0.1338076 -0.1194422 2.350871
-0.2241178 -0.5661902 2.364653
-0.1910016 -0.8209824 2.298733
-0.1541104 -0.8612928 2.24441
-0.07118846 -0.1554484 2.482095
0.007345906 -0.5177047 2.38355
0.1054929 -0.8361369 2.33298
0.04826711 -0.8651446 2.325258

-0.07026717 -0.06948876 2.445396
-0.05642545 -0.01298573 2.504103
0.1048467 0.3060755 2.548327
0.1858722 0.4314362 2.528244
-0.02808615 0.2858285 2.514438
-0.1362441 0.5003048 2.516104
-0.1439988 0.7414176 2.512683
-0.1308324 0.7997724 2.525762
0.1199321 0.2055887 2.544091
0.3086746 0.1215042 2.602943
0.486332 0.1167829 2.601299
0.5657148 0.1057059 2.623485
-0.130788 -0.124373 2.353877
-0.2239538 -0.5698305 2.364187
-0.1904762 -0.8239352 2.298515
-0.1566584 -0.857554 2.2255
-0.06992339 -0.1536054 2.478729
0.007037528 -0.5176558 2.383386
0.1083218 -0.837364 2.336848
0.02801354 -0.8673703 2.344509

-0.06951423 -0.07174 2.44414
-0.0558318 -0.01454457 2.503041
0.1045538 0.3061341 2.548012
0.1857638 0.4314228 2.528176
-0.02809326 0.2858338 2.514185
-0.1362316 0.5002462 2.515906
-0.1439681 0.741313 2.51256
-0.1307588 0.7996698 2.525587
0.1205098 0.2051134 2.544348
0.3077207 0.1217944 2.602572
0.4851347 0.1162476 2.600589
0.5645509 0.1053945 2.623087
-0.1278856 -0.1290453 2.355714
-0.2238322 -0.5723781 2.363842
-0.190102 -0.8260118 2.298347
-0.1578336 -0.8557201 2.216453
-0.06899435 -0.1525179 2.476567
0.006731546 -0.5176307 2.383238
0.1104011 -0.8392593 2.340142
0.1168819 -0.871923 2.296545

-0.06876079 -0.07357587 2.443132
-0.05519563 -0.01592669 2.502125
0.1042215 0.3062176 2.547646
0.1856733 0.431417 2.528108
-0.02806065 0.2858458 2.514005
-0.1362141 0.5001503 2.515729
-0.1439394 0.7411413 2.512416
-0.1306215 0.7994387 2.525444
0.120779 0.2048688 2.54442
0.3069801 0.1220209 2.60228
0.4842079 0.1158148 2.600037
0.5636292 0.1051265 2.622679
-0.1255761 -0.1324793 2.356584
-0.2248066 -0.5438361 2.366053
-0.1938852 -0.7985728 2.302886
-0.1660651 -0.8526094 2.323728
-0.06806266 -0.1520851 2.475406
0.00654083 -0.5176172 2.383122
0.1107587 -0.8391455 2.340451
0.1266572 -0.8648265 2.278361

-0.06807874 -0.07507816 2.442337
-0.0546053 -0.01712319 2.501359
0.1039119 0.3062951 2.547301
0.185596 0.4313995 2.528039
-0.02801383 0.2858685 2.513785
-0.1362291 0.5000492 2.515516
-0.1439322 0.7409701 2.512259
-0.1305275 0.7992291 2.525242
0.1209721 0.2046904 2.544474
0.3064198 0.122188 2.602048
0.483547 0.115557 2.599694
0.5629337 0.1049309 2.622352
-0.1239414 -0.1349702 2.357025
-0.2251911 -0.5258622 2.368417
-0.1965498 -0.7810441 2.305376
-0.1713649 -0.8120723 2.264424
-0.0670118 -0.1522791 2.475075
0.006360188 -0.5176285 2.383008
0.1110475 -0.8392535 2.340691
0.05218775 -0.8746797 2.341155

-0.06750683 -0.07624865 2.441726
-0.05408931 -0.0181075 2.500741
0.1036218 0.3063676 2.546983
0.1855214 0.4313794 2.527968
-0.02795894 0.2858929 2.513584
-0.1362478 0.4999391 2.515302
-0.1439255 0.7407775 2.512088
-0.1304735 0.7990081 2.524994
0.1210183 0.2046152 2.544485
0.3059757 0.1223189 2.601853
0.4830286 0.11537 2.599419
0.562364 0.104775 2.622052
-0.1227423 -0.1367918 2.357201
-0.2251835 -0.5296993 2.368005
-0.1963771 -0.7847636 2.304589
-0.1710017 -0.8181598 2.243177
-0.06603897 -0.152796 2.475334
0.006078064 -0.5176388 2.382852
0.110318 -0.8368107 2.337826
0.1138605 -0.8591078 2.27973

-0.06719711 -0.07717608 2.441149
-0.05372351 -0.01895922 2.500154
0.1033707 0.3064323 2.546682
0.1854466 0.4313765 2.527914
-0.02797459 0.2859401 2.513389
-0.1363008 0.4998747 2.515115
-0.1439312 0.7406465 2.511949
-0.1304359 0.7988495 2.524767
0.1210347 0.2045144 2.544439
0.3056227 0.122428 2.601681
0.4825721 0.1151309 2.599087
0.56187 0.1046183 2.621709
-0.1222214 -0.1378925 2.357369
-0.2250825 -0.5362329 2.367269
-0.1956192 -0.7912045 2.304
-0.1704215 -0.8208551 2.23089
-0.06544665 -0.1531198 2.475401
0.005812662 -0.517643 2.382702
0.1100438 -0.8386458 2.338063
0.1347997 -0.8663942 2.266877

-0.06688794 -0.07794323 2.440667
-0.05335072 -0.0197038 2.499642
0.1031552 0.3064918 2.546406
0.1853536 0.4314114 2.52782
-0.02802598 0.2859935 2.513179
-0.1363679 0.4998175 2.514935
-0.1439481 0.7405115 2.51178
-0.1304042 0.7986789 2.524465
0.1209742 0.2044252 2.544334
0.305372 0.1225009 2.601547
0.4822251 0.1148814 2.598785
0.5614968 0.1044744 2.621435
-0.1218574 -0.1387942 2.357308
-0.2249453 -0.5424471 2.366605
-0.1947916 -0.7972496 2.303156
-0.1697304 -0.8234666 2.22344
-0.06484235 -0.153703 2.475816
0.005567778 -0.517648 2.382562
0.1097907 -0.8408449 2.338583
0.04900019 -0.879808 2.343265

-0.06655725 -0.07851531 2.44029
-0.05296342 -0.02029192 2.49922
0.1029789 0.3065448 2.546155
0.1852327 0.431447 2.527694
-0.02808163 0.2860472 2.512975
-0.1364454 0.4997557 2.514746
-0.1439698 0.7403641 2.511597
-0.1303975 0.7984979 2.524145
0.1208878 0.2043592 2.544222
0.3051788 0.1225587 2.601433
0.4819795 0.1147418 2.598615
0.5612086 0.1043563 2.621221
-0.1215922 -0.1394854 2.357037
-0.2248064 -0.5476329 2.366014
-0.1940275 -0.8022786 2.302465
-0.1689567 -0.826063 2.218881
-0.06422448 -0.154461 2.476549
0.005284836 -0.5176554 2.382409
0.1095198 -0.8418267 2.33848
0.1119322 -0.8759577 2.288939

-0.06634796 -0.07889137 2.440002
-0.05269903 -0.02069421 2.498886
0.1028244 0.3066055 2.545921
0.1850738 0.4315338 2.527512
-0.028163 0.2861073 2.512765
-0.1365306 0.4997023 2.514561
-0.1439933 0.7402291 2.511436
-0.1304547 0.7983449 2.523883
0.1208209 0.2043142 2.544142
0.3050288 0.1226021 2.601339
0.4817727 0.1146983 2.598577
0.5609928 0.1042693 2.62105
-0.1216382 -0.1398112 2.356717
-0.2246666 -0.5516683 2.365525
-0.1935196 -0.8061604 2.30161
-0.1683078 -0.8284863 2.215843
-0.06383038 -0.1548983 2.477064
0.005115498 -0.5176669 2.382289
0.1090853 -0.8439099 2.338957
0.1294834 -0.8794233 2.276736

-0.0661421 -0.0792451 2.439748
-0.05244023 -0.02108134 2.498587
0.1026889 0.3066609 2.545708
0.1849308 0.4315984 2.527321
-0.02825204 0.2861726 2.512561
-0.136622 0.499651 2.514384
-0.1440195 0.7400932 2.51128
-0.1305286 0.7981937 2.52364
0.1206547 0.2043359 2.543998
0.3049131 0.1226361 2.601257
0.4816131 0.1146445 2.598552
0.5608221 0.1041963 2.620903
-0.1217093 -0.1405514 2.35609
-0.2245699 -0.5546052 2.365143
-0.1929203 -0.8090034 2.301317
-0.167346 -0.8309738 2.214592
-0.06350146 -0.1553929 2.477658
0.004908328 -0.517667 2.38214
0.1083628 -0.8447953 2.339031
0.1375611 -0.8787689 2.268862

-0.06596113 -0.07952445 2.439537
-0.05221225 -0.02139858 2.498333
0.1025803 0.3067021 2.545525
0.1847868 0.4316263 2.527092
-0.02834105 0.2862394 2.512365
-0.136702 0.4996084 2.514213
-0.144041 0.7399666 2.511132
-0.1305968 0.7980547 2.523416
0.1204133 0.2044399 2.543834
0.3048376 0.1226643 2.601204
0.4815062 0.1145795 2.598518
0.5607091 0.1041609 2.620818
-0.1217899 -0.1411391 2.355458
-0.2259329 -0.5356682 2.365745
-0.1946879 -0.7904801 2.304641
-0.1683285 -0.8135935 2.220294
-0.06324002 -0.1558234 2.478214
0.004780964 -0.5176483 2.382015
0.107942 -0.8454472 2.339154
0.04558484 -0.8804861 2.334119

-0.06581057 -0.07971884 2.439363
-0.05202324 -0.02163669 2.498118
0.1024846 0.3067302 2.545343
0.184612 0.4316142 2.526791
-0.02842967 0.2862965 2.512162
-0.1367722 0.4995573 2.514048
-0.1440582 0.7398163 2.510966
-0.1306641 0.7978842 2.523099
0.1201638 0.2045609 2.543669
0.3047574 0.1226863 2.601148
0.4813596 0.1145072 2.598584
0.5605942 0.1041454 2.62075
-0.1219478 -0.1414798 2.35468
-0.225384 -0.5444342 2.364957
-0.1930084 -0.7988148 2.303488
-0.1659857 -0.8224352 2.22099
-0.06304497 -0.1561918 2.478739
0.004672227 -0.5176297 2.381894
0.1068639 -0.8449602 2.337979
0.1052546 -0.8689947 2.280907

-0.06566888 -0.07987167 2.439214
-0.05184719 -0.02183608 2.49793
0.1024234 0.3067283 2.545184
0.1844459 0.4315903 2.52649
-0.0285223 0.2863339 2.511937
-0.1368348 0.4994852 2.513856
-0.1440716 0.739629 2.510779
-0.1307385 0.7976795 2.522767
0.1199289 0.204681 2.543514
0.3046977 0.1226926 2.601097
0.4812438 0.1144667 2.59866
0.5605026 0.1041436 2.620701
-0.1220916 -0.141732 2.353964
-0.2249458 -0.5513291 2.36436
-0.1917357 -0.8054128 2.302785
-0.1642367 -0.8295031 2.221803
-0.06289259 -0.1565107 2.479209
0.004553605 -0.5176012 2.381772
0.1069755 -0.8452298 2.33815
0.1261003 -0.8691741 2.274249

-0.06553337 -0.08000553 2.439076
-0.05167874 -0.0220199 2.497751
0.1023741 0.3067142 2.545024
0.1843124 0.4315456 2.526193
-0.02862083 0.2863588 2.5117
-0.1368868 0.4994032 2.513628
-0.144085 0.7394251 2.510572
-0.1308299 0.7974676 2.522472
0.1196904 0.2048161 2.543343
0.3045485 0.1226476 2.601015
0.4868387 0.114214 2.60113
0.5605482 0.1041469 2.620774
-0.1222141 -0.141928 2.353327
-0.2248668 -0.5515081 2.364458
-0.1915818 -0.8052908 2.302298
-0.1431077 -0.8474851 2.315613
-0.06277691 -0.1567941 2.479611
0.004435555 -0.5175855 2.381634
0.1071297 -0.8377599 2.33426
0.142391 -0.8541954 2.256841

-0.06541068 -0.08010663 2.438955
-0.05152326 -0.02217265 2.497593
0.1023409 0.306689 2.544876
0.1842002 0.4314831 2.525891
-0.0287005 0.2863659 2.511456
-0.1369306 0.4992728 2.513112
-0.1440788 0.7391744 2.51027
-0.1308746 0.7971895 2.521944
0.119428 0.2049522 2.543117
0.3044093 0.1225867 2.600927
0.4866867 0.1135657 2.600953
0.5603237 0.1042073 2.620657
-0.1223243 -0.1420593 2.352675
-0.2247997 -0.5521542 2.364398
-0.1914548 -0.8057899 2.301975
-0.1568579 -0.8358174 2.258501
-0.06271175 -0.1570492 2.479994
0.004357706 -0.5175579 2.381495
0.1071875 -0.8329805 2.331412
0.1488239 -0.8486287 2.249658

-0.0653258 -0.08020687 2.43883
-0.05139706 -0.02232266 2.497434
0.1023172 0.3066616 2.544738
0.184104 0.4313747 2.525537
-0.02877289 0.2863683 2.511226
-0.1369629 0.4991376 2.512511
-0.1440728 0.7388749 2.509757
-0.130659 0.7967806 2.520972
0.119156 0.2050972 2.542853
0.3042738 0.1225164 2.600829
0.4861324 0.112907 2.600571
0.5600793 0.1042944 2.620533
-0.1224172 -0.1421196 2.352341
-0.2249024 -0.5429309 2.365001
-0.1926399 -0.7966221 2.302183
-0.1613168 -0.8180094 2.249794
-0.06268326 -0.157179 2.480159
0.004241342 -0.5175188 2.381325
0.1073164 -0.8318692 2.330605
0.1528906 -0.8475756 2.246382

-0.06523167 -0.08028451 2.43871
-0.05125951 -0.0224503 2.49728
0.1023122 0.3066317 2.544604
0.1840328 0.4312626 2.52516
-0.02881697 0.28637 2.511073
-0.1369893 0.4989854 2.511843
-0.14405 0.7385408 2.509139
-0.1306517 0.7964367 2.520205
0.1188916 0.2052401 2.542577
0.3041432 0.1224396 2.600729
0.4853879 0.1123521 2.600147
0.559826 0.1044064 2.620424
-0.1224724 -0.1421403 2.35203
-0.2245278 -0.5449406 2.364802
-0.1923996 -0.7984918 2.301066
-0.163915 -0.8223324 2.232337
-0.06266463 -0.1572782 2.480289
0.00416265 -0.5174403 2.381131
0.1073273 -0.8308545 2.329844
0.1549771 -0.8466257 2.244021

-0.06513343 -0.08035279 2.438585
-0.05113736 -0.02255602 2.497123
0.1023282 0.3065924 2.54445
0.1840115 0.4311511 2.524801
-0.0288541 0.2863146 2.510823
-0.1369554 0.4987605 2.511177
-0.1439835 0.7380703 2.508281
-0.1307498 0.7960472 2.519668
0.1201967 0.2039304 2.542516
0.3040229 0.1223535 2.600618
0.4845658 0.1118783 2.5996
0.5595673 0.1045348 2.620312
-0.1225299 -0.1421413 2.351705
-0.2241899 -0.5473871 2.364546
-0.1922065 -0.8007848 2.300166
-0.1651118 -0.8252154 2.223664
-0.06265053 -0.1573893 2.480394
0.004129467 -0.5173675 2.380928
0.1073135 -0.8301368 2.329198
0.1551757 -0.8468242 2.242974

-0.06505374 -0.08040578 2.438464
-0.05102916 -0.02264624 2.496974
0.1023521 0.3065551 2.54431
0.1839947 0.4310125 2.524422
-0.02887778 0.2862748 2.510668
-0.1369011 0.4985211 2.510573
-0.1438997 0.7375938 2.507493
-0.130744 0.7956293 2.519265
0.1214961 0.2026967 2.54246
0.3039137 0.1222475 2.600486
0.4837767 0.1114812 2.599049
0.5594031 0.1046159 2.620245
-0.1226169 -0.1420889 2.351475
-0.22483 -0.5305367 2.365778
-0.1947422 -0.784206 2.302069
-0.1689171 -0.8085276 2.219737
-0.06264778 -0.1574659 2.480452
0.004178702 -0.5171771 2.38064
0.1071453 -0.8292561 2.328345
0.1538486 -0.8466626 2.24245

-0.06496923 -0.08045793 2.438324
-0.05090906 -0.02273693 2.496804
0.1024379 0.3065015 2.544138
0.1840415 0.4308707 2.524079
-0.02886695 0.2862005 2.510504
-0.1367704 0.4981778 2.509954
-0.1437673 0.7369733 2.506605
-0.130619 0.7950161 2.518642
0.1219163 0.2023546 2.542368
0.3036385 0.1221004 2.600222
0.4826305 0.1111278 2.5984
0.5589215 0.1048097 2.620106
-0.1226825 -0.1420271 2.351251
-0.2250753 -0.5364884 2.364316
-0.194229 -0.789837 2.30074
-0.1687826 -0.813809 2.215897
-0.06265254 -0.1575293 2.480484
0.004222195 -0.5169539 2.380328
0.1069341 -0.8281657 2.327328
0.1520071 -0.8462197 2.242257

-0.06491558 -0.08047453 2.438202
-0.05086718 -0.02276783 2.496635
0.1025663 0.3064277 2.54394
0.1842327 0.4306701 2.523614
-0.0288166 0.2860699 2.510249
-0.1366277 0.4978644 2.509392
-0.1436371 0.7364247 2.505838
-0.1304864 0.7944529 2.518053
0.1414498 0.1813137 2.548956
0.3037647 0.1218153 2.600125
0.4823131 0.1108975 2.598031
0.5588279 0.1048886 2.620047
-0.1234491 -0.1409025 2.352023
-0.2257217 -0.5287281 2.36464
-0.1955254 -0.7821563 2.301324
-0.1729036 -0.834214 2.322741
-0.06269121 -0.1575057 2.480265
0.004257402 -0.5167441 2.380027
0.1071203 -0.8281543 2.326991
0.1508816 -0.8484163 2.244184

-0.06485795 -0.08047824 2.438082
-0.05061879 -0.02288037 2.496459
0.1027053 0.3063515 2.543752
0.1844884 0.4304909 2.523173
-0.02878912 0.2859987 2.510093
-0.1364755 0.4976042 2.508894
-0.1435161 0.7359788 2.505211
-0.1303806 0.7939886 2.517528
0.1332631 0.1912609 2.541495
0.3109324 0.1252195 2.594385
0.4845597 0.1098801 2.597884
0.5617362 0.1045413 2.620525
-0.1236885 -0.1404465 2.352094
-0.2256508 -0.5373117 2.36349
-0.1947494 -0.7904727 2.299876
-0.1708136 -0.8367515 2.258273
-0.06271731 -0.1575035 2.480156
0.004154081 -0.5165149 2.379662
0.1078512 -0.829812 2.327046
0.05241482 -0.8682888 2.327744

-0.0648386 -0.08048613 2.438001
-0.0505014 -0.02294316 2.496334
0.1028634 0.3062745 2.543541
0.1847529 0.4303613 2.522597
-0.02871569 0.2858812 2.509826
-0.1362766 0.4973805 2.508468
-0.1433922 0.7356056 2.504692
-0.1303449 0.7936229 2.517118
0.132566 0.1923658 2.539801
0.3107406 0.1251675 2.593043
0.483512 0.1093906 2.597083
0.5612102 0.1046587 2.620222
-0.1247444 -0.1399992 2.351398
-0.2255508 -0.5439256 2.362668
-0.1940891 -0.7968952 2.298848
-0.1692778 -0.8404669 2.243262
-0.06449977 -0.1605562 2.482326
0.0041782 -0.5163068 2.379275
0.1086252 -0.8317648 2.327385
0.01781416 -0.8751394 2.356972

-0.06482059 -0.08049594 2.437918
-0.05037509 -0.02301314 2.496204
0.1030703 0.3061732 2.543334
0.1850413 0.4302956 2.521999
-0.02864362 0.2857881 2.509651
-0.136044 0.4971312 2.508108
-0.1432541 0.7352249 2.504253
-0.1302528 0.7932172 2.516634
0.1311972 0.1939963 2.538226
0.3100469 0.1248813 2.592052
0.4824183 0.1090216 2.596252
0.5605029 0.1048201 2.6196
-0.1253449 -0.1397607 2.350774
-0.2254048 -0.5492359 2.362028
-0.1935051 -0.8020651 2.298092
-0.1680972 -0.8419654 2.230467
-0.06535472 -0.1619482 2.483263
0.004194658 -0.5161158 2.378902
0.1093073 -0.833307 2.327729
0.1144443 -0.8685467 2.280405

-0.06481023 -0.08050919 2.437825
-0.05026149 -0.02308214 2.496069
0.1033092 0.3060594 2.543109
0.1852916 0.4302261 2.521465
-0.02849349 0.2856429 2.509366
-0.1357813 0.4968993 2.507754
-0.1430881 0.7348731 2.503828
-0.1299539 0.79276 2.515991
0.1304701 0.194904 2.537218
0.3170999 0.1241236 2.592674
0.4899563 0.1094838 2.597911
0.5604219 0.1049107 2.61953
-0.1257916 -0.1395807 2.350349
-0.2252554 -0.5529869 2.361609
-0.1931058 -0.8057148 2.297611
-0.1674419 -0.8426849 2.223523
-0.06573696 -0.1625498 2.483542
0.004267474 -0.5159179 2.378522
0.1095708 -0.8339908 2.32783
0.1136596 -0.8690019 2.279947

-0.06479245 -0.08059121 2.437668
-0.05011336 -0.02323127 2.495876
0.103538 0.3059427 2.542888
0.1855736 0.4302751 2.520841
-0.02833548 0.285494 2.509073
-0.135506 0.4966841 2.507434
-0.1428909 0.7345517 2.503468
-0.1295707 0.7923182 2.515462
0.1291498 0.196367 2.536118
0.3179606 0.1237107 2.592366
0.4908078 0.1093615 2.59784
0.5605087 0.1049963 2.619469
-0.1260516 -0.13957 2.349954
-0.2252521 -0.5420932 2.363451
-0.1946806 -0.7949781 2.299269
-0.1701011 -0.8187279 2.218434
-0.06601392 -0.1630006 2.483703
0.004372732 -0.5157232 2.378151
0.1090692 -0.8327759 2.327217
0.1386064 -0.8554215 2.251938

-0.06473566 -0.08067912 2.437504
-0.04995015 -0.0233754 2.495677
0.1037546 0.3058362 2.542671
0.1858564 0.4303242 2.520249
-0.02816078 0.2853341 2.508753
-0.1352131 0.4964781 2.507162
-0.1426041 0.7342386 2.503206
-0.1289102 0.7918397 2.51491
0.1277885 0.1978757 2.535341
0.320794 0.1234846 2.592154
0.4941221 0.1084465 2.596991
0.5661819 0.1044401 2.618511
-0.1260928 -0.1397177 2.349432
-0.2250725 -0.5431401 2.363604
-0.1946816 -0.7958902 2.298972
-0.1701545 -0.8166043 2.215301
-0.06618906 -0.1633247 2.48383
0.004437698 -0.5155473 2.377815
0.1084239 -0.8316703 2.326385
0.1477943 -0.8509701 2.241263

-0.0646665 -0.08071509 2.437332
-0.04987222 -0.02342731 2.495471
0.1039619 0.3057362 2.542438
0.1861067 0.4303702 2.519732
-0.02793381 0.2851623 2.508378
-0.1348761 0.4962679 2.506924
-0.1422368 0.7339141 2.502989
-0.1278061 0.7912306 2.514334
0.1373767 0.1870785 2.539471
0.3435066 0.1183328 2.594224
0.5271538 0.110255 2.603193
0.6021279 0.1135351 2.627229
-0.1261535 -0.1397849 2.34883
-0.224917 -0.5453104 2.363548
-0.1945825 -0.7979407 2.298743
-0.1693919 -0.8174337 2.21371
-0.06629202 -0.1635635 2.4839
0.004522632 -0.5153875 2.377503
0.1085137 -0.8320758 2.326269
0.1543641 -0.8504876 2.236109

-0.06459258 -0.08074407 2.437161
-0.04975397 -0.02349133 2.495271
0.1041512 0.3056433 2.542217
0.1863061 0.4303804 2.519266
-0.02768479 0.2850026 2.507978
-0.134514 0.496073 2.506693
-0.1418553 0.7336127 2.502801
-0.1268045 0.7907023 2.513844
0.1361766 0.1880566 2.539157
0.3471822 0.1179429 2.593742
0.5306212 0.1094057 2.602804
0.6065705 0.1122874 2.625532
-0.1261553 -0.139869 2.348232
-0.2246546 -0.5480895 2.363439
-0.1945296 -0.8005446 2.297974
-0.1690701 -0.8195682 2.212431
-0.06634296 -0.1637298 2.483928
0.004619373 -0.5152215 2.377207
0.1083378 -0.8314719 2.32596
0.1576687 -0.8489118 2.232932

-0.06449167 -0.08078559 2.436984
-0.04960311 -0.02356924 2.495068
0.1043243 0.3055602 2.542015
0.1864517 0.4304309 2.518816
-0.02745944 0.2848396 2.507577
-0.134178 0.495879 2.506458
-0.1414882 0.7333148 2.502637
-0.1259179 0.7902156 2.513395
0.1346361 0.1892479 2.538392
0.3490109 0.1179651 2.593163
0.5302235 0.108196 2.601384
0.6072222 0.1100882 2.62245
-0.126057 -0.140053 2.347594
-0.2244444 -0.5504447 2.363316
-0.1945671 -0.8027747 2.297448
-0.1689869 -0.822197 2.21206
-0.06632449 -0.1638673 2.483923
0.004946998 -0.5153537 2.376847
0.1088838 -0.8341647 2.3283
0.1571501 -0.8564079 2.241048

-0.06435943 -0.08081035 2.436822
-0.04942584 -0.02363387 2.494874
0.1044829 0.3054667 2.541762
0.1865765 0.4304863 2.518414
-0.0271925 0.2846933 2.507173
-0.1338371 0.4956888 2.506246
-0.1411363 0.7330251 2.502456
-0.1250767 0.7897478 2.512963
0.1318507 0.1919967 2.537078
0.34804 0.1189448 2.591592
0.5256455 0.1063349 2.599296
0.6038054 0.1069524 2.618496
-0.125798 -0.1403037 2.346923
-0.225864 -0.5318499 2.365483
-0.1974921 -0.7844025 2.301118
-0.1718095 -0.8066469 2.218147
-0.06627648 -0.1639614 2.483938
0.005284331 -0.5155108 2.376514
0.1093454 -0.8363856 2.330192
0.1554881 -0.8617862 2.247522

-0.06421398 -0.08072824 2.436642
-0.04924764 -0.02363228 2.494679
0.1046558 0.305352 2.541497
0.1866951 0.4305438 2.518055
-0.0269861 0.2845746 2.506798
-0.1335463 0.4955385 2.506051
-0.1408425 0.7327904 2.50229
-0.1245273 0.7894318 2.512631
0.129496 0.1943785 2.535969
0.3459258 0.1201189 2.590483
0.5207577 0.1051979 2.59693
0.5997465 0.1046625 2.614644
-0.1256317 -0.1401972 2.346185
-0.2264679 -0.5239284 2.366384
-0.1988267 -0.7770542 2.302596
-0.1483584 -0.8214189 2.307088
-0.06619028 -0.1639652 2.483947
0.005566853 -0.5156901 2.376219
0.1094746 -0.8372653 2.330729
0.05443818 -0.8750845 2.335277

-0.06405751 -0.08066617 2.436466
-0.04905473 -0.0236448 2.494484
0.1048172 0.3052245 2.541242
0.1867828 0.4305786 2.517728
-0.02680775 0.2844801 2.506454
-0.1333155 0.4953994 2.505837
-0.1406128 0.7325757 2.502122
-0.1241627 0.7891839 2.512364
0.1272238 0.1967119 2.534894
0.3275761 0.1197039 2.590234
0.4998774 0.1062402 2.591345
0.5800437 0.103645 2.607773
-0.125405 -0.1401962 2.345566
-0.2268433 -0.5190015 2.366932
-0.1995358 -0.773109 2.303237
-0.1380039 -0.8280947 2.351141
-0.06607507 -0.1639377 2.483939
0.005838948 -0.5158189 2.375966
0.1095723 -0.8378341 2.331087
0.1138882 -0.8691794 2.282767

-0.06389516 -0.08060377 2.436291
-0.04886995 -0.02365056 2.49429
0.104987 0.3050662 2.540965
0.1867961 0.430676 2.517339
-0.02665403 0.2844031 2.506131
-0.1331149 0.4952773 2.505635
-0.1404154 0.7323839 2.501968
-0.1239124 0.7889942 2.512144
0.1262864 0.1976976 2.534407
0.317042 0.1194681 2.590055
0.4889716 0.1069214 2.588202
0.5693946 0.1033438 2.604236
-0.1251941 -0.1402001 2.345038
-0.2258696 -0.5324723 2.365411
-0.1984022 -0.7855546 2.300853
-0.1306789 -0.8498387 2.379467
-0.0659085 -0.1638803 2.483901
0.006086569 -0.5159321 2.375744
0.1095045 -0.8405055 2.333176
0.1178777 -0.8767048 2.285679

-0.06378283 -0.08062892 2.436097
-0.04872441 -0.02371627 2.494072
0.1051445 0.3049045 2.540691
0.1867887 0.4308126 2.516925
-0.02653055 0.2843459 2.505825
-0.1329609 0.4951681 2.50543
-0.1402738 0.7322087 2.501799
-0.1238015 0.7888319 2.512046
0.1255982 0.1984323 2.534057
0.3095134 0.119468 2.589816
0.4815607 0.1078383 2.586241
0.5425768 0.0949435 2.594617
-0.1250829 -0.1402319 2.344823
-0.2254145 -0.5346974 2.365431
-0.1984401 -0.7875046 2.300238
-0.1272154 -0.853805 2.387584
-0.06560697 -0.1636443 2.483447
0.006233857 -0.5160232 2.375566
0.1095841 -0.841122 2.333706
0.05577751 -0.8796743 2.33

-0.06371435 -0.08058659 2.435907
-0.04909037 -0.02345004 2.493548
0.1052901 0.3047378 2.540418
0.186766 0.4309171 2.516533
-0.0264275 0.2842944 2.505503
-0.1328392 0.4950734 2.505236
-0.1401675 0.7320588 2.501622
-0.1237893 0.7887037 2.511936
0.1547734 0.1746208 2.561549
0.3146674 0.119029 2.591453
0.4877425 0.1083889 2.584605
0.5595446 0.09813465 2.594552
-0.1256716 -0.1396219 2.345212
-0.225303 -0.5353379 2.365417
-0.1985108 -0.7880421 2.300033
-0.1558739 -0.8617657 2.391104
-0.0650226 -0.1631237 2.482399
0.006357761 -0.5160959 2.375416
0.1097454 -0.8420039 2.334579
0.1195056 -0.8754767 2.291408

-0.06364525 -0.08047374 2.435679
-0.04908058 -0.02336822 2.493275
0.1053967 0.3045783 2.540128
0.1866994 0.4309748 2.516146
-0.02636051 0.2842644 2.505195
-0.1327526 0.4949979 2.505037
-0.1401047 0.7319247 2.501401
-0.1239664 0.788612 2.511698
0.1508248 0.1785496 2.557656
0.3200338 0.11896 2.591933
0.4938679 0.1083748 2.585155
0.5717185 0.1002925 2.597029
-0.1260975 -0.1390538 2.345316
-0.2250025 -0.5375545 2.365395
-0.1984057 -0.7900177 2.299476
-0.1707876 -0.8325741 2.258158
-0.06446256 -0.1625418 2.481503
0.006466839 -0.5161588 2.375286
0.1098903 -0.8427 2.335293
0.05393476 -0.8783692 2.334859

-0.06383311 -0.08031422 2.435273
-0.04922373 -0.02325425 2.492882
0.1054719 0.3044662 2.539811
0.1866745 0.4311106 2.515834
-0.02632241 0.2842733 2.504973
-0.132702 0.4949732 2.504838
-0.1400681 0.7318503 2.501164
-0.1242006 0.7886021 2.511439
0.1454426 0.1833953 2.552139
0.3248043 0.118856 2.591907
0.4991048 0.108243 2.586205
0.5798711 0.101747 2.599276
-0.1267731 -0.1383357 2.34558
-0.2250082 -0.53658 2.365427
-0.1985484 -0.7889512 2.299576
-0.1791158 -0.8155745 2.23063
-0.06435434 -0.1615202 2.479883
0.006510234 -0.516193 2.375175
0.1095839 -0.8427126 2.335099
0.1103958 -0.8676813 2.281502

-0.06403811 -0.08014905 2.434876
-0.04935737 -0.02314398 2.492515
0.1054991 0.3043784 2.539469
0.1867787 0.4313398 2.515537
-0.02629424 0.2843173 2.504674
-0.1326671 0.4949529 2.504654
-0.1400607 0.7317793 2.500881
-0.1245029 0.7885908 2.51121
0.1389973 0.1887444 2.546139
0.3273958 0.1189899 2.591648
0.5018729 0.1080958 2.587071
0.5839086 0.102591 2.600836
-0.1272181 -0.1378342 2.345642
-0.2251525 -0.5347084 2.365461
-0.1986839 -0.7870201 2.299855
-0.1507279 -0.8268805 2.315829
-0.06432262 -0.1606992 2.478739
0.006559929 -0.5161617 2.375053
0.1085707 -0.8406222 2.333683
0.1269477 -0.8585153 2.26204

-0.06450496 -0.08000199 2.434351
-0.04964405 -0.0230428 2.492077
0.1055051 0.3043157 2.539164
0.186849 0.431543 2.515272
-0.02627449 0.2843429 2.50436
-0.1326469 0.4949159 2.504378
-0.1400971 0.7316789 2.500502
-0.124858 0.7885421 2.510991
0.1348852 0.1919974 2.542117
0.3299174 0.1193457 2.591111
0.5042846 0.1077441 2.587826
0.5868798 0.1029965 2.602109
-0.1277916 -0.1373295 2.345768
-0.2253047 -0.533046 2.365456
-0.1987444 -0.7853131 2.300077
-0.1674072 -0.8034174 2.239485
-0.06457128 -0.1598041 2.477427
0.006517161 -0.5161859 2.374931
0.108203 -0.8395679 2.332975
0.1409778 -0.8548282 2.249485

-0.06507281 -0.07991104 2.433766
-0.0500172 -0.02296139 2.491585
0.1054686 0.304317 2.538831
0.1868867 0.4317723 2.514956
-0.02625296 0.2843631 2.504018
-0.1326345 0.494862 2.504056
-0.1401581 0.7315466 2.50003
-0.1252203 0.7884689 2.510654
0.1321138 0.1941279 2.539346
0.3318109 0.1196488 2.590651
0.5062426 0.1080309 2.589008
0.5766314 0.1051161 2.604358
-0.1283347 -0.1368927 2.34592
-0.2254566 -0.5315019 2.365429
-0.1987793 -0.7837266 2.300267
-0.1456026 -0.8240035 2.30988
-0.0648773 -0.1589659 2.476099
0.006498623 -0.5161889 2.37483
0.1044004 -0.8209381 2.328943
0.1475238 -0.8400977 2.240901

-0.06561226 -0.07983512 2.433177
-0.05040435 -0.0228771 2.491069
0.1053154 0.3044402 2.538416
0.1869152 0.4319968 2.514664
-0.02624457 0.2843769 2.503774
-0.132646 0.4948048 2.503618
-0.1402646 0.7314005 2.499369
-0.1256309 0.7883798 2.510223
0.1302073 0.1955746 2.537409
0.3333903 0.1200451 2.59011
0.5076416 0.1081472 2.589691
0.568539 0.1060838 2.60445
-0.1287909 -0.1365115 2.346069
-0.2256076 -0.5299915 2.365388
-0.1988175 -0.7821998 2.300493
-0.1598324 -0.8397329 2.338674
-0.06504573 -0.1580735 2.474599
0.006436182 -0.5161836 2.374725
0.1051448 -0.8220214 2.330101
0.1535604 -0.8446648 2.241984

-0.06617159 -0.07977587 2.43259
-0.05084749 -0.02279172 2.490524
0.1050888 0.3046269 2.537956
0.1869475 0.4322116 2.514415
-0.02624576 0.2843832 2.503519
-0.1326512 0.4947347 2.503138
-0.1403709 0.7312354 2.498684
-0.1260396 0.7882692 2.509716
0.1284186 0.1971126 2.535811
0.3343149 0.120469 2.589598
0.5084158 0.1081974 2.590125
0.5599383 0.1069772 2.605098
-0.1291874 -0.1361897 2.346201
-0.2254491 -0.5374948 2.363508
-0.1974323 -0.7895606 2.299665
-0.1656594 -0.838064 2.260142
-0.0652364 -0.1572735 2.473302
0.006387343 -0.5161715 2.374633
0.1051534 -0.821708 2.329375
0.1558525 -0.8455381 2.24057

-0.06666657 -0.07972094 2.432052
-0.05125611 -0.0227091 2.49001
0.1048432 0.3048329 2.537513
0.1869716 0.4324158 2.514201
-0.02633322 0.2844369 2.503051
-0.1327081 0.4947194 2.502591
-0.1405472 0.731128 2.497662
-0.1264736 0.788192 2.509093
0.1269797 0.1983067 2.534552
0.3348871 0.1208739 2.589125
0.5313476 0.108827 2.604665
0.5828215 0.1094558 2.622347
-0.1295188 -0.1359134 2.346319
-0.2255432 -0.537453 2.363114
-0.1972794 -0.7895404 2.299788
-0.1704195 -0.8228142 2.240212
-0.06533748 -0.1564924 2.472135
0.006320117 -0.5161601 2.374547
0.1055287 -0.8227436 2.32876
0.1560667 -0.848072 2.241198

-0.06719165 -0.07965267 2.431518
-0.05173068 -0.02259043 2.489466
0.1045419 0.3051194 2.536986
0.1869832 0.4326287 2.513997
-0.02645208 0.2844957 2.502535
-0.1328083 0.4947315 2.501695
-0.1407214 0.7310439 2.496587
-0.1269454 0.7881445 2.508289
0.1261487 0.1989453 2.533763
0.3353904 0.1211808 2.588767
0.5306866 0.1096804 2.604874
0.5854279 0.1096648 2.624912
-0.1298802 -0.1356354 2.346451
-0.2256719 -0.5367312 2.362794
-0.1971523 -0.7888393 2.299953
-0.1725943 -0.8127897 2.221044
-0.06547895 -0.155814 2.471133
0.006264268 -0.5160899 2.374453
0.1055342 -0.8231754 2.32824
0.1544042 -0.8498515 2.242446

-0.06766618 -0.0796476 2.431022
-0.05215556 -0.0225239 2.488964
0.1042064 0.3054254 2.536456
0.1869594 0.4327589 2.513813
-0.02654123 0.2845265 2.502198
-0.1329361 0.4947389 2.500758
-0.1408743 0.7309572 2.495479
-0.1273071 0.7880656 2.507643
0.1248657 0.1999521 2.532862
0.3351497 0.121939 2.588025
0.5241086 0.110632 2.602785
0.5866766 0.1095988 2.626386
-0.1301074 -0.1354828 2.346555
-0.2258159 -0.5357437 2.362526
-0.1970182 -0.7878558 2.300117
-0.1735842 -0.8083088 2.212074
-0.06561889 -0.1552893 2.470316
0.006230288 -0.5160245 2.374368
0.105486 -0.8234993 2.327762
0.1520104 -0.8510273 2.243767

-0.06794862 -0.07953989 2.43066
-0.05240256 -0.02240411 2.488588
0.1038861 0.3057429 2.535967
0.1869279 0.4328813 2.513637
-0.02662858 0.2845549 2.501895
-0.1330652 0.4947459 2.49988
-0.1410295 0.7308764 2.494371
-0.127629 0.7879792 2.506958
0.1236082 0.2018588 2.531822
0.3344078 0.1230209 2.587085
0.5170777 0.1117649 2.602387
0.5868556 0.1091909 2.627033
-0.130236 -0.1353707 2.346509
-0.2259389 -0.534701 2.362321
-0.1971162 -0.7867811 2.300051
-0.1744729 -0.8054485 2.206259
-0.06568757 -0.1549437 2.46993
0.00618471 -0.5159548 2.374284
0.105452 -0.8239041 2.327352
0.1494688 -0.8519297 2.245035

-0.06843141 -0.07940551 2.43021
-0.05276607 -0.02226364 2.488157
0.1035967 0.3060414 2.535527
0.1869122 0.4329375 2.513472
-0.02678194 0.2845853 2.501444
-0.1331843 0.4947509 2.498995
-0.141156 0.7307999 2.493314
-0.1279357 0.7878934 2.506286
0.1226772 0.2032485 2.531035
0.333661 0.1239677 2.586268
0.511841 0.1124061 2.601334
0.5863048 0.1085921 2.626597
-0.1306257 -0.1349432 2.347001
-0.2260409 -0.5336614 2.362173
-0.1972068 -0.7861372 2.299982
-0.1750487 -0.803521 2.202912
-0.06646797 -0.1534657 2.468465
0.00616432 -0.515912 2.374217
0.1053028 -0.825413 2.327474
0.1463547 -0.8540658 2.247545

-0.06940854 -0.0793332 2.429575
-0.05394801 -0.02195144 2.487367
0.1033367 0.3063133 2.535126
0.1868922 0.4329706 2.513312
-0.0268898 0.2845927 2.501128
-0.1333536 0.4947235 2.497797
-0.1412875 0.7306919 2.492125
-0.1282213 0.7877645 2.505544
0.1366363 0.18291 2.538709
0.3471768 0.1199032 2.590637
0.5187263 0.1137839 2.600541
0.599906 0.1086499 2.623121
-0.1323997 -0.1339331 2.348911
-0.2261239 -0.5327203 2.362069
-0.1972716 -0.7858348 2.299923
-0.1744347 -0.8031737 2.203122
-0.06758679 -0.1520286 2.466225
0.006149145 -0.5158513 2.374149
0.1057741 -0.8274817 2.328044
0.1453598 -0.8562313 2.25037

-0.07084681 -0.07907309 2.428755
-0.05504908 -0.02165795 2.486599
0.1030826 0.3065746 2.534708
0.1867944 0.4331027 2.513137
-0.02706758 0.2845954 2.500669
-0.1335159 0.4947034 2.496666
-0.1413988 0.7305976 2.491014
-0.1285845 0.7876713 2.50458
0.138386 0.1800382 2.539145
0.3491344 0.1194734 2.591115
0.5189508 0.1141958 2.600375
0.6020693 0.1084598 2.622465
-0.1344616 -0.1325315 2.350836
-0.2262076 -0.5314881 2.362006
-0.1970204 -0.7844597 2.300122
-0.1731039 -0.8016023 2.206068
-0.0690448 -0.1502837 2.463731
0.006120804 -0.5157869 2.374081
0.1062832 -0.8293132 2.328527
0.05101435 -0.8690573 2.326065

-0.07208488 -0.07928565 2.427974
-0.055865 -0.02168961 2.485944
0.1028611 0.306814 2.534322
0.1866859 0.4332495 2.512952
-0.02724606 0.2845978 2.500215
-0.1336654 0.4946834 2.495641
-0.1414959 0.7305064 2.489917
-0.1289186 0.7875749 2.503638
0.1343982 0.1863188 2.535583
0.3459763 0.1210187 2.589632
0.5150701 0.1141329 2.599593
0.598096 0.1074878 2.620141
-0.1354404 -0.131973 2.352828
-0.2262368 -0.5305548 2.361956
-0.1971093 -0.7841653 2.300093
-0.1734266 -0.8023561 2.20823
-0.07012602 -0.1489447 2.461558
0.006108216 -0.5157266 2.37401
0.106475 -0.8299216 2.328474
0.1104183 -0.8592174 2.275884

-0.07318482 -0.07944203 2.427316
-0.05660059 -0.02171593 2.485373
0.1026666 0.3070234 2.533971
0.1865785 0.4333567 2.512768
-0.02745906 0.2846445 2.499734
-0.13384 0.4947232 2.494667
-0.1415918 0.7304832 2.488865
-0.1292441 0.7875417 2.502736
0.1307612 0.1916581 2.532662
0.3425071 0.1226273 2.587992
0.5116604 0.1139778 2.598907
0.5939772 0.1066889 2.61818
-0.1361863 -0.1314981 2.354399
-0.2262663 -0.5296864 2.36191
-0.1973004 -0.7833103 2.299994
-0.1735358 -0.8019319 2.210226
-0.07103541 -0.1478539 2.459886
0.006052824 -0.5156379 2.373933
0.1066776 -0.8302358 2.32834
0.1155028 -0.8565243 2.271291

-0.07407052 -0.07951573 2.426807
-0.05766524 -0.02154704 2.484712
0.1024707 0.3072835 2.533565
0.1864649 0.4334431 2.512575
-0.02764886 0.2847048 2.499269
-0.133997 0.4947712 2.493775
-0.1416645 0.7304732 2.487931
-0.1295132 0.7875139 2.501984
0.1392041 0.1832281 2.537636
0.3513378 0.1196617 2.591093
0.521944 0.1136605 2.596811
0.6027267 0.1068172 2.615098
-0.1368458 -0.1310205 2.35577
-0.226282 -0.528932 2.361881
-0.1974715 -0.7826681 2.299804
-0.1729583 -0.8019713 2.212345
-0.07167882 -0.1470481 2.458634
0.006007882 -0.5155306 2.373851
0.106882 -0.8295722 2.327926
0.132512 -0.8502003 2.259049

-0.0747203 -0.0793921 2.426457
-0.05917798 -0.02085346 2.48392
0.1022698 0.3075667 2.53311
0.1863382 0.4335324 2.512347
-0.02778925 0.2847604 2.498821
-0.1340245 0.4948477 2.492942
-0.1416935 0.730495 2.487022
-0.1297076 0.7875085 2.50127
0.1577805 0.169935 2.55793
0.3558577 0.1179686 2.592916
0.5272145 0.1149907 2.596755
0.6071045 0.1075774 2.614022
-0.1375183 -0.1303775 2.357086
-0.2262924 -0.5283011 2.361862
-0.1975512 -0.7818751 2.299925
-0.2239317 -0.8427026 2.301154
-0.07205272 -0.1464087 2.457688
0.005983237 -0.5154443 2.37378
0.1070291 -0.829144 2.327604
0.1416468 -0.8480267 2.25395

-0.07530449 -0.07925209 2.426162
-0.0597607 -0.02064634 2.48355
0.1020163 0.3078462 2.532583
0.1862198 0.4336149 2.51212
-0.02791587 0.2848149 2.498396
-0.1340517 0.494913 2.492194
-0.1417114 0.7305104 2.486184
-0.129868 0.7875178 2.500439
0.1390733 0.1866409 2.544859
0.3464513 0.1210799 2.589684
0.5190839 0.1147483 2.596206
0.5977326 0.1069304 2.612953
-0.1380348 -0.1298456 2.358116
-0.2262968 -0.527763 2.361851
-0.1975313 -0.7811289 2.300103
-0.1903594 -0.8171024 2.256233
-0.07237664 -0.1458613 2.456929
0.005969712 -0.5153545 2.373708
0.1071005 -0.828636 2.327228
0.1454969 -0.8466864 2.250725

-0.07563973 -0.07922906 2.425944
-0.06012431 -0.020549 2.483277
0.1017895 0.3080916 2.532069
0.1860975 0.4336928 2.511877
-0.02803754 0.2848703 2.497996
-0.1340952 0.4949638 2.491541
-0.1417301 0.7305144 2.485423
-0.1299908 0.7875226 2.499574
0.1310893 0.192247 2.537435
0.3414661 0.1223636 2.587973
0.5144747 0.114453 2.595665
0.5926867 0.106555 2.612093
-0.138172 -0.1298415 2.358462
-0.2263051 -0.5272942 2.361839
-0.1974639 -0.7804353 2.300269
-0.1827362 -0.8433581 2.333129
-0.07251339 -0.1456776 2.456495
0.00594592 -0.5152965 2.373656
0.1075481 -0.8286673 2.327198
0.1485792 -0.8464892 2.248849
