
0.05191633 0.1004095 2.068179
0.0521177 0.1647089 2.122039
-0.03728931 0.535462 2.22034
-0.1143664 0.6720356 2.176349
-0.1345628 0.466411 2.266465
-0.2907401 0.4832035 2.29991
-0.4349397 0.5167511 2.301222
-0.5036623 0.5253683 2.315376
0.07014222 0.4394069 2.157778
0.2448154 0.4846769 2.227429
0.4335372 0.4913059 2.286358
0.501941 0.4796138 2.299834
0.01656705 0.05425636 2.016213
-0.004957296 -0.2886686 1.979391
-0.06714508 -0.5805994 1.926458
-0.05216548 -0.6318843 1.856074
0.1086843 0.04210452 2.081346
0.1502884 -0.3003272 1.993051
0.1928461 -0.551244 1.933629
0.1884781 -0.615557 1.873187

0.05513233 0.1025897 2.070035
0.05415785 0.1662342 2.123382
-0.03741632 0.5353261 2.220518
-0.1144955 0.6718861 2.176882
-0.136187 0.4676362 2.267498
-0.2898563 0.4835014 2.300112
-0.4366895 0.5114799 2.298844
-0.5053939 0.5241068 2.312965
0.07007203 0.4394307 2.158401
0.2463588 0.4850664 2.228653
0.4372586 0.4915248 2.286834
0.5059381 0.4821662 2.303423
0.02034996 0.05721185 2.019268
-0.006300685 -0.2880605 1.979812
-0.06931463 -0.580799 1.925964
-0.05378173 -0.6326019 1.85507
0.1133824 0.04418971 2.082767
0.1503643 -0.3007197 1.993411
0.1928907 -0.5513197 1.93374
0.1896702 -0.6166731 1.873173

0.05569994 0.1031175 2.070477
0.05454477 0.1665976 2.12368
-0.03744378 0.5353025 2.220554
-0.1146031 0.671564 2.177335
-0.1420349 0.4707929 2.273576
-0.2955758 0.4845916 2.300746
-0.4445654 0.5103886 2.298323
-0.5136029 0.5246053 2.312436
0.07004941 0.4394309 2.158515
0.2466634 0.4851485 2.228906
0.4381565 0.4918882 2.287515
0.5070097 0.4828592 2.304772
0.02098267 0.05788015 2.019894
-0.007485813 -0.2872682 1.979981
-0.07020468 -0.5807871 1.925905
-0.05480615 -0.63259 1.854633
0.1142955 0.04460078 2.083102
0.1503718 -0.3007759 1.993488
0.1928962 -0.5513315 1.93376
0.1898533 -0.6168606 1.873165

0.05609106 0.1034856 2.070807
0.05479885 0.1668629 2.123923
-0.03761742 0.5353537 2.220644
-0.1148719 0.6712416 2.177803
-0.1449753 0.4723024 2.275726
-0.2964709 0.4848002 2.300834
-0.4461974 0.5096326 2.298086
-0.5154292 0.5247619 2.312287
0.06985244 0.4395014 2.158726
0.2468563 0.4852282 2.229133
0.438739 0.4919419 2.28827
0.6140393 0.4855401 2.347885
0.02027176 0.06020099 2.030869
-0.009429544 -0.2860154 1.980372
-0.07148499 -0.5806686 1.925801
-0.05604632 -0.6323884 1.854118
0.1146185 0.04572894 2.080084
0.1503682 -0.300816 1.993566
0.1928932 -0.5513453 1.933772
0.1900199 -0.6170261 1.873145

0.05633967 0.1037881 2.071107
0.05494909 0.1671043 2.124168
-0.03811747 0.5354627 2.220773
-0.1153585 0.6710809 2.177996
-0.1472652 0.4734113 2.277186
-0.3103494 0.4871225 2.301619
-0.4614011 0.510353 2.298908
-0.5319317 0.5276846 2.313431
0.06925907 0.4395436 2.159006
0.2468088 0.4852912 2.229452
0.4388846 0.4918821 2.289435
0.6814531 0.4868003 2.375915
0.01930986 0.06227516 2.039332
-0.01236225 -0.2844527 1.981205
-0.07278079 -0.5805277 1.925846
-0.05742139 -0.6322089 1.853817
0.1146258 0.04671647 2.077271
0.1503299 -0.3008666 1.993675
0.1926002 -0.551802 1.933726
0.190641 -0.6175015 1.873012

0.05653951 0.1040316 2.071835
0.05496315 0.1674148 2.124768
-0.0459751 0.5357982 2.221604
-0.1175309 0.6705259 2.178212
-0.151388 0.4745971 2.278493
-0.3127967 0.4875604 2.301781
-0.4643193 0.5101528 2.298957
-0.5322096 0.5267656 2.312312
0.06559958 0.4394083 2.159983
0.244258 0.4850703 2.230463
0.4357164 0.4921129 2.292398
0.5341447 0.4856022 2.328984
0.01908542 0.06378758 2.046158
-0.01873819 -0.2818925 1.984339
-0.07459985 -0.5804071 1.926374
-0.06068208 -0.6317549 1.853868
0.1149079 0.04727805 2.076075
0.149967 -0.300578 1.994044
0.1918365 -0.5526825 1.933561
0.1912529 -0.6180382 1.872815

0.05666902 0.1041861 2.073307
0.05473213 0.1678063 2.125989
-0.05319703 0.5364522 2.222203
-0.121943 0.6708747 2.177987
-0.1565509 0.4751004 2.27884
-0.3203414 0.4885468 2.30192
-0.4716655 0.5113501 2.300117
-0.5347063 0.5268915 2.311998
0.05948823 0.4391786 2.161372
0.2392332 0.4844783 2.231673
0.430442 0.4921389 2.294912
0.5256831 0.4844619 2.33001
0.01985578 0.06528977 2.062903
-0.02697961 -0.2776133 1.988427
-0.0767173 -0.5802054 1.927602
-0.06797739 -0.6306749 1.854878
0.1151316 0.04772955 2.075063
0.1487747 -0.2996455 1.994908
0.1911018 -0.5535041 1.933386
0.1918177 -0.6186704 1.872536

0.05667149 0.1043031 2.075576
0.05413442 0.168387 2.127904
-0.06303383 0.5379038 2.221894
-0.1313941 0.6734157 2.176967
-0.1616927 0.475338 2.278232
-0.3309506 0.4899398 2.302208
-0.4815561 0.5120949 2.301448
-0.5289992 0.5252545 2.311454
0.05189782 0.4394699 2.163024
0.2325631 0.4840186 2.232877
0.423246 0.4923106 2.297383
0.4806023 0.4836361 2.31843
0.02049516 0.06625552 2.074176
-0.03573304 -0.273378 1.992408
-0.07926676 -0.578405 1.930259
-0.08518291 -0.6294348 1.862194
0.1152965 0.04809861 2.074263
0.146011 -0.2975734 1.996512
0.1892451 -0.5550256 1.933005
0.1920763 -0.6192599 1.872325

0.05649821 0.1045333 2.078584
0.05304955 0.1692379 2.130694
-0.07113913 0.5394062 2.221901
-0.1405293 0.6756838 2.176004
-0.1670281 0.475339 2.276618
-0.3372791 0.4908263 2.302647
-0.4875557 0.5131825 2.302506
-0.5315109 0.525232 2.311104
0.04353527 0.4403899 2.164659
0.225008 0.4839255 2.233874
0.415487 0.492332 2.299163
0.4587793 0.4829427 2.312427
0.02088924 0.06701311 2.08128
-0.04266459 -0.2702617 1.995566
-0.08127976 -0.5772107 1.932473
-0.09474066 -0.6293124 1.866488
0.1153981 0.04848926 2.073721
0.1420195 -0.295092 1.998365
0.1869113 -0.5564945 1.932576
0.1922662 -0.6197873 1.872145

0.05452364 0.1035101 2.083158
0.05021952 0.1695361 2.1346
-0.08305976 0.5415884 2.221984
-0.1532876 0.6786285 2.175012
-0.1816456 0.4771248 2.277828
-0.3462414 0.4920374 2.303623
-0.4958709 0.5151672 2.303945
-0.5323476 0.5361158 2.305846
0.01990156 0.4421582 2.166449
0.1973663 0.4878375 2.237004
0.3904162 0.4944646 2.299699
0.438529 0.4837185 2.30898
0.01900065 0.06120609 2.087332
-0.05110836 -0.2692578 1.998187
-0.0829484 -0.5766874 1.934069
-0.09521893 -0.6277065 1.867406
0.1128948 0.05132718 2.075143
0.1336732 -0.2924154 2.001749
0.1268205 -0.5591915 1.938745
0.1795378 -0.6159065 1.877685

0.05216508 0.1020452 2.087307
0.0469852 0.1693718 2.138218
-0.09241631 0.5432435 2.222017
-0.1630396 0.6802322 2.174799
-0.1925057 0.4790151 2.278719
-0.3516174 0.4926578 2.304111
-0.5017965 0.5142601 2.307044
-0.5432395 0.5282345 2.310592
0.007321326 0.443258 2.167349
0.1844472 0.4895616 2.238178
0.3780121 0.4955775 2.299753
0.427875 0.483977 2.306933
0.01723543 0.05623079 2.090336
-0.05821142 -0.2695044 1.999832
-0.08446246 -0.5764187 1.935292
-0.09608991 -0.6270452 1.867911
0.10982 0.05388814 2.077861
0.1204294 -0.2900761 2.006077
0.08583701 -0.5598972 1.942655
0.1679078 -0.6128958 1.881991

0.04956767 0.1006327 2.090791
0.0431936 0.1689868 2.141506
-0.1009535 0.5441707 2.221981
-0.1692164 0.6809521 2.174837
-0.2000219 0.4803391 2.278762
-0.3556684 0.4930557 2.304506
-0.5062854 0.5133042 2.309472
-0.5605444 0.5211129 2.320316
-0.0009462018 0.4441407 2.168104
0.1765787 0.4905535 2.238821
0.370342 0.4962877 2.299688
0.4206143 0.4842979 2.30575
0.01558441 0.05204185 2.09196
-0.06446609 -0.2706276 2.000618
-0.08583952 -0.5762861 1.936211
-0.09601221 -0.6265675 1.867895
0.1064912 0.05639917 2.080318
0.1063023 -0.2893245 2.010015
0.06782172 -0.5592253 1.94476
0.1564638 -0.6091445 1.886026

0.04537731 0.1005201 2.094801
0.03754211 0.1696824 2.145305
-0.1085167 0.5448031 2.221791
-0.1750271 0.6817951 2.174817
-0.2056978 0.480894 2.278405
-0.3587244 0.4933 2.3048
-0.5097486 0.512201 2.31138
-0.5719216 0.5161433 2.326706
-0.006395655 0.4447966 2.168731
0.1712116 0.4913855 2.239538
0.3632686 0.5002266 2.30143
0.4170992 0.4885258 2.308598
0.013699 0.0492286 2.093963
-0.07169939 -0.2739598 2.000482
-0.08852321 -0.5742211 1.937475
-0.0971935 -0.6260691 1.868457
0.1007744 0.06179447 2.082428
0.09561169 -0.2881801 2.013226
0.05713063 -0.5590227 1.946007
0.1470896 -0.6060274 1.889256

0.04236661 0.1003893 2.097529
0.03340984 0.1700715 2.147901
-0.1138485 0.5451598 2.221455
-0.1794389 0.6822315 2.174681
-0.2107452 0.4799505 2.277166
-0.3615447 0.4933342 2.305077
-0.5132005 0.5099673 2.313657
-0.5829613 0.5106103 2.333254
-0.01049761 0.4453629 2.169299
0.1672899 0.4920453 2.240102
0.3585147 0.5029425 2.302506
0.4159743 0.49269 2.31162
0.01224568 0.04716578 2.095158
-0.07741194 -0.2764118 2.000365
-0.09112692 -0.5722712 1.938419
-0.09789406 -0.6256357 1.868814
0.09700783 0.06529974 2.084046
0.08809026 -0.2876134 2.015468
0.04992571 -0.5588642 1.946907
0.1398492 -0.6038502 1.891393

0.03862795 0.1014769 2.100442
0.02865948 0.1713344 2.150584
-0.1193245 0.5450866 2.221295
-0.1837212 0.6821615 2.174764
-0.2170593 0.4790728 2.276086
-0.365042 0.4926733 2.305438
-0.5186059 0.5069667 2.316046
-0.5929129 0.506771 2.337969
-0.01391181 0.4458019 2.169835
0.1643271 0.493063 2.241315
0.3564368 0.5055074 2.304072
0.4201528 0.4979418 2.317326
0.01055627 0.04617779 2.095564
-0.08209413 -0.2785416 2.000263
-0.09332825 -0.57077 1.939053
-0.09837201 -0.6252975 1.869057
0.0919732 0.07093161 2.08885
0.0824768 -0.2870339 2.017049
0.04628009 -0.5584096 1.947727
0.134741 -0.6023636 1.89289

0.03490767 0.102722 2.102954
0.02399407 0.1725861 2.152951
-0.1257264 0.5442604 2.221662
-0.190583 0.6815946 2.174912
-0.222398 0.4780957 2.275267
-0.3777173 0.4905555 2.305413
-0.5575179 0.4974257 2.327249
-0.6330913 0.5021834 2.351979
-0.01669959 0.4461131 2.170269
0.162495 0.4943916 2.243176
0.3578206 0.5089977 2.307187
0.4279647 0.5032027 2.324416
0.008332636 0.04525736 2.096625
-0.08571211 -0.280211 2.000233
-0.09511652 -0.5696327 1.939511
-0.09863205 -0.6249492 1.869196
0.0883164 0.07464842 2.090983
0.0789315 -0.2866828 2.018052
0.04609964 -0.5579653 1.948442
0.1310949 -0.6013562 1.893899

0.03100731 0.1040535 2.105109
0.01945167 0.1737077 2.154932
-0.1308184 0.5433201 2.221999
-0.1950555 0.6811317 2.175005
-0.227714 0.4767914 2.274716
-0.388324 0.48843 2.305604
-0.5666623 0.4936219 2.33008
-0.6425219 0.4999163 2.355481
-0.0189827 0.4463699 2.170713
0.161841 0.4959834 2.245784
0.3624833 0.512666 2.311541
0.4365085 0.5074502 2.331538
0.005472893 0.04452913 2.097905
-0.08834456 -0.2814405 2.000251
-0.09662584 -0.5688108 1.939792
-0.09876556 -0.6246516 1.869243
0.08547954 0.07726885 2.092196
0.07642645 -0.2864579 2.018746
0.04818635 -0.5577338 1.949098
0.1283646 -0.6007282 1.894599

0.02773356 0.105056 2.106582
0.01587768 0.1744555 2.156284
-0.134126 0.54266 2.222235
-0.1982037 0.6807611 2.175016
-0.2333716 0.4761589 2.274643
-0.3939429 0.4862022 2.306496
-0.572074 0.4867092 2.328387
-0.6478992 0.4924383 2.352068
-0.02111403 0.446656 2.171312
0.1611394 0.4973032 2.248149
0.3646469 0.5150698 2.314522
0.4400306 0.5097913 2.335454
0.002691061 0.04392266 2.098943
-0.0901979 -0.2823048 2.000264
-0.09800807 -0.5684328 1.939899
-0.09881632 -0.6244714 1.869161
0.08319423 0.07898358 2.092751
0.07459363 -0.2863207 2.019237
0.05101177 -0.5576853 1.94962
0.08039311 -0.6079169 1.88547

0.02514755 0.105855 2.107574
0.01300145 0.1750317 2.15724
-0.1369281 0.5422181 2.222632
-0.2030899 0.6804374 2.175327
-0.2374927 0.4755327 2.274444
-0.3985569 0.4838322 2.307283
-0.5760808 0.4818621 2.326711
-0.6515203 0.4872568 2.34909
-0.02285911 0.4469222 2.17189
0.1612416 0.498704 2.250868
0.3682676 0.5174427 2.319933
0.4437186 0.5114384 2.340066
0.0002973636 0.04350043 2.099692
-0.09154691 -0.2828805 2.000299
-0.09913012 -0.5681971 1.939947
-0.09887745 -0.6243505 1.869081
0.08141451 0.08024874 2.092994
0.07324925 -0.2862788 2.019547
0.05387754 -0.5576996 1.949994
0.05526238 -0.6130731 1.88153

0.02261816 0.1070692 2.108299
0.01029716 0.1759452 2.157987
-0.1397998 0.5421019 2.223357
-0.2072759 0.6799835 2.175581
-0.2410592 0.4749041 2.274344
-0.4021191 0.4816332 2.307979
-0.5784727 0.4782664 2.324881
-0.653152 0.4832634 2.346846
-0.02472267 0.4472112 2.172425
0.1608861 0.4996658 2.252751
0.369616 0.5186902 2.322943
0.4452597 0.5124953 2.343453
-0.002114908 0.04387734 2.099942
-0.0925283 -0.2832806 2.000351
-0.100106 -0.5680107 1.939972
-0.09893396 -0.6242582 1.869035
0.07952996 0.08181206 2.093226
0.07233282 -0.2865909 2.019546
0.05646813 -0.557712 1.950233
0.04455054 -0.6152871 1.88008

0.02065073 0.1078161 2.108652
0.008143196 0.1764902 2.158374
-0.1428522 0.5418147 2.223962
-0.2109698 0.67934 2.17563
-0.2438468 0.4742496 2.274257
-0.405246 0.4791732 2.308887
-0.6088762 0.4706548 2.336024
-0.677883 0.4801433 2.357479
-0.02653454 0.4474156 2.172843
0.1605921 0.5007054 2.254852
0.3710756 0.519583 2.325701
0.4465722 0.5131864 2.346348
-0.004059529 0.04411744 2.100009
-0.09326509 -0.2835841 2.000407
-0.1009919 -0.5680488 1.939938
-0.0989925 -0.6242297 1.868914
0.07805751 0.08274414 2.093107
0.0717705 -0.2870246 2.019311
0.05871122 -0.5576674 1.950372
0.06563032 -0.6150067 1.885926

0.0188397 0.1086119 2.108771
0.006262411 0.1770437 2.158564
-0.1454239 0.541568 2.224529
-0.2142004 0.6785224 2.175698
-0.2458611 0.4737399 2.274209
-0.4077571 0.4771699 2.309681
-0.6073977 0.4676654 2.332557
-0.6758221 0.4768211 2.354425
-0.0282422 0.4475672 2.173141
0.1603664 0.5017627 2.257065
0.3726865 0.5200801 2.328582
0.4477535 0.5135363 2.348993
-0.00595285 0.04475777 2.099772
-0.09382264 -0.2838121 2.000464
-0.1016802 -0.5680999 1.939913
-0.09901079 -0.6242495 1.868844
0.07660238 0.08360843 2.092872
0.07146139 -0.2877221 2.018795
0.06047503 -0.5575999 1.950425
0.06319156 -0.6175727 1.886948

0.01760851 0.1085135 2.108484
0.004506913 0.1768014 2.158497
-0.147402 0.5413759 2.225017
-0.2174434 0.6774787 2.175787
-0.2379092 0.4697762 2.260769
-0.4041964 0.4734223 2.303627
-0.5902036 0.4649929 2.314203
-0.6589001 0.473244 2.338097
-0.0300553 0.4475933 2.173236
0.1597735 0.5024959 2.258715
0.3732794 0.5202329 2.330434
0.4480622 0.513614 2.350848
-0.006871752 0.04483129 2.099728
-0.09425048 -0.2839919 2.00052
-0.1021913 -0.5680705 1.939934
-0.09902313 -0.6242405 1.868826
0.07495355 0.08350113 2.091476
0.07144567 -0.2889018 2.017974
0.06186645 -0.5575455 1.950434
0.06133693 -0.619405 1.887621

0.01661348 0.1081763 2.107988
0.003249304 0.1764893 2.158259
-0.1490531 0.54116 2.2254
-0.2215164 0.6765107 2.176214
-0.237426 0.4686291 2.258171
-0.4046962 0.4719956 2.302536
-0.5831572 0.4675637 2.316859
-0.6519595 0.4746782 2.341326
-0.03202108 0.4475986 2.173115
0.1563064 0.5049458 2.263652
0.3732327 0.5202009 2.332019
0.4474389 0.5134525 2.352528
-0.007576244 0.04482582 2.099633
-0.09457967 -0.2841335 2.000566
-0.1025862 -0.5681162 1.939946
-0.09904584 -0.624274 1.868799
0.07355768 0.08305897 2.089822
0.07155282 -0.2899831 2.017192
0.06293599 -0.5574942 1.950397
0.06001594 -0.62071 1.888046

0.01550148 0.1085871 2.107618
0.002288857 0.1766407 2.158056
-0.1503554 0.5409636 2.225707
-0.2251042 0.6756191 2.176571
-0.2625841 0.4731371 2.276623
-0.426334 0.4647899 2.309418
-0.5932574 0.4741315 2.317864
-0.6619185 0.4805363 2.343347
-0.03368174 0.4475775 2.172951
0.1552829 0.5057748 2.265281
0.3733797 0.5200856 2.333151
0.4471911 0.5132093 2.353708
-0.008589747 0.04542322 2.099007
-0.09483039 -0.28423 2.000597
-0.1029214 -0.568235 1.939927
-0.09907769 -0.6243213 1.868715
0.0726332 0.0831293 2.089133
0.07178835 -0.2910759 2.01642
0.06381465 -0.5573984 1.950333
0.05909994 -0.6215893 1.888336

0.01446378 0.1090273 2.107186
0.001434452 0.1768487 2.157744
-0.1515476 0.5407431 2.225838
-0.2286204 0.6738147 2.17708
-0.2739621 0.4752052 2.285322
-0.4372053 0.461821 2.312565
-0.6019271 0.4743452 2.323977
-0.6704261 0.4821371 2.352511
-0.03511056 0.4475321 2.172742
0.1546175 0.5063135 2.266346
0.3735026 0.5198889 2.333994
0.446973 0.5128723 2.354583
-0.009619382 0.04585229 2.098395
-0.09501746 -0.2842977 2.000616
-0.1032132 -0.5684101 1.939872
-0.09917473 -0.6244425 1.868559
0.07189628 0.08315326 2.088393
0.07216155 -0.2921896 2.01569
0.06467234 -0.5572084 1.95022
0.05849977 -0.6222016 1.888557

0.01365907 0.1094117 2.106745
0.0007820125 0.1770555 2.157383
-0.1525683 0.540496 2.225828
-0.2314135 0.6720276 2.177614
-0.2797974 0.4762799 2.289795
-0.4433396 0.4602651 2.314281
-0.6078752 0.4772528 2.323926
-0.6763641 0.4846542 2.352838
-0.03641045 0.4474747 2.172481
0.1541733 0.50668 2.267069
0.3736179 0.5196275 2.334613
0.4467976 0.5124734 2.355185
-0.01043588 0.04614357 2.097767
-0.09515812 -0.284345 2.000618
-0.1035225 -0.5689288 1.939665
-0.09934621 -0.6247913 1.868148
0.07142519 0.08317972 2.087695
0.07259929 -0.2931792 2.015008
0.06581715 -0.5569849 1.949906
0.09097183 -0.6158118 1.89404

0.0129714 0.1097943 2.106148
0.0002324496 0.1773204 2.156788
-0.1536113 0.5402034 2.22549
-0.233386 0.6708541 2.177917
-0.2833025 0.4769008 2.292473
-0.447194 0.4593816 2.315436
-0.6122675 0.4776794 2.327371
-0.680512 0.4855264 2.357562
-0.03757582 0.4473844 2.172162
0.1538457 0.506919 2.267514
0.3737433 0.5193326 2.335055
0.4466856 0.5120853 2.355601
-0.0111346 0.04633099 2.097054
-0.09526599 -0.2843207 2.000574
-0.103792 -0.5694258 1.939425
-0.09954901 -0.6251761 1.867684
0.07114802 0.08322249 2.086746
0.07316825 -0.2939521 2.014354
0.0672903 -0.5568547 1.949399
0.08729586 -0.6172817 1.892375

0.01239103 0.1101821 2.105421
-0.0002064693 0.177634 2.156016
-0.1546231 0.5399088 2.224996
-0.23502 0.6699212 2.178064
-0.2857012 0.4773801 2.294353
-0.4498588 0.4587476 2.316234
-0.6160054 0.4789195 2.326175
-0.6846399 0.486662 2.355934
-0.03868726 0.4472675 2.171754
0.1537962 0.5068884 2.267241
0.3739446 0.5190232 2.335322
0.4467137 0.5116601 2.355702
-0.01177277 0.04644498 2.096119
-0.09534 -0.2842709 2.00051
-0.1040081 -0.5700347 1.939093
-0.09978862 -0.6256704 1.867089
0.0710417 0.08329103 2.085743
0.0738441 -0.2946372 2.013664
0.06902435 -0.5567711 1.948673
0.08294514 -0.6192241 1.890559

0.01212923 0.1100012 2.104003
-0.0002785863 0.1775997 2.154623
-0.1553908 0.5396523 2.224461
-0.2367415 0.6691928 2.178009
-0.2873017 0.4777717 2.295727
-0.451708 0.4582297 2.316784
-0.618105 0.4797364 2.325594
-0.6869296 0.4874435 2.35506
-0.04016696 0.4468994 2.170964
0.1537134 0.5066453 2.266141
0.3740679 0.5187481 2.335374
0.4466692 0.5112727 2.35557
-0.01207664 0.04561061 2.094846
-0.09537558 -0.2841632 2.000412
-0.1041357 -0.5702155 1.938917
-0.0999331 -0.6258717 1.866814
0.07180504 0.08234927 2.082349
0.07472017 -0.2949872 2.012974
0.07077666 -0.5566992 1.947899
0.1035553 -0.6184765 1.890889

0.01195311 0.1102329 2.102626
-0.0005260744 0.1776842 2.153427
-0.1562857 0.5392525 2.223649
-0.2382207 0.6686794 2.177778
-0.2811852 0.4760758 2.287992
-0.4469437 0.4600286 2.317929
-0.6175943 0.4797373 2.326243
-0.685963 0.4872684 2.356102
-0.0414012 0.446585 2.170253
0.1538063 0.5064399 2.265068
0.3743742 0.5185052 2.33526
0.4468007 0.5109662 2.355379
-0.01206212 0.04635646 2.092647
-0.09538367 -0.2840245 2.000302
-0.1042235 -0.5703062 1.938782
-0.1000215 -0.6259953 1.866647
0.07200973 0.08251103 2.080831
0.075661 -0.2952846 2.01231
0.07247072 -0.5566117 1.947178
0.09167331 -0.6204055 1.887179

0.01181506 0.1109887 2.101342
-0.0007547287 0.1781275 2.152291
-0.1572865 0.5388331 2.222711
-0.2398137 0.6685774 2.177072
-0.2770437 0.4751177 2.282901
-0.4433569 0.4615313 2.318376
-0.6148257 0.4782611 2.319312
-0.6830348 0.4851298 2.347699
-0.04269607 0.446228 2.16938
0.1523147 0.508036 2.2648
0.3741784 0.5184611 2.334826
0.446376 0.5109387 2.354687
-0.01180327 0.04786375 2.090558
-0.09535396 -0.2837984 2.000194
-0.1042789 -0.5703809 1.938665
-0.1000975 -0.6261054 1.866501
0.07207133 0.08317732 2.079731
0.07660358 -0.295619 2.011682
0.07443932 -0.5570765 1.946251
0.08249231 -0.6226959 1.884011

0.01173982 0.1117864 2.100263
-0.0008513755 0.1786817 2.151241
-0.1582045 0.5383918 2.22179
-0.2414723 0.6680232 2.176144
-0.2750485 0.4747563 2.2806
-0.4416565 0.4625487 2.318375
-0.6139831 0.4773245 2.315191
-0.6822533 0.483776 2.342704
-0.04457216 0.4456527 2.168002
0.1502239 0.5094966 2.264259
0.3733977 0.5184956 2.333867
0.4453132 0.5113133 2.35319
-0.01150663 0.04925756 2.088855
-0.09530219 -0.2834463 2.00012
-0.1043157 -0.5704445 1.938557
-0.1001701 -0.6262153 1.866365
0.07209314 0.0840866 2.078983
0.07740201 -0.2958793 2.011169
0.07599586 -0.5574976 1.945503
0.09671781 -0.6209907 1.884833

0.01172039 0.1124445 2.099387
-0.0009462858 0.1791277 2.150408
-0.1593439 0.5378177 2.220819
-0.2425517 0.6675239 2.175266
-0.2726197 0.474349 2.277367
-0.4392192 0.4637164 2.318054
-0.6126056 0.476457 2.312156
-0.6809635 0.4826457 2.339192
-0.04632777 0.4452147 2.166711
0.1482508 0.5108168 2.263747
0.372496 0.5188072 2.332388
0.4441539 0.5125484 2.350852
-0.01084791 0.05144242 2.0848
-0.09526438 -0.2830062 2.000145
-0.1043336 -0.570495 1.938463
-0.1002119 -0.6263047 1.866248
0.07224363 0.08465251 2.07948
0.07808325 -0.2961319 2.01079
0.0771938 -0.5578593 1.944922
0.1074607 -0.619624 1.885655

0.01172383 0.1129934 2.098699
-0.001007862 0.1795138 2.149738
-0.1603322 0.5373617 2.220046
-0.2441585 0.6676785 2.174589
-0.2708212 0.4744291 2.274995
-0.4372588 0.4645825 2.317726
-0.6115544 0.4758591 2.310061
-0.6800219 0.4818824 2.336782
-0.04791661 0.4449673 2.165566
0.1466156 0.5118729 2.263263
0.3716636 0.5192928 2.330719
0.4431957 0.5137661 2.348669
-0.01001981 0.0541551 2.075106
-0.09525353 -0.2826245 2.0003
-0.1043418 -0.5705156 1.938408
-0.1002371 -0.6263559 1.866184
0.07322966 0.08326808 2.087586
0.07866447 -0.2963513 2.01053
0.07810792 -0.5581564 1.944478
0.08535846 -0.6225436 1.883125

0.01174509 0.1133973 2.098169
-0.001040211 0.1798336 2.149201
-0.1613935 0.5370492 2.219481
-0.2461147 0.6685486 2.173936
-0.2698447 0.4746642 2.273362
-0.436197 0.465055 2.317535
-0.6110504 0.4755466 2.308638
-0.6796095 0.4814304 2.335047
-0.05032725 0.4453784 2.164371
0.1447644 0.5128593 2.262625
0.3705136 0.5199856 2.328414
0.4420202 0.5150095 2.346245
-0.009502704 0.05575366 2.068983
-0.09525417 -0.2822012 2.000666
-0.1043447 -0.5705344 1.938371
-0.1002542 -0.6263976 1.866136
0.07391866 0.08221937 2.093352
0.07924165 -0.29666 2.010444
0.07880867 -0.5585415 1.944109
0.07431171 -0.6246717 1.881759

0.01181649 0.1136927 2.097813
-0.001026601 0.1800963 2.148822
-0.1624683 0.5369732 2.219192
-0.2475729 0.6689411 2.1733
-0.2691978 0.4748866 2.272194
-0.4354708 0.4653803 2.317365
-0.610733 0.4754242 2.30794
-0.6792378 0.4812399 2.334561
-0.05271484 0.4459319 2.163335
0.1430598 0.5136967 2.261956
0.3693981 0.5207438 2.326091
0.4409402 0.5161427 2.343805
-0.00809084 0.0560791 2.060906
-0.09531986 -0.2818761 2.00122
-0.1043424 -0.5705491 1.938344
-0.1002652 -0.6264303 1.8661
0.07740599 0.07870256 2.106044
0.07980832 -0.296994 2.010492
0.079336 -0.5588689 1.943828
0.06803663 -0.6259494 1.881034

0.01187103 0.1139061 2.097556
-0.001009534 0.1803071 2.148535
-0.1633987 0.5369523 2.219001
-0.248669 0.6691908 2.172729
-0.2687845 0.474983 2.271455
-0.4350102 0.4656202 2.317239
-0.6107681 0.4752368 2.303649
-0.6794441 0.4809371 2.330249
-0.05455542 0.4464006 2.162568
0.1417729 0.514344 2.261401
0.3685879 0.5214993 2.324039
0.44019 0.5170658 2.341781
-0.007778008 0.05645606 2.058115
-0.09542894 -0.2816197 2.002007
-0.1043348 -0.5705595 1.938328
-0.1002714 -0.6264573 1.866073
0.07813751 0.07784536 2.109696
0.08038146 -0.2972922 2.0107
0.0797276 -0.5592021 1.943604
0.06411886 -0.6268468 1.880583

0.0118659 0.1141342 2.097395
-0.001057659 0.1805589 2.148327
-0.1643253 0.5369731 2.218794
-0.249535 0.6694446 2.172273
-0.2685325 0.4750982 2.270912
-0.4347503 0.4658362 2.317002
-0.6110603 0.4752439 2.305157
-0.6794868 0.4810548 2.33406
-0.05589315 0.4467781 2.162011
0.1408508 0.5148397 2.260967
0.3680843 0.5222486 2.322183
0.4397337 0.5178424 2.340103
-0.008028112 0.05695986 2.056901
-0.09562187 -0.2815797 2.003122
-0.1043242 -0.5705709 1.938318
-0.1002715 -0.6264824 1.866052
0.07818609 0.07776464 2.111845
0.080914 -0.2976065 2.010983
0.08002991 -0.5596309 1.943422
0.09174383 -0.6232886 1.884903

0.01185582 0.1143499 2.097296
-0.001103158 0.1808126 2.14817
-0.1651194 0.5369878 2.218508
-0.2501111 0.6697528 2.171656
-0.2685608 0.4752266 2.270614
-0.4349012 0.4660198 2.316591
-0.6119695 0.4763455 2.302568
-0.6809278 0.4824322 2.330498
-0.05693936 0.4470897 2.161589
0.1427088 0.5106403 2.256402
0.3588371 0.5160199 2.309382
0.4315484 0.5158241 2.331615
-0.00853325 0.05757768 2.057448
-0.09586088 -0.2817118 2.004396
-0.1042739 -0.5704586 1.938416
-0.1002567 -0.6264426 1.866117
0.07774976 0.07831592 2.112787
0.08151002 -0.2978355 2.011472
0.08024174 -0.5599657 1.943315
0.1087502 -0.620887 1.887667

0.01180185 0.1146035 2.097288
-0.001193524 0.1810935 2.148088
-0.1658843 0.5369688 2.218251
-0.2505404 0.6700298 2.171116
-0.2689999 0.4754566 2.270501
-0.4355387 0.4661612 2.316011
-0.6129285 0.4768721 2.302544
-0.681923 0.4829341 2.330591
-0.05781566 0.4472781 2.161244
0.1441268 0.5071633 2.252812
0.3538069 0.5125407 2.302392
0.4264764 0.5145144 2.326442
-0.009272719 0.0583243 2.059418
-0.09614144 -0.2820421 2.005896
-0.1041734 -0.5697755 1.938943
-0.1001666 -0.6260654 1.866685
0.07683332 0.07935226 2.112691
0.0821611 -0.2979988 2.012126
0.08037709 -0.5603287 1.943252
0.09379017 -0.6254866 1.886565

0.0117651 0.1147818 2.097313
-0.001270535 0.181308 2.148044
-0.1665991 0.5369125 2.217993
-0.2508484 0.6702855 2.170637
-0.2695677 0.475763 2.270432
-0.436408 0.4662764 2.315219
-0.614367 0.4768311 2.300213
-0.6838099 0.4829068 2.327394
-0.0585174 0.4473781 2.160952
0.1451204 0.5046266 2.250265
0.3508483 0.5104932 2.298377
0.4232632 0.5137023 2.323344
-0.009571771 0.05846943 2.05994
-0.09643575 -0.2823786 2.007418
-0.1040803 -0.5686017 1.939846
-0.1000456 -0.6253425 1.867711
0.07662883 0.07951457 2.113243
0.08273504 -0.2981143 2.012839
0.08046166 -0.5608072 1.943248
0.08152886 -0.6283634 1.885178

-0.01762606 0.1188776 2.087596
-0.01840642 0.18238 2.142038
-0.1673263 0.5367963 2.217693
-0.2510825 0.6704786 2.170313
-0.2703283 0.4760281 2.270459
-0.4374183 0.4664036 2.31452
-0.6157771 0.4767349 2.29823
-0.6855896 0.4827923 2.324703
-0.05905369 0.4474446 2.160752
0.1458504 0.5028281 2.24855
0.3490348 0.5092272 2.295933
0.4212244 0.5131747 2.321439
-0.04697632 0.06271099 2.055922
-0.09674438 -0.2826154 2.008943
-0.1040177 -0.5674454 1.940776
-0.09992636 -0.6246188 1.868788
0.04705667 0.08401089 2.093086
0.08328976 -0.2982316 2.013783
0.08049656 -0.561315 1.943317
0.07409485 -0.6301026 1.884336

-0.02951321 0.1203286 2.083927
-0.02839631 0.182753 2.138887
-0.1680742 0.5366488 2.217448
-0.2512642 0.6706339 2.170093
-0.2711093 0.476326 2.270572
-0.4384055 0.4665022 2.313887
-0.6169728 0.4767862 2.296635
-0.6870528 0.4828129 2.322576
-0.0595012 0.4474678 2.160618
0.1463645 0.5015081 2.247359
0.3478177 0.5083863 2.294305
0.4198503 0.5128207 2.320196
-0.06376919 0.06456289 2.054292
-0.09703782 -0.282807 2.010432
-0.1039804 -0.5663842 1.941692
-0.09979574 -0.623936 1.869859
0.03334703 0.08532269 2.08458
0.08376806 -0.2983228 2.014853
0.08050574 -0.5616897 1.943462
0.06949002 -0.6309108 1.883921

-0.03583612 0.12105 2.082072
-0.03445725 0.1829042 2.137148
-0.1687936 0.5365266 2.217249
-0.2514119 0.6707627 2.169937
-0.2720967 0.4765436 2.270705
-0.4394781 0.4666003 2.313411
-0.6181605 0.4768703 2.295215
-0.6884517 0.4829076 2.32071
-0.05990112 0.4474534 2.160543
0.1466901 0.5005777 2.246567
0.3469473 0.5077634 2.293205
0.4188648 0.5125637 2.319373
-0.0718681 0.06542566 2.053615
-0.09732389 -0.2829812 2.011818
-0.1039795 -0.5654151 1.942557
-0.09966802 -0.6233036 1.870881
0.02652365 0.08592512 2.08046
0.08416208 -0.2984163 2.015964
0.08048888 -0.5620773 1.943667
0.06615029 -0.6314119 1.883657

-0.03972513 0.1214721 2.080935
-0.03829664 0.1829387 2.136129
-0.1695039 0.5364124 2.217097
-0.2515261 0.6708689 2.169835
-0.2730222 0.4767447 2.270858
-0.4404781 0.4666966 2.312991
-0.6201328 0.4779724 2.302444
-0.6902568 0.4836465 2.32912
-0.06023042 0.4474253 2.16052
0.1469115 0.4999232 2.246047
0.3464402 0.5073811 2.293052
0.4181309 0.5124184 2.319371
-0.07715856 0.06578242 2.051925
-0.09761246 -0.2830644 2.01315
-0.1039951 -0.5646453 1.943284
-0.09956753 -0.6227916 1.871718
0.02253149 0.08447472 2.079369
0.08448697 -0.2985838 2.017095
0.08045129 -0.5623703 1.943947
0.06369782 -0.6315987 1.883574

-0.04243675 0.1216594 2.080165
-0.04087783 0.1828831 2.135473
-0.1701945 0.536308 2.216969
-0.251633 0.6709802 2.169782
-0.274006 0.4766868 2.270932
-0.4414418 0.4668402 2.312687
-0.6214814 0.4796779 2.30065
-0.6917756 0.4849348 2.32679
-0.06053039 0.4473738 2.160543
0.1470553 0.499426 2.245713
0.3463368 0.5073821 2.294118
0.4176901 0.5125206 2.320536
-0.08037385 0.06557219 2.049739
-0.09792884 -0.2830844 2.014401
-0.1040219 -0.5639818 1.943936
-0.09948684 -0.6223469 1.872465
0.02110619 0.08115305 2.080762
0.08476356 -0.298776 2.018231
0.08040033 -0.5626593 1.944262
0.0617277 -0.6316046 1.883518

-0.04388201 0.1213875 2.079867
-0.04267193 0.1828083 2.135033
-0.170882 0.5361637 2.21683
-0.2517232 0.671076 2.169753
-0.2751136 0.4765623 2.270851
-0.442451 0.466981 2.312382
-0.6224174 0.4805385 2.30079
-0.6925544 0.4853825 2.327044
-0.06082839 0.4472949 2.160593
0.1471027 0.4990317 2.245572
0.3465564 0.5077969 2.296156
0.4174989 0.5129743 2.322862
-0.0793077 0.06300966 2.04225
-0.09821363 -0.2829902 2.015526
-0.1039659 -0.5637799 1.944394
-0.0994079 -0.6221702 1.872851
0.0270141 0.07188809 2.091305
0.08498278 -0.298973 2.019248
0.08034138 -0.5629098 1.944578
0.05825645 -0.6311227 1.884079

-0.0442602 0.120729 2.080024
-0.04395663 0.1826487 2.134799
-0.1716109 0.5359862 2.216664
-0.2518545 0.6712029 2.169795
-0.2760997 0.4764154 2.270785
-0.4433824 0.4670837 2.312097
-0.6234913 0.4820739 2.298637
-0.6935828 0.4863913 2.324967
-0.06113243 0.4472285 2.160679
0.1470169 0.4987563 2.24567
0.3469588 0.508491 2.298736
0.417506 0.5136627 2.325728
-0.07771556 0.06014095 2.035579
-0.09846476 -0.2828781 2.016536
-0.1039048 -0.5636836 1.944791
-0.09936296 -0.6220351 1.873127
0.0312614 0.06591244 2.098877
0.08516274 -0.2990551 2.020247
0.08029529 -0.5630987 1.94492
0.05571413 -0.630606 1.884629

-0.04354948 0.1190175 2.080506
-0.04475276 0.1821185 2.134775
-0.1722963 0.5358301 2.216536
-0.2520165 0.6713288 2.169917
-0.2771528 0.4762173 2.270882
-0.4444806 0.4671797 2.311846
-0.6246616 0.4833896 2.296237
-0.6948135 0.4872436 2.322346
-0.06154032 0.4470946 2.160768
0.1466945 0.4985517 2.245954
0.3472616 0.5092188 2.301278
0.4174774 0.5143626 2.328531
-0.07623266 0.05718851 2.030775
-0.09868927 -0.2827308 2.017475
-0.103865 -0.5635242 1.945213
-0.09930529 -0.6218833 1.873466
0.03407862 0.06209741 2.103591
0.08530997 -0.2991223 2.021157
0.08026361 -0.5632538 1.945297
0.09160363 -0.6244268 1.890329

-0.04172529 0.1165698 2.08122
-0.0448913 0.1811798 2.134936
-0.172901 0.5356762 2.216423
-0.2522252 0.6714485 2.170074
-0.2781811 0.4759239 2.270972
-0.4455908 0.4672737 2.311591
-0.6257157 0.4843521 2.294222
-0.6963492 0.4875214 2.319002
-0.06235484 0.4466289 2.160649
0.145832 0.498305 2.246318
0.347233 0.5098256 2.303539
0.4171225 0.5150235 2.331229
-0.07419768 0.05422878 2.027119
-0.09886985 -0.2825814 2.018293
-0.1038324 -0.5634084 1.945565
-0.09925448 -0.6217684 1.873742
0.03623319 0.05948528 2.106771
0.08543348 -0.2992186 2.021942
0.08024146 -0.5633771 1.945663
0.08574852 -0.62407 1.890164

-0.03993467 0.1145025 2.081859
-0.04470699 0.1802379 2.135176
-0.1735692 0.5355265 2.216335
-0.2524427 0.6715397 2.170212
-0.2791221 0.4756275 2.271042
-0.4466977 0.4672942 2.31127
-0.6266365 0.4850177 2.292647
-0.6975886 0.4878902 2.316609
-0.06325445 0.4461704 2.160465
0.1447658 0.4980736 2.246777
0.3470607 0.5103006 2.305507
0.4166765 0.5155244 2.333561
-0.07249736 0.05208215 2.02466
-0.09903013 -0.2823873 2.019007
-0.1038078 -0.5633214 1.945858
-0.09921483 -0.6216544 1.873941
0.03770206 0.05780212 2.108846
0.08553209 -0.2993051 2.022593
0.08023004 -0.5634919 1.946001
0.07820455 -0.6243407 1.889565

-0.03837593 0.1128667 2.082444
-0.04435094 0.1793516 2.135492
-0.1744929 0.5352898 2.216266
-0.2529868 0.6712763 2.170608
-0.2799253 0.4753333 2.271075
-0.4476386 0.4672811 2.310983
-0.6274141 0.485416 2.291112
-0.6992185 0.488149 2.312513
-0.06415125 0.4457013 2.160296
0.1374573 0.5036216 2.252232
0.349713 0.517702 2.315062
0.4187361 0.5185933 2.341192
-0.07115093 0.05055865 2.022976
-0.09916981 -0.2822011 2.019635
-0.1038068 -0.5632431 1.946122
-0.09916857 -0.6215512 1.874126
0.0387486 0.05667182 2.110296
0.08565861 -0.2994395 2.023235
0.08022874 -0.5635741 1.946343
0.07398921 -0.6246533 1.888892

-0.03712297 0.1116297 2.082951
-0.04392698 0.1785513 2.135858
-0.1753013 0.5350535 2.216245
-0.2537097 0.6707146 2.171139
-0.2806112 0.4750801 2.271085
-0.4484955 0.4672109 2.310669
-0.6281168 0.4856172 2.289508
-0.7007023 0.4881631 2.308338
-0.06492186 0.4452868 2.160172
0.1360129 0.5038981 2.253198
0.3496272 0.5183603 2.317184
0.4184592 0.5189133 2.343376
-0.07024464 0.04950668 2.021749
-0.09928478 -0.2820272 2.020196
-0.1038155 -0.5631774 1.946372
-0.09916114 -0.621469 1.874299
0.03951638 0.05589305 2.111347
0.08578587 -0.2996332 2.023857
0.08020589 -0.5637206 1.946662
0.0706524 -0.625295 1.888154

-0.03630961 0.1107609 2.083347
-0.04362818 0.1778729 2.136224
-0.1760816 0.5347932 2.216286
-0.2546159 0.6697506 2.171824
-0.2812127 0.4748474 2.271059
-0.4494364 0.4669797 2.310107
-0.6287102 0.4858463 2.288424
-0.7019528 0.4883295 2.305296
-0.06558236 0.4449099 2.160079
0.1350006 0.5038021 2.253872
0.3491064 0.5182241 2.318598
0.417994 0.5189407 2.344923
-0.06974734 0.04908108 2.021984
-0.09938371 -0.2818721 2.0207
-0.103827 -0.5631298 1.94659
-0.09916902 -0.6214004 1.874439
0.03952052 0.05594223 2.111156
0.08589584 -0.2998176 2.02442
0.08018755 -0.5638483 1.946964
0.06781314 -0.6258606 1.887568

-0.03574394 0.1103691 2.083691
-0.04342993 0.1774881 2.13655
-0.1768502 0.5344816 2.216334
-0.2554815 0.6687819 2.172476
-0.2818111 0.474601 2.270959
-0.4502643 0.4667699 2.309632
-0.6292797 0.4860268 2.287204
-0.7030039 0.4885061 2.302635
-0.06612799 0.4445925 2.160001
0.1342864 0.5036466 2.254364
0.3480735 0.5177881 2.319515
0.4170921 0.5190305 2.346195
-0.06811133 0.05238538 2.030047
-0.09946837 -0.2817394 2.021117
-0.1038369 -0.5631291 1.946758
-0.09916886 -0.6213626 1.874524
0.03676748 0.06320608 2.105431
0.08599665 -0.3000054 2.024908
0.08017189 -0.5639547 1.947232
0.06445774 -0.6262784 1.887078

-0.03530248 0.1101353 2.084003
-0.04325523 0.1771902 2.136877
-0.1776682 0.5341035 2.21644
-0.2562958 0.6676371 2.173078
-0.2823511 0.4743866 2.270877
-0.4509888 0.466575 2.309241
-0.629782 0.4861739 2.286105
-0.7038483 0.488664 2.300613
-0.06657702 0.4443272 2.159955
0.1338325 0.5033392 2.254703
0.3468817 0.5170151 2.319954
0.4162004 0.5190043 2.347067
-0.06740213 0.05412211 2.033795
-0.09954055 -0.2816193 2.021494
-0.1038477 -0.5631419 1.946927
-0.09916812 -0.6213305 1.874599
0.0353736 0.06691147 2.102569
0.08608617 -0.3001877 2.02535
0.08016936 -0.5640097 1.947512
0.06181753 -0.6264719 1.886836

-0.03485746 0.1098248 2.084205
-0.04302316 0.1768067 2.137157
-0.1785282 0.5337194 2.21652
-0.256952 0.6668806 2.173489
-0.2828289 0.4742225 2.270798
-0.4516877 0.4664067 2.308812
-0.6302287 0.4862757 2.285329
-0.7045265 0.4887829 2.299236
-0.06696998 0.4441037 2.159917
0.1336233 0.5025555 2.254958
0.3454122 0.5151175 2.320041
0.4148993 0.5177096 2.347812
-0.06663255 0.05463868 2.035998
-0.09960106 -0.2815203 2.021806
-0.1038622 -0.5631589 1.947074
-0.09916692 -0.6213075 1.874663
0.03487087 0.0685235 2.100718
0.08617281 -0.3003889 2.02573
0.08016956 -0.5640166 1.947797
0.05995894 -0.626564 1.886724

-0.03437646 0.1093596 2.084266
-0.0427228 0.1762393 2.137348
-0.1792416 0.5333913 2.216579
-0.257469 0.6662887 2.173795
-0.2832733 0.4740814 2.270699
-0.4523952 0.4662309 2.308302
-0.6306641 0.4863918 2.28467
-0.7050965 0.4889183 2.298207
-0.06729981 0.4439116 2.159886
0.1335515 0.5019279 2.255061
0.3443227 0.5138429 2.319704
0.4140871 0.5171148 2.347852
-0.0661542 0.05436442 2.03666
-0.09965859 -0.2815071 2.02206
-0.1039116 -0.5640668 1.946944
-0.09907491 -0.6216077 1.874239
0.03495406 0.06871457 2.099526
0.08625709 -0.3005853 2.02606
0.08017267 -0.5640003 1.948071
0.05860528 -0.626576 1.886633

-0.03399178 0.1089557 2.084301
-0.04245236 0.1757 2.137517
-0.1798396 0.5330752 2.216621
-0.2579607 0.6655228 2.174134
-0.2836743 0.4739537 2.270632
-0.4530285 0.466078 2.307869
-0.6319636 0.484473 2.28823
-0.7056727 0.4869536 2.308877
-0.06757932 0.4437154 2.159864
0.1335897 0.5011178 2.255176
0.3433422 0.5123383 2.319487
0.4131882 0.5160232 2.348081
-0.06591948 0.05368323 2.036602
-0.09971107 -0.2815106 2.022296
-0.1039694 -0.564783 1.946871
-0.09901756 -0.6218565 1.873927
0.03520595 0.06842027 2.098743
0.08634063 -0.300779 2.026367
0.08016513 -0.5640304 1.948327
0.0578416 -0.6266448 1.886555

-0.03365144 0.1081912 2.084193
-0.04222622 0.1748668 2.137614
-0.1804745 0.532784 2.216671
-0.2583652 0.664919 2.174402
-0.2840224 0.4738442 2.270571
-0.4535696 0.4659488 2.307498
-0.6325447 0.484961 2.287019
-0.7059657 0.4874718 2.309183
-0.06781646 0.443537 2.159837
0.1336886 0.5003666 2.255233
0.3425617 0.5110433 2.319227
0.4124402 0.5150249 2.348186
-0.06596632 0.05239522 2.036113
-0.09975459 -0.2815151 2.022506
-0.1040162 -0.5661178 1.946683
-0.09889779 -0.6223723 1.873358
0.0355893 0.06745037 2.098083
0.08641645 -0.3009565 2.026628
0.08017114 -0.5640631 1.948562
0.05727535 -0.6266955 1.886498

-0.03139504 0.09705698 2.08012
-0.04108572 0.167402 2.135705
-0.1811817 0.5324602 2.216724
-0.258714 0.6644979 2.174582
-0.2843541 0.4737428 2.270503
-0.4540881 0.4658328 2.307158
-0.6331189 0.485595 2.285612
-0.7062642 0.4882282 2.30882
-0.06803495 0.443353 2.159796
0.1341568 0.4994338 2.25479
0.3419033 0.5102766 2.318866
0.4118506 0.5146154 2.348018
-0.06685443 0.0443496 2.033403
-0.09978204 -0.2815343 2.022698
-0.1040541 -0.5666725 1.94664
-0.09883548 -0.6225809 1.873116
0.04059113 0.05519221 2.092563
0.08652122 -0.30118 2.026883
0.08018975 -0.5640932 1.948792
0.05685824 -0.6267375 1.88646

-0.03014984 0.08944863 2.077368
-0.04036237 0.1612566 2.134112
-0.1818234 0.5321658 2.216775
-0.2590072 0.6641737 2.174687
-0.2847306 0.4736352 2.270444
-0.4546505 0.4657113 2.306833
-0.6337159 0.4863659 2.28416
-0.706623 0.4891926 2.307983
-0.06824377 0.443152 2.159744
0.1342324 0.4990379 2.254768
0.3413599 0.5096961 2.318527
0.4113372 0.5143284 2.347793
-0.06837688 0.03629318 2.033703
-0.09984174 -0.2821208 2.023002
-0.1040738 -0.5669923 1.946633
-0.09879433 -0.6227014 1.872989
0.04316966 0.04663739 2.086252
0.08674818 -0.3018988 2.027161
0.08021281 -0.5640945 1.949013
0.05664169 -0.6268162 1.886474

-0.02954654 0.08493543 2.0757
-0.03988036 0.1571453 2.133005
-0.1823079 0.5319058 2.216807
-0.2592819 0.6639496 2.174724
-0.2851574 0.473499 2.270367
-0.4552203 0.4654836 2.306559
-0.6342027 0.4877912 2.281914
-0.7068644 0.4909178 2.305984
-0.06868859 0.4427305 2.159561
0.1341321 0.4985422 2.254768
0.3408911 0.5091441 2.318406
0.4107876 0.513975 2.347899
-0.06958594 0.0291476 2.04129
-0.09985568 -0.2825281 2.023204
-0.1040869 -0.567226 1.946631
-0.09875499 -0.6227964 1.872895
0.04152041 0.04280582 2.072338
0.08708783 -0.3027676 2.027424
0.08026274 -0.5639945 1.94929
0.0565774 -0.6268409 1.886564

-0.02901177 0.08183659 2.074515
-0.03927083 0.154058 2.132042
-0.1827949 0.531445 2.2167
-0.259661 0.6636752 2.174766
-0.2855349 0.4733598 2.270257
-0.4557463 0.465119 2.306271
-0.6344541 0.4892045 2.279374
-0.7068905 0.4926447 2.303441
-0.0699719 0.4413916 2.158739
0.1286385 0.5016196 2.257066
0.341441 0.512041 2.321379
0.4111593 0.514944 2.350063
-0.06911053 0.02522334 2.045016
-0.09977978 -0.282899 2.023355
-0.1040721 -0.5677494 1.946524
-0.09864719 -0.6230962 1.872601
0.04082156 0.04080022 2.065434
0.0874421 -0.3035001 2.027629
0.0803443 -0.5637254 1.949689
0.05656549 -0.6267599 1.886759

-0.02862471 0.07982986 2.073737
-0.03877695 0.1519584 2.131346
-0.1832198 0.5308001 2.216466
-0.2603852 0.6629499 2.17485
-0.2860297 0.4725331 2.270108
-0.4564279 0.46478 2.305632
-0.6349017 0.4897811 2.277931
-0.7072798 0.493354 2.30181
-0.07111912 0.4402376 2.158005
0.1244247 0.5040513 2.258889
0.3419758 0.5146096 2.323909
0.4115946 0.5159024 2.351919
-0.06757885 0.02229339 2.04993
-0.09963503 -0.2832389 2.023462
-0.1040635 -0.5680562 1.946452
-0.09858383 -0.6233084 1.872405
0.04031084 0.04026904 2.059924
0.08790628 -0.3041159 2.027777
0.0805689 -0.5628881 1.950417
0.05685008 -0.6263421 1.887374

-0.02837274 0.07850221 2.073207
-0.03843823 0.1505576 2.130841
-0.1838045 0.5295193 2.21573
-0.2611387 0.6615742 2.175005
-0.2866017 0.4706805 2.269812
-0.4572102 0.4641083 2.304641
-0.6352801 0.4903067 2.27675
-0.7076508 0.4939977 2.300327
-0.07208347 0.4393253 2.157442
0.1213033 0.5059112 2.26035
0.3423775 0.5168739 2.326433
0.412023 0.5167799 2.353668
-0.06640045 0.02077156 2.053397
-0.09942967 -0.2834866 2.023551
-0.1040554 -0.568276 1.946403
-0.09852534 -0.6234859 1.872265
0.03976631 0.04056096 2.056
0.08860389 -0.3047239 2.027939
0.080787 -0.5620806 1.951106
0.05718316 -0.6259154 1.888002

-0.02723849 0.07813241 2.072931
-0.03763852 0.1496783 2.13045
-0.1842387 0.5278084 2.214762
-0.2618112 0.6601993 2.17512
-0.2869813 0.4691365 2.269144
-0.4577319 0.4628364 2.30368
-0.6352729 0.4908643 2.274844
-0.7075603 0.4945515 2.29812
-0.07316344 0.43837 2.156868
0.118838 0.5072026 2.261343
0.3424947 0.5186079 2.328287
0.4122306 0.5175226 2.355031
-0.05880557 0.02320192 2.059939
-0.09910762 -0.2836701 2.023609
-0.1040388 -0.5685033 1.946351
-0.09843183 -0.6236674 1.872111
0.03985559 0.04179354 2.053278
0.08943152 -0.305404 2.028048
0.08098602 -0.5613392 1.951712
0.05750094 -0.6254969 1.888573

-0.02550447 0.07861383 2.072841
-0.03650534 0.1492589 2.13013
-0.1845587 0.525944 2.213737
-0.2624021 0.6590059 2.175214
-0.2872818 0.4678915 2.268338
-0.4580453 0.460857 2.302835
-0.6353957 0.4845568 2.270522
-0.7072167 0.4897314 2.295038
-0.07408535 0.4375877 2.156415
0.1170513 0.5081351 2.262066
0.3425173 0.5200757 2.32993
0.4123854 0.5182051 2.356238
-0.05324947 0.02516217 2.064091
-0.09863492 -0.2839258 2.023643
-0.1040086 -0.5686586 1.946317
-0.09777392 -0.6239534 1.872015
0.04076117 0.04445889 2.051283
0.09028229 -0.3059763 2.028094
0.08117963 -0.5606938 1.952212
0.05779809 -0.6251227 1.88907

-0.02342107 0.07882546 2.072663
-0.03484687 0.1488263 2.129726
-0.1847826 0.5243439 2.212866
-0.2628992 0.6579999 2.175278
-0.2875316 0.4668954 2.267645
-0.4582922 0.4581595 2.302004
-0.6354855 0.4807902 2.268414
-0.7069789 0.4867902 2.293587
-0.07518701 0.4365758 2.155877
0.1155433 0.5087402 2.26251
0.3366269 0.5236761 2.331093
0.4071239 0.5212647 2.357055
-0.04830875 0.02544048 2.061916
-0.09809523 -0.2841666 2.023636
-0.1039654 -0.5687731 1.94629
-0.0971606 -0.6241895 1.871964
0.04416865 0.04538236 2.053414
0.09122897 -0.3064982 2.028083
0.08136725 -0.5600876 1.952646
0.05811864 -0.624736 1.889517

-0.02036715 0.07886425 2.072327
-0.0322492 0.1482662 2.129233
-0.1849009 0.522838 2.212385
-0.2635764 0.6565722 2.175345
-0.2877245 0.4659038 2.267028
-0.4584236 0.4532235 2.300893
-0.6294367 0.4731936 2.242972
-0.7007104 0.479104 2.266406
-0.076461 0.4352173 2.155271
0.1141085 0.5090768 2.2628
0.3354153 0.524681 2.33325
0.4063546 0.5219008 2.357945
-0.04343945 0.02592607 2.057649
-0.09739696 -0.2844217 2.023557
-0.103534 -0.569935 1.94571
-0.09653682 -0.6250976 1.871133
0.04838791 0.04544621 2.056704
0.09213025 -0.3070006 2.028031
0.08157288 -0.5595421 1.953023
0.0584018 -0.6243672 1.889917

-0.01747653 0.07876925 2.072001
-0.02955934 0.1477255 2.128774
-0.1851067 0.5212999 2.212376
-0.2643917 0.6547875 2.175442
-0.2879996 0.4650399 2.26653
-0.458876 0.4446295 2.298791
-0.6271002 0.4750041 2.237499
-0.6990041 0.4782293 2.261055
-0.07870917 0.4315926 2.153441
0.1118865 0.5083635 2.262368
0.3340674 0.5251277 2.334645
0.4055044 0.5222397 2.358547
-0.03981353 0.02638228 2.053388
-0.09656535 -0.2847144 2.023405
-0.103186 -0.570645 1.945353
-0.09621708 -0.6256998 1.87065
0.05256952 0.04456004 2.060232
0.09307274 -0.3075891 2.02792
0.08179086 -0.5590535 1.95334
0.09044448 -0.6195456 1.893854
