
-0.252666 -0.001485582 2.236883
-0.2675065 0.06085732 2.304037
-0.388729 0.4577261 2.42235
-0.4445362 0.6026829 2.383307
-0.4766074 0.2955581 2.392124
-0.4822037 0.09861839 2.340526
-0.4884301 -0.07092056 2.21442
-0.4812056 -0.1573095 2.160164
-0.2428175 0.3513546 2.365135
-0.1856496 0.1324622 2.261584
0.007898916 0.1060541 2.241947
0.04871484 0.04567841 2.22188
-0.2902768 -0.06463741 2.233375
-0.2970558 -0.383025 2.158782
-0.314214 -0.6453782 2.107788
-0.285934 -0.7075653 2.014966
-0.1850714 -0.039529 2.197031
-0.1558629 -0.3738076 2.150267
-0.1517083 -0.628709 2.099084
-0.1884642 -0.7012366 2.028948

-0.2520357 -0.003399236 2.235354
-0.2672892 0.059564 2.302938
-0.3880121 0.45836 2.422086
-0.4424847 0.6032214 2.382005
-0.4754729 0.2987418 2.390548
-0.4821181 0.09879987 2.340349
-0.487731 -0.07218399 2.212958
-0.4806247 -0.1544543 2.161618
-0.242712 0.3511974 2.364902
-0.1765897 0.1368736 2.258574
0.016086 0.0929508 2.234118
0.05650632 0.03536307 2.220089
-0.2898909 -0.06537814 2.232547
-0.3033968 -0.4289174 2.146777
-0.3149512 -0.6538966 2.107342
-0.2857901 -0.7071686 2.015099
-0.1846509 -0.04270012 2.194812
-0.1559135 -0.3735513 2.149971
-0.151781 -0.6287015 2.098884
-0.1825624 -0.700865 2.033185

-0.2516878 -0.0001208304 2.234776
-0.2671154 0.06084312 2.302452
-0.3878708 0.458465 2.421983
-0.4421073 0.6033221 2.381758
-0.4751572 0.2993572 2.390165
-0.4821032 0.09882705 2.340319
-0.4876207 -0.07237137 2.212738
-0.4804527 -0.1536881 2.161973
-0.2426707 0.3511579 2.364825
-0.1585307 0.1451575 2.25824
0.01895744 0.08920514 2.231802
0.05868841 0.03287936 2.219315
-0.2892982 -0.05999589 2.231523
-0.3073737 -0.4542058 2.138731
-0.3150983 -0.6551776 2.106862
-0.2857718 -0.7070864 2.015115
-0.1844563 -0.03850597 2.194655
-0.1559219 -0.3735113 2.149918
-0.1518061 -0.6286845 2.098846
-0.1814501 -0.700792 2.033982

-0.2514373 0.003193296 2.234121
-0.2669645 0.06268725 2.301791
-0.3877471 0.4585896 2.421796
-0.4413539 0.604178 2.38145
-0.4748391 0.2998686 2.389768
-0.482068 0.09888227 2.340292
-0.4874865 -0.07238802 2.212608
-0.4801317 -0.1524976 2.162429
-0.2426383 0.351142 2.364712
-0.08027448 0.1853203 2.28706
0.02513546 0.0791176 2.225448
0.06343507 0.02459461 2.213973
-0.2888353 -0.05557298 2.230598
-0.3096451 -0.4685513 2.133565
-0.3154037 -0.6565405 2.104997
-0.2861453 -0.706407 2.014324
-0.1844041 -0.03439258 2.194277
-0.1559315 -0.3734769 2.149845
-0.1518396 -0.628678 2.09881
-0.1807721 -0.7007681 2.034439

-0.2513891 0.006560239 2.2334
-0.2668649 0.06515029 2.300938
-0.3874818 0.4588886 2.42129
-0.4406096 0.6055328 2.381272
-0.4744422 0.3002994 2.389316
-0.4819865 0.09900101 2.340177
-0.4873013 -0.07204214 2.212544
-0.4792781 -0.1499026 2.162999
-0.2426547 0.3511987 2.364464
-0.0406354 0.2039585 2.301506
0.0306746 0.06991203 2.219381
0.06737944 0.0161338 2.206876
-0.2885619 -0.05176573 2.229745
-0.3114621 -0.476818 2.130162
-0.315709 -0.6575944 2.102875
-0.2870187 -0.7055289 2.013358
-0.1848058 -0.03006031 2.193783
-0.1563309 -0.3734676 2.149451
-0.1519115 -0.6286777 2.098779
-0.1803232 -0.7007608 2.034781

-0.2516432 0.009408127 2.232479
-0.2668374 0.06782865 2.299722
-0.3870869 0.4597432 2.419649
-0.4391882 0.6082714 2.380634
-0.4739842 0.3006954 2.388742
-0.4819263 0.09915774 2.339756
-0.4870882 -0.0715032 2.212523
-0.4784244 -0.1474314 2.163694
-0.2438887 0.3518199 2.362698
-0.02396587 0.211806 2.307311
0.03803697 0.05933824 2.21218
0.07078324 0.00997171 2.200561
-0.2885114 -0.04875111 2.228852
-0.3125941 -0.4820528 2.128081
-0.3160779 -0.6580318 2.101009
-0.2880876 -0.7045942 2.012519
-0.1858715 -0.02624841 2.193036
-0.1568402 -0.3734955 2.148839
-0.1520233 -0.6286354 2.098751
-0.1799139 -0.700763 2.035076

-0.2519983 0.01075631 2.230944
-0.2668771 0.06954458 2.297885
-0.3867071 0.4611877 2.416594
-0.437632 0.6114811 2.379308
-0.47363 0.3010359 2.388107
-0.4820813 0.09951705 2.339
-0.4869048 -0.07054015 2.21249
-0.477764 -0.1451304 2.164258
-0.2456823 0.3527696 2.360103
-0.01358114 0.2173869 2.311191
0.04039574 0.05586334 2.209644
0.07201542 0.006869051 2.19654
-0.2886149 -0.04741122 2.227477
-0.3137041 -0.4849566 2.126479
-0.3164614 -0.6581 2.099334
-0.2891559 -0.7037559 2.011651
-0.1867862 -0.02450161 2.191788
-0.1576284 -0.3733478 2.14758
-0.1522091 -0.6284046 2.098713
-0.1799673 -0.7008132 2.034921

-0.2525896 0.01136161 2.228829
-0.2671218 0.07074223 2.295591
-0.3865864 0.4631042 2.412505
-0.436381 0.6140257 2.377968
-0.4734413 0.3017236 2.386755
-0.4833335 0.1042044 2.336303
-0.4873967 -0.07074714 2.209068
-0.4772205 -0.1446631 2.163642
-0.248319 0.3544025 2.356654
-0.009162718 0.2222426 2.314449
0.04161171 0.05408638 2.207872
0.07211354 0.005695696 2.193654
-0.288953 -0.04687323 2.225448
-0.3153274 -0.485514 2.125437
-0.3168343 -0.6579834 2.09779
-0.290088 -0.7028549 2.010735
-0.187854 -0.0235261 2.190321
-0.159446 -0.3724995 2.144159
-0.1527184 -0.6276046 2.098423
-0.1809809 -0.7008306 2.033128

-0.2545359 0.01255765 2.225201
-0.268714 0.07270119 2.291734
-0.3865924 0.4658796 2.407645
-0.4353954 0.6166739 2.376473
-0.4743396 0.3041455 2.382027
-0.4855423 0.1109489 2.331785
-0.4887819 -0.06919216 2.206579
-0.477408 -0.1434828 2.163158
-0.2512232 0.35635 2.352674
-0.0111936 0.2253332 2.315793
0.04155495 0.0538364 2.206541
0.07159506 0.005422966 2.191419
-0.2909909 -0.04566203 2.221505
-0.3168698 -0.4845507 2.124894
-0.317232 -0.6577197 2.096454
-0.2908435 -0.7020429 2.010039
-0.1903592 -0.02226648 2.187579
-0.1654011 -0.3687231 2.13332
-0.157606 -0.6214225 2.087175
-0.190303 -0.6931116 2.010038

-0.2580884 0.01680032 2.219648
-0.2714122 0.07669156 2.286399
-0.3864003 0.4681922 2.403384
-0.4343492 0.6189507 2.375489
-0.4768588 0.3079751 2.375696
-0.4884817 0.1178828 2.327579
-0.4908356 -0.06725036 2.204239
-0.4793662 -0.1417621 2.161988
-0.2541341 0.3607199 2.348503
-0.01565287 0.2285494 2.316556
0.03918133 0.05640628 2.205952
0.06944922 0.007112919 2.18983
-0.2934289 -0.04473997 2.217659
-0.318215 -0.4831326 2.12498
-0.3175986 -0.6579548 2.095436
-0.2922412 -0.700955 2.009752
-0.1968338 -0.01058671 2.177616
-0.1691265 -0.3657676 2.11824
-0.1607537 -0.6131542 2.069521
-0.1929304 -0.6819465 1.984569

-0.2611534 0.02355261 2.212998
-0.273638 0.08311969 2.279618
-0.3860971 0.4712428 2.397426
-0.4333217 0.6215011 2.373966
-0.4789849 0.3118013 2.369505
-0.4914737 0.1243009 2.322899
-0.5040128 -0.04225537 2.203073
-0.4955302 -0.1173616 2.162281
-0.258022 0.3659043 2.342169
-0.02384349 0.2306541 2.315149
0.03612659 0.06038307 2.205041
0.06740246 0.009746822 2.19013
-0.2955506 -0.04257317 2.212937
-0.3193149 -0.4815433 2.125097
-0.3179341 -0.6580823 2.094548
-0.2938377 -0.6999533 2.009499
-0.2008821 -0.0001613128 2.16989
-0.1684266 -0.3635441 2.105328
-0.1620825 -0.6087414 2.059708
-0.1937782 -0.6769469 1.972182

-0.2609834 0.02642203 2.204601
-0.2732642 0.08643268 2.271467
-0.3855583 0.4737141 2.39108
-0.4323277 0.6243486 2.371699
-0.4808559 0.3148087 2.364499
-0.4936814 0.1289714 2.31911
-0.5130481 -0.05065216 2.181364
-0.5012812 -0.1255538 2.149758
-0.260613 0.3693366 2.335406
-0.03041719 0.231907 2.313897
0.03282848 0.06493431 2.203856
0.06411229 0.01342928 2.188712
-0.2957781 -0.04249397 2.195379
-0.3136799 -0.4161767 2.124878
-0.3189151 -0.6498903 2.093013
-0.2960332 -0.6985319 2.009977
-0.200767 0.003538425 2.165229
-0.1671079 -0.3620595 2.097012
-0.1627485 -0.6061456 2.053672
-0.1943578 -0.6742537 1.965265

-0.2608813 0.03045665 2.198777
-0.272927 0.09015732 2.26558
-0.3850056 0.4757704 2.38553
-0.4313296 0.6270995 2.368574
-0.4824097 0.3174128 2.360236
-0.4953691 0.1326946 2.315598
-0.5169577 -0.0553068 2.171004
-0.504939 -0.130946 2.140682
-0.2622894 0.3719034 2.329852
-0.03676274 0.2324543 2.310721
0.03055027 0.06828024 2.202566
0.06203558 0.01596987 2.188413
-0.2959244 -0.041327 2.188471
-0.3094225 -0.3739158 2.124488
-0.3196677 -0.6428284 2.091427
-0.2977954 -0.6972932 2.009645
-0.2001192 0.008649271 2.160241
-0.1659461 -0.3611076 2.091846
-0.1631021 -0.6043899 2.049641
-0.194795 -0.6725105 1.960847

-0.2597083 0.03217439 2.193691
-0.2718518 0.09207459 2.260657
-0.3843493 0.4773763 2.381102
-0.4304262 0.6292933 2.365534
-0.4834677 0.31951 2.356569
-0.4964759 0.1351831 2.312886
-0.5186497 -0.06094337 2.16264
-0.5068825 -0.1372972 2.132662
-0.2632033 0.3737352 2.3252
-0.03925655 0.2349522 2.309162
0.03478545 0.05272496 2.184456
0.06351087 -0.005522286 2.161416
-0.2949512 -0.04080281 2.181063
-0.3078849 -0.3586292 2.124086
-0.3201818 -0.63806 2.090289
-0.2993633 -0.6962926 2.009429
-0.1987742 0.01074111 2.157307
-0.1647967 -0.3605822 2.088367
-0.163296 -0.603221 2.046873
-0.1946162 -0.6713665 1.958045

-0.2590125 0.03333945 2.190399
-0.2712203 0.09337041 2.25739
-0.3838625 0.4787057 2.377537
-0.4293098 0.6316612 2.360155
-0.483959 0.3214171 2.353137
-0.4970691 0.1373076 2.309862
-0.5191342 -0.06522196 2.15712
-0.5079649 -0.1415058 2.127052
-0.2626523 0.3753062 2.321199
-0.04328799 0.2359497 2.297028
0.03500841 0.0631175 2.179751
0.05700129 0.004767123 2.165422
-0.2944465 -0.0402929 2.176913
-0.3069878 -0.3490766 2.123861
-0.3205455 -0.6348146 2.089357
-0.3024326 -0.695682 2.008002
-0.1978814 0.01195995 2.15528
-0.162878 -0.359777 2.085939
-0.1631957 -0.6021029 2.044772
-0.1939507 -0.670832 1.956773

-0.2551786 0.02899012 2.184706
-0.26912 0.09180904 2.252898
-0.3832957 0.4801267 2.373991
-0.4281033 0.6336274 2.354512
-0.4824305 0.3241625 2.347727
-0.497305 0.1393815 2.307036
-0.5189483 -0.06810214 2.153244
-0.5083178 -0.1439919 2.122245
-0.2616068 0.3764734 2.317499
-0.04521432 0.2363501 2.29062
0.04306369 0.04921768 2.168344
0.06503782 -0.01025204 2.148914
-0.2904758 -0.0428775 2.167102
-0.3057899 -0.3435706 2.123315
-0.3207767 -0.6326851 2.088631
-0.3049696 -0.695295 2.006766
-0.1924228 0.003440595 2.156082
-0.1596209 -0.3574685 2.084624
-0.1627531 -0.6010132 2.043267
-0.1930224 -0.6708051 1.956752

-0.2521057 0.02466552 2.180409
-0.2671548 0.08953343 2.249081
-0.382831 0.4814307 2.370856
-0.4269568 0.6353289 2.348596
-0.4804949 0.3267234 2.342956
-0.4970881 0.1413283 2.304205
-0.5185372 -0.06998466 2.150644
-0.5082747 -0.1453119 2.118494
-0.2603628 0.377385 2.314228
-0.04623337 0.2368382 2.287683
0.04427325 0.05735139 2.166887
0.06503962 0.006833901 2.142035
-0.2878515 -0.04467603 2.160922
-0.3045346 -0.3426218 2.122492
-0.3209262 -0.6311684 2.088057
-0.305963 -0.6949118 2.006154
-0.1885644 -0.004023625 2.156803
-0.1567869 -0.3552229 2.084405
-0.1620781 -0.5998536 2.042263
-0.1919752 -0.6710659 1.956987

-0.2497213 0.02033618 2.177145
-0.2652834 0.08661266 2.245808
-0.3822204 0.4825027 2.367922
-0.4262014 0.6363256 2.34419
-0.47883 0.3285677 2.339426
-0.4964757 0.1429129 2.301441
-0.5155488 -0.06809887 2.149958
-0.5074821 -0.1431787 2.116296
-0.2589369 0.3779089 2.311129
-0.04651085 0.2372011 2.284889
0.04389382 0.08028154 2.165047
0.06293694 0.02749345 2.143912
-0.2859043 -0.04648755 2.156006
-0.3036216 -0.3444313 2.121687
-0.3210312 -0.630105 2.08762
-0.3066539 -0.6946059 2.005508
-0.1858091 -0.01118648 2.157844
-0.1540362 -0.3533418 2.085041
-0.1612119 -0.5986087 2.041736
-0.1907948 -0.6715434 1.95732

-0.2479316 0.01655768 2.1747
-0.2636158 0.08370636 2.243114
-0.381464 0.4833734 2.365129
-0.4256088 0.6368121 2.340427
-0.4776365 0.3298197 2.336945
-0.495452 0.1442125 2.29843
-0.5054727 -0.03695251 2.170841
-0.5033365 -0.1079762 2.130275
-0.2574145 0.3781724 2.308193
-0.0461855 0.237565 2.282422
0.0436641 0.09085886 2.164294
0.06234989 0.03794 2.144574
-0.284357 -0.04905961 2.149729
-0.3028981 -0.3476522 2.12102
-0.3210991 -0.6293074 2.087249
-0.3071798 -0.6941958 2.005246
-0.1829032 -0.01998726 2.160134
-0.1516504 -0.351803 2.086106
-0.1603398 -0.5975156 2.041512
-0.1895982 -0.6720503 1.957866

-0.246757 0.01395364 2.17314
-0.2624052 0.08160064 2.241297
-0.3805637 0.4840403 2.362668
-0.4252999 0.6366823 2.33582
-0.4768415 0.3307009 2.335269
-0.4941953 0.1452852 2.295563
-0.4994033 -0.03912828 2.164777
-0.4987757 -0.1090865 2.122604
-0.2557881 0.3781773 2.305448
-0.04530604 0.2379564 2.280457
0.04343598 0.09695614 2.163858
0.06212419 0.04414114 2.144979
-0.2834696 -0.05059086 2.146034
-0.3024318 -0.3511249 2.120533
-0.3211325 -0.6287364 2.086935
-0.3075318 -0.6939129 2.004895
-0.1813037 -0.02496223 2.161404
-0.1495952 -0.3506885 2.087457
-0.1593039 -0.5963584 2.041616
-0.1885927 -0.6724686 1.958412

-0.2465776 0.01453212 2.172648
-0.2618479 0.08109473 2.240213
-0.3794673 0.484627 2.360061
-0.4250231 0.6361204 2.331671
-0.4759566 0.331041 2.333473
-0.4930684 0.1455851 2.29324
-0.4954049 -0.04206035 2.159108
-0.4946745 -0.1113974 2.115913
-0.2539225 0.3781664 2.303215
-0.04404696 0.2380097 2.278441
0.04346272 0.1003775 2.163302
0.06209607 0.04770238 2.1447
-0.2837025 -0.04898519 2.150334
-0.301954 -0.3540019 2.120241
-0.3211435 -0.6283133 2.086675
-0.3078404 -0.6935849 2.004851
-0.1839579 -0.01519467 2.153707
-0.148045 -0.3498739 2.088794
-0.1582701 -0.5952499 2.041968
-0.1875614 -0.6728615 1.959083

-0.2470676 0.01666704 2.172907
-0.2616261 0.08146914 2.239544
-0.3785633 0.4850505 2.358091
-0.4248008 0.6356068 2.328343
-0.4750311 0.3311488 2.331762
-0.4918838 0.1456884 2.291106
-0.4924695 -0.04314933 2.155973
-0.4914036 -0.1121228 2.11198
-0.2522574 0.3783037 2.301528
-0.04291594 0.2380396 2.27682
0.04346188 0.1027701 2.162943
0.06203142 0.05019253 2.144392
-0.2843541 -0.04685987 2.155812
-0.3016182 -0.356372 2.120068
-0.3211194 -0.6279899 2.086438
-0.3079192 -0.6932079 2.004898
-0.1860906 -0.008063177 2.148485
-0.1466939 -0.349265 2.090151
-0.1573664 -0.5943156 2.042413
-0.1866901 -0.673205 1.959716

-0.2476965 0.01879761 2.173441
-0.2616132 0.08213513 2.2392
-0.3777481 0.4853314 2.356513
-0.424559 0.6350526 2.325611
-0.4739053 0.3305114 2.329754
-0.490507 0.1451797 2.288949
-0.4903261 -0.04234577 2.155076
-0.4888192 -0.1107979 2.110398
-0.2506462 0.3784432 2.300214
-0.09760059 0.2118783 2.217803
0.04245799 0.1070281 2.166491
0.06206813 0.05451328 2.147242
-0.2848869 -0.04561936 2.160698
-0.3013538 -0.3581986 2.119982
-0.3210819 -0.6277668 2.086237
-0.3080868 -0.6929902 2.004872
-0.1875514 -0.003990894 2.145282
-0.1456024 -0.3488299 2.091364
-0.1565209 -0.5932313 2.043018
-0.1859144 -0.6734087 1.960433

-0.2483985 0.02094409 2.174108
-0.2617396 0.08316186 2.239118
-0.3770958 0.4855314 2.35533
-0.424343 0.6346128 2.32355
-0.4729738 0.3296672 2.328082
-0.4892558 0.14449 2.287134
-0.4887085 -0.04161029 2.154531
-0.4866998 -0.1097078 2.109442
-0.249322 0.3785129 2.29903
-0.06467509 0.2244895 2.241528
0.04194632 0.1072947 2.166754
0.06210737 0.05495427 2.147155
-0.2853552 -0.04457976 2.164601
-0.3011336 -0.3595778 2.119937
-0.3210292 -0.6276107 2.086055
-0.308212 -0.6927587 2.004966
-0.1885971 -0.001202729 2.143106
-0.1446834 -0.3485747 2.09257
-0.1558328 -0.5923373 2.043575
-0.1852542 -0.6735952 1.96107

-0.24893 0.02250546 2.174578
-0.2618634 0.08413104 2.239095
-0.376438 0.4856949 2.354192
-0.4241168 0.6341762 2.321881
-0.4721232 0.3285522 2.3265
-0.4880805 0.1436116 2.285622
-0.4875632 -0.04112084 2.154135
-0.4850442 -0.1089919 2.108803
-0.248311 0.3784223 2.297827
-0.05406319 0.2286136 2.247603
0.04014954 0.1055292 2.166866
0.06234842 0.05438008 2.147435
-0.2856192 -0.04401376 2.167289
-0.3009677 -0.3606472 2.119924
-0.3209741 -0.6275097 2.085905
-0.3083367 -0.6924979 2.005284
-0.1892897 0.0005356623 2.141579
-0.1438884 -0.3484789 2.093729
-0.1552547 -0.5915526 2.044118
-0.1845409 -0.6737448 1.961664

-0.249385 0.02382897 2.174978
-0.262036 0.08516067 2.239136
-0.3758321 0.4858684 2.353091
-0.4239196 0.6338676 2.320576
-0.471411 0.3276127 2.325258
-0.4868392 0.1428145 2.284304
-0.48617 -0.04264439 2.152673
-0.4828189 -0.1108248 2.107156
-0.2474023 0.378412 2.296903
-0.04451879 0.2327803 2.254876
0.03845644 0.1034719 2.166937
0.06213496 0.05300758 2.147545
-0.2858087 -0.04362448 2.169225
-0.3008475 -0.3614769 2.119924
-0.3209139 -0.627453 2.085773
-0.3085053 -0.6924011 2.005394
-0.189774 0.001764959 2.140471
-0.1432791 -0.3484548 2.094681
-0.1547837 -0.5908844 2.044599
-0.1839598 -0.6738509 1.962284

-0.2497761 0.02486563 2.175307
-0.26226 0.08607777 2.239215
-0.3753335 0.4860173 2.35219
-0.423743 0.6336336 2.319486
-0.470975 0.3272311 2.324281
-0.4858539 0.1425568 2.283387
-0.4851964 -0.04402986 2.151567
-0.4811291 -0.1124674 2.106065
-0.2466708 0.3783855 2.296104
-0.03918731 0.2351882 2.259213
0.0369137 0.1013318 2.167066
0.06161334 0.05105472 2.147822
-0.285953 -0.04335517 2.170604
-0.3007471 -0.3619936 2.119925
-0.3208521 -0.6274273 2.085656
-0.3087004 -0.6923518 2.005476
-0.1901384 0.00258809 2.139714
-0.1428005 -0.3484638 2.095472
-0.1543595 -0.5902541 2.045065
-0.1835341 -0.6738542 1.962951

-0.2501233 0.0256303 2.175561
-0.2624662 0.08684968 2.239295
-0.3748504 0.4861278 2.351383
-0.42353 0.6334108 2.318552
-0.4706446 0.3269419 2.323495
-0.4850815 0.1423791 2.282707
-0.4845258 -0.04528721 2.150768
-0.4798461 -0.1139393 2.105405
-0.2463013 0.3785691 2.295456
-0.0365442 0.2370274 2.261808
0.03549258 0.09986894 2.167401
0.06117138 0.04986397 2.148331
-0.2860651 -0.0431715 2.171607
-0.3006743 -0.3623676 2.11993
-0.3207906 -0.6274256 2.08555
-0.3091162 -0.6924918 2.005297
-0.1905547 0.00310341 2.139134
-0.1423905 -0.3485303 2.09616
-0.1539942 -0.5897004 2.045477
-0.1831925 -0.6737883 1.963635

-0.2504335 0.02631638 2.175749
-0.2626835 0.08763048 2.239345
-0.374443 0.4862024 2.350555
-0.423334 0.6332585 2.31775
-0.4704769 0.3267438 2.322945
-0.4844273 0.1422789 2.282165
-0.4841138 -0.04574926 2.150457
-0.4790754 -0.1144995 2.10517
-0.2460576 0.3787662 2.294932
-0.03490271 0.2383126 2.263574
0.03439364 0.09869093 2.167721
0.06071585 0.04877602 2.148791
-0.2861498 -0.04303434 2.172331
-0.3006248 -0.3626339 2.119936
-0.3207427 -0.627417 2.085469
-0.3093108 -0.6925101 2.005316
-0.1908585 0.003487345 2.138688
-0.1420734 -0.3486017 2.096722
-0.1536807 -0.5892166 2.045839
-0.1829113 -0.6737504 1.964309

-0.2507092 0.02678105 2.175874
-0.2628801 0.08823563 2.239366
-0.3740977 0.4862777 2.349808
-0.4231839 0.63315 2.317109
-0.470369 0.3265981 2.322524
-0.4838997 0.142222 2.281748
-0.4838491 -0.04612748 2.15027
-0.4785165 -0.1149748 2.105127
-0.246024 0.3788903 2.294305
-0.03392555 0.2391723 2.264631
0.03352666 0.09754681 2.167953
0.06038599 0.04768455 2.14918
-0.2862224 -0.04295243 2.172877
-0.3005874 -0.3628298 2.119952
-0.3207063 -0.6274341 2.085394
-0.309432 -0.6925799 2.005197
-0.1913544 0.003429393 2.138238
-0.1418283 -0.3486729 2.097174
-0.1533951 -0.5887743 2.046166
-0.1827101 -0.6736879 1.964874

-0.2509252 0.02711441 2.175968
-0.2630558 0.08872217 2.239379
-0.3739452 0.4862545 2.348824
-0.4230941 0.6330842 2.316641
-0.4703307 0.3264811 2.322167
-0.4834862 0.1421777 2.281448
-0.4837454 -0.04644589 2.150289
-0.4782142 -0.1154737 2.105568
-0.2461128 0.3790241 2.293727
-0.03369588 0.2398133 2.265307
0.03278798 0.09626815 2.168104
0.05996317 0.04622906 2.149567
-0.2862751 -0.04289962 2.173283
-0.3005591 -0.3629626 2.119983
-0.3206739 -0.6274584 2.085329
-0.3095763 -0.6927211 2.004981
-0.1917855 0.003174341 2.137927
-0.1416272 -0.3487522 2.097557
-0.1531377 -0.5883835 2.046457
-0.1825779 -0.6736198 1.965333

-0.2511373 0.02733652 2.176012
-0.2632161 0.0890794 2.239348
-0.3738829 0.4862061 2.347876
-0.4230546 0.6330402 2.316246
-0.4704085 0.3262916 2.321814
-0.483149 0.142074 2.28106
-0.4843409 -0.0482191 2.150311
-0.4781708 -0.1171492 2.105916
-0.2468929 0.3794616 2.292926
-0.03506254 0.2406255 2.265515
0.03223308 0.09525632 2.168216
0.05960234 0.04508203 2.149826
-0.2863252 -0.04289393 2.173576
-0.3005525 -0.3630144 2.120042
-0.3206456 -0.6274833 2.08527
-0.3098731 -0.6930343 2.004239
-0.1922366 0.002791001 2.137674
-0.1414673 -0.3488286 2.097869
-0.1529161 -0.5880505 2.0467
-0.182479 -0.6735165 1.96573

-0.2513407 0.0274824 2.176016
-0.26336 0.08936272 2.239289
-0.373909 0.4861509 2.346959
-0.423125 0.6330018 2.315896
-0.4705637 0.3261066 2.321514
-0.482902 0.1420021 2.280715
-0.4852825 -0.04867744 2.15133
-0.4786241 -0.1176196 2.107265
-0.2483063 0.3802131 2.292008
-0.09967099 0.2163876 2.217483
0.03181466 0.09446838 2.168315
0.05924676 0.0441493 2.149976
-0.2863718 -0.04291582 2.173786
-0.3005566 -0.3630366 2.120104
-0.3206206 -0.6275146 2.085216
-0.3101794 -0.693314 2.003592
-0.19265 0.002327731 2.137438
-0.1413342 -0.3488929 2.098132
-0.1527248 -0.5877572 2.046908
-0.1824026 -0.6733901 1.966109

-0.2515587 0.02756037 2.175987
-0.2635317 0.08958723 2.239204
-0.3743315 0.4859436 2.345865
-0.4232571 0.6329722 2.31558
-0.4708513 0.3258683 2.321185
-0.4827259 0.141908 2.280409
-0.4938531 -0.03512665 2.17053
-0.4873954 -0.1033842 2.126874
-0.2494951 0.3806785 2.2911
-0.08199959 0.2255757 2.236156
0.03150399 0.09384938 2.168381
0.05900005 0.04342829 2.150131
-0.2864358 -0.04302708 2.173938
-0.3005669 -0.3630293 2.120166
-0.32059 -0.6276616 2.085083
-0.3102195 -0.6937101 2.002659
-0.1930337 0.001822355 2.137214
-0.1412204 -0.3489593 2.09836
-0.152536 -0.5874262 2.047147
-0.1823199 -0.6731568 1.966583

-0.251817 0.02758881 2.175917
-0.2637655 0.08978707 2.239069
-0.3750669 0.4856742 2.344594
-0.423523 0.6329581 2.31523
-0.471181 0.3256457 2.320881
-0.4826508 0.1418221 2.28012
-0.4976948 -0.02901352 2.179169
-0.4915469 -0.09697425 2.135675
-0.2506474 0.3810715 2.290241
-0.07702011 0.2287922 2.241961
0.03126023 0.09338323 2.168401
0.05880573 0.04292144 2.150191
-0.286509 -0.04317989 2.17404
-0.3005774 -0.3629914 2.120234
-0.3205619 -0.6278176 2.084946
-0.3102199 -0.6940585 2.001848
-0.1934568 0.001344671 2.136964
-0.1411214 -0.3490086 2.098572
-0.1523766 -0.5871416 2.047351
-0.182242 -0.6729028 1.967052

-0.2520438 0.02757485 2.175812
-0.2639914 0.08994347 2.238904
-0.375918 0.4854031 2.343394
-0.4239106 0.6329608 2.314837
-0.4715858 0.3254551 2.320576
-0.4826716 0.1417712 2.279856
-0.5000595 -0.02539663 2.184353
-0.4943447 -0.0932133 2.141029
-0.2518108 0.3815505 2.289512
-0.1579152 0.178125 2.203938
0.03103828 0.09291338 2.168295
0.05869567 0.04250693 2.150159
-0.2865658 -0.04332601 2.174048
-0.3005967 -0.3628093 2.120369
-0.3205392 -0.6279674 2.084818
-0.3102584 -0.6941896 2.001627
-0.193751 0.0009099015 2.136771
-0.1410173 -0.3490686 2.098807
-0.1522392 -0.5868924 2.047535
-0.1821209 -0.6726981 1.967428

-0.252251 0.02753064 2.17568
-0.2642247 0.09006217 2.238707
-0.3767222 0.485135 2.342321
-0.4244198 0.632947 2.31431
-0.4719472 0.3252791 2.320174
-0.4828827 0.1417564 2.279534
-0.5041109 -0.04327362 2.171417
-0.4959597 -0.1109762 2.129218
-0.2527963 0.3819579 2.288918
-0.193606 0.1563003 2.18695
0.03086695 0.0921699 2.167828
0.05874739 0.04196662 2.149984
-0.2866095 -0.04350011 2.174005
-0.3006169 -0.3626131 2.120507
-0.3205238 -0.6281027 2.084696
-0.3102564 -0.6942499 2.001593
-0.1939783 0.0005540142 2.136593
-0.1409147 -0.3491192 2.099071
-0.1521215 -0.5866705 2.047699
-0.1819794 -0.6724809 1.967787

-0.2524641 0.0275126 2.175549
-0.2645334 0.09018533 2.238486
-0.3775309 0.4848505 2.341401
-0.4252297 0.6328384 2.313438
-0.4727843 0.3252479 2.319766
-0.4832919 0.1419528 2.279151
-0.5070497 -0.05924292 2.158699
-0.4977437 -0.1271165 2.117251
-0.2530332 0.38176 2.288362
-0.2069946 0.1459111 2.179115
0.03072477 0.09155367 2.167364
0.05880805 0.04155796 2.149704
-0.2867 -0.04370245 2.17392
-0.3006422 -0.3624209 2.120628
-0.3205093 -0.6282271 2.08459
-0.3102936 -0.694324 2.00151
-0.1941262 0.0003015791 2.13645
-0.1408095 -0.3491545 2.099375
-0.1520226 -0.5864733 2.047845
-0.1818315 -0.672217 1.968109

-0.2527287 0.02731394 2.17538
-0.2648791 0.0901738 2.238245
-0.378398 0.4845418 2.340542
-0.4262236 0.6326345 2.312278
-0.4735526 0.3251528 2.319317
-0.4840342 0.1421562 2.278751
-0.5083817 -0.06674184 2.15264
-0.4990001 -0.1349345 2.111638
-0.2533217 0.3816693 2.287931
-0.2116896 0.1410166 2.175125
0.0300999 0.09317355 2.16703
0.0573268 0.042918 2.149571
-0.2868005 -0.04400502 2.173798
-0.3006693 -0.3622301 2.120752
-0.3204983 -0.6283382 2.084497
-0.3102591 -0.6941924 2.001836
-0.1943043 -0.0001913057 2.136338
-0.1406759 -0.3492148 2.099749
-0.1519382 -0.5863028 2.047971
-0.1816706 -0.6719383 1.968397

-0.2530551 0.02700136 2.175218
-0.2653231 0.09006301 2.238007
-0.3792247 0.4842556 2.33985
-0.4270779 0.6323801 2.311119
-0.4745089 0.3252588 2.318672
-0.485073 0.1426017 2.278404
-0.516932 -0.03889804 2.166679
-0.5079695 -0.1078079 2.126473
-0.2535857 0.3816125 2.287588
-0.2110578 0.1399331 2.173748
0.02942386 0.09507185 2.166793
0.05580239 0.04461591 2.149334
-0.2869383 -0.0443914 2.173653
-0.3007112 -0.3619086 2.120955
-0.3204887 -0.6284392 2.084425
-0.310279 -0.694131 2.002035
-0.1945371 -0.0007778392 2.136314
-0.1405269 -0.3493273 2.100209
-0.1518688 -0.5861532 2.048087
-0.1815307 -0.6717033 1.968624

-0.253408 0.02662988 2.175075
-0.2658556 0.08987631 2.237776
-0.3799821 0.4839921 2.339255
-0.4278015 0.6321623 2.310096
-0.4753477 0.3256525 2.317701
-0.4863481 0.1434472 2.278093
-0.5182018 -0.04504879 2.160182
-0.50773 -0.1144417 2.121707
-0.2537882 0.3815321 2.28729
-0.2036743 0.1433814 2.175761
0.02880375 0.09704738 2.166589
0.05441943 0.04658113 2.148874
-0.2870943 -0.04477661 2.173539
-0.3007549 -0.3614205 2.12124
-0.320483 -0.6285134 2.084371
-0.3103279 -0.6941201 2.002076
-0.1948119 -0.001489324 2.136349
-0.1403754 -0.3494628 2.100739
-0.1518053 -0.5860051 2.048219
-0.1813833 -0.6714206 1.968867

-0.2537227 0.02627937 2.174941
-0.2663547 0.08968384 2.237556
-0.3807353 0.4837462 2.338778
-0.4284454 0.6319853 2.309229
-0.4761611 0.3260438 2.316735
-0.487696 0.1443279 2.277894
-0.5184834 -0.04969364 2.155635
-0.5074568 -0.1192589 2.117695
-0.2539679 0.3814082 2.287004
-0.1965853 0.1473531 2.178387
0.02828433 0.09873256 2.166428
0.05332458 0.04826708 2.148504
-0.28724 -0.04510431 2.173408
-0.3008217 -0.3609055 2.121554
-0.3204785 -0.6285851 2.084321
-0.3103482 -0.6941312 2.002055
-0.1949759 -0.002117228 2.136439
-0.1401814 -0.3496521 2.101315
-0.1517622 -0.5859197 2.048341
-0.1812553 -0.6711932 1.969068

-0.2539836 0.02599875 2.174845
-0.2667967 0.0895168 2.237375
-0.3813823 0.4835175 2.338403
-0.4289922 0.6317941 2.308539
-0.4773687 0.3264762 2.315846
-0.4892401 0.145274 2.277672
-0.5185708 -0.05298435 2.152605
-0.5077856 -0.1225441 2.114722
-0.2541374 0.3813425 2.286802
-0.1914239 0.1511628 2.180949
0.02786511 0.1001371 2.166326
0.05250551 0.04969784 2.148232
-0.2873802 -0.04539064 2.17329
-0.3009043 -0.3603706 2.121939
-0.320476 -0.6286516 2.084278
-0.3104141 -0.6941953 2.001754
-0.1950588 -0.00261879 2.136554
-0.1400292 -0.3498377 2.101935
-0.1517306 -0.5858512 2.048464
-0.1811313 -0.6709719 1.969278

-0.2541937 0.02575743 2.17477
-0.2671988 0.08935814 2.237216
-0.3819476 0.4833132 2.338105
-0.4295636 0.6317387 2.307996
-0.4784139 0.3269134 2.315044
-0.4908064 0.1462633 2.277521
-0.5188276 -0.05504034 2.150757
-0.5083483 -0.1245109 2.112594
-0.2544773 0.3813943 2.286713
-0.1805505 0.1594972 2.185083
0.02752648 0.1013471 2.166281
0.0518243 0.05091801 2.148034
-0.2874886 -0.04556911 2.17316
-0.3010123 -0.3598657 2.122375
-0.3204738 -0.628663 2.08427
-0.3105452 -0.6938978 2.00314
-0.1950371 -0.00310786 2.136883
-0.1398902 -0.3500217 2.102551
-0.1517054 -0.585789 2.048598
-0.1805449 -0.6708137 1.969662

-0.2543147 0.02541445 2.174682
-0.2675124 0.08915769 2.237067
-0.3825507 0.4831104 2.337865
-0.430524 0.6318604 2.307595
-0.4790559 0.3271695 2.314385
-0.4931394 0.1473894 2.276609
-0.5222987 -0.02816757 2.170467
-0.5153046 -0.09640402 2.129939
-0.2552611 0.3813759 2.286668
-0.1751508 0.1639535 2.187361
0.02725154 0.1024123 2.166373
0.05124658 0.05204556 2.147881
-0.2875357 -0.04571071 2.172957
-0.3011492 -0.3595247 2.122842
-0.3204834 -0.6286877 2.084281
-0.3107542 -0.6939331 2.003414
-0.1948636 -0.003726915 2.137482
-0.139741 -0.3502431 2.103237
-0.151686 -0.5857297 2.048737
-0.1799805 -0.6706232 1.970023

-0.2544235 0.02457303 2.174633
-0.2678735 0.08868539 2.236931
-0.3832069 0.482874 2.337632
-0.4317227 0.6318822 2.307401
-0.4795861 0.3272421 2.313791
-0.4952814 0.1480755 2.275918
-0.5238186 -0.01667461 2.179142
-0.5187123 -0.08422436 2.137493
-0.256882 0.3812945 2.286757
-0.1722352 0.1667717 2.188878
0.02661795 0.1041128 2.167013
0.05038899 0.05392713 2.148007
-0.287565 -0.04584694 2.172744
-0.3012976 -0.3593397 2.123365
-0.3204975 -0.6287091 2.084307
-0.3109221 -0.6939716 2.003642
-0.1947309 -0.005396184 2.138952
-0.1395818 -0.3505062 2.10397
-0.1516706 -0.5856824 2.048878
-0.1794245 -0.6704137 1.970342

-0.2544355 0.02387261 2.17461
-0.2681415 0.08827245 2.23682
-0.3841489 0.4824646 2.337412
-0.4337211 0.6320471 2.307397
-0.480523 0.3268826 2.313279
-0.4972958 0.1481701 2.27524
-0.5247067 -0.01153042 2.183058
-0.520552 -0.07874379 2.140875
-0.2583778 0.3811505 2.28688
-0.1709908 0.168388 2.189759
0.02618095 0.1053142 2.167554
0.049766 0.05527706 2.148068
-0.2875725 -0.045958 2.172488
-0.3014868 -0.3592725 2.123942
-0.3205146 -0.628738 2.084347
-0.3111671 -0.6941038 2.003648
-0.1939658 -0.006661773 2.140567
-0.1394026 -0.3508905 2.10491
-0.1516664 -0.5856327 2.049058
-0.1783545 -0.6703681 1.970983

-0.2544928 0.02317819 2.174677
-0.2684503 0.087825 2.236773
-0.3850833 0.482061 2.337222
-0.4362981 0.6321217 2.307665
-0.4820858 0.3265444 2.312858
-0.4989063 0.1483248 2.274716
-0.5253258 -0.008118682 2.18551
-0.5217916 -0.07510854 2.143003
-0.2602639 0.3808278 2.287124
-0.1703844 0.1695614 2.190556
0.02541425 0.1070319 2.168853
0.04888604 0.05734331 2.148354
-0.2876094 -0.04604902 2.172241
-0.3016937 -0.3592644 2.124577
-0.3205296 -0.6287691 2.08439
-0.3114719 -0.6943568 2.00339
-0.19346 -0.008039583 2.142689
-0.1392127 -0.3512806 2.105866
-0.1516632 -0.5855929 2.049258
-0.1774923 -0.6703303 1.971595

-0.2544158 0.02275894 2.174812
-0.2686177 0.08754846 2.236793
-0.3862637 0.4815593 2.337214
-0.4393152 0.6320498 2.308303
-0.483532 0.3263479 2.312892
-0.5004203 0.1485285 2.274315
-0.5273259 -0.03734165 2.163836
-0.520867 -0.1045643 2.122155
-0.2620694 0.380356 2.287422
-0.1768166 0.1722045 2.182056
0.02475813 0.1083742 2.17026
0.04825021 0.05890783 2.148847
-0.2876001 -0.04608555 2.172091
-0.3019386 -0.359141 2.125373
-0.3205484 -0.6288031 2.08446
-0.3117582 -0.6946062 2.003129
-0.1923771 -0.008418666 2.144554
-0.139079 -0.351765 2.106997
-0.1516567 -0.5855394 2.049547
-0.1768188 -0.670225 1.972194

-0.2542888 0.02267113 2.175144
-0.2687885 0.08742191 2.236935
-0.3877297 0.4809294 2.337447
-0.4419093 0.6319551 2.309113
-0.4849606 0.326264 2.313256
-0.5019023 0.1487563 2.274246
-0.5294082 -0.02960783 2.166225
-0.5234794 -0.09728348 2.12507
-0.262813 0.3794685 2.287934
-0.1806549 0.1724572 2.175932
0.02420396 0.1093073 2.171708
0.04776333 0.06000992 2.149482
-0.2876004 -0.04608623 2.172023
-0.3021866 -0.3589869 2.126277
-0.3205752 -0.6288379 2.084568
-0.3114465 -0.6946709 2.003321
-0.1910301 -0.008087882 2.146097
-0.1389503 -0.3523102 2.108224
-0.151631 -0.5855063 2.049924
-0.1762635 -0.6701406 1.972721

-0.2540207 0.02264609 2.175572
-0.2688876 0.08731549 2.237144
-0.3895476 0.4800128 2.338084
-0.4441983 0.6314427 2.310231
-0.4861697 0.3261986 2.313686
-0.5033921 0.1489259 2.274432
-0.5300959 -0.04056514 2.15958
-0.5241877 -0.1083528 2.118232
-0.264769 0.3784935 2.28879
-0.1835414 0.1731003 2.172382
0.0237946 0.1094304 2.17347
0.04814592 0.06018702 2.152412
-0.2875065 -0.04596255 2.171923
-0.302453 -0.3587847 2.127273
-0.3206036 -0.6288691 2.084729
-0.3109753 -0.694522 2.004059
-0.1894282 -0.0075207 2.147862
-0.1388223 -0.3528484 2.109467
-0.151595 -0.5854204 2.050416
-0.1757846 -0.6700188 1.973251

-0.2538291 0.02254449 2.17611
-0.2690433 0.08715048 2.237535
-0.3913482 0.4791621 2.338842
-0.4458864 0.6310171 2.311135
-0.487097 0.3261461 2.314047
-0.5047304 0.1490448 2.274616
-0.5303331 -0.04736357 2.155482
-0.5246117 -0.1152145 2.113974
-0.2663536 0.377677 2.289521
-0.1855533 0.1734227 2.170019
0.0237585 0.1082979 2.176686
0.04992335 0.05840326 2.159347
-0.2874575 -0.04588572 2.171876
-0.3027188 -0.3584424 2.128353
-0.3206326 -0.6288919 2.084895
-0.3105189 -0.6943709 2.004785
-0.1885423 -0.007282401 2.149463
-0.1388199 -0.353295 2.110716
-0.1514969 -0.5853151 2.051008
-0.1753953 -0.6698691 1.973727

-0.253538 0.02252501 2.176731
-0.2691424 0.08702024 2.238019
-0.3928702 0.4784133 2.339648
-0.447023 0.6306468 2.311885
-0.4880413 0.3262386 2.314583
-0.5059267 0.1492511 2.274923
-0.5304633 -0.05158011 2.152997
-0.5249344 -0.1195313 2.111357
-0.2676921 0.376781 2.290369
-0.1870339 0.1734637 2.168419
0.0210449 0.07283568 2.178803
0.06706075 0.03879891 2.172096
-0.2873821 -0.04576587 2.171848
-0.3029494 -0.3580321 2.129533
-0.3206639 -0.6289077 2.085078
-0.3103431 -0.6944382 2.004862
-0.1874468 -0.006811696 2.151079
-0.1389063 -0.353813 2.112017
-0.1514146 -0.5852247 2.051637
-0.1751567 -0.6696394 1.97409

-0.2537328 0.02196432 2.177985
-0.2697879 0.08639861 2.239243
-0.3943871 0.4776849 2.340582
-0.4478057 0.6303509 2.312458
-0.488761 0.3262832 2.315068
-0.5071911 0.1493919 2.275308
-0.5306389 -0.05562286 2.150644
-0.5251719 -0.1236499 2.108962
-0.2687228 0.3758627 2.291315
-0.1880536 0.1733924 2.167341
0.02157457 0.0704967 2.182452
0.06978153 0.0367572 2.175194
-0.2875204 -0.04591434 2.172087
-0.3031862 -0.3577382 2.130666
-0.3206788 -0.6288337 2.085342
-0.3096714 -0.6943263 2.005405
-0.1876178 -0.007017657 2.153091
-0.1390024 -0.3543077 2.11325
-0.1513553 -0.5851321 2.052259
-0.1748339 -0.6694496 1.974515

-0.2543088 0.02095766 2.179775
-0.2707838 0.08543619 2.240956
-0.3957435 0.4770567 2.341458
-0.4483653 0.6301107 2.312906
-0.4896635 0.3263381 2.315739
-0.5082283 0.149475 2.275636
-0.530732 -0.0583901 2.149093
-0.5253355 -0.1264491 2.107401
-0.2697011 0.3748796 2.292267
-0.1889265 0.1730838 2.166652
0.02218268 0.07163799 2.186023
0.07113013 0.03627348 2.178571
-0.2878759 -0.04630394 2.172675
-0.30344 -0.3575561 2.131711
-0.3206954 -0.6287226 2.085629
-0.3090841 -0.6941966 2.005949
-0.1886403 -0.007958721 2.155688
-0.1391481 -0.3548362 2.114434
-0.1513076 -0.5850547 2.052846
-0.1745523 -0.6692595 1.974912

-0.2553317 0.01964864 2.182004
-0.2720759 0.08429925 2.243041
-0.3969765 0.4765427 2.342315
-0.4488749 0.6299587 2.313289
-0.4908274 0.3265391 2.316816
-0.509253 0.1496176 2.276183
-0.5308086 -0.06009294 2.148138
-0.5254844 -0.1282097 2.106472
-0.2706904 0.3739207 2.293152
-0.1896272 0.1725699 2.166388
0.02242432 0.07513295 2.189256
0.07087984 0.0373367 2.181188
-0.2886454 -0.04701586 2.174017
-0.3036942 -0.3574171 2.132658
-0.3207102 -0.6286318 2.085883
-0.3089074 -0.6941873 2.006117
-0.1904173 -0.009331436 2.158359
-0.139288 -0.3555069 2.115647
-0.1512907 -0.5849867 2.053404
-0.1744651 -0.6690478 1.975323

-0.2563129 0.01848458 2.18401
-0.273222 0.0833123 2.244905
-0.3979406 0.4761483 2.343011
-0.4492611 0.6298404 2.313598
-0.4922838 0.3264724 2.318207
-0.5101229 0.1495491 2.276665
-0.5308678 -0.06147466 2.14745
-0.5256148 -0.1296617 2.10583
-0.2715859 0.3730128 2.294137
-0.1909059 0.1712321 2.167016
0.02102927 0.08254483 2.192819
0.0670898 0.04210931 2.183171
-0.2894356 -0.04767374 2.17528
-0.3039578 -0.3573954 2.133529
-0.3207272 -0.6285776 2.086098
-0.3088101 -0.6941944 2.006202
-0.1921364 -0.01075739 2.160941
-0.1394244 -0.3561618 2.116732
-0.1512872 -0.5850244 2.053916
-0.1744525 -0.6688837 1.975634

-0.2570574 0.01765977 2.185579
-0.2741115 0.08259345 2.246385
-0.3987443 0.4758479 2.34358
-0.4496118 0.6297845 2.313905
-0.4936048 0.3263597 2.319489
-0.5110199 0.1493824 2.277314
-0.5306544 -0.06255744 2.147002
-0.5242234 -0.1266749 2.108455
-0.2723905 0.3722232 2.295073
-0.1918255 0.1700163 2.167876
0.019319 0.09010346 2.196237
0.06134271 0.04806668 2.183465
-0.2900861 -0.04814592 2.176303
-0.3041972 -0.357315 2.134354
-0.3207472 -0.6284692 2.08632
-0.3087251 -0.6941872 2.006312
-0.1932935 -0.01164735 2.162938
-0.1396186 -0.3567768 2.117678
-0.1512612 -0.5850025 2.054446
-0.1744846 -0.6686484 1.976073

-0.2577595 0.01686978 2.186979
-0.2749058 0.08191444 2.24771
-0.3994114 0.4755952 2.344076
-0.4500814 0.6296864 2.314346
-0.4948714 0.3260504 2.320736
-0.5119032 0.1490161 2.277997
-0.5308536 -0.06377566 2.147187
-0.5242469 -0.1273856 2.108628
-0.273112 0.371507 2.295977
-0.1932527 0.1684136 2.169083
0.01605852 0.0916433 2.195792
0.05815853 0.05886698 2.187793
-0.2907146 -0.04861431 2.177266
-0.3044669 -0.3573149 2.135117
-0.3207743 -0.6283622 2.086521
-0.3086887 -0.6942072 2.006366
-0.1943505 -0.01255595 2.164641
-0.1397955 -0.3575484 2.118564
-0.1512588 -0.58501 2.054948
-0.1745459 -0.6683786 1.976415

-0.2584046 0.01621545 2.188257
-0.2756153 0.08134469 2.248939
-0.4000499 0.475353 2.344585
-0.4509069 0.6295546 2.3151
-0.4960323 0.3254209 2.322064
-0.5128303 0.1483171 2.278752
-0.5310843 -0.06495391 2.147461
-0.5244263 -0.1285321 2.108771
-0.2739944 0.370933 2.297122
-0.1946036 0.1671958 2.17044
0.01271906 0.09879497 2.198912
0.05256367 0.06391491 2.18793
-0.2912724 -0.04897985 2.178142
-0.3047513 -0.3574214 2.135873
-0.3207952 -0.6282779 2.086699
-0.3086796 -0.6942254 2.006422
-0.1953768 -0.01332918 2.166274
-0.1399508 -0.3582187 2.119281
-0.1512642 -0.5850235 2.055395
-0.1746222 -0.6681122 1.976725

-0.2589086 0.01572325 2.189285
-0.2762303 0.08085806 2.25
-0.4006928 0.4750218 2.345408
-0.4525089 0.62914 2.316778
-0.4969127 0.3248478 2.323152
-0.5136904 0.1475816 2.279583
-0.531297 -0.06587728 2.14782
-0.524663 -0.1296127 2.108958
-0.2744045 0.3700663 2.298499
-0.2075552 0.1615675 2.17154
0.01065456 0.1038816 2.20138
0.04957075 0.06697845 2.188804
-0.2917404 -0.04926784 2.178877
-0.3050237 -0.3574812 2.136543
-0.3208287 -0.6281605 2.0869
-0.3088589 -0.6941361 2.007332
-0.1961056 -0.01389168 2.167486
-0.1400955 -0.3588433 2.119903
-0.1512835 -0.5850845 2.05581
-0.174558 -0.667963 1.976936

-0.2594368 0.01530368 2.190321
-0.2768536 0.08041965 2.251074
-0.4013423 0.4746262 2.346258
-0.4540381 0.6285754 2.318511
-0.4977452 0.3242837 2.324183
-0.5145457 0.1467639 2.280677
-0.5315454 -0.06668361 2.148446
-0.5249387 -0.1305822 2.109246
-0.2750599 0.3693507 2.299929
-0.2113034 0.1597474 2.172446
0.001814503 0.1363716 2.228843
0.03775741 0.07972751 2.194884
-0.2922166 -0.0494727 2.179623
-0.3052784 -0.3575389 2.137129
-0.3208625 -0.6280456 2.087085
-0.3090247 -0.6940413 2.008148
-0.1968748 -0.01440621 2.168744
-0.1402264 -0.3593741 2.120425
-0.1513241 -0.5851468 2.056202
-0.1745066 -0.6678414 1.977102

-0.2602383 0.0148111 2.191577
-0.2776621 0.07991753 2.252366
-0.4020128 0.4741967 2.347361
-0.455115 0.6279359 2.319951
-0.4988474 0.3234929 2.325342
-0.5154329 0.1457609 2.281854
-0.531811 -0.06745052 2.149121
-0.5253359 -0.1317001 2.109633
-0.2758552 0.3685939 2.301177
-0.1775911 0.1660189 2.19477
0.005350775 0.1273074 2.223313
0.03934066 0.07678691 2.193655
-0.2928908 -0.04966477 2.18048
-0.305548 -0.357589 2.137652
-0.3208954 -0.6279407 2.087251
-0.3092982 -0.6940597 2.008606
-0.1980927 -0.01516401 2.170359
-0.1403684 -0.3598402 2.120871
-0.151374 -0.5852507 2.056548
-0.1745353 -0.6677202 1.977227

-0.2611006 0.01429701 2.192868
-0.278452 0.07942048 2.253703
-0.4027617 0.4738692 2.348917
-0.456152 0.6270956 2.321282
-0.5000018 0.3224258 2.326765
-0.5163645 0.1444275 2.283524
-0.537248 -0.03948386 2.181521
-0.5320694 -0.1044296 2.138073
-0.2766387 0.3678642 2.302251
-0.1983262 0.159595 2.189908
0.005807382 0.1161289 2.216872
0.03813484 0.06912402 2.190678
-0.2935715 -0.04983047 2.181306
-0.3058964 -0.3577689 2.138238
-0.3209285 -0.6278714 2.087387
-0.309627 -0.6941304 2.008833
-0.1994342 -0.0160128 2.172084
-0.1404927 -0.3602272 2.121237
-0.1514269 -0.5853646 2.056849
-0.1746268 -0.6675946 1.977348

-0.2613679 0.01255041 2.194203
-0.2788251 0.07822913 2.255069
-0.4034409 0.4735934 2.350505
-0.4571779 0.6262072 2.322782
-0.5009262 0.3215533 2.327923
-0.517118 0.1432692 2.284931
-0.5379236 -0.04617088 2.180706
-0.5327979 -0.1125993 2.135747
-0.2773297 0.3672645 2.303141
-0.1999129 0.1580494 2.191289
0.01030199 0.1086263 2.214413
0.04034227 0.06261274 2.189696
-0.2939068 -0.05045569 2.181766
-0.3062458 -0.3579333 2.13877
-0.3209685 -0.6278089 2.087514
-0.3099849 -0.6942124 2.008925
-0.1996163 -0.019048 2.174686
-0.1406184 -0.3605596 2.121557
-0.1514844 -0.5855224 2.057137
-0.174724 -0.6674905 1.977445

-0.2615692 0.01170556 2.195196
-0.2790718 0.07751207 2.256179
-0.4039434 0.4734077 2.35201
-0.4579902 0.6254236 2.323955
-0.5016636 0.3209143 2.328841
-0.5177929 0.1423206 2.286391
-0.537942 -0.03274754 2.193005
-0.5341291 -0.09969687 2.147316
-0.2789019 0.3670831 2.30437
-0.2132274 0.1566924 2.187185
0.01012479 0.1060619 2.213388
0.03879178 0.05996361 2.18886
-0.2941546 -0.0506795 2.182179
-0.3066193 -0.3581091 2.13932
-0.3210147 -0.6277334 2.087636
-0.3102158 -0.6941485 2.009207
-0.1998749 -0.02002327 2.176139
-0.1407504 -0.3608504 2.121851
-0.1515524 -0.5856889 2.057389
-0.1747831 -0.6674296 1.977508

-0.2614892 0.01053942 2.195872
-0.2791025 0.07663896 2.257032
-0.404415 0.4732875 2.353633
-0.4585599 0.6247373 2.324963
-0.5023815 0.3204294 2.329711
-0.5184413 0.1415832 2.28791
-0.5382876 -0.02573758 2.200302
-0.5350942 -0.09266049 2.15441
-0.2801946 0.3669603 2.305341
-0.2215005 0.1560991 2.183983
0.00958014 0.103956 2.212315
0.03723004 0.05772228 2.188092
-0.2943776 -0.05182466 2.181233
-0.3069977 -0.3583462 2.139856
-0.3210707 -0.6276808 2.08775
-0.3101905 -0.6943973 2.007748
-0.1990188 -0.02209704 2.177994
-0.1409212 -0.3611209 2.122136
-0.1516183 -0.5858572 2.057616
-0.1748433 -0.6673781 1.977562

-0.2617163 0.009553307 2.196618
-0.2793044 0.07583629 2.257934
-0.4048562 0.4732035 2.35531
-0.4591092 0.624015 2.326155
-0.5029329 0.3200241 2.330432
-0.5190058 0.1409513 2.289356
-0.5384584 -0.02175268 2.204339
-0.5356266 -0.08865783 2.158401
-0.2813755 0.3669009 2.306168
-0.2253805 0.1557697 2.182675
0.008733867 0.1051506 2.213231
0.03470093 0.05860111 2.189319
-0.2949142 -0.05249349 2.181556
-0.3073366 -0.3585637 2.140321
-0.3211284 -0.6276406 2.087861
-0.3101925 -0.6946015 2.006829
-0.1993228 -0.02327761 2.179098
-0.1410758 -0.3613198 2.122388
-0.1517112 -0.586055 2.05783
-0.1748386 -0.6673598 1.977603

-0.2618428 0.009065347 2.197359
-0.2799291 0.07516439 2.259015
-0.4052472 0.4731489 2.356959
-0.4595432 0.623381 2.327218
-0.5035823 0.3195632 2.331192
-0.5194547 0.1403732 2.290547
-0.5386041 -0.01929085 2.2069
-0.5359938 -0.08623634 2.160884
-0.2706361 0.3991295 2.337402
-0.2304841 0.1888562 2.200859
0.006470818 0.1061094 2.213715
0.03118262 0.05944 2.189799
-0.2953869 -0.05304274 2.181848
-0.3076449 -0.3587522 2.140732
-0.3211858 -0.6276116 2.087966
-0.3103787 -0.694715 2.006429
-0.1990743 -0.02403268 2.18032
-0.141216 -0.3614895 2.122612
-0.1518002 -0.5862339 2.058019
-0.1747401 -0.6673775 1.977662

-0.2617182 0.008070917 2.198112
-0.2799311 0.07439232 2.259913
-0.4055538 0.4731646 2.358544
-0.4599299 0.6228216 2.328267
-0.5040947 0.3192035 2.331795
-0.51987 0.1398856 2.291669
-0.537973 -0.05041951 2.185035
-0.5331244 -0.1166329 2.139561
-0.2799246 0.392509 2.334221
-0.2303472 0.1876891 2.198185
0.006428662 0.1057322 2.213944
0.03045224 0.05906685 2.189899
-0.2955724 -0.05376587 2.18195
-0.3079294 -0.3589382 2.141121
-0.3212413 -0.6275765 2.08807
-0.3105996 -0.6945262 2.006542
-0.1987133 -0.02506286 2.18166
-0.141337 -0.3616217 2.122817
-0.1518978 -0.5863885 2.058203
-0.174293 -0.667569 1.978363

-0.2615843 0.006917023 2.1988
-0.2799116 0.07350013 2.260746
-0.4058085 0.4732081 2.360133
-0.4602189 0.6223629 2.329427
-0.5045799 0.3186487 2.332606
-0.5202819 0.1392925 2.292683
-0.5383272 -0.04621388 2.187408
-0.5335997 -0.1124325 2.143021
-0.2824111 0.3819329 2.32963
-0.2266087 0.1769351 2.191905
0.007552782 0.1053017 2.214822
0.03212784 0.05837293 2.191488
-0.2957744 -0.05479048 2.181878
-0.3082012 -0.3591004 2.141485
-0.3213002 -0.6274988 2.088204
-0.3109612 -0.6931358 2.01013
-0.1982768 -0.02653204 2.18311
-0.1414542 -0.3617337 2.123018
-0.1519903 -0.5865202 2.058369
-0.1737693 -0.6677822 1.9792

-0.2613944 0.005695518 2.199321
-0.2798524 0.07256545 2.261426
-0.4060449 0.4732688 2.361575
-0.4603694 0.6219929 2.330553
-0.5049686 0.3181581 2.333322
-0.5206729 0.1386928 2.293725
-0.5379615 -0.06145802 2.178743
-0.5323536 -0.1272103 2.134527
-0.2824529 0.3735497 2.325835
-0.2220832 0.1658706 2.189569
0.01033122 0.1047288 2.216249
0.03564332 0.0575552 2.193487
-0.2959428 -0.05608914 2.181762
-0.3084676 -0.3592026 2.141852
-0.3213623 -0.6273788 2.088371
-0.3112258 -0.6919886 2.013165
-0.1976574 -0.02805813 2.183932
-0.1415823 -0.361798 2.123225
-0.1520945 -0.5866594 2.05853
-0.173266 -0.6679344 1.979985

-0.2612564 0.003748173 2.199822
-0.2797856 0.07119357 2.262093
-0.4062256 0.4733347 2.36279
-0.4604365 0.6216496 2.331775
-0.5052595 0.3178146 2.33399
-0.5209873 0.1382777 2.294592
-0.5377637 -0.06927808 2.174247
-0.5317001 -0.1350079 2.130147
-0.2824813 0.3681167 2.323109
-0.2199778 0.1594768 2.187577
0.01232094 0.1058779 2.218383
0.0375327 0.05840547 2.19564
-0.2961265 -0.05784691 2.181744
-0.3087207 -0.3592985 2.142203
-0.3214247 -0.6272583 2.088553
-0.3114332 -0.6910924 2.015633
-0.1972646 -0.02990728 2.18452
-0.1417151 -0.361846 2.123428
-0.1522165 -0.5868251 2.058678
-0.1730856 -0.6680121 1.980181

-0.2608544 0.0008707971 2.200089
-0.2794925 0.06911656 2.262631
-0.4063376 0.4733723 2.363855
-0.4603632 0.6213243 2.333149
-0.5054107 0.3175897 2.334526
-0.5212469 0.138017 2.295304
-0.536671 -0.07426108 2.17076
-0.530472 -0.1371278 2.128904
-0.2824094 0.3644859 2.32113
-0.2195051 0.1576464 2.186801
0.0127888 0.1067592 2.219465
0.03806946 0.05919506 2.196846
-0.296112 -0.06013603 2.181246
-0.3089538 -0.3593438 2.142537
-0.3214822 -0.6271424 2.088725
-0.3113611 -0.6905035 2.017375
-0.1965806 -0.03297707 2.185245
-0.1418406 -0.3618888 2.123641
-0.1523585 -0.5870579 2.058815
-0.1729586 -0.6680834 1.98026

-0.2603585 -0.002089919 2.200262
-0.2790693 0.06686273 2.263077
-0.4064299 0.4733806 2.364833
-0.460252 0.6210865 2.334408
-0.5054196 0.3174099 2.335034
-0.5214559 0.1378381 2.295877
-0.5335882 -0.04990184 2.195861
-0.5305539 -0.1131183 2.152299
-0.2828439 0.3627622 2.32015
-0.219722 0.1559444 2.18586
0.01280134 0.1079798 2.220504
0.03811301 0.06029992 2.197954
-0.295947 -0.06216796 2.18076
-0.3092638 -0.3596197 2.142933
-0.3215331 -0.6270372 2.088884
-0.3112424 -0.6900104 2.018607
-0.196055 -0.03584038 2.18591
-0.1419721 -0.361928 2.123867
-0.1525111 -0.5873259 2.058937
-0.1730275 -0.6681775 1.98025

-0.2599837 -0.00420783 2.200341
-0.2787458 0.06507751 2.263386
-0.4064922 0.4733629 2.365732
-0.4600145 0.6209367 2.335751
-0.5053965 0.3172791 2.335486
-0.5216137 0.1377152 2.296388
-0.5321611 -0.0365719 2.207954
-0.5306749 -0.1010197 2.163072
-0.2829553 0.3613605 2.319419
-0.2203351 0.1544182 2.184789
0.01247184 0.1096923 2.221728
0.0377496 0.06193108 2.199095
-0.2958465 -0.06372278 2.180331
-0.3095592 -0.3599339 2.143316
-0.3215807 -0.6269308 2.089044
-0.3111399 -0.6896672 2.019476
-0.1955732 -0.03779367 2.186303
-0.1421022 -0.3619653 2.124091
-0.1526339 -0.5875461 2.059065
-0.1733581 -0.6682715 1.980231

-0.2578779 -0.001008337 2.200443
-0.2784598 0.06501926 2.263657
-0.4065833 0.4733242 2.366621
-0.4597203 0.6209067 2.337325
-0.5053088 0.3171875 2.335905
-0.521731 0.1376238 2.296866
-0.5314508 -0.03021465 2.214342
-0.5308161 -0.09509303 2.169054
-0.2645365 0.3922475 2.343809
-0.2257127 0.1842616 2.201054
0.009886539 0.1136557 2.223257
0.03489712 0.06587189 2.200422
-0.2957395 -0.06422883 2.180083
-0.3098552 -0.3603005 2.143723
-0.3216248 -0.6268309 2.089201
-0.3109391 -0.6893753 2.020153
-0.1845376 -0.0278559 2.183988
-0.1422374 -0.3620061 2.124333
-0.1527797 -0.5877887 2.059212
-0.1734698 -0.66838 1.980218

-0.2574463 -0.001126883 2.200541
-0.2782602 0.06459468 2.263873
-0.4066522 0.4732304 2.367576
-0.4594571 0.620899 2.338656
-0.5052394 0.3171386 2.336284
-0.5217953 0.1375603 2.297465
-0.5311171 -0.05273332 2.194398
-0.5301725 -0.1187039 2.149921
-0.2671354 0.3863239 2.339686
-0.2245783 0.1787119 2.200019
-0.001765905 0.1454879 2.241928
0.02976645 0.08363873 2.209498
-0.2957267 -0.06473543 2.17978
-0.3101534 -0.3606847 2.144163
-0.3216649 -0.6267365 2.089347
-0.310752 -0.6891624 2.02062
-0.1840387 -0.03190478 2.186112
-0.14237 -0.3620287 2.124588
-0.1529202 -0.5880292 2.059357
-0.173608 -0.6684709 1.980154

-0.2571814 -0.001522325 2.20066
-0.2781083 0.06416836 2.264075
-0.4066913 0.4731357 2.368463
-0.4592322 0.6209159 2.339747
-0.5051799 0.3171332 2.336622
-0.5235885 0.1150992 2.294738
-0.5311487 -0.06588197 2.18318
-0.5294866 -0.1323113 2.139236
-0.2705665 0.3795909 2.334697
-0.2095789 0.171598 2.199986
-0.02305662 0.1967174 2.272094
0.0241551 0.1808086 2.277255
-0.295748 -0.06519891 2.179494
-0.3104316 -0.3610558 2.144581
-0.3216996 -0.6266458 2.089482
-0.3105354 -0.6889967 2.020937
-0.1845062 -0.03578024 2.187952
-0.1424939 -0.3620461 2.124832
-0.1530655 -0.588257 2.059502
-0.1737493 -0.6685443 1.980055

-0.2570434 -0.002016621 2.200779
-0.2779903 0.06378122 2.264256
-0.4067297 0.4730377 2.369203
-0.4589545 0.6209374 2.340556
-0.5051203 0.3171623 2.336922
-0.5224325 0.1170981 2.298788
-0.5303218 -0.07110386 2.177728
-0.5287464 -0.1347687 2.136801
-0.2735706 0.3740976 2.330481
-0.2164485 0.182335 2.203384
-0.03331129 0.2212808 2.286554
0.009525841 0.1791671 2.270092
-0.2957521 -0.06558935 2.179335
-0.3107072 -0.3614624 2.145001
-0.3217315 -0.6265665 2.089605
-0.310371 -0.6888801 2.021184
-0.1854326 -0.03863706 2.189083
-0.142611 -0.3621232 2.125099
-0.1531992 -0.5884634 2.059634
-0.1738181 -0.6686208 1.979959

-0.2569564 -0.002500183 2.200864
-0.2778851 0.06346288 2.2644
-0.4067685 0.4729679 2.369889
-0.4586175 0.6210588 2.341219
-0.5050979 0.3172847 2.337256
-0.521274 0.1208911 2.302162
-0.5297557 -0.0741059 2.174327
-0.5277283 -0.1354673 2.135405
-0.2763198 0.3707547 2.327706
-0.2238481 0.1719029 2.196534
-0.03757188 0.2316515 2.29258
0.02018582 0.2283482 2.307697
-0.2957459 -0.0659025 2.179169
-0.3109484 -0.3617823 2.145399
-0.3217569 -0.6264883 2.089723
-0.3101485 -0.6887913 2.021358
-0.1860636 -0.04047308 2.189826
-0.142761 -0.3621466 2.125439
-0.1533019 -0.5885687 2.059763
-0.173811 -0.6686705 1.979909

-0.2567844 -0.002816594 2.200896
-0.2777399 0.06321525 2.264507
-0.4068261 0.4728828 2.370514
-0.4580479 0.6212775 2.3418
-0.5050506 0.3174242 2.337576
-0.5202997 0.1246236 2.304529
-0.5293667 -0.07608546 2.172055
-0.5264859 -0.134951 2.135015
-0.2783349 0.3684237 2.32574
-0.2283392 0.165249 2.19216
-0.03928046 0.2365682 2.295032
0.02373862 0.2434657 2.318784
-0.2956273 -0.06610398 2.17906
-0.3111717 -0.3620847 2.145794
-0.3217759 -0.6264178 2.089832
-0.3099292 -0.6887496 2.021474
-0.186061 -0.04115542 2.19004
-0.1429036 -0.362166 2.125768
-0.1534012 -0.588656 2.05989
-0.1738807 -0.6687284 1.97989

-0.2563064 -0.003085045 2.20075
-0.2773315 0.06300829 2.264501
-0.4068766 0.4727993 2.371055
-0.4574335 0.6214764 2.342325
-0.504993 0.3175706 2.337883
-0.5195643 0.127844 2.306235
-0.529447 -0.0760709 2.172728
-0.5261886 -0.1355504 2.134509
-0.2797713 0.3667932 2.324399
-0.2284458 0.1629641 2.190678
-0.03950483 0.2383833 2.295748
0.02565609 0.2525079 2.325438
-0.2951339 -0.0661593 2.178606
-0.3113785 -0.3623572 2.146222
-0.3217989 -0.6263538 2.089962
-0.3097907 -0.6887437 2.02164
-0.1853995 -0.04106113 2.189842
-0.1430591 -0.3622375 2.126134
-0.1534963 -0.5887041 2.060048
-0.1739116 -0.6687711 1.979892

-0.2558236 -0.003311923 2.200572
-0.276898 0.06284397 2.264459
-0.4069299 0.4727237 2.371521
-0.4568986 0.6216672 2.342732
-0.5049113 0.3178142 2.338231
-0.5189931 0.1307953 2.307445
-0.5291675 -0.0767823 2.171962
-0.5250543 -0.1332904 2.135455
-0.2815264 0.3659838 2.323557
-0.228635 0.1614545 2.189632
-0.001956219 0.1641949 2.258868
0.03810918 0.1178646 2.234574
-0.2945288 -0.06608255 2.17802
-0.3115518 -0.3625815 2.146601
-0.3218323 -0.626259 2.090115
-0.30967 -0.6887523 2.02178
-0.184735 -0.04071743 2.189575
-0.1432485 -0.3623396 2.126519
-0.1535807 -0.588728 2.06022
-0.1738458 -0.6688337 1.979984

-0.2548619 -0.003275101 2.200224
-0.276134 0.06286613 2.26432
-0.4069511 0.4726793 2.371966
-0.4564045 0.621847 2.343086
-0.5048131 0.318076 2.338573
-0.5185853 0.1330819 2.308264
-0.5288942 -0.07718061 2.171459
-0.5239615 -0.1311181 2.13664
-0.2821771 0.3651041 2.323052
-0.2278591 0.1587141 2.189212
-0.005973876 0.1132314 2.220436
0.04222898 0.0977286 2.221341
-0.2936106 -0.06572425 2.177076
-0.3117013 -0.3626876 2.146947
-0.3218676 -0.6261245 2.090305
-0.3095681 -0.688762 2.021927
-0.1828412 -0.03927008 2.189116
-0.1434397 -0.3624693 2.126925
-0.1536612 -0.5887486 2.060405
-0.1737382 -0.6689054 1.980112

-0.2539049 -0.003116156 2.199855
-0.275368 0.0629667 2.264144
-0.4069577 0.4726325 2.37231
-0.4559277 0.6219676 2.343375
-0.5046367 0.3183004 2.338875
-0.5183399 0.13472 2.308727
-0.5286209 -0.07737325 2.171084
-0.5229589 -0.1294586 2.137913
-0.2824003 0.364139 2.322718
-0.2266304 0.1560848 2.188769
0.007479951 0.09965695 2.214039
0.04449659 0.06394164 2.198179
-0.2927701 -0.06532127 2.176232
-0.3118294 -0.3627739 2.147264
-0.3219005 -0.6259932 2.090487
-0.3094275 -0.68879 2.022013
-0.181063 -0.03762357 2.188552
-0.1436231 -0.3626061 2.127305
-0.1537392 -0.5887671 2.060585
-0.1736031 -0.6689713 1.98025

-0.2531636 -0.002916502 2.199549
-0.2747278 0.0630972 2.263985
-0.4069617 0.4725862 2.372601
-0.4554487 0.6220766 2.343589
-0.5044808 0.3184995 2.339131
-0.5181777 0.1359681 2.309006
-0.5283259 -0.07738704 2.170895
-0.5220697 -0.1280797 2.139294
-0.2825433 0.3634056 2.3225
-0.2230192 0.1560204 2.187929
0.01921876 0.09738664 2.215167
0.0462651 0.05075337 2.189558
-0.2921991 -0.06495652 2.175708
-0.3119453 -0.3627474 2.147611
-0.3219319 -0.6258683 2.090657
-0.3091854 -0.6888693 2.022023
-0.1799356 -0.03603065 2.187895
-0.1437845 -0.3627379 2.127655
-0.1538 -0.588777 2.060769
-0.1735671 -0.6690065 1.980295

-0.2523863 -0.002691641 2.199213
-0.2740224 0.06325235 2.263779
-0.4069603 0.472538 2.372835
-0.4549987 0.6221623 2.343758
-0.5043356 0.3186454 2.339337
-0.5180592 0.1368656 2.309143
-0.5280613 -0.0773399 2.17078
-0.5213201 -0.1270608 2.140447
-0.2827581 0.3629302 2.322337
-0.2119267 0.1561622 2.189491
0.02696704 0.09941973 2.218594
0.04808211 0.05131866 2.191524
-0.2915342 -0.06452706 2.175154
-0.3120301 -0.3627752 2.1479
-0.3219707 -0.6258265 2.090825
-0.3091031 -0.6893623 2.021387
-0.179019 -0.03468314 2.187337
-0.1439681 -0.3629314 2.128015
-0.1538554 -0.588842 2.060937
-0.1736132 -0.6690264 1.980294

-0.2517177 -0.002454912 2.198942
-0.2734404 0.06340448 2.263616
-0.4069419 0.4724886 2.373019
-0.4545508 0.6222093 2.343969
-0.5042037 0.3187609 2.339517
-0.5179517 0.1374967 2.309249
-0.5278127 -0.07724328 2.170734
-0.5206428 -0.1263394 2.141522
-0.2826368 0.3623417 2.322393
-0.2101238 0.1552137 2.189638
0.01670584 0.1410093 2.247682
0.04033123 0.07817832 2.209457
-0.2909937 -0.0641292 2.174676
-0.3121 -0.3626594 2.148196
-0.322007 -0.6258008 2.090994
-0.3090634 -0.6895276 2.021301
-0.1782799 -0.03359877 2.186958
-0.1441348 -0.363104 2.128357
-0.1538907 -0.5888799 2.061096
-0.1733841 -0.6690773 1.980532

-0.2512631 -0.002296919 2.198773
-0.2730181 0.06351318 2.263511
-0.4069065 0.4724441 2.373203
-0.4541359 0.6222414 2.34421
-0.5040836 0.3188598 2.339673
-0.5178745 0.1379619 2.309314
-0.5275741 -0.07710804 2.170725
-0.5200902 -0.1258374 2.142432
-0.282029 0.3615447 2.32261
-0.2090909 0.1540156 2.189695
0.01278674 0.1589962 2.26027
0.03893356 0.0884103 2.2165
-0.2906557 -0.06386931 2.174345
-0.3121572 -0.3625388 2.148466
-0.3220525 -0.6257286 2.091154
-0.3090396 -0.689672 2.02124
-0.1778523 -0.03297899 2.186767
-0.1442835 -0.363267 2.128661
-0.1539201 -0.5889145 2.061239
-0.173274 -0.6691263 1.980575

-0.2510493 -0.002229826 2.198734
-0.2727958 0.06356502 2.26349
-0.4068572 0.4724084 2.373379
-0.4536388 0.6222661 2.344434
-0.5039591 0.318958 2.339814
-0.5178072 0.1383019 2.309408
-0.5269873 -0.07676281 2.17092
-0.5199089 -0.128783 2.141585
-0.2817448 0.3611814 2.322877
-0.2103802 0.1530252 2.189465
0.0106764 0.1677651 2.266269
0.03799124 0.09685225 2.221739
-0.2904503 -0.06369013 2.174166
-0.3122048 -0.3624178 2.148713
-0.3220977 -0.6256561 2.091307
-0.3090257 -0.689799 2.021193
-0.1792163 -0.03283675 2.187588
-0.1444133 -0.3632904 2.128936
-0.1539451 -0.5889453 2.06136
-0.1732236 -0.6691613 1.9806

-0.2515371 -0.00150803 2.199491
-0.2730977 0.06384851 2.263838
-0.4067717 0.4723428 2.373521
-0.4532087 0.6223121 2.344627
-0.5037193 0.3188885 2.339965
-0.5176992 0.1384473 2.309449
-0.5265307 -0.07669161 2.170979
-0.5194935 -0.1327288 2.14
-0.2640651 0.3901023 2.347809
-0.2050845 0.1814855 2.208249
0.02209713 0.1503716 2.252857
0.03992766 0.09512133 2.220521
-0.2910037 -0.06316111 2.175325
-0.3122566 -0.3623586 2.148932
-0.3221349 -0.6256153 2.091426
-0.3090128 -0.6899251 2.021129
-0.1807176 -0.0325561 2.188326
-0.1445251 -0.363293 2.129174
-0.1539723 -0.5889807 2.061469
-0.1731848 -0.6691996 1.980607

-0.252197 -0.001147363 2.20028
-0.27328 0.0640495 2.264211
-0.4066716 0.4722866 2.373658
-0.4527852 0.6223446 2.344835
-0.5035109 0.3187861 2.34015
-0.5156793 0.1173466 2.300747
-0.5259333 -0.07713266 2.17079
-0.5188886 -0.13838 2.137504
-0.2620427 0.3799374 2.34404
-0.20039 0.1751824 2.205065
0.03021978 0.1391069 2.244919
0.04391019 0.09103771 2.218182
-0.2916487 -0.06291234 2.176361
-0.3123063 -0.3622999 2.149138
-0.3221909 -0.6254997 2.09157
-0.3090028 -0.6899967 2.021101
-0.1825276 -0.03284124 2.189251
-0.1446123 -0.3632984 2.129378
-0.1539974 -0.5890142 2.061567
-0.173107 -0.6692431 1.980613

-0.2528091 -0.001025404 2.200962
-0.2734908 0.06415063 2.264574
-0.4065756 0.4722334 2.373776
-0.4523767 0.6223643 2.345047
-0.5033338 0.3186628 2.340305
-0.5139927 0.1168332 2.300132
-0.5243077 -0.07723377 2.170551
-0.5179747 -0.1387682 2.138198
-0.2621078 0.3710293 2.339657
-0.2014513 0.1708609 2.200377
0.03251759 0.1332762 2.240231
0.04535133 0.08825707 2.215871
-0.2921901 -0.06288778 2.177212
-0.3123688 -0.3621782 2.149358
-0.3222433 -0.625379 2.091699
-0.3089975 -0.6900563 2.02108
-0.1840959 -0.03324591 2.190031
-0.1446851 -0.3632966 2.12955
-0.1540237 -0.5890529 2.061657
-0.1728686 -0.6693366 1.980848

-0.2533873 -0.001027774 2.201577
-0.2737208 0.06419551 2.264925
-0.4065078 0.4721908 2.373858
-0.4520186 0.6223735 2.345241
-0.5032046 0.3185355 2.340456
-0.5123572 0.1181047 2.300379
-0.523101 -0.07735412 2.170437
-0.5170218 -0.1410597 2.137638
-0.2632381 0.3657397 2.336606
-0.2052014 0.1624617 2.195158
0.03308407 0.1294041 2.236987
0.04590765 0.08592581 2.21391
-0.2926629 -0.06295112 2.177968
-0.3124319 -0.362019 2.149575
-0.3223029 -0.6252777 2.09181
-0.30935 -0.6905259 2.020158
-0.1854259 -0.0337133 2.190675
-0.1447531 -0.363265 2.129704
-0.1540545 -0.5890996 2.061738
-0.172208 -0.6696021 1.981738

-0.2539015 -0.00107122 2.202079
-0.2739431 0.06421531 2.265229
-0.4064419 0.4721472 2.373917
-0.4516993 0.6223878 2.345415
-0.5030817 0.3183846 2.340611
-0.5108881 0.1202485 2.301311
-0.5213199 -0.07722944 2.169999
-0.5148187 -0.1560855 2.130176
-0.2643265 0.36218 2.334317
-0.2122257 0.1572643 2.191216
0.02937066 0.1262303 2.2334
0.04428853 0.08381473 2.211812
-0.2930783 -0.06302173 2.178459
-0.31249 -0.3618675 2.149767
-0.3223607 -0.625192 2.091915
-0.3095157 -0.6911473 2.018599
-0.1864709 -0.0341576 2.191185
-0.1448119 -0.3632278 2.129836
-0.1540828 -0.5891501 2.061808
-0.1721402 -0.6698483 1.981945

-0.2543494 -0.001131091 2.202498
-0.2741521 0.06422724 2.2655
-0.406415 0.4721199 2.373957
-0.4513726 0.6224589 2.345631
-0.5029747 0.3181055 2.340808
-0.5101733 0.116492 2.300227
-0.5172377 -0.0873548 2.162487
-0.5133721 -0.1637059 2.126112
-0.2653897 0.3596604 2.332521
-0.2177539 0.1536635 2.188294
0.02507668 0.1242077 2.230809
0.04251806 0.08219573 2.210299
-0.2934304 -0.06311274 2.17894
-0.312542 -0.3617263 2.149933
-0.3224153 -0.6251197 2.092005
-0.3098168 -0.6921033 2.015817
-0.1872758 -0.03448629 2.191526
-0.1448631 -0.3631815 2.129954
-0.1541101 -0.5892132 2.061866
-0.172154 -0.6699885 1.982018

-0.2546761 -0.001199292 2.202793
-0.2743129 0.06421961 2.265708
-0.406379 0.4720687 2.373992
-0.4511032 0.6225266 2.345841
-0.5028693 0.3178882 2.340976
-0.5091653 0.1195944 2.302447
-0.5152427 -0.08724807 2.162124
-0.5122672 -0.1678621 2.123806
-0.2664433 0.3578756 2.331102
-0.2196719 0.1509408 2.18729
0.02413465 0.1229712 2.229707
0.04230956 0.08126384 2.209746
-0.2936198 -0.0631394 2.179145
-0.3125939 -0.3615817 2.15009
-0.3224648 -0.6250535 2.092085
-0.3099452 -0.6926509 2.014218
-0.1878375 -0.03477258 2.191813
-0.1449046 -0.3631354 2.130055
-0.154138 -0.5892811 2.061919
-0.1722311 -0.6701059 1.98204

-0.2552612 -0.0007072475 2.203618
-0.2749475 0.06447275 2.266307
-0.4063322 0.4719919 2.374015
-0.4508875 0.6225796 2.346011
-0.5027632 0.3176306 2.34113
-0.5088323 0.1166235 2.301566
-0.5141242 -0.08763881 2.161871
-0.5110495 -0.166479 2.123925
-0.2588007 0.3878699 2.349371
-0.1906042 0.1816648 2.214421
0.0257445 0.121865 2.23019
0.04696369 0.07883199 2.211852
-0.2940668 -0.06302 2.180145
-0.3126338 -0.3612969 2.150287
-0.3225005 -0.6249975 2.092155
-0.310047 -0.6928568 2.013709
-0.1882263 -0.03483313 2.192017
-0.1449418 -0.3630956 2.130142
-0.154165 -0.589342 2.061968
-0.1722167 -0.6701941 1.982083

-0.255616 -0.0005602991 2.204101
-0.2751313 0.06459407 2.266648
-0.4062755 0.4718734 2.374016
-0.4507138 0.6226289 2.34616
-0.5025427 0.3171949 2.341297
-0.5079654 0.1190671 2.302983
-0.5117478 -0.07622626 2.169219
-0.5086038 -0.1462242 2.132565
-0.2708913 0.3771258 2.338347
-0.1936759 0.1761607 2.205663
0.0256656 0.1212736 2.230072
0.04784723 0.07783664 2.212386
-0.2943466 -0.06298379 2.18102
-0.3126833 -0.3608882 2.150491
-0.3225312 -0.6249505 2.09222
-0.3102117 -0.6929744 2.013623
-0.1885439 -0.03487927 2.19215
-0.1449786 -0.3629865 2.130271
-0.1541921 -0.5893946 2.062013
-0.1721851 -0.6702629 1.982107

-0.255889 -0.0004696001 2.204487
-0.2752995 0.0646774 2.266942
-0.4062155 0.4717478 2.374004
-0.4505649 0.6226741 2.346286
-0.5023339 0.3167825 2.341439
-0.5077137 0.1178158 2.303011
-0.5092222 -0.08143479 2.167745
-0.5077001 -0.1438025 2.133358
-0.2741549 0.3726802 2.334283
-0.1706606 0.1731636 2.210076
0.02772276 0.1208877 2.231379
0.05113101 0.07644125 2.214122
-0.2945207 -0.06298363 2.181553
-0.3127417 -0.3604208 2.1507
-0.3225538 -0.6249129 2.09227
-0.3103738 -0.6930211 2.013776
-0.1887799 -0.03496229 2.1923
-0.145018 -0.3628764 2.130399
-0.15422 -0.5894452 2.062053
-0.1721484 -0.670314 1.982145

-0.2562046 -0.0005481116 2.204827
-0.2754814 0.06467457 2.267207
-0.4061632 0.471631 2.373995
-0.450439 0.6227144 2.346397
-0.5020681 0.3163145 2.341556
-0.5075787 0.1202435 2.304859
-0.5078974 -0.06858856 2.176765
-0.5061282 -0.1308666 2.139755
-0.2764944 0.3692658 2.331284
-0.1971906 0.1574845 2.200252
0.01333628 0.1460143 2.25245
0.04788845 0.08623911 2.222663
-0.2946699 -0.06304104 2.182081
-0.3127785 -0.360112 2.150879
-0.3225698 -0.6248897 2.09232
-0.3105541 -0.6930404 2.014127
-0.1892877 -0.03519844 2.192379
-0.1450547 -0.3627679 2.13052
-0.1542543 -0.5895116 2.062091
-0.1719282 -0.6703404 1.982479

-0.2565227 -0.0007403292 2.205118
-0.2756412 0.06462568 2.267432
-0.4061134 0.4715208 2.373977
-0.4503319 0.6227534 2.346505
-0.5017352 0.3157147 2.341708
-0.5074217 0.1220784 2.306308
-0.5071966 -0.06735507 2.177776
-0.5038096 -0.1414528 2.13196
-0.2781731 0.3665912 2.329005
-0.2030745 0.1535902 2.195983
0.01233253 0.1480315 2.255404
0.04771274 0.08734673 2.22436
-0.2947822 -0.0631325 2.182546
-0.3128173 -0.3599119 2.151009
-0.3225867 -0.6248558 2.09237
-0.3106983 -0.6930509 2.014451
-0.1898907 -0.03549637 2.192412
-0.1450879 -0.362682 2.130628
-0.154291 -0.5895943 2.062121
-0.171852 -0.6703559 1.982571

-0.2568526 -0.001055299 2.205377
-0.2758112 0.0645103 2.267646
-0.4060687 0.471417 2.373959
-0.4502361 0.6227875 2.346614
-0.5014738 0.3152719 2.341818
-0.5072049 0.1238935 2.30785
-0.5076089 -0.05270973 2.189764
-0.5036799 -0.1203489 2.145582
-0.2792945 0.3646519 2.327397
-0.2064189 0.1523199 2.193858
0.01307643 0.1470858 2.256346
0.04759436 0.08799734 2.225625
-0.2948743 -0.06323766 2.182851
-0.3128571 -0.3597216 2.151132
-0.3226022 -0.6248243 2.092416
-0.3107415 -0.692987 2.014596
-0.1905956 -0.03599851 2.192579
-0.14512 -0.3626071 2.13073
-0.1543289 -0.5896777 2.062147
-0.1718928 -0.6703919 1.982418

-0.2571331 -0.001453649 2.205581
-0.2759529 0.06434776 2.267837
-0.4060319 0.4713235 2.37397
-0.4501284 0.6228234 2.34674
-0.5012196 0.3148735 2.341898
-0.5070219 0.1253639 2.309131
-0.5071309 -0.05616938 2.188096
-0.5031339 -0.117058 2.147361
-0.2802935 0.3634315 2.32629
-0.2087273 0.1514619 2.192235
0.01152502 0.1524664 2.261762
0.0476414 0.09177913 2.229854
-0.2949129 -0.0633542 2.183105
-0.3128929 -0.359604 2.151232
-0.322614 -0.6247978 2.092455
-0.3107602 -0.6929176 2.014723
-0.1912484 -0.03647972 2.192708
-0.1451587 -0.3625569 2.130821
-0.1543642 -0.5897564 2.062169
-0.1720114 -0.6703705 1.982121

-0.2578686 -0.001451228 2.206048
-0.276298 0.06436058 2.268186
-0.4059883 0.4712229 2.373988
-0.4500353 0.6228526 2.346855
-0.5009995 0.314266 2.342026
-0.5068749 0.1261154 2.309649
-0.5065166 -0.06256066 2.183203
-0.5022085 -0.1155726 2.147822
-0.2810441 0.3624777 2.325448
-0.2071235 0.1518238 2.191609
0.01004793 0.1568954 2.265813
0.04730901 0.09545215 2.233534
-0.2954331 -0.06301922 2.18524
-0.3129206 -0.3595186 2.151312
-0.322624 -0.6247743 2.092492
-0.3107723 -0.6928529 2.014843
-0.1940439 -0.03546233 2.192113
-0.1452028 -0.3625177 2.130908
-0.1544004 -0.5898334 2.06219
-0.1720024 -0.6704029 1.982172

-0.2602026 0.0002143712 2.207694
-0.2776723 0.06546435 2.269455
-0.4059458 0.4711356 2.37402
-0.4499511 0.622887 2.346986
-0.5008597 0.3137029 2.34218
-0.5067584 0.1266779 2.310009
-0.5064174 -0.06254008 2.183109
-0.5018959 -0.1145347 2.148113
-0.2815297 0.3612447 2.324661
-0.2070418 0.1514314 2.190792
0.02076451 0.1440222 2.259978
0.04993224 0.09279456 2.233816
-0.2973194 -0.06094277 2.190876
-0.3129457 -0.35948 2.151378
-0.3226371 -0.6248355 2.092506
-0.3108659 -0.6928933 2.014707
-0.1980205 -0.03298808 2.191161
-0.1452908 -0.362426 2.131021
-0.1544415 -0.5899112 2.062211
-0.1722998 -0.6705239 1.98202

-0.2621644 0.001702522 2.209072
-0.2789499 0.06653205 2.270595
-0.4059086 0.4710577 2.374047
-0.4498751 0.622914 2.347108
-0.500747 0.313354 2.34227
-0.5092918 0.1130837 2.301716
-0.5064105 -0.06258682 2.182979
-0.5017385 -0.1150344 2.147442
-0.2819105 0.3604045 2.324106
-0.2070563 0.1512123 2.190171
0.0259277 0.1367866 2.256258
0.05168208 0.09021527 2.233497
-0.2986692 -0.0593315 2.19512
-0.3129717 -0.3594474 2.151433
-0.3226519 -0.6249125 2.092514
-0.310918 -0.6929057 2.014677
-0.2013977 -0.03061695 2.190292
-0.1453772 -0.3623382 2.131127
-0.1544879 -0.5899947 2.062231
-0.1725702 -0.6706355 1.981836

-0.2636624 0.003121859 2.209993
-0.2799846 0.06760131 2.271432
-0.4058771 0.4709931 2.37407
-0.4498118 0.6229375 2.347215
-0.5006106 0.3130384 2.342358
-0.5086366 0.1143323 2.302872
-0.5061148 -0.06638006 2.18012
-0.5009539 -0.1158404 2.146644
-0.2821814 0.3596544 2.323613
-0.2081617 0.1508678 2.189122
0.02642886 0.1324131 2.252901
0.05085423 0.08790478 2.232116
-0.2995416 -0.0580394 2.198006
-0.3129987 -0.3594362 2.151488
-0.3226668 -0.6249862 2.092514
-0.3109653 -0.6929194 2.01464
-0.2040309 -0.02786987 2.189
-0.1454418 -0.3622891 2.131203
-0.1545287 -0.5900774 2.062252
-0.1728245 -0.6707234 1.981652

-0.2651719 0.004666829 2.210875
-0.2811514 0.06882584 2.272274
-0.4058515 0.4709364 2.374093
-0.4497634 0.6229578 2.347306
-0.5005394 0.3126874 2.342455
-0.507874 0.1160631 2.304375
-0.506637 -0.06459555 2.18088
-0.5007964 -0.1156358 2.146634
-0.2821808 0.3589618 2.323276
-0.2090308 0.1505615 2.188291
0.02654451 0.1294644 2.250498
0.05007702 0.08590105 2.230845
-0.300364 -0.05693541 2.200226
-0.3130508 -0.3595404 2.15158
-0.3226815 -0.6250637 2.092507
-0.3111809 -0.6932861 2.013336
-0.2059568 -0.02575373 2.18806
-0.145502 -0.3622477 2.131273
-0.1545646 -0.5901535 2.062274
-0.1732386 -0.6707112 1.981335

-0.2663761 0.005949663 2.211548
-0.2821753 0.06989112 2.272957
-0.4058283 0.4708862 2.374114
-0.4497335 0.6229764 2.347399
-0.5004073 0.3123226 2.342519
-0.5075688 0.1151692 2.303699
-0.5068482 -0.06540076 2.180093
-0.5007859 -0.1215577 2.142767
-0.2820507 0.3584302 2.323126
-0.1659213 0.1613705 2.212253
0.02883875 0.1270916 2.249285
0.05221001 0.08369103 2.230307
-0.3010037 -0.05604312 2.201811
-0.3131018 -0.3596574 2.151669
-0.3226947 -0.6251495 2.092494
-0.3113556 -0.6936368 2.012158
-0.2073826 -0.02412093 2.18739
-0.1455651 -0.362187 2.131343
-0.1545855 -0.5901795 2.062294
-0.1735882 -0.6706133 1.981128

-0.2673445 0.007052926 2.212043
-0.2830176 0.0708462 2.273477
-0.4058117 0.470846 2.374128
-0.4497142 0.6229919 2.347469
-0.5002761 0.3119808 2.34257
-0.506884 0.1169722 2.304347
-0.506355 -0.06890843 2.175926
-0.5002162 -0.1234068 2.141683
-0.2821119 0.3581865 2.323007
-0.1870195 0.157467 2.206742
0.02774294 0.1256008 2.2475
0.05098369 0.08221868 2.229017
-0.3014884 -0.05526302 2.203004
-0.3131459 -0.3597123 2.151741
-0.3227075 -0.6252294 2.092479
-0.3114315 -0.6938918 2.01134
-0.2085819 -0.02262445 2.186795
-0.1456202 -0.3621185 2.131414
-0.154605 -0.5901998 2.062316
-0.1739139 -0.6704987 1.980942

-0.2690869 0.01015953 2.213473
-0.2851737 0.07314067 2.274742
-0.4058023 0.4708118 2.374144
-0.4497049 0.6230165 2.347547
-0.5001996 0.3117351 2.342603
-0.5062791 0.1143371 2.302589
-0.5071315 -0.06630356 2.177448
-0.500263 -0.1238984 2.141349
-0.2640584 0.3884052 2.344962
-0.2019851 0.1837921 2.213179
0.0269789 0.1250303 2.246417
0.05038826 0.08153107 2.228356
-0.302258 -0.05421618 2.20436
-0.3132282 -0.3599304 2.151823
-0.3227132 -0.6252888 2.092467
-0.3095759 -0.6939111 2.00978
-0.2094624 -0.02100665 2.186451
-0.1456681 -0.362058 2.131478
-0.1546249 -0.5902238 2.062329
-0.1741664 -0.6704153 1.980747

-0.2702316 0.01241044 2.214388
-0.2863547 0.07489225 2.275587
-0.4057948 0.4707807 2.374158
-0.4497231 0.6230631 2.347641
-0.5001382 0.3115313 2.342633
-0.5052333 0.1167504 2.304195
-0.5082681 -0.06059483 2.181526
-0.5007625 -0.1225573 2.142256
-0.2633846 0.3815359 2.342162
-0.2195497 0.1667598 2.200958
0.02377772 0.1244832 2.244592
0.04770627 0.08034428 2.226737
-0.3028377 -0.05340788 2.205326
-0.3133042 -0.3601374 2.151899
-0.3227188 -0.6253449 2.092455
-0.308802 -0.693959 2.009364
-0.2100108 -0.01965749 2.186154
-0.145696 -0.3620257 2.131526
-0.1546389 -0.590238 2.062341
-0.1741872 -0.6703636 1.980654

-0.2711321 0.01504498 2.215222
-0.2876112 0.07678661 2.27636
-0.405789 0.4707488 2.374175
-0.44984 0.6230746 2.347783
-0.5001025 0.3113281 2.34266
-0.5045918 0.1187037 2.30544
-0.5115706 -0.04160624 2.195959
-0.5044503 -0.1089724 2.152222
-0.2568659 0.3942183 2.350153
-0.2292181 0.1771375 2.205617
0.01883148 0.126288 2.243621
0.04413071 0.08101057 2.225902
-0.3033414 -0.05269179 2.206061
-0.3133733 -0.3603126 2.151965
-0.3227234 -0.6253968 2.092443
-0.3081705 -0.6938699 2.009238
-0.2098962 -0.01747737 2.185848
-0.1457173 -0.3619997 2.131569
-0.1546509 -0.5902488 2.062352
-0.1739612 -0.6702536 1.980767

-0.2716671 0.01658223 2.215703
-0.2881868 0.07813596 2.276863
-0.4057886 0.4707206 2.374193
-0.4502217 0.6230347 2.348068
-0.5000963 0.3111238 2.342701
-0.504514 0.1130627 2.300694
-0.5132293 -0.04067114 2.197788
-0.5064123 -0.1094738 2.153001
-0.2708662 0.3770787 2.337604
-0.2329837 0.1675087 2.199721
-0.0125803 0.179891 2.275524
0.02306132 0.1247354 2.249949
-0.3036949 -0.05216851 2.206585
-0.3134422 -0.3605199 2.15205
-0.3227296 -0.6255012 2.092429
-0.3079465 -0.6939235 2.00896
-0.2097727 -0.01590601 2.185627
-0.1457312 -0.3619859 2.131604
-0.1546618 -0.5902571 2.062361
-0.173939 -0.6701916 1.980775

-0.2720566 0.01735698 2.216007
-0.2886348 0.07885376 2.277196
-0.4058037 0.4706885 2.374221
-0.450578 0.6229942 2.348328
-0.5001043 0.3109402 2.342741
-0.5045382 0.1150699 2.301883
-0.5092744 -0.04409773 2.192871
-0.5049837 -0.1129056 2.149785
-0.2769299 0.3683878 2.331615
-0.232236 0.161108 2.194607
-0.1084665 0.2457331 2.300207
-0.1029636 0.2726951 2.329582
-0.3039644 -0.05188673 2.206968
-0.3135065 -0.3607182 2.152131
-0.3227346 -0.6256114 2.092412
-0.307799 -0.6939762 2.008736
-0.2098882 -0.01522942 2.185514
-0.1457427 -0.361987 2.131637
-0.1546721 -0.5902621 2.062369
-0.1739615 -0.6701627 1.980735

-0.2722608 0.01786374 2.216171
-0.288918 0.07932951 2.277401
-0.4058374 0.4706649 2.374253
-0.4510577 0.6229594 2.348636
-0.5000201 0.3106623 2.342718
-0.5046538 0.1168292 2.303158
-0.5065538 -0.04916153 2.187956
-0.5035382 -0.1175895 2.145972
-0.2805185 0.363675 2.328195
-0.227567 0.1599396 2.191824
-0.1620588 0.2867561 2.317464
-0.1446798 0.3280416 2.362245
-0.3040736 -0.05168819 2.207215
-0.3135648 -0.3608973 2.152224
-0.3227394 -0.6257025 2.092399
-0.3077079 -0.6940091 2.008587
-0.2099591 -0.0147299 2.185423
-0.1457516 -0.3619858 2.131661
-0.1546833 -0.5902677 2.062375
-0.1739447 -0.6701496 1.980703
