
-0.5099003 -0.6612025 2.417467
-0.5422186 -0.6375813 2.397562
-0.7181888 -0.6063942 2.422879
-0.8233018 -0.4826677 2.431042
-0.642126 -0.5223505 2.536505
-0.7843454 -0.6003885 2.431993
-0.860019 -0.5182855 2.345255
-0.851985 -0.4999456 2.301615
-0.7340278 -0.7246708 2.320065
-0.5501061 -0.7249894 2.293354
-0.7286775 -0.7509986 2.352497
-0.7732964 -0.7749242 2.364041
-0.4211423 -0.6035219 2.401677
-0.09210119 -0.5383615 2.55965
-0.356418 -0.6041625 2.511634
-0.2812634 -0.614471 2.502478
-0.5022554 -0.752426 2.423103
-0.1316191 -0.7290813 2.425008
0.0814388 -0.7376264 2.431788
0.1067789 -0.7828896 2.461029

-0.5091007 -0.6618913 2.417784
-0.5417472 -0.6377989 2.398036
-0.7181959 -0.6064155 2.422906
-0.823334 -0.4826648 2.431048
-0.6421248 -0.5223587 2.536494
-0.7843516 -0.6004027 2.431979
-0.8600193 -0.5182866 2.345242
-0.8519849 -0.4999462 2.301601
-0.7340267 -0.724679 2.320054
-0.5500914 -0.7249925 2.293366
-0.7287066 -0.7505978 2.352744
-0.772935 -0.7742707 2.364014
-0.4198619 -0.6116992 2.400366
-0.09272703 -0.5389721 2.55915
-0.3570568 -0.6047764 2.511133
-0.2809154 -0.6166781 2.501424
-0.5011106 -0.7520695 2.42369
-0.1310616 -0.7285762 2.425317
0.08145246 -0.7371386 2.42684
0.1073454 -0.7819802 2.456218

-0.5067607 -0.6634825 2.418358
-0.5402569 -0.6385376 2.398805
-0.7182087 -0.6064402 2.422928
-0.823367 -0.4826602 2.431054
-0.6421268 -0.5223687 2.536485
-0.7843634 -0.6004209 2.431965
-0.8600228 -0.5182884 2.345231
-0.8519883 -0.4999473 2.301587
-0.7340286 -0.7246891 2.320045
-0.5500805 -0.7250041 2.293369
-0.7285859 -0.7501671 2.352819
-0.7723489 -0.7736474 2.363685
-0.4170773 -0.6171554 2.40086
-0.09234453 -0.5397886 2.559015
-0.3566924 -0.6055934 2.510996
-0.2787703 -0.6189477 2.501067
-0.4988519 -0.7518348 2.424498
-0.128997 -0.727572 2.426203
0.08201323 -0.7364789 2.423375
0.1082056 -0.7811329 2.453667

-0.503772 -0.6655446 2.419207
-0.5380213 -0.6397448 2.399885
-0.7182234 -0.6064669 2.422956
-0.8233967 -0.4826555 2.431059
-0.6421297 -0.5223789 2.53648
-0.7843764 -0.6004397 2.431955
-0.8600268 -0.51829 2.345222
-0.851992 -0.4999483 2.301578
-0.7340314 -0.7246993 2.32004
-0.5500711 -0.7250025 2.293376
-0.7282605 -0.7494265 2.352875
-0.7715699 -0.772808 2.363298
-0.4138486 -0.6214164 2.402297
-0.09108158 -0.5410066 2.559225
-0.3554517 -0.6068115 2.511205
-0.2756713 -0.6214412 2.501226
-0.4963152 -0.7517945 2.425396
-0.1265201 -0.7272745 2.426712
0.08279269 -0.7363641 2.420029
0.109158 -0.7808557 2.451619

-0.4950486 -0.6653988 2.42625
-0.5316212 -0.6398565 2.405068
-0.7182359 -0.6064963 2.42299
-0.8234164 -0.4826593 2.431062
-0.642132 -0.5223897 2.536477
-0.7843886 -0.600459 2.431949
-0.8600299 -0.5182915 2.345217
-0.8519946 -0.4999491 2.30157
-0.7340337 -0.72471 2.320037
-0.5500569 -0.7249808 2.293392
-0.7278013 -0.7485023 2.352913
-0.7706913 -0.7718693 2.362883
-0.3931596 -0.6041602 2.432494
-0.07460248 -0.5399439 2.567766
-0.3390375 -0.605762 2.519735
-0.2465708 -0.6195988 2.514342
-0.491209 -0.7516023 2.428503
-0.12155 -0.7269678 2.428219
0.08417955 -0.7362612 2.417745
0.1112672 -0.7807303 2.450577

-0.4931411 -0.6621746 2.430113
-0.529507 -0.6379602 2.408255
-0.7182476 -0.606523 2.423022
-0.8234304 -0.4826615 2.431065
-0.6421344 -0.5223994 2.536474
-0.7844009 -0.6004774 2.431943
-0.8600329 -0.5182925 2.345212
-0.8519976 -0.4999495 2.301564
-0.734036 -0.7247198 2.320035
-0.5500388 -0.7249345 2.293416
-0.7272789 -0.7474933 2.352947
-0.7698034 -0.7709135 2.362481
-0.3970113 -0.5740262 2.441505
-0.07146779 -0.5373201 2.571022
-0.3359264 -0.6031469 2.522989
-0.2440195 -0.6154479 2.518042
-0.4893188 -0.751085 2.430516
-0.1198055 -0.7266501 2.429055
0.08467097 -0.7361129 2.416252
0.111924 -0.7805454 2.449834

-0.4679826 -0.6573313 2.447015
-0.514078 -0.6344568 2.419404
-0.7182569 -0.6065494 2.423054
-0.8234366 -0.4826621 2.431062
-0.6421362 -0.5224091 2.536474
-0.7844121 -0.6004956 2.431939
-0.8600354 -0.5182933 2.345208
-0.8519998 -0.4999498 2.30156
-0.7340378 -0.7247294 2.320034
-0.5500139 -0.7248587 2.293456
-0.7267308 -0.7464566 2.352993
-0.7689484 -0.7699809 2.362126
-0.3815649 -0.5697867 2.459524
-0.05441048 -0.5352402 2.578087
-0.3189088 -0.6010775 2.530054
-0.2262736 -0.6135008 2.523782
-0.4546322 -0.7470902 2.446676
-0.08405 -0.723815 2.437351
0.1116189 -0.7611831 2.39769
0.1360892 -0.8104395 2.434752

-0.4750562 -0.6510959 2.448829
-0.5124757 -0.6321512 2.422665
-0.7182598 -0.6066103 2.423144
-0.8234425 -0.4826638 2.431061
-0.6421355 -0.5224333 2.53649
-0.7844231 -0.6005281 2.431952
-0.8600379 -0.5182992 2.345214
-0.8520018 -0.4999539 2.301563
-0.7340372 -0.7247536 2.320051
-0.549981 -0.7247625 2.293502
-0.726186 -0.7454527 2.353028
-0.7681468 -0.7691061 2.361799
-0.3875602 -0.5596023 2.457115
-0.05161912 -0.5336772 2.57993
-0.3161334 -0.5995184 2.531898
-0.2301708 -0.6098377 2.523624
-0.4649191 -0.7460073 2.449548
-0.09318405 -0.7236518 2.438692
0.1034304 -0.771838 2.38873
0.1138782 -0.8312449 2.421959

-0.4769522 -0.6473806 2.450862
-0.5118508 -0.630008 2.425077
-0.7182497 -0.6066833 2.423247
-0.8234462 -0.4826702 2.431053
-0.6421297 -0.522464 2.536514
-0.7844298 -0.6005669 2.431969
-0.8600377 -0.518308 2.345224
-0.8520013 -0.4999604 2.301569
-0.7340313 -0.7247844 2.320075
-0.5499557 -0.7247235 2.293519
-0.725727 -0.7447559 2.352982
-0.767456 -0.7684999 2.361443
-0.3883304 -0.5529653 2.45947
-0.04955342 -0.5295564 2.58362
-0.3140813 -0.5954019 2.535591
-0.2321005 -0.604049 2.52697
-0.4664914 -0.7457682 2.451516
-0.09442917 -0.7236377 2.439605
0.1013487 -0.7775109 2.384327
0.1108567 -0.8381835 2.418148

-0.4792572 -0.6452101 2.451589
-0.512158 -0.6283938 2.426524
-0.7182394 -0.606753 2.423318
-0.8234325 -0.4826807 2.431014
-0.6421235 -0.5224959 2.536528
-0.7844357 -0.6006079 2.431979
-0.8600373 -0.5183164 2.345228
-0.8520008 -0.4999667 2.30157
-0.7340251 -0.7248164 2.320089
-0.549927 -0.7246808 2.293536
-0.7252994 -0.7441256 2.352938
-0.7668413 -0.7679673 2.361135
-0.3899267 -0.5512038 2.4587
-0.04831953 -0.5278524 2.585281
-0.3128575 -0.5937005 2.537254
-0.2340188 -0.6019295 2.527774
-0.4693367 -0.7459663 2.452455
-0.09707185 -0.7239535 2.440192
0.09907038 -0.781375 2.381842
0.1084999 -0.8424543 2.416362

-0.4815094 -0.6439615 2.451699
-0.5130594 -0.627145 2.427344
-0.7182291 -0.6068236 2.423389
-0.8234117 -0.482685 2.430958
-0.6421173 -0.5225295 2.536543
-0.7844419 -0.6006509 2.431989
-0.8600371 -0.5183254 2.345233
-0.8520004 -0.4999735 2.301572
-0.7340189 -0.72485 2.320104
-0.549903 -0.724666 2.293532
-0.7249584 -0.7437078 2.352829
-0.7663208 -0.7676256 2.360781
-0.3919453 -0.5524421 2.457697
-0.04770454 -0.526477 2.586552
-0.3122512 -0.5923273 2.538526
-0.2359033 -0.6005983 2.528233
-0.4721051 -0.7461483 2.452595
-0.09823348 -0.7240717 2.440611
0.0968551 -0.7838575 2.380563
0.1064359 -0.8443548 2.41637

-0.4880299 -0.6548621 2.441741
-0.5166377 -0.630411 2.423809
-0.7182186 -0.6068906 2.423455
-0.8233844 -0.4826962 2.430823
-0.6421111 -0.5225628 2.536558
-0.784448 -0.6006935 2.432
-0.8600369 -0.518334 2.345238
-0.8519998 -0.4999798 2.301574
-0.7340125 -0.7248834 2.320119
-0.549878 -0.7246369 2.293529
-0.7246345 -0.7432764 2.352732
-0.7658633 -0.7672761 2.360485
-0.4063914 -0.6026845 2.422105
-0.06086787 -0.5357586 2.575415
-0.3254318 -0.6016173 2.527394
-0.260306 -0.61878 2.507802
-0.4745569 -0.7464567 2.452191
-0.1009901 -0.7280913 2.436658
0.0944622 -0.7874773 2.377878
0.1052972 -0.8470669 2.414734

-0.4943987 -0.6568384 2.435257
-0.5220308 -0.6313823 2.41969
-0.7182048 -0.606975 2.423551
-0.8233389 -0.4827341 2.430645
-0.642103 -0.5226058 2.536587
-0.7844542 -0.6007459 2.432022
-0.8600361 -0.518348 2.345251
-0.8519986 -0.4999907 2.301583
-0.7340044 -0.7249264 2.320148
-0.5498531 -0.7246081 2.293525
-0.7243504 -0.7429017 2.352641
-0.7654737 -0.7669802 2.360228
-0.4158337 -0.5968314 2.410355
-0.06807219 -0.5345774 2.572563
-0.3326486 -0.6004391 2.524545
-0.2699385 -0.6175923 2.504275
-0.4805129 -0.7462411 2.4482
-0.1065707 -0.7273927 2.435327
0.09044977 -0.7870701 2.377958
0.101888 -0.8424295 2.417155

-0.496164 -0.6579781 2.433178
-0.5242656 -0.6320175 2.417806
-0.7181953 -0.6070539 2.423642
-0.8233089 -0.4827574 2.430401
-0.6420968 -0.5226477 2.536616
-0.7844625 -0.6007973 2.432045
-0.8600366 -0.5183613 2.345264
-0.8519985 -0.5000009 2.301591
-0.7339982 -0.7249683 2.320176
-0.549766 -0.7244823 2.293941
-0.7238038 -0.7423651 2.353461
-0.7648743 -0.7666091 2.360765
-0.4130343 -0.5985488 2.410197
-0.06949478 -0.5351181 2.57142
-0.334079 -0.6009817 2.523404
-0.2680036 -0.6187993 2.503698
-0.4831813 -0.746373 2.446261
-0.1093648 -0.7268253 2.434232
0.08782748 -0.7862687 2.378098
0.1005673 -0.8382402 2.418887

-0.4967783 -0.6588435 2.432117
-0.5252492 -0.6323664 2.417017
-0.7181883 -0.6071355 2.423724
-0.8232566 -0.4827697 2.430102
-0.6420916 -0.5226933 2.536643
-0.7844722 -0.6008537 2.432066
-0.8600377 -0.5183768 2.345275
-0.8519989 -0.5000129 2.301599
-0.7339928 -0.7250141 2.320203
-0.5497023 -0.7243504 2.294167
-0.7234214 -0.7418905 2.353886
-0.7644554 -0.7662742 2.360996
-0.4048982 -0.5969107 2.418359
-0.0689004 -0.5357159 2.571086
-0.3334951 -0.6015817 2.523072
-0.2599178 -0.6194541 2.506092
-0.4844827 -0.7465494 2.445299
-0.1106392 -0.7268305 2.433716
0.08628905 -0.7858249 2.378439
0.1005229 -0.8357855 2.420445

-0.4987548 -0.6605715 2.429862
-0.5275764 -0.6336772 2.414901
-0.7181911 -0.6072021 2.423798
-0.823204 -0.4827826 2.429791
-0.6420913 -0.5227321 2.536668
-0.7844868 -0.6009033 2.432086
-0.8600417 -0.5183887 2.345287
-0.8520017 -0.5000219 2.301606
-0.7339925 -0.7250529 2.320228
-0.5496743 -0.7243239 2.294227
-0.7232202 -0.7416917 2.353965
-0.7641959 -0.766147 2.360948
-0.4192667 -0.6110251 2.401696
-0.08127438 -0.5382701 2.564721
-0.3458895 -0.6041417 2.516707
-0.27676 -0.6214857 2.499295
-0.4855771 -0.7467349 2.444454
-0.1118705 -0.7265024 2.433553
0.08463176 -0.7845012 2.379598
0.1004507 -0.8326948 2.422693

-0.4999849 -0.660835 2.428835
-0.5292767 -0.6339175 2.413688
-0.7181966 -0.607258 2.42386
-0.8231403 -0.4828098 2.429456
-0.6420926 -0.5227665 2.53669
-0.7845027 -0.6009487 2.432104
-0.8600462 -0.5183987 2.345296
-0.8520051 -0.5000291 2.301611
-0.7339938 -0.7250873 2.32025
-0.549646 -0.7243457 2.29422
-0.7230468 -0.7415763 2.35392
-0.7639676 -0.7661142 2.360767
-0.4160138 -0.5839058 2.414689
-0.08271626 -0.5371302 2.564605
-0.347341 -0.6030058 2.516591
-0.2744359 -0.6166443 2.502772
-0.4866104 -0.7468884 2.443717
-0.113015 -0.7263419 2.433277
0.08315288 -0.783536 2.38037
0.1001568 -0.8310809 2.423721

-0.5083566 -0.6602998 2.422672
-0.5367455 -0.6340596 2.408411
-0.7182051 -0.6073128 2.423919
-0.8230828 -0.4828526 2.429121
-0.6420956 -0.5228015 2.536711
-0.7845208 -0.6009953 2.432121
-0.860052 -0.5184091 2.345306
-0.8520093 -0.5000367 2.301617
-0.7339967 -0.7251225 2.320271
-0.5496263 -0.7243357 2.294235
-0.7229121 -0.7414469 2.353896
-0.7637933 -0.7660405 2.360648
-0.4387379 -0.5860226 2.393691
-0.09941971 -0.5349302 2.557698
-0.3640673 -0.6008095 2.509686
-0.2991884 -0.6116864 2.494607
-0.49225 -0.7470806 2.438573
-0.1183045 -0.725928 2.431073
0.07965702 -0.7821413 2.38045
0.09759215 -0.8293415 2.423367

-0.5101166 -0.6581519 2.423321
-0.5390553 -0.6335398 2.407453
-0.7182301 -0.6073794 2.423981
-0.8230171 -0.4828496 2.42878
-0.6421072 -0.5228453 2.536735
-0.7845514 -0.6010535 2.432141
-0.8600656 -0.5184253 2.345318
-0.8520207 -0.5000494 2.301624
-0.7340084 -0.7251662 2.320296
-0.5496144 -0.7243229 2.294247
-0.7228128 -0.7413287 2.353873
-0.7636661 -0.7659677 2.360557
-0.4257154 -0.5656829 2.418316
-0.09596053 -0.5293531 2.562514
-0.3606243 -0.5952385 2.514503
-0.2813274 -0.600634 2.508895
-0.4948032 -0.7472166 2.436895
-0.121118 -0.7257015 2.430323
0.07720086 -0.7810555 2.380902
0.09606429 -0.8282316 2.42358

-0.4966027 -0.652993 2.434871
-0.5335891 -0.6313105 2.412144
-0.7182563 -0.6074471 2.424039
-0.8229482 -0.4828588 2.428411
-0.6421201 -0.5228911 2.536759
-0.7845834 -0.6011145 2.432159
-0.8600801 -0.5184429 2.34533
-0.8520328 -0.5000635 2.301631
-0.7340212 -0.7252121 2.320319
-0.5496048 -0.7243028 2.294256
-0.7227305 -0.7412053 2.353846
-0.7635632 -0.7658881 2.360479
-0.4055728 -0.5556189 2.444047
-0.08375955 -0.5229806 2.571925
-0.3484427 -0.5888721 2.523915
-0.257665 -0.594065 2.52301
-0.4846905 -0.7481126 2.440559
-0.1125812 -0.7253622 2.43233
0.08026809 -0.7796524 2.382882
0.1059168 -0.8268495 2.426668

-0.4787201 -0.6470817 2.449559
-0.5211364 -0.6273263 2.422132
-0.7182791 -0.6075186 2.424094
-0.8228061 -0.482964 2.42791
-0.6421316 -0.5229411 2.536783
-0.784614 -0.6011796 2.432178
-0.8600935 -0.5184627 2.345342
-0.852044 -0.5000795 2.301639
-0.7340327 -0.7252622 2.320343
-0.5495945 -0.7242717 2.294262
-0.7226574 -0.7410721 2.353812
-0.7634746 -0.7657987 2.360406
-0.3880102 -0.5473881 2.467119
-0.06609053 -0.5158121 2.584095
-0.3307925 -0.5817091 2.536086
-0.2365968 -0.5891034 2.534657
-0.4643267 -0.7482488 2.450388
-0.09397692 -0.7245071 2.437534
0.09973162 -0.7757542 2.390678
0.1247809 -0.8250322 2.432272

-0.4683308 -0.6441365 2.456957
-0.512167 -0.6248509 2.428486
-0.7183049 -0.6075987 2.424147
-0.8227012 -0.4830811 2.427479
-0.642145 -0.522998 2.536807
-0.7846478 -0.601253 2.432196
-0.8601091 -0.5184871 2.345354
-0.8520573 -0.5000999 2.301646
-0.7340461 -0.7253191 2.320367
-0.549586 -0.7242346 2.294265
-0.7225966 -0.7409396 2.353776
-0.7634017 -0.7657086 2.360338
-0.3807086 -0.5440225 2.476239
-0.05451315 -0.5112722 2.591981
-0.3192286 -0.5771729 2.543974
-0.2270325 -0.5867182 2.54002
-0.4506472 -0.747928 2.45615
-0.08026288 -0.7237765 2.440578
0.1082411 -0.7739616 2.393479
0.1385636 -0.8235241 2.435256

-0.4499207 -0.6489002 2.458793
-0.4980415 -0.6271484 2.431445
-0.7183272 -0.6076902 2.424192
-0.8226081 -0.483197 2.427086
-0.6421571 -0.5230642 2.536827
-0.7846807 -0.6013367 2.432209
-0.8601241 -0.5185174 2.345363
-0.8520702 -0.500126 2.30165
-0.7340581 -0.7253854 2.320388
-0.5495785 -0.7242255 2.294261
-0.7225491 -0.7408741 2.353724
-0.7633416 -0.7656731 2.360252
-0.3612478 -0.5776305 2.472157
-0.03987492 -0.5175009 2.59502
-0.3046041 -0.5834022 2.547013
-0.2104877 -0.6016196 2.537884
-0.4240331 -0.7453028 2.455938
-0.06252373 -0.7268684 2.434331
0.1280415 -0.7749295 2.387152
0.1705209 -0.8272999 2.420978

-0.4227533 -0.6546386 2.461343
-0.4642438 -0.6326374 2.436768
-0.6980804 -0.6129355 2.428309
-0.8222805 -0.4835485 2.426686
-0.631997 -0.5258433 2.538863
-0.7748361 -0.6041522 2.434124
-0.8502025 -0.5210196 2.347292
-0.8421433 -0.5025995 2.303514
-0.7238972 -0.7281647 2.322424
-0.5406243 -0.7237614 2.293487
-0.7140364 -0.7398978 2.351403
-0.7547531 -0.7648644 2.357817
-0.3464471 -0.6003386 2.466983
-0.02011955 -0.5288587 2.589279
-0.2848634 -0.5947613 2.541274
-0.197398 -0.6107346 2.532075
-0.3802901 -0.730161 2.46756
-0.01449454 -0.7167507 2.440564
0.1680271 -0.7649484 2.392242
0.2479164 -0.7756821 2.410004

-0.4150049 -0.6559676 2.461847
-0.4566204 -0.63353 2.438017
-0.6955388 -0.6136674 2.429009
-0.8221806 -0.4836721 2.426378
-0.6304344 -0.5263078 2.539227
-0.7733363 -0.6046284 2.434459
-0.8486854 -0.5214176 2.347625
-0.8406258 -0.5029901 2.303832
-0.7223344 -0.7286293 2.322788
-0.539201 -0.723702 2.293342
-0.7126469 -0.7397181 2.350946
-0.7533413 -0.7647349 2.35732
-0.3417844 -0.6063552 2.465379
-0.01444392 -0.5293454 2.59057
-0.2791951 -0.5952501 2.542564
-0.1945163 -0.6106351 2.532532
-0.3784597 -0.7312232 2.460916
-0.006285669 -0.7155838 2.440031
0.1768624 -0.7631686 2.392648
0.214606 -0.7976158 2.418306

-0.410963 -0.6566408 2.462406
-0.4524841 -0.6339738 2.43873
-0.69559 -0.6138604 2.428873
-0.822109 -0.4837511 2.426137
-0.6293685 -0.52665 2.539429
-0.7723295 -0.604986 2.434635
-0.847654 -0.5217054 2.347806
-0.8395938 -0.5032719 2.303999
-0.7212685 -0.7289714 2.32299
-0.538211 -0.7236873 2.293202
-0.7116978 -0.7396204 2.350571
-0.7523817 -0.7646809 2.356908
-0.3426271 -0.6056378 2.467298
-0.0101252 -0.5304536 2.591034
-0.2748819 -0.5963591 2.543029
-0.1915326 -0.6121013 2.532147
-0.3805088 -0.7322369 2.459416
-0.006870706 -0.7151324 2.439609
0.1813983 -0.7613601 2.39399
0.2138083 -0.7975337 2.427721

-0.412711 -0.6560872 2.46254
-0.4541747 -0.633241 2.438766
-0.6976954 -0.6134981 2.42824
-0.8220664 -0.483779 2.425955
-0.6288225 -0.526873 2.539497
-0.7718443 -0.6052259 2.434674
-0.8471431 -0.5218687 2.347851
-0.8390819 -0.5034282 2.304027
-0.7207224 -0.7291945 2.323059
-0.5376201 -0.7237485 2.293032
-0.7111296 -0.7396125 2.350221
-0.7518112 -0.7647167 2.356527
-0.3488171 -0.5971624 2.470434
-0.007741692 -0.5304487 2.592443
-0.2725054 -0.5963558 2.544438
-0.1927766 -0.6111432 2.533362
-0.3896058 -0.7347425 2.457878
-0.008557224 -0.7150509 2.439528
0.1830118 -0.7601568 2.395658
0.1970258 -0.8047095 2.43816

-0.416833 -0.6548283 2.462381
-0.4583617 -0.6319109 2.438401
-0.7004243 -0.6128818 2.427451
-0.8220374 -0.4837888 2.425792
-0.6286646 -0.5269865 2.539462
-0.7717423 -0.6053571 2.43461
-0.847017 -0.5219219 2.347791
-0.8389546 -0.5034742 2.303951
-0.7205644 -0.7293081 2.323023
-0.5373393 -0.7238675 2.29283
-0.7108597 -0.7396782 2.349878
-0.7515436 -0.7648245 2.356156
-0.3543434 -0.588854 2.472579
-0.006770687 -0.529712 2.593923
-0.2715434 -0.5956203 2.545917
-0.1934218 -0.6103368 2.534013
-0.3968926 -0.7364721 2.457144
-0.01835056 -0.7152227 2.440331
0.1814924 -0.7584603 2.400591
0.1910083 -0.8062193 2.445802

-0.4379112 -0.6514285 2.459932
-0.4747079 -0.6292873 2.436498
-0.7033672 -0.612326 2.426743
-0.8220178 -0.483791 2.42565
-0.6288847 -0.5270512 2.539366
-0.772015 -0.6054416 2.434487
-0.8472628 -0.5219266 2.347674
-0.8391982 -0.503472 2.303816
-0.7207845 -0.7293727 2.322927
-0.5373833 -0.7240566 2.292588
-0.7108992 -0.7398252 2.34953
-0.7515891 -0.7650127 2.355785
-0.3626527 -0.5790051 2.473135
-0.00835309 -0.5282826 2.595277
-0.273141 -0.5941919 2.547271
-0.2003299 -0.6071683 2.534735
-0.4312238 -0.7436802 2.453509
-0.04042493 -0.7171544 2.437969
0.1619936 -0.7582853 2.405241
0.1579261 -0.8101693 2.454535

-0.4419879 -0.6505711 2.459976
-0.4796784 -0.6282682 2.436344
-0.7058928 -0.6117812 2.426127
-0.8220061 -0.4837876 2.425529
-0.6293086 -0.5270435 2.539218
-0.7724843 -0.6054537 2.434314
-0.8477083 -0.5218613 2.347505
-0.8396414 -0.5033999 2.303631
-0.7212083 -0.7293651 2.322779
-0.5376012 -0.7242716 2.29234
-0.7111067 -0.7400113 2.349204
-0.7518042 -0.7652363 2.355439
-0.3653997 -0.5756783 2.474064
-0.008525644 -0.5282378 2.595893
-0.2733256 -0.5941495 2.547887
-0.2021475 -0.6070148 2.534732
-0.4316989 -0.7429751 2.455599
-0.0435846 -0.7171418 2.438111
0.1602464 -0.7571799 2.408657
0.1592822 -0.8091965 2.46205

-0.4449453 -0.650123 2.45996
-0.4832281 -0.6277297 2.43621
-0.7080902 -0.6113555 2.42568
-0.8219953 -0.4838016 2.425411
-0.6299276 -0.5270126 2.539066
-0.7731432 -0.6054432 2.434139
-0.8483434 -0.5217755 2.347334
-0.8402733 -0.5033077 2.303444
-0.7218271 -0.7293342 2.322627
-0.5379422 -0.7243296 2.292211
-0.7114133 -0.740041 2.349045
-0.7521135 -0.7652956 2.355267
-0.3671971 -0.5737785 2.474546
-0.009136687 -0.5283865 2.596191
-0.2739508 -0.5943018 2.548183
-0.2038574 -0.6072418 2.53437
-0.4349527 -0.7435418 2.455649
-0.04689934 -0.7172737 2.437801
0.1573605 -0.7566816 2.410417
0.1562551 -0.8095247 2.464617

-0.4477134 -0.6462429 2.469571
-0.4863512 -0.6254097 2.441355
-0.7099071 -0.6109735 2.425412
-0.8219881 -0.4838027 2.425339
-0.6306541 -0.5269362 2.538946
-0.7739033 -0.6053867 2.433998
-0.8490828 -0.521647 2.347197
-0.8410087 -0.5031734 2.303292
-0.7225537 -0.7292579 2.322508
-0.5383996 -0.7242884 2.29217
-0.7118336 -0.7399757 2.349003
-0.7525344 -0.7652574 2.355215
-0.3728391 -0.5610234 2.495738
-0.009178592 -0.5283699 2.596637
-0.2740009 -0.5942871 2.54863
-0.2044794 -0.60717 2.534441
-0.431124 -0.7392685 2.472582
-0.04986213 -0.707934 2.451925
0.1534687 -0.7460402 2.428559
0.1619895 -0.7898986 2.491189

-0.4489388 -0.6435458 2.476682
-0.4881262 -0.6235287 2.446003
-0.7113339 -0.610672 2.425207
-0.8219834 -0.483802 2.42528
-0.6314052 -0.5268459 2.538821
-0.7746847 -0.6053157 2.433854
-0.8498449 -0.5215073 2.347056
-0.841767 -0.5030277 2.303135
-0.7233047 -0.7291676 2.322383
-0.5389048 -0.7242025 2.29216
-0.7123061 -0.7398679 2.349013
-0.7530093 -0.7651741 2.355217
-0.3752475 -0.5554724 2.505188
-0.009253976 -0.5283821 2.597
-0.2740858 -0.5943018 2.548993
-0.2049207 -0.6071388 2.534495
-0.4279145 -0.7365065 2.483023
-0.05115996 -0.701248 2.46216
0.1885035 -0.7453592 2.417673
0.2038916 -0.7924237 2.470541

-0.4513828 -0.6445919 2.477172
-0.4898803 -0.6234608 2.44713
-0.7124634 -0.6104532 2.425066
-0.8219798 -0.4837986 2.425225
-0.6321583 -0.5267628 2.538707
-0.775466 -0.6052513 2.433722
-0.850607 -0.5213774 2.346925
-0.8425252 -0.5028919 2.30299
-0.7240577 -0.7290845 2.322269
-0.5394393 -0.7241009 2.292179
-0.7128133 -0.7397462 2.349067
-0.753521 -0.7650745 2.355266
-0.376503 -0.5687708 2.491673
-0.01137699 -0.5292296 2.596475
-0.2762472 -0.5951623 2.548459
-0.2072478 -0.6085586 2.533261
-0.4323404 -0.7392885 2.480798
-0.05649399 -0.7033037 2.460285
0.1964618 -0.7613285 2.388181
0.255495 -0.7766558 2.401294

-0.4548596 -0.6459942 2.474956
-0.4922935 -0.6237841 2.446812
-0.7133305 -0.6102894 2.424946
-0.8219808 -0.4837954 2.425179
-0.6328675 -0.5266832 2.538586
-0.7762017 -0.6051895 2.433582
-0.8513247 -0.5212536 2.346786
-0.8432394 -0.5027622 2.302837
-0.7247669 -0.7290049 2.322148
-0.5399423 -0.7240917 2.292167
-0.7132965 -0.7397268 2.349083
-0.7540136 -0.7650747 2.355278
-0.3780507 -0.5716141 2.484297
-0.01451685 -0.5288697 2.596395
-0.2794368 -0.5948076 2.548372
-0.2103543 -0.6083571 2.532829
-0.4388167 -0.7426891 2.474535
-0.06240971 -0.7064038 2.456489
0.1982876 -0.7707511 2.370737
0.2800334 -0.7682509 2.359508

-0.4544799 -0.6449324 2.477641
-0.492934 -0.6233394 2.448179
-0.7140223 -0.6101661 2.42488
-0.8219824 -0.4837953 2.425146
-0.6335436 -0.5266091 2.538495
-0.7769029 -0.6051326 2.433474
-0.8520085 -0.5211376 2.346679
-0.8439192 -0.5026403 2.302715
-0.7254429 -0.7289309 2.322057
-0.5404454 -0.7240378 2.292193
-0.7137864 -0.7396619 2.349148
-0.7545135 -0.7650276 2.355342
-0.3783994 -0.5719583 2.483083
-0.01540913 -0.5287857 2.596417
-0.2803531 -0.594726 2.54839
-0.2111368 -0.6084144 2.532657
-0.4286361 -0.7328689 2.4955
-0.05953362 -0.7074668 2.461232
0.2039297 -0.7738684 2.367128
0.262327 -0.8082424 2.394588

-0.4551729 -0.6466174 2.475109
-0.4936586 -0.6236055 2.448109
-0.7145635 -0.6100686 2.424834
-0.8219845 -0.4837958 2.425122
-0.6341651 -0.5265359 2.538414
-0.7775484 -0.6050755 2.433377
-0.8526378 -0.5210246 2.346582
-0.8445449 -0.5025215 2.302603
-0.7260645 -0.7288578 2.321976
-0.5409175 -0.7240467 2.292186
-0.7142515 -0.7396678 2.349175
-0.7549921 -0.7650506 2.355368
-0.3778526 -0.583886 2.463421
-0.01904372 -0.529436 2.594754
-0.2840528 -0.5953927 2.546706
-0.2146399 -0.6095082 2.530334
-0.4306916 -0.733291 2.492642
-0.06263319 -0.7173225 2.449936
0.2040619 -0.7840744 2.35362
0.281192 -0.7960625 2.358953

-0.4554909 -0.6480863 2.472519
-0.494129 -0.6240038 2.447635
-0.7149869 -0.6099936 2.424805
-0.8219875 -0.4837968 2.425099
-0.6347283 -0.5264682 2.538343
-0.7781347 -0.6050231 2.43329
-0.8532088 -0.520919 2.346496
-0.8451125 -0.5024101 2.302503
-0.7266277 -0.72879 2.321905
-0.5413696 -0.7241085 2.292137
-0.7147073 -0.7397332 2.349151
-0.7554638 -0.7651336 2.355342
-0.3774149 -0.5874165 2.455209
-0.02233322 -0.5287735 2.593864
-0.2874005 -0.5947356 2.545803
-0.2175202 -0.6088632 2.529269
-0.4323711 -0.7341215 2.489023
-0.06362088 -0.7190995 2.448507
0.2052142 -0.786754 2.349641
0.284966 -0.7889482 2.35501

-0.4617006 -0.6498774 2.463929
-0.4982404 -0.6253048 2.442758
-0.7153084 -0.6099496 2.424783
-0.8219916 -0.4837989 2.425079
-0.6352203 -0.5264248 2.538278
-0.7786479 -0.6049938 2.433212
-0.8537069 -0.5208418 2.346417
-0.8456076 -0.5023276 2.302412
-0.7271197 -0.7287466 2.32184
-0.5417973 -0.7242171 2.292043
-0.7151503 -0.7398502 2.349068
-0.7559228 -0.7652681 2.355258
-0.3810248 -0.5858664 2.442863
-0.03167216 -0.5253937 2.592862
-0.2968117 -0.5913628 2.544791
-0.2295352 -0.6039031 2.528332
-0.444569 -0.7384908 2.479983
-0.07064473 -0.7214748 2.446537
0.1439627 -0.7708447 2.386728
0.170216 -0.8046824 2.428794

-0.4655984 -0.6508552 2.458498
-0.5012562 -0.6261946 2.439028
-0.7155653 -0.6099135 2.424773
-0.8219991 -0.4838015 2.425065
-0.6356654 -0.5263802 2.538226
-0.7791119 -0.6049622 2.433147
-0.8541575 -0.5207659 2.346353
-0.8460553 -0.5022468 2.302336
-0.7275648 -0.728702 2.321788
-0.5421602 -0.7242323 2.292051
-0.7155217 -0.7398657 2.349107
-0.7563069 -0.7652963 2.355297
-0.3826212 -0.5837187 2.438867
-0.03643857 -0.5232965 2.592724
-0.3016142 -0.5892729 2.544649
-0.2338106 -0.6016847 2.528392
-0.4526984 -0.7417306 2.470622
-0.07582811 -0.7217812 2.444062
0.1258689 -0.7666512 2.39339
0.1395586 -0.8083942 2.440522

-0.5020633 -0.662006 2.429087
-0.5338737 -0.6365556 2.413271
-0.7158084 -0.609895 2.424798
-0.8220067 -0.4838038 2.425054
-0.636105 -0.5263484 2.538208
-0.7795694 -0.6049433 2.433118
-0.8546009 -0.5207041 2.346323
-0.846495 -0.5021805 2.302294
-0.7280044 -0.7286701 2.32177
-0.5425404 -0.7241992 2.292097
-0.7159145 -0.7398266 2.349192
-0.7567109 -0.7652687 2.355384
-0.4201342 -0.6036961 2.400142
-0.08869483 -0.5299718 2.568357
-0.3539279 -0.5959797 2.520273
-0.2827307 -0.6085163 2.506473
-0.4885681 -0.7460989 2.445867
-0.102602 -0.72882 2.42317
0.08649658 -0.7686024 2.38504
0.08195306 -0.8235321 2.432463

-0.508208 -0.6644197 2.423492
-0.5401397 -0.6392519 2.407493
-0.7162172 -0.6098639 2.424582
-0.8220178 -0.4838089 2.425041
-0.6367176 -0.5262926 2.537964
-0.7802045 -0.6049023 2.432857
-0.8552213 -0.5206122 2.346062
-0.847115 -0.5020826 2.302019
-0.728617 -0.7286143 2.321527
-0.5430183 -0.7242599 2.292119
-0.7163948 -0.739895 2.349268
-0.7572054 -0.7653501 2.355462
-0.4226713 -0.6081552 2.395744
-0.09613116 -0.5322177 2.56447
-0.3613802 -0.598236 2.516385
-0.2852547 -0.6132182 2.503234
-0.4957558 -0.7474667 2.441087
-0.1091471 -0.7294684 2.419833
0.07407726 -0.7669429 2.386945
0.0728483 -0.8231551 2.436644

-0.4923547 -0.6629513 2.432736
-0.5307617 -0.6387182 2.411755
-0.7165722 -0.6098123 2.424417
-0.8220311 -0.4838121 2.42503
-0.6372781 -0.5262177 2.53776
-0.7807852 -0.6048409 2.432637
-0.8557903 -0.5205035 2.345841
-0.8476834 -0.5019682 2.301784
-0.7291776 -0.7285394 2.321322
-0.5434818 -0.7243624 2.292098
-0.7168621 -0.7400126 2.349294
-0.7576864 -0.7654806 2.35549
-0.3957627 -0.5954413 2.443163
-0.07664709 -0.5343916 2.572483
-0.3418821 -0.6004196 2.524409
-0.2508237 -0.6160535 2.515677
-0.4812324 -0.7480161 2.438199
-0.1070626 -0.7276892 2.419853
0.07531848 -0.7634256 2.390862
0.1069544 -0.8150036 2.442665

-0.48464 -0.6619713 2.43732
-0.5240754 -0.6379426 2.415105
-0.7168898 -0.6097613 2.424264
-0.8220587 -0.4838181 2.425018
-0.6377925 -0.526143 2.537567
-0.7813181 -0.6047788 2.432429
-0.8563127 -0.5203969 2.345633
-0.8482052 -0.5018563 2.301563
-0.7296922 -0.7284648 2.321129
-0.5439193 -0.7244723 2.292051
-0.7173027 -0.7401394 2.349291
-0.7581395 -0.7656192 2.355488
-0.3892164 -0.5923391 2.452132
-0.06620017 -0.5361647 2.576284
-0.3314286 -0.6021978 2.528216
-0.236236 -0.6179324 2.520363
-0.4770873 -0.7486232 2.436553
-0.1067413 -0.7266529 2.418762
0.07624376 -0.7613129 2.39161
0.1068741 -0.8139365 2.441016

-0.4831679 -0.6634992 2.435898
-0.5227683 -0.6388252 2.41442
-0.7171628 -0.6097358 2.424194
-0.8220881 -0.4838293 2.425003
-0.6382527 -0.5260925 2.537452
-0.7817947 -0.6047398 2.432303
-0.8567784 -0.5203182 2.345506
-0.8486692 -0.5017731 2.301426
-0.7301524 -0.7284143 2.321014
-0.5443515 -0.7246175 2.291996
-0.7177442 -0.7403059 2.349272
-0.758593 -0.7657974 2.355471
-0.3906089 -0.6080548 2.436117
-0.06523614 -0.5384884 2.575228
-0.3304656 -0.6045235 2.527163
-0.2371374 -0.6219315 2.516957
-0.4761116 -0.7492117 2.433923
-0.1061689 -0.7294179 2.413195
0.07968663 -0.7660246 2.383389
0.1183131 -0.8245406 2.418117

-0.4755406 -0.6625373 2.438951
-0.5181714 -0.6387224 2.415638
-0.7174286 -0.6097135 2.424117
-0.8221712 -0.4838493 2.424975
-0.6386904 -0.5260458 2.537333
-0.7822483 -0.6047042 2.432173
-0.8572215 -0.5202445 2.345376
-0.8491107 -0.5016952 2.301286
-0.73059 -0.7283676 2.320895
-0.5447779 -0.7247866 2.291917
-0.7181811 -0.7404997 2.349229
-0.7590411 -0.7660025 2.355427
-0.3799799 -0.5989652 2.450287
-0.05374598 -0.5388012 2.579148
-0.3189707 -0.6048363 2.531086
-0.2265722 -0.621412 2.520395
-0.4657814 -0.7483934 2.435491
-0.09930192 -0.7264493 2.416302
0.09041524 -0.7634974 2.385871
0.1348323 -0.8180237 2.422868

-0.4720924 -0.6618901 2.440431
-0.5151185 -0.6384314 2.416583
-0.7176746 -0.6096658 2.424041
-0.822278 -0.4838687 2.424965
-0.6390936 -0.5259774 2.537218
-0.7826658 -0.6046459 2.432048
-0.8576312 -0.5201498 2.345249
-0.8495193 -0.5015965 2.30115
-0.7309933 -0.7282992 2.32078
-0.5451741 -0.724961 2.291835
-0.7185898 -0.740703 2.349178
-0.7594597 -0.7662163 2.355377
-0.3765736 -0.5957354 2.45463
-0.04754146 -0.5391411 2.58096
-0.3127654 -0.6051764 2.5329
-0.2231411 -0.6217377 2.52119
-0.4627488 -0.7481523 2.435828
-0.09659872 -0.724833 2.417044
0.09515192 -0.7621648 2.386045
0.1394735 -0.8159807 2.422792

-0.4720167 -0.6636738 2.438439
-0.514005 -0.6388614 2.416337
-0.7179112 -0.6096196 2.423975
-0.8223976 -0.4838874 2.424954
-0.6394718 -0.5259124 2.537117
-0.7830576 -0.6045905 2.431937
-0.8580155 -0.5200598 2.345137
-0.8499023 -0.5015027 2.301029
-0.7313715 -0.7282341 2.320679
-0.5455657 -0.7251593 2.291729
-0.7189969 -0.7409345 2.349098
-0.7598759 -0.7664576 2.355298
-0.3862561 -0.6137264 2.431606
-0.04786575 -0.5414504 2.578815
-0.31309 -0.6074854 2.530756
-0.2267769 -0.6236637 2.517993
-0.4616305 -0.748283 2.435291
-0.09537844 -0.7271712 2.413602
0.09849352 -0.7662943 2.380037
0.1387692 -0.8219485 2.413366

-0.4733015 -0.6657893 2.435635
-0.5135487 -0.6395749 2.415565
-0.7181297 -0.6095707 2.423917
-0.8225493 -0.4839046 2.424948
-0.6398181 -0.5258468 2.537025
-0.7834166 -0.6045338 2.431837
-0.8583679 -0.5199704 2.345037
-0.8502534 -0.5014099 2.30092
-0.7317178 -0.7281685 2.320588
-0.5459349 -0.7253656 2.291613
-0.719382 -0.741176 2.349006
-0.7602691 -0.7667084 2.355207
-0.3912112 -0.6219604 2.420649
-0.04926869 -0.543627 2.576361
-0.3144946 -0.6096616 2.528303
-0.2361543 -0.6264073 2.511877
-0.461782 -0.7485715 2.434491
-0.09494358 -0.7294955 2.410361
0.1003613 -0.769859 2.37494
0.1364481 -0.826362 2.406693

-0.4754538 -0.6679739 2.432741
-0.5138004 -0.6405767 2.414403
-0.7183382 -0.6095174 2.423871
-0.8227189 -0.4839248 2.424949
-0.6401405 -0.5257796 2.536948
-0.783751 -0.604475 2.431752
-0.8586962 -0.5198804 2.34495
-0.8505804 -0.5013166 2.300827
-0.7320403 -0.7281012 2.320511
-0.5462852 -0.7255722 2.291494
-0.7197489 -0.7414191 2.348907
-0.7606434 -0.7669601 2.355108
-0.3963776 -0.6279129 2.412163
-0.05305029 -0.5461832 2.572659
-0.3182799 -0.6122177 2.524601
-0.2462868 -0.6288761 2.50588
-0.4625637 -0.7488559 2.433933
-0.09484395 -0.7315556 2.407675
0.1014726 -0.7727245 2.371003
0.134217 -0.8293666 2.402467

-0.4766871 -0.6689344 2.431473
-0.5140237 -0.64118 2.413711
-0.7185224 -0.6094683 2.423825
-0.8229061 -0.4839515 2.424933
-0.6404285 -0.5257174 2.536875
-0.7840515 -0.6044208 2.43167
-0.8589909 -0.5197955 2.344868
-0.8508739 -0.5012284 2.300736
-0.7323282 -0.7280389 2.320437
-0.5465511 -0.7256616 2.29145
-0.7200218 -0.7415278 2.348892
-0.760923 -0.7670751 2.355094
-0.398161 -0.6286153 2.409139
-0.05410097 -0.5471204 2.571239
-0.3193392 -0.6131562 2.523177
-0.2490473 -0.6294401 2.504097
-0.4640502 -0.7488418 2.435548
-0.09492907 -0.730585 2.408713
0.1499076 -0.7479396 2.394597
0.1778754 -0.7967753 2.435217

-0.4783518 -0.6698043 2.430017
-0.5147721 -0.6418781 2.412682
-0.7187289 -0.6094266 2.423769
-0.823125 -0.4839888 2.424931
-0.640723 -0.5256635 2.536797
-0.7843611 -0.6043754 2.431581
-0.8592926 -0.5197178 2.344778
-0.8511745 -0.5011473 2.300638
-0.7326228 -0.727985 2.320359
-0.5468311 -0.725642 2.291464
-0.7203103 -0.7415129 2.348958
-0.7612178 -0.7670658 2.355163
-0.3995199 -0.628396 2.407315
-0.05524365 -0.5478454 2.56997
-0.3204974 -0.6138838 2.521902
-0.2508969 -0.6299103 2.502871
-0.4664987 -0.7490242 2.435336
-0.0955848 -0.7317156 2.407116
0.1642644 -0.7445672 2.396285
0.1943336 -0.7910311 2.438775

-0.4794127 -0.6700174 2.429451
-0.5152726 -0.6421739 2.412179
-0.7189366 -0.6094011 2.423701
-0.823332 -0.4840311 2.424929
-0.6410068 -0.525624 2.536712
-0.7846621 -0.6043451 2.431485
-0.8595839 -0.5196545 2.344681
-0.8514648 -0.5010802 2.300532
-0.7329067 -0.7279456 2.320274
-0.5471056 -0.7255728 2.2915
-0.7205944 -0.7414387 2.34906
-0.7615084 -0.7669972 2.355265
-0.3955657 -0.6095004 2.421096
-0.05512981 -0.5478961 2.569694
-0.3204004 -0.6139413 2.521619
-0.24892 -0.6280343 2.504374
-0.4686829 -0.7492284 2.435309
-0.09657071 -0.7304994 2.40868
0.1741075 -0.7392148 2.401448
0.2055085 -0.7801295 2.450627

-0.4803035 -0.6700675 2.429187
-0.515723 -0.6423759 2.411844
-0.719157 -0.6093897 2.423614
-0.8235675 -0.4840854 2.42493
-0.6412896 -0.5255968 2.536615
-0.7849646 -0.6043278 2.431375
-0.8598745 -0.5196022 2.344571
-0.8517547 -0.5010238 2.300411
-0.7331895 -0.7279184 2.320177
-0.5473471 -0.7255564 2.2915
-0.7208402 -0.7414269 2.349108
-0.7617622 -0.7669904 2.355315
-0.3947457 -0.6039914 2.424646
-0.05522821 -0.5480152 2.569381
-0.3205108 -0.6140661 2.521301
-0.2481321 -0.6270036 2.505069
-0.4705521 -0.7492815 2.437163
-0.09735595 -0.7289289 2.411278
0.1806623 -0.7354919 2.405651
0.2114567 -0.7744507 2.457762

-0.4815881 -0.6703569 2.428828
-0.5166094 -0.6427905 2.411342
-0.7194003 -0.6093941 2.42349
-0.8238304 -0.4841758 2.424926
-0.6415791 -0.5255819 2.536494
-0.7852767 -0.604324 2.431239
-0.8601727 -0.5195605 2.344435
-0.8520526 -0.5009777 2.300264
-0.733479 -0.7279034 2.320057
-0.5475817 -0.7255552 2.291483
-0.7210758 -0.7414316 2.349136
-0.762007 -0.7670004 2.355346
-0.4019189 -0.6118294 2.417046
-0.06010166 -0.549454 2.566494
-0.3254566 -0.6155221 2.518387
-0.2538042 -0.6280999 2.502605
-0.472124 -0.7493943 2.438763
-0.09800404 -0.7296953 2.410927
0.1847699 -0.7352575 2.406013
0.2133962 -0.7774732 2.455693

-0.4799158 -0.6693364 2.431078
-0.5164785 -0.6428243 2.411529
-0.7198251 -0.6095003 2.423126
-0.8240857 -0.4842685 2.424918
-0.6419809 -0.5256267 2.536229
-0.785709 -0.6043859 2.430948
-0.8605837 -0.5195716 2.344149
-0.8524638 -0.5009835 2.299962
-0.7338808 -0.7279482 2.319792
-0.5478671 -0.7255303 2.291463
-0.7213553 -0.7414079 2.349181
-0.7622975 -0.7669823 2.355394
-0.3957296 -0.6062039 2.424442
-0.0584325 -0.5486622 2.567445
-0.3238449 -0.6147473 2.519316
-0.2507198 -0.6267986 2.50449
-0.4645032 -0.7472307 2.448729
-0.09268431 -0.7258878 2.418857
0.1918558 -0.7319976 2.412323
0.2215523 -0.7734395 2.465112

-0.4760659 -0.6674709 2.4353
-0.5148054 -0.6423427 2.413183
-0.7202762 -0.6096721 2.422739
-0.8243751 -0.4844363 2.42487
-0.6423976 -0.5257152 2.535946
-0.7861587 -0.6044942 2.430639
-0.8610084 -0.5196244 2.343845
-0.8528883 -0.5010309 2.299641
-0.7342975 -0.7280367 2.319509
-0.5481606 -0.7255302 2.291419
-0.7216431 -0.7414073 2.349199
-0.7625982 -0.7669883 2.355413
-0.3906969 -0.6020868 2.430455
-0.05596093 -0.5475721 2.568861
-0.3214335 -0.6136746 2.520713
-0.2469346 -0.6254174 2.506606
-0.4577882 -0.7454347 2.456136
-0.08720194 -0.7224973 2.425988
0.1974234 -0.7295323 2.417561
0.2271447 -0.7709723 2.47135

-0.4620625 -0.6617818 2.447884
-0.5065525 -0.6396347 2.420269
-0.720791 -0.6099386 2.422274
-0.8247091 -0.4846543 2.4248
-0.6428564 -0.5258644 2.535612
-0.7866536 -0.6046669 2.430274
-0.8614739 -0.519734 2.343489
-0.8533531 -0.5011346 2.299266
-0.7347563 -0.728186 2.319174
-0.5484769 -0.7255645 2.291364
-0.7219541 -0.7414398 2.349207
-0.7629244 -0.7670287 2.355425
-0.3828207 -0.5962918 2.440855
-0.05033169 -0.5455213 2.572158
-0.31588 -0.6116431 2.523988
-0.23367 -0.6217015 2.513631
-0.4327448 -0.73825 2.47426
-0.06939073 -0.7150221 2.443047
0.2118169 -0.7242799 2.431268
0.2471514 -0.764578 2.490195

-0.4614054 -0.6607612 2.450128
-0.5053275 -0.6391368 2.421682
-0.721463 -0.6103185 2.421606
-0.8251415 -0.4849999 2.424681
-0.6434228 -0.5260855 2.535145
-0.7872609 -0.6049157 2.429772
-0.862048 -0.5199091 2.342997
-0.8539264 -0.5013029 2.298752
-0.7353227 -0.728407 2.318707
-0.5488613 -0.7256396 2.291285
-0.7223261 -0.7415118 2.349208
-0.7633147 -0.7671109 2.355427
-0.381574 -0.5946888 2.442682
-0.04928671 -0.5450175 2.572775
-0.3148631 -0.6111478 2.524597
-0.2313987 -0.6209266 2.514894
-0.4432873 -0.7408979 2.476731
-0.07356025 -0.7157525 2.449169
0.2098378 -0.7248684 2.435753
0.2324634 -0.7703456 2.492378

-0.4594713 -0.6492544 2.467297
-0.5033792 -0.633705 2.430722
-0.7221624 -0.6107628 2.420909
-0.8255933 -0.4853922 2.424567
-0.6440214 -0.5263598 2.53464
-0.7879015 -0.6052195 2.42923
-0.8626538 -0.5201343 2.342466
-0.8545306 -0.5015209 2.298197
-0.7359213 -0.7286814 2.318202
-0.5492753 -0.7257351 2.291184
-0.7227253 -0.7416018 2.349193
-0.7637337 -0.7672122 2.355415
-0.380096 -0.5618231 2.46624
-0.04330274 -0.5321535 2.58416
-0.3089544 -0.5983099 2.535968
-0.224326 -0.6034073 2.530376
-0.4411685 -0.7392793 2.496139
-0.06985392 -0.7153972 2.459418
0.2117994 -0.7248086 2.44203
0.2331439 -0.7711227 2.498157

-0.4583011 -0.6471356 2.470847
-0.5023519 -0.6319728 2.433934
-0.7227945 -0.6111683 2.420322
-0.8261089 -0.485844 2.42443
-0.6445925 -0.5266308 2.53418
-0.7885129 -0.6055189 2.428737
-0.8632315 -0.5203567 2.341982
-0.8551061 -0.501736 2.297691
-0.7364925 -0.7289523 2.317742
-0.5496927 -0.725847 2.291073
-0.723133 -0.7417094 2.349166
-0.7641622 -0.7673318 2.355389
-0.3799845 -0.5684402 2.462859
-0.04161113 -0.5302783 2.585759
-0.307297 -0.59644 2.537567
-0.2222536 -0.601716 2.532053
-0.4401702 -0.7387776 2.499688
-0.06784563 -0.7157487 2.462652
0.213185 -0.7250562 2.444699
0.2337894 -0.7725995 2.499801

-0.4563716 -0.6464471 2.47235
-0.5008271 -0.6309998 2.435942
-0.723404 -0.6116403 2.419738
-0.8266377 -0.4862779 2.424311
-0.6451607 -0.5269595 2.533705
-0.7891208 -0.6058775 2.428229
-0.8638049 -0.5206345 2.341484
-0.8556767 -0.5020062 2.29717
-0.7370607 -0.7292811 2.317267
-0.5500891 -0.725921 2.290999
-0.7235211 -0.7417734 2.349182
-0.7645707 -0.7674067 2.355408
-0.3779124 -0.5773153 2.459881
-0.03620075 -0.5326756 2.581881
-0.3019505 -0.598837 2.533702
-0.2140465 -0.612109 2.519198
-0.4333272 -0.7349536 2.496209
-0.06000241 -0.7157872 2.462545
0.2160824 -0.7252228 2.446209
0.2402837 -0.773425 2.497967

-0.4550725 -0.6470074 2.471789
-0.4999144 -0.6303988 2.437177
-0.7239785 -0.6120578 2.419235
-0.8271524 -0.4866951 2.424208
-0.645718 -0.527272 2.533265
-0.7897165 -0.6062181 2.427758
-0.8643678 -0.5208969 2.341021
-0.8562363 -0.5022609 2.296685
-0.7376179 -0.7295936 2.316827
-0.5505024 -0.7260066 2.290917
-0.7239275 -0.7418503 2.349191
-0.7649986 -0.7674953 2.355419
-0.3769238 -0.5819163 2.458405
-0.03440102 -0.5324507 2.582165
-0.3001828 -0.5986132 2.533985
-0.2122025 -0.6132641 2.518415
-0.4337134 -0.7367571 2.484898
-0.05820451 -0.7165197 2.462016
0.2169427 -0.7261553 2.446246
0.2412758 -0.7756339 2.493988

-0.4934362 -0.6535891 2.444154
-0.5302924 -0.6331015 2.418686
-0.7244706 -0.6124297 2.418807
-0.827926 -0.4873508 2.42412
-0.646225 -0.5275697 2.532864
-0.7902595 -0.6065421 2.427329
-0.8648807 -0.5211462 2.340598
-0.8567457 -0.5025026 2.296241
-0.7381249 -0.7298912 2.316427
-0.550889 -0.7260998 2.290839
-0.7243119 -0.7419362 2.349199
-0.7654042 -0.767593 2.35543
-0.4104845 -0.5872127 2.419533
-0.06215851 -0.5306076 2.573311
-0.3280903 -0.5967857 2.525105
-0.2579734 -0.6114182 2.50715
-0.4773833 -0.744364 2.464287
-0.08944383 -0.7223465 2.44948
0.1851715 -0.7331132 2.435723
0.1999446 -0.7831967 2.476687

-0.500214 -0.6560548 2.437652
-0.5356596 -0.6339725 2.414966
-0.7248847 -0.6127634 2.418442
-0.8287705 -0.4881324 2.424029
-0.6466787 -0.5278529 2.532501
-0.7907469 -0.6068504 2.426938
-0.8653402 -0.5213832 2.340213
-0.8572018 -0.5027322 2.295836
-0.7385786 -0.7301744 2.316063
-0.5512437 -0.7261951 2.290759
-0.7246692 -0.7420245 2.349196
-0.7657821 -0.7676932 2.35543
-0.4119906 -0.5886304 2.416952
-0.06424595 -0.5310923 2.572136
-0.3302222 -0.5972753 2.523925
-0.2593128 -0.6136231 2.506162
-0.4915127 -0.7490487 2.452627
-0.09999041 -0.7252617 2.442958
0.1745077 -0.7364876 2.430236
0.1880447 -0.7865546 2.468633

-0.5009865 -0.6584607 2.434151
-0.5368398 -0.6350276 2.412982
-0.7252305 -0.6130401 2.418146
-0.8295637 -0.4888339 2.423925
-0.6470817 -0.5281047 2.532183
-0.7911811 -0.6071252 2.426596
-0.8657492 -0.5215914 2.339874
-0.8576075 -0.5029333 2.295478
-0.7389817 -0.7304263 2.315745
-0.5515728 -0.726294 2.290678
-0.7250051 -0.7421184 2.349185
-0.7661382 -0.7677993 2.35542
-0.4090528 -0.590813 2.418
-0.0643772 -0.5321631 2.571396
-0.3303943 -0.5983518 2.523181
-0.2559792 -0.616339 2.506447
-0.4880849 -0.7501463 2.449495
-0.09956715 -0.7300463 2.439988
0.1726961 -0.7397795 2.428363
0.1930679 -0.7918403 2.467032

-0.5002089 -0.6600867 2.432098
-0.5363626 -0.6359113 2.411844
-0.7255149 -0.61327 2.417905
-0.8303 -0.4894975 2.423809
-0.6474348 -0.5283281 2.531905
-0.7915634 -0.6073698 2.426296
-0.8661087 -0.5217739 2.339577
-0.8579637 -0.503109 2.295162
-0.7393347 -0.7306497 2.315468
-0.5518568 -0.7263398 2.290633
-0.7253 -0.7421561 2.349211
-0.7664514 -0.7678465 2.355449
-0.4087712 -0.5912191 2.416811
-0.06594751 -0.5311916 2.572183
-0.3319945 -0.5973901 2.523961
-0.2573117 -0.6138608 2.509879
-0.4853363 -0.7507361 2.448407
-0.1007492 -0.7323328 2.438361
0.1715766 -0.7424217 2.427129
0.1962075 -0.7951585 2.466721

-0.4935072 -0.6616127 2.433029
-0.5315524 -0.6369658 2.412467
-0.7257531 -0.6134719 2.417694
-0.83095 -0.4900616 2.423718
-0.6477473 -0.5285341 2.53165
-0.7919034 -0.6075959 2.426019
-0.8664278 -0.5219409 2.339302
-0.8582798 -0.5032696 2.29487
-0.7396473 -0.7308558 2.315213
-0.5521095 -0.7263877 2.290591
-0.7255662 -0.7421974 2.349232
-0.7667353 -0.7678972 2.355473
-0.4048765 -0.5919761 2.418921
-0.0647233 -0.532144 2.571858
-0.3308079 -0.5983489 2.523632
-0.2555428 -0.6146596 2.51022
-0.4757195 -0.749873 2.451014
-0.09535454 -0.7314268 2.441263
0.1740373 -0.7427543 2.428432
0.2010925 -0.7941512 2.469597

-0.503068 -0.6587409 2.42909
-0.5342858 -0.6360776 2.411062
-0.7259536 -0.6136379 2.417523
-0.8315267 -0.4905552 2.423657
-0.6480244 -0.5287143 2.531429
-0.7922068 -0.6077946 2.425778
-0.8667118 -0.5220842 2.339062
-0.858561 -0.5034066 2.294614
-0.7399244 -0.7310361 2.314992
-0.5523421 -0.7264361 2.290549
-0.7258143 -0.7422407 2.349246
-0.7670008 -0.7679502 2.355489
-0.4190503 -0.5845864 2.408002
-0.0757071 -0.5282938 2.569958
-0.3418576 -0.5945101 2.521721
-0.2746446 -0.6065081 2.508256
-0.4869992 -0.7481118 2.450892
-0.1100011 -0.7291313 2.442278
0.168216 -0.7424376 2.428819
0.1907302 -0.7905309 2.472482

-0.4862784 -0.6621049 2.43861
-0.5266137 -0.6375183 2.414772
-0.7261239 -0.6137787 2.41737
-0.8320331 -0.4909945 2.42361
-0.6482716 -0.5288751 2.531224
-0.792479 -0.6079729 2.425553
-0.8669663 -0.5222098 2.338838
-0.8588132 -0.5035262 2.294373
-0.7401716 -0.7311969 2.314787
-0.5525526 -0.7264874 2.290506
-0.726042 -0.7422887 2.349254
-0.7672458 -0.7680079 2.3555
-0.4044249 -0.5947256 2.422388
-0.07098073 -0.5316676 2.571654
-0.337183 -0.5978952 2.523406
-0.2566158 -0.6148911 2.513093
-0.4664046 -0.7460193 2.463405
-0.1021275 -0.7271435 2.445987
0.1766972 -0.7406569 2.432774
0.2126207 -0.7834793 2.483986

-0.4832675 -0.6625254 2.439726
-0.5236378 -0.637923 2.415916
-0.7262707 -0.613902 2.417248
-0.8324753 -0.4913698 2.423567
-0.6484927 -0.529022 2.531049
-0.7927245 -0.6081366 2.42536
-0.8671946 -0.5223227 2.338645
-0.859039 -0.5036334 2.294165
-0.7403927 -0.7313439 2.314613
-0.5527467 -0.7265362 2.290467
-0.7262556 -0.7423349 2.349261
-0.7674762 -0.7680637 2.355509
-0.4027611 -0.5952813 2.423077
-0.07108288 -0.5311236 2.572164
-0.3373146 -0.5973654 2.523908
-0.2552828 -0.6137342 2.514356
-0.4636379 -0.7456856 2.465108
-0.0986267 -0.7259837 2.445744
0.1786295 -0.7401229 2.433066
0.2159102 -0.7818809 2.485217

-0.4786941 -0.6624675 2.441504
-0.5197186 -0.6380568 2.417492
-0.7263975 -0.6140059 2.417143
-0.8331079 -0.4918212 2.42355
-0.6486912 -0.5291518 2.530892
-0.7929468 -0.6082822 2.425185
-0.8674003 -0.5224199 2.338469
-0.8592426 -0.503725 2.293974
-0.7405912 -0.7314737 2.314455
-0.5529273 -0.7265874 2.290419
-0.7264566 -0.7423845 2.349254
-0.7676939 -0.7681232 2.355504
-0.3923898 -0.5934198 2.434244
-0.06202715 -0.53293 2.574107
-0.328325 -0.5991871 2.525839
-0.239058 -0.6160575 2.516585
-0.4600401 -0.7454798 2.465794
-0.0910957 -0.7245964 2.444477
0.1824782 -0.7392589 2.432813
0.2203264 -0.7804493 2.484844

-0.4703715 -0.6613456 2.443735
-0.513281 -0.6374648 2.419364
-0.7265173 -0.6140865 2.417034
-0.8336812 -0.4923044 2.423461
-0.6488789 -0.5292599 2.530733
-0.7931583 -0.6084051 2.425008
-0.8675978 -0.5224962 2.338291
-0.8594386 -0.5037954 2.29378
-0.7407789 -0.7315819 2.314296
-0.553094 -0.7265901 2.290393
-0.7266454 -0.7423792 2.349277
-0.7678975 -0.7681254 2.35553
-0.3835565 -0.593385 2.442961
-0.04640747 -0.5372505 2.57002
-0.3127785 -0.6035259 2.52175
-0.2166486 -0.6215805 2.508502
-0.446279 -0.7394773 2.46096
-0.07063782 -0.7193986 2.443613
0.1940045 -0.7359101 2.432583
0.2337733 -0.7763534 2.482985

-0.4513198 -0.6520967 2.468745
-0.4982078 -0.6320435 2.435515
-0.7266116 -0.6141471 2.416951
-0.8342121 -0.4927814 2.423359
-0.6490377 -0.5293484 2.530601
-0.7933396 -0.608507 2.424859
-0.8677662 -0.5225549 2.33814
-0.8596057 -0.5038486 2.293614
-0.7409377 -0.7316704 2.314164
-0.5532637 -0.7265217 2.290415
-0.726849 -0.7422779 2.349376
-0.7681145 -0.7680326 2.355631
-0.3728059 -0.583588 2.46829
-0.03404263 -0.5380054 2.57497
-0.3004757 -0.6043012 2.526682
-0.204813 -0.62146 2.513781
-0.4239956 -0.7312285 2.489666
-0.04808679 -0.7142739 2.45675
0.2103942 -0.7315739 2.440434
0.2512775 -0.7716334 2.49313

-0.4002315 -0.6292175 2.49317
-0.4483514 -0.6121673 2.459889
-0.6982464 -0.6140351 2.424888
-0.8343995 -0.4934323 2.42337
-0.6358117 -0.5295398 2.53406
-0.7802792 -0.6087481 2.42824
-0.8546505 -0.5225303 2.341473
-0.8464564 -0.5037806 2.296862
-0.7277116 -0.7318619 2.317624
-0.5438343 -0.7253481 2.290523
-0.7186269 -0.740941 2.348248
-0.75999 -0.7667478 2.354523
-0.3390012 -0.5619574 2.495989
-0.02753193 -0.5341418 2.580879
-0.2940083 -0.6004627 2.532576
-0.2015743 -0.6137589 2.522434
-0.3601584 -0.7008486 2.511917
0.01812363 -0.6985984 2.466588
0.2841654 -0.7132452 2.451919
0.3171004 -0.7562085 2.501112

-0.3731495 -0.6220679 2.494766
-0.4223533 -0.6049737 2.464678
-0.6855057 -0.6138026 2.428057
-0.8344505 -0.4940583 2.423416
-0.6253471 -0.5295439 2.536536
-0.7699173 -0.6087927 2.430662
-0.8442449 -0.5223651 2.343857
-0.8360249 -0.5035807 2.299178
-0.7172469 -0.7318659 2.320098
-0.536267 -0.7244686 2.290607
-0.7118786 -0.7399068 2.34732
-0.7533113 -0.7657552 2.353609
-0.3218854 -0.5588126 2.497211
-0.02335727 -0.5308967 2.585446
-0.289868 -0.5972365 2.537133
-0.2009129 -0.6083703 2.528147
-0.3204501 -0.6882997 2.50665
0.05874016 -0.6921208 2.464236
0.3176528 -0.7068507 2.452353
0.3602841 -0.7498145 2.497176

-0.3586494 -0.6192298 2.494934
-0.4073609 -0.6022081 2.466327
-0.6588215 -0.6151665 2.431969
-0.8260812 -0.5011721 2.424887
-0.6029574 -0.5306065 2.540211
-0.7476115 -0.6099015 2.434287
-0.8219021 -0.5232251 2.347433
-0.8136517 -0.5043988 2.30267
-0.6948571 -0.7329285 2.323774
-0.5303377 -0.7237483 2.29073
-0.7064891 -0.7390553 2.346645
-0.7479707 -0.7649367 2.352944
-0.309824 -0.5589458 2.49542
0.003827855 -0.5287965 2.597389
-0.2627654 -0.5951588 2.549059
-0.1692406 -0.607308 2.540521
-0.3036313 -0.6830776 2.505449
0.07421415 -0.6891846 2.464729
0.33641 -0.7032174 2.452598
0.3774842 -0.746923 2.496376

-0.3389345 -0.6189485 2.493792
-0.3903317 -0.6011053 2.466982
-0.6473407 -0.6157839 2.433539
-0.8201854 -0.5059775 2.425885
-0.5890071 -0.5313196 2.542341
-0.733704 -0.6106468 2.436384
-0.8079686 -0.5238072 2.349502
-0.7997026 -0.5049546 2.304684
-0.6457953 -0.6897014 2.356996
-0.5258977 -0.7231842 2.290853
-0.7023955 -0.7383859 2.346164
-0.7439101 -0.7642924 2.352469
-0.3000861 -0.5628794 2.49285
0.0200528 -0.5276189 2.604527
-0.2465924 -0.5939957 2.556191
-0.1561491 -0.6069109 2.54565
-0.2916464 -0.6778022 2.505269
0.08630994 -0.6866526 2.464442
0.3504911 -0.7001724 2.452536
0.4222141 -0.7285545 2.446684

-0.3175198 -0.6184718 2.492148
-0.3680017 -0.6000944 2.46683
-0.6325449 -0.6164583 2.4356
-0.807546 -0.5141089 2.428042
-0.5717569 -0.5320351 2.545083
-0.7164853 -0.6113934 2.439096
-0.7907214 -0.5244061 2.352192
-0.7824459 -0.5055305 2.307326
-0.6178972 -0.6571866 2.382827
-0.5229076 -0.7229118 2.290895
-0.6996183 -0.738034 2.34578
-0.7411553 -0.7639587 2.352091
-0.2886963 -0.5693991 2.490822
0.01360264 -0.5197297 2.608665
-0.2530934 -0.5861128 2.560329
-0.1848183 -0.5936893 2.547497
-0.268149 -0.6635275 2.501493
0.1078311 -0.6821088 2.460979
0.3715399 -0.6958654 2.450551
0.461927 -0.7211238 2.408924

-0.306507 -0.6180366 2.492875
-0.3567278 -0.5994788 2.467966
-0.6238098 -0.6167104 2.436918
-0.7994327 -0.5190436 2.429446
-0.5600209 -0.5323734 2.547037
-0.7047749 -0.6117551 2.441028
-0.7789867 -0.5246622 2.35411
-0.7707059 -0.5057712 2.309211
-0.6075422 -0.6442933 2.393252
-0.5207859 -0.7227936 2.290872
-0.6976299 -0.737858 2.345444
-0.7391829 -0.7637967 2.351759
-0.2808235 -0.5743052 2.491915
0.006667201 -0.5152622 2.610074
-0.2600763 -0.5816528 2.561737
-0.2004203 -0.5896799 2.54621
-0.2583824 -0.6579118 2.501498
0.1173929 -0.6800991 2.460207
0.3831446 -0.6934872 2.449906
0.4763564 -0.71796 2.396554

-0.2999538 -0.6175591 2.493393
-0.3501674 -0.5989186 2.468755
-0.6184548 -0.6167914 2.437745
-0.794528 -0.5220219 2.430261
-0.5522998 -0.5324765 2.548338
-0.697076 -0.6118761 2.44231
-0.7712673 -0.5247061 2.355385
-0.7629829 -0.5058041 2.310462
-0.6024972 -0.6367757 2.399378
-0.5192268 -0.7227197 2.290854
-0.6961611 -0.7377419 2.345193
-0.7377263 -0.7636915 2.351512
-0.2762501 -0.577395 2.492703
-0.0002871014 -0.5122799 2.610397
-0.2670747 -0.5786785 2.562057
-0.2091596 -0.5881021 2.54513
-0.2523652 -0.6543545 2.501882
0.1235937 -0.6788309 2.459947
0.3902138 -0.6920521 2.449789
0.4786237 -0.7179478 2.391683

-0.2962168 -0.6165054 2.497488
-0.3459148 -0.5981556 2.471357
-0.6147885 -0.6168561 2.438367
-0.7913577 -0.5239206 2.430814
-0.5470859 -0.532503 2.549342
-0.6918819 -0.6119168 2.4433
-0.766056 -0.5246884 2.35637
-0.7577693 -0.5057787 2.31143
-0.60452 -0.6333404 2.402256
-0.5180706 -0.7226768 2.290832
-0.695066 -0.7376685 2.344997
-0.736641 -0.7636269 2.351318
-0.2734012 -0.5791373 2.497406
-0.006173978 -0.5102752 2.610233
-0.273002 -0.5766821 2.561888
-0.2143462 -0.5873209 2.544376
-0.252348 -0.6498491 2.509112
0.1259084 -0.6763867 2.466685
0.3951118 -0.6893803 2.45582
0.4658225 -0.7147387 2.403949

-0.2961229 -0.6161325 2.50009
-0.3453272 -0.5978636 2.473336
-0.6138732 -0.6167774 2.438712
-0.7895696 -0.5250592 2.431123
-0.543808 -0.5325713 2.549941
-0.688616 -0.6119938 2.44389
-0.7627811 -0.5247267 2.356956
-0.754492 -0.5058115 2.312003
-0.6105285 -0.6335388 2.402238
-0.5171961 -0.7226328 2.290829
-0.6942347 -0.7376004 2.344864
-0.7358181 -0.7635659 2.351187
-0.2726503 -0.5802063 2.500607
0.002929241 -0.5135412 2.611667
-0.2639474 -0.5799555 2.563319
-0.1822437 -0.6001382 2.545481
-0.2637019 -0.6504814 2.509707
0.1149811 -0.6775286 2.46534
0.3947946 -0.6889656 2.455685
0.4547509 -0.7163717 2.406029

-0.2987413 -0.6162033 2.502072
-0.347862 -0.5980218 2.474884
-0.6160371 -0.616999 2.438524
-0.7891185 -0.5255042 2.43111
-0.5420247 -0.5326982 2.550325
-0.6868526 -0.6121323 2.444263
-0.7610012 -0.5248225 2.357327
-0.7527106 -0.5059023 2.312363
-0.6157815 -0.6350702 2.401254
-0.5165669 -0.7226201 2.290817
-0.6936381 -0.7375717 2.344756
-0.7352274 -0.7635428 2.351079
-0.27363 -0.5809566 2.502385
0.01086638 -0.5166422 2.612614
-0.2560541 -0.583064 2.564263
-0.1657037 -0.6067603 2.545964
-0.2738484 -0.6520086 2.510257
0.1049573 -0.6787618 2.464077
0.3915766 -0.6891583 2.455018
0.4454654 -0.7179516 2.408527

-0.3021638 -0.6163689 2.50322
-0.3510858 -0.5982727 2.475816
-0.6154268 -0.6170515 2.43869
-0.788156 -0.5261182 2.431253
-0.5402612 -0.5327544 2.550653
-0.6850979 -0.6121942 2.444583
-0.7592397 -0.5248603 2.357646
-0.750948 -0.5059369 2.312674
-0.6204855 -0.6371306 2.399769
-0.5161054 -0.7226376 2.290792
-0.6932009 -0.7375768 2.344657
-0.734795 -0.7635536 2.350981
-0.2750563 -0.5813282 2.503633
0.0407818 -0.5250047 2.609403
-0.2262132 -0.5914416 2.561049
-0.1262174 -0.6166949 2.540387
-0.280435 -0.6531513 2.510102
0.09842952 -0.6796265 2.463011
0.3876468 -0.6896083 2.454062
0.4396591 -0.7190946 2.41008

-0.3066571 -0.6198981 2.496221
-0.3539053 -0.6004632 2.472115
-0.6136966 -0.6175071 2.438619
-0.7856023 -0.5272205 2.431484
-0.5380717 -0.5330607 2.550834
-0.6829308 -0.6125099 2.444754
-0.757061 -0.5251352 2.357815
-0.7487676 -0.5062075 2.312833
-0.6242101 -0.6391925 2.398242
-0.5157688 -0.7226884 2.290743
-0.6928807 -0.737617 2.344551
-0.7344797 -0.7636001 2.350875
-0.2752238 -0.5839936 2.499496
0.0596331 -0.5301061 2.606541
-0.2074112 -0.5965565 2.558184
-0.1085827 -0.620876 2.537068
-0.2853084 -0.6586056 2.498538
0.09386152 -0.6863809 2.451878
0.3810894 -0.6975241 2.440773
0.4083405 -0.7485505 2.43719

-0.3101494 -0.6205661 2.494405
-0.3564223 -0.6011855 2.470593
-0.6125351 -0.6177649 2.438523
-0.783971 -0.527889 2.431592
-0.5365447 -0.5332462 2.550938
-0.6814232 -0.6127036 2.444847
-0.7555429 -0.5252941 2.357909
-0.7472475 -0.5063629 2.312917
-0.6271603 -0.6405956 2.397031
-0.5155365 -0.7227697 2.29067
-0.692659 -0.7376886 2.344435
-0.7342634 -0.7636787 2.350759
-0.2759863 -0.584471 2.498745
0.07027423 -0.5330122 2.60474
-0.1968053 -0.5994728 2.556381
-0.1001329 -0.6230227 2.535622
-0.2883466 -0.6593021 2.497133
0.09071731 -0.6871456 2.450535
0.3776065 -0.6984448 2.439033
0.4079973 -0.7456841 2.43414

-0.3133578 -0.620817 2.493388
-0.3595166 -0.6015484 2.4695
-0.6182273 -0.6169 2.437146
-0.7878172 -0.5258805 2.43071
-0.5385471 -0.5329111 2.550416
-0.6834815 -0.6123862 2.444296
-0.75757 -0.5249061 2.357362
-0.7492747 -0.5059677 2.312352
-0.6291199 -0.6416922 2.396116
-0.5153694 -0.7228546 2.290595
-0.6924989 -0.737765 2.344327
-0.7341089 -0.7637621 2.350651
-0.2779295 -0.5841419 2.497997
0.07075398 -0.5336178 2.604414
-0.1963639 -0.6000885 2.55605
-0.1217865 -0.6176075 2.537169
-0.2910696 -0.6597695 2.496773
0.08783977 -0.6874222 2.450222
0.3741262 -0.6989227 2.438309
0.4105221 -0.7403617 2.429725

-0.3168062 -0.6204329 2.493705
-0.3632242 -0.6013445 2.469522
-0.6243454 -0.6162047 2.436309
-0.792327 -0.5236029 2.42984
-0.5417856 -0.532557 2.549977
-0.6867836 -0.6120543 2.443827
-0.7608334 -0.524491 2.356897
-0.7525366 -0.5055456 2.311869
-0.6305242 -0.6425745 2.39538
-0.5152751 -0.7229694 2.290498
-0.6924086 -0.7378718 2.344208
-0.7340248 -0.7638766 2.350529
-0.2811743 -0.5825908 2.498065
0.06802826 -0.5334047 2.604418
-0.1991196 -0.5998856 2.556049
-0.1347355 -0.6143207 2.538199
-0.2942092 -0.6597695 2.498768
0.08472915 -0.6871033 2.451309
0.312316 -0.7162503 2.424841
0.3395854 -0.766676 2.446856

-0.3194053 -0.6200376 2.494131
-0.3660944 -0.6011056 2.469671
-0.6287559 -0.6157323 2.435841
-0.7958312 -0.521901 2.429178
-0.5449174 -0.5322442 2.549638
-0.6899735 -0.6117641 2.443459
-0.7639867 -0.5241184 2.356531
-0.7556881 -0.505167 2.311487
-0.6315611 -0.6432943 2.394788
-0.5152354 -0.7231039 2.290392
-0.6923715 -0.7379989 2.344086
-0.7339945 -0.7640117 2.350407
-0.2838256 -0.5812175 2.498165
0.06379389 -0.5327823 2.604728
-0.2033753 -0.5992724 2.556355
-0.1395552 -0.6131476 2.538634
-0.2964534 -0.6596452 2.500759
0.08244897 -0.686608 2.4526
0.2877717 -0.7232417 2.419508
0.2955105 -0.7833998 2.457201

-0.3209876 -0.6200954 2.493865
-0.3681668 -0.601195 2.469304
-0.6319337 -0.6154317 2.435528
-0.7984555 -0.5205822 2.42871
-0.5477599 -0.531997 2.54934
-0.6928681 -0.6115389 2.443134
-0.7668473 -0.5238143 2.356209
-0.758547 -0.5048578 2.311152
-0.6319781 -0.6438502 2.394393
-0.5152702 -0.7232337 2.29029
-0.6924083 -0.7381225 2.343974
-0.7340394 -0.7641432 2.350293
-0.2862219 -0.580927 2.496322
0.05928635 -0.5320231 2.605086
-0.2078975 -0.5985211 2.556709
-0.1450245 -0.6118085 2.539238
-0.2977087 -0.659895 2.501215
0.08108838 -0.686928 2.452486
0.2736537 -0.7292905 2.414282
0.2787102 -0.7925745 2.457982

-0.3229486 -0.6208369 2.491754
-0.3711976 -0.6019544 2.466931
-0.6395978 -0.6153372 2.433833
-0.8045514 -0.5178807 2.427166
-0.5541809 -0.531836 2.548012
-0.6993605 -0.6114113 2.441765
-0.7732897 -0.5235733 2.354845
-0.7649879 -0.5046107 2.309772
-0.6320117 -0.6444503 2.393991
-0.5153396 -0.7233734 2.290182
-0.6924803 -0.7382572 2.34386
-0.7341196 -0.7642857 2.350178
-0.2901963 -0.5816154 2.490386
0.007949183 -0.5225371 2.602821
-0.2592498 -0.5890489 2.554435
-0.1947553 -0.6022308 2.537884
-0.2988059 -0.6608669 2.50046
0.08019543 -0.687001 2.452479
0.2652343 -0.7321078 2.41126
0.2702466 -0.796331 2.458159

-0.3241909 -0.6218645 2.489455
-0.3730266 -0.6028678 2.464754
-0.6413399 -0.6153679 2.433458
-0.8059914 -0.5172575 2.426792
-0.5558142 -0.531824 2.547691
-0.7010247 -0.6114153 2.441425
-0.7749298 -0.5235264 2.354509
-0.7666273 -0.504561 2.309429
-0.6324196 -0.6474372 2.391101
-0.5154358 -0.7235221 2.290061
-0.6925805 -0.7384019 2.343736
-0.7342279 -0.7644383 2.350054
-0.2915385 -0.5824559 2.48722
0.002212859 -0.5217157 2.603101
-0.2649947 -0.5882328 2.554711
-0.1915438 -0.6032962 2.53917
-0.2981783 -0.6637906 2.496231
0.08011124 -0.6871617 2.452142
0.2604188 -0.7341359 2.408755
0.2757947 -0.7967073 2.452738

-0.3245485 -0.6234238 2.487157
-0.373784 -0.6041529 2.46272
-0.6414709 -0.6156816 2.433162
-0.8064212 -0.5172026 2.426559
-0.5569159 -0.531822 2.547452
-0.7021456 -0.6114261 2.441172
-0.7760383 -0.5234966 2.354261
-0.767735 -0.5045295 2.309175
-0.6329554 -0.6502139 2.388192
-0.515551 -0.7236755 2.289932
-0.6927013 -0.7385526 2.343608
-0.7343569 -0.7645963 2.349924
-0.2918039 -0.5841039 2.484482
-0.01112743 -0.5197743 2.602568
-0.2783437 -0.586296 2.554175
-0.2071867 -0.6011075 2.538528
-0.2960198 -0.6669372 2.49258
0.08092209 -0.6879517 2.452748
0.2602961 -0.7363434 2.40817
0.2878983 -0.7977673 2.451964

-0.3225714 -0.6237171 2.487652
-0.3725301 -0.6045284 2.4627
-0.6394995 -0.6160077 2.433337
-0.8055195 -0.5178331 2.426649
-0.5574713 -0.5318518 2.547308
-0.702723 -0.6114678 2.441014
-0.7766026 -0.5234954 2.354103
-0.7682983 -0.5045264 2.309013
-0.6332406 -0.6513106 2.387106
-0.5156155 -0.7237695 2.28985
-0.6927714 -0.7386447 2.343526
-0.7344331 -0.7646939 2.349842
-0.2889616 -0.5847076 2.48831
-0.01946492 -0.5185007 2.60227
-0.2866885 -0.5850254 2.553874
-0.2151436 -0.5999024 2.538236
-0.2887413 -0.6661044 2.493326
0.08861189 -0.6869769 2.452745
0.2683736 -0.7353504 2.407213
0.2985968 -0.7952126 2.449829

-0.320107 -0.6239368 2.488809
-0.3697281 -0.6048598 2.46377
-0.6094897 -0.6172137 2.439888
-0.7837056 -0.5269712 2.430989
-0.5466179 -0.5323377 2.54969
-0.6919549 -0.6119971 2.443341
-0.7657786 -0.5238676 2.356431
-0.757472 -0.5048935 2.311329
-0.6338708 -0.6526216 2.385688
-0.5156884 -0.7238658 2.289764
-0.6928515 -0.73874 2.343441
-0.7345193 -0.7647946 2.349757
-0.2839817 -0.5855124 2.493856
-0.007327073 -0.5217325 2.604804
-0.2745635 -0.5882595 2.556404
-0.1987223 -0.604064 2.540677
-0.2825561 -0.6654063 2.494724
0.09506376 -0.6862777 2.453019
0.277129 -0.7340226 2.407076
0.315687 -0.7900302 2.447197

-0.3177423 -0.624062 2.490252
-0.3666141 -0.6050782 2.465352
-0.5966474 -0.6176912 2.44292
-0.7729383 -0.5315595 2.433071
-0.5375372 -0.5327172 2.551829
-0.6829389 -0.6124145 2.445436
-0.7567191 -0.5241485 2.358525
-0.7484105 -0.5051703 2.313413
-0.6345048 -0.6538236 2.384364
-0.51572 -0.7239125 2.28972
-0.6928877 -0.7387859 2.343397
-0.7345594 -0.7648436 2.349712
-0.2799928 -0.5860553 2.497988
0.003783477 -0.5244159 2.606842
-0.2634652 -0.5909447 2.558439
-0.1725677 -0.609735 2.54298
-0.2776653 -0.6648186 2.496906
0.09981965 -0.6857878 2.453576
0.284741 -0.732729 2.407586
0.3248057 -0.7872452 2.446354

-0.3135003 -0.6230012 2.495435
-0.361485 -0.6043373 2.46999
-0.5897965 -0.6179407 2.444673
-0.766919 -0.5341344 2.434222
-0.5306565 -0.532997 2.553588
-0.6761072 -0.6127257 2.447159
-0.749854 -0.5243466 2.360246
-0.7415439 -0.5053653 2.315126
-0.6348104 -0.654425 2.38373
-0.5157523 -0.7239555 2.289675
-0.692926 -0.7388285 2.343354
-0.7346016 -0.7648894 2.349669
-0.2748854 -0.5854946 2.505225
0.01255246 -0.5263432 2.60844
-0.2547071 -0.5928738 2.560035
-0.1612518 -0.6120451 2.54412
-0.2723386 -0.6625534 2.50238
0.1038005 -0.6850483 2.454621
0.2914419 -0.7311592 2.408793
0.3307845 -0.7850269 2.446555

-0.3110058 -0.6231974 2.497035
-0.3580693 -0.6045408 2.471729
-0.5856318 -0.6181247 2.445633
-0.7632034 -0.5356478 2.434964
-0.5255857 -0.5332506 2.554743
-0.6710742 -0.6130046 2.448285
-0.7447948 -0.5245333 2.361371
-0.7364834 -0.5055496 2.316246
-0.6350455 -0.6547846 2.383377
-0.5157897 -0.7240033 2.289629
-0.6929716 -0.7388769 2.343312
-0.7346513 -0.7649413 2.349626
-0.2715533 -0.5867869 2.506284
0.01915495 -0.527744 2.609571
-0.2481143 -0.5942761 2.561165
-0.155118 -0.6134189 2.544712
-0.2694996 -0.6619536 2.504424
0.1058458 -0.6889581 2.446203
0.2967294 -0.7338444 2.401135
0.333586 -0.7909449 2.429058

-0.3084009 -0.6236148 2.497727
-0.3533668 -0.6051619 2.472322
-0.5630797 -0.6192577 2.446741
-0.7423385 -0.5421897 2.438048
-0.5045918 -0.5343155 2.556668
-0.6501405 -0.6141146 2.450165
-0.7238147 -0.5254778 2.363245
-0.7154999 -0.5064898 2.318109
-0.635252 -0.6547505 2.383469
-0.5158345 -0.7240639 2.289577
-0.6930274 -0.7389389 2.343263
-0.7347116 -0.7650071 2.349577
-0.2651989 -0.5891193 2.504626
0.0677287 -0.5311005 2.607889
-0.1995652 -0.5976369 2.55948
-0.1074682 -0.6166906 2.540478
-0.2671254 -0.6616572 2.50552
0.1101294 -0.6887251 2.448899
0.3024717 -0.7330313 2.403078
0.3386175 -0.7889423 2.433791

-0.3068541 -0.6242287 2.496874
-0.3508693 -0.6057132 2.471734
-0.55818 -0.6195909 2.446954
-0.7378263 -0.5437716 2.438762
-0.4989183 -0.5347192 2.557065
-0.6444923 -0.6145388 2.450542
-0.7181481 -0.5258269 2.363619
-0.7098319 -0.5068371 2.318479
-0.6354238 -0.6545366 2.383775
-0.5158817 -0.7241297 2.289522
-0.6930875 -0.7390066 2.343212
-0.7347764 -0.7650788 2.349526
-0.2617067 -0.5910081 2.499877
0.08553413 -0.5327783 2.606537
-0.1817712 -0.5993174 2.558126
-0.091245 -0.6181776 2.538035
-0.2660627 -0.6617406 2.50534
0.1116395 -0.6887956 2.449404
0.3052998 -0.7326719 2.403612
0.3400893 -0.7879817 2.435575

-0.3053268 -0.6252407 2.49531
-0.3488547 -0.6064042 2.470753
-0.5572387 -0.6198855 2.446202
-0.7362961 -0.5444744 2.438896
-0.4953566 -0.5349433 2.5574
-0.6409469 -0.6147766 2.450862
-0.7145907 -0.5260165 2.363939
-0.7062737 -0.5070256 2.318796
-0.6345796 -0.6538423 2.384764
-0.5159369 -0.724184 2.289469
-0.6931584 -0.7390636 2.343163
-0.7348521 -0.7651395 2.349477
-0.259536 -0.5926607 2.495842
0.08372287 -0.5322068 2.607079
-0.1835935 -0.5987484 2.558666
-0.1161749 -0.6142208 2.539763
-0.2653964 -0.6623183 2.504307
0.1127766 -0.6888666 2.44978
0.3074691 -0.7323987 2.404088
0.3409725 -0.7873121 2.43716

-0.304116 -0.6257218 2.494598
-0.347111 -0.6067426 2.470309
-0.5547724 -0.6200352 2.446338
-0.7339566 -0.5453005 2.439276
-0.4910257 -0.5351322 2.55797
-0.6366434 -0.6149827 2.451413
-0.7102672 -0.5261586 2.364489
-0.7019495 -0.5071661 2.319341
-0.6338879 -0.6531572 2.385699
-0.5160231 -0.7242337 2.289422
-0.6932681 -0.7391171 2.343121
-0.7349679 -0.7651968 2.349435
-0.2574606 -0.5931779 2.494823
0.09319919 -0.5325098 2.60616
-0.1741267 -0.599054 2.557747
-0.1016175 -0.6146063 2.537245
-0.2646826 -0.662515 2.503848
0.1138232 -0.6887887 2.450315
0.30937 -0.732046 2.404728
0.3417348 -0.7866853 2.438695

-0.3035066 -0.6259243 2.49443
-0.3462868 -0.6068648 2.470262
-0.5914565 -0.6166803 2.443688
-0.7661033 -0.5341291 2.434592
-0.5036715 -0.5338039 2.557247
-0.6493495 -0.6136873 2.450654
-0.7229349 -0.5247344 2.363726
-0.7146162 -0.5057391 2.318572
-0.6332119 -0.6524823 2.386611
-0.516128 -0.7242783 2.289383
-0.6934023 -0.739166 2.343089
-0.7351088 -0.7652493 2.349403
-0.2583064 -0.5927491 2.494862
0.02803453 -0.5213938 2.605934
-0.2393057 -0.5879446 2.557517
-0.1734658 -0.6026076 2.539088
-0.2645293 -0.6624777 2.504024
0.1139781 -0.6883625 2.451539
0.3104618 -0.7315592 2.405698
0.3408133 -0.7856427 2.441514

-0.303058 -0.6260799 2.494295
-0.3457191 -0.606961 2.470197
-0.5976328 -0.6160397 2.443034
-0.7714501 -0.5322362 2.433808
-0.5063389 -0.5334228 2.557003
-0.6520482 -0.6133243 2.45039
-0.7256138 -0.5243014 2.363459
-0.7172946 -0.5053043 2.318302
-0.632751 -0.6517864 2.387527
-0.5162631 -0.7243124 2.289357
-0.6937857 -0.7397507 2.343138
-0.7351595 -0.7671232 2.341467
-0.2589602 -0.5926622 2.494664
0.02062104 -0.520107 2.606011
-0.2467248 -0.58666 2.557593
-0.1740527 -0.6024716 2.539145
-0.264461 -0.6625082 2.504061
0.1139968 -0.6885924 2.451535
0.3112432 -0.7314647 2.405891
0.3401448 -0.7857147 2.442113

-0.3027356 -0.6262057 2.494178
-0.3453526 -0.6070428 2.470113
-0.6012387 -0.6156784 2.442674
-0.7745651 -0.5311449 2.433354
-0.5080858 -0.5331769 2.556759
-0.6538216 -0.613093 2.450128
-0.7273705 -0.5240135 2.363196
-0.7190511 -0.5050152 2.318036
-0.6324146 -0.6511537 2.388332
-0.5164406 -0.724336 2.289342
-0.6940618 -0.7401277 2.343175
-0.7351829 -0.7679896 2.337713
-0.2595472 -0.5926802 2.494452
0.01568193 -0.5195031 2.606248
-0.2516697 -0.5860572 2.557828
-0.1779376 -0.6026226 2.539939
-0.264487 -0.6625735 2.504056
0.1139023 -0.6888694 2.451442
0.3118011 -0.7314242 2.40603
0.3394531 -0.7859102 2.44251

-0.3024968 -0.6262928 2.494099
-0.3451322 -0.6070861 2.470052
-0.6035284 -0.6154358 2.442375
-0.776636 -0.5304062 2.433043
-0.5092843 -0.5330018 2.556596
-0.6550426 -0.6129296 2.44995
-0.7285775 -0.5238041 2.363018
-0.7202579 -0.5048047 2.317855
-0.6321797 -0.6505946 2.389029
-0.5166357 -0.7243536 2.289328
-0.694348 -0.740516 2.343211
-0.7351564 -0.768739 2.334456
-0.2601215 -0.5926182 2.494403
0.01324337 -0.5195469 2.60667
-0.2541164 -0.586102 2.558248
-0.1798721 -0.6028326 2.540521
-0.2645462 -0.6626056 2.504077
0.1137515 -0.6891398 2.451302
0.3121911 -0.7314177 2.406128
0.3388044 -0.786152 2.442744

-0.3027906 -0.6268146 2.493062
-0.3458298 -0.6075453 2.468956
-0.6052235 -0.615446 2.4419
-0.7782207 -0.5298571 2.432795
-0.5109953 -0.5330175 2.55608
-0.6567841 -0.6129611 2.449414
-0.7302961 -0.5237806 2.362484
-0.7219763 -0.5047799 2.317318
-0.6320134 -0.6501354 2.389594
-0.5168436 -0.7243699 2.289316
-0.6946425 -0.7409224 2.343244
-0.7350994 -0.7693948 2.331715
-0.2618393 -0.5931653 2.492751
0.01292671 -0.5201015 2.607174
-0.2544435 -0.5866573 2.558751
-0.1763447 -0.604559 2.541495
-0.2660849 -0.6635799 2.502403
0.1131649 -0.6890611 2.451455
0.3122294 -0.7312898 2.406376
0.3376352 -0.7860155 2.443295

-0.3031678 -0.6273026 2.49203
-0.3465843 -0.6079698 2.467882
-0.6056189 -0.6155949 2.441321
-0.7788089 -0.5296839 2.432665
-0.5121142 -0.5330022 2.55568
-0.6579285 -0.6129586 2.448997
-0.7314224 -0.5237328 2.362068
-0.7231027 -0.5047312 2.3169
-0.6322173 -0.6503066 2.38919
-0.5170484 -0.7243832 2.289306
-0.6949227 -0.7413135 2.343277
-0.7350295 -0.7699267 2.329514
-0.2632697 -0.5936072 2.491328
0.01409103 -0.5209587 2.607691
-0.2532913 -0.5875156 2.559264
-0.172003 -0.6062167 2.54224
-0.267377 -0.6644734 2.500866
0.11243 -0.6894757 2.451159
0.3121325 -0.7314109 2.406408
0.3364591 -0.7864913 2.443251

-0.305596 -0.6282576 2.489414
-0.3512273 -0.6088848 2.464616
-0.6204392 -0.6155413 2.437799
-0.7903799 -0.5252065 2.430588
-0.5283898 -0.5325006 2.552522
-0.6742927 -0.6124958 2.445789
-0.7477238 -0.523124 2.358863
-0.7394027 -0.5041191 2.313687
-0.6327646 -0.6508889 2.388081
-0.5171418 -0.7243299 2.289333
-0.6950343 -0.7415236 2.34333
-0.7347089 -0.7701719 2.327823
-0.2684887 -0.5939296 2.487647
0.001622085 -0.5186877 2.607519
-0.265783 -0.5852473 2.55909
-0.1985309 -0.6004743 2.542118
-0.2714756 -0.6666242 2.497252
0.1096855 -0.6902546 2.450399
0.3108874 -0.7317608 2.406259
0.3332446 -0.7874082 2.442692

-0.3084657 -0.6292911 2.486514
-0.3557273 -0.6097482 2.461487
-0.6285467 -0.6155058 2.435825
-0.7971916 -0.5225921 2.429196
-0.5395089 -0.5321497 2.550332
-0.6854701 -0.6121754 2.443564
-0.7588593 -0.5226893 2.356637
-0.7505371 -0.5036817 2.311455
-0.6329773 -0.6511981 2.387487
-0.5171805 -0.7242185 2.289393
-0.6950837 -0.7416834 2.343398
-0.7342747 -0.7702764 2.326472
-0.2734849 -0.5942513 2.483809
0.002947331 -0.5202802 2.607245
-0.264471 -0.5868417 2.558814
-0.1960474 -0.6024091 2.541935
-0.2762254 -0.6688969 2.493642
0.1059865 -0.6910782 2.449564
0.3088069 -0.7322214 2.406019
0.329262 -0.7883502 2.442026

-0.312238 -0.6300177 2.483083
-0.3618919 -0.6102629 2.457576
-0.6408603 -0.6155844 2.43255
-0.8070676 -0.5184867 2.427091
-0.5533209 -0.5319047 2.547252
-0.6993366 -0.6119627 2.440448
-0.7726856 -0.5223566 2.35352
-0.7643622 -0.5033464 2.308332
-0.6331461 -0.6513868 2.387071
-0.5172153 -0.7241735 2.28941
-0.6951104 -0.7418777 2.34344
-0.733795 -0.7704468 2.325203
-0.2806883 -0.5937183 2.478703
-0.006023466 -0.5191047 2.606158
-0.2734596 -0.5856698 2.557724
-0.2072337 -0.6005419 2.540598
-0.2818013 -0.6706421 2.489886
0.1012591 -0.690632 2.449465
0.3057141 -0.732031 2.406139
0.3244891 -0.7879938 2.442069

-0.3138299 -0.6304768 2.481603
-0.3636889 -0.6105543 2.456366
-0.612586 -0.6186187 2.436373
-0.7855362 -0.5276709 2.430956
-0.5477591 -0.532876 2.547745
-0.6938158 -0.6129624 2.440911
-0.767138 -0.5232469 2.35398
-0.7588134 -0.5042341 2.308786
-0.6339385 -0.652144 2.38594
-0.5172407 -0.72415 2.289416
-0.6951073 -0.7421221 2.343455
-0.7332904 -0.77066 2.324048
-0.2824317 -0.5937505 2.477378
0.001690918 -0.5211322 2.606229
-0.2657626 -0.5877014 2.557792
-0.1945492 -0.6032594 2.541037
-0.2833685 -0.6713675 2.488681
0.09987084 -0.6908723 2.449145
0.3046097 -0.7322508 2.406
0.3230856 -0.7882178 2.441871

-0.3146447 -0.6307316 2.480779
-0.3647504 -0.6107669 2.455594
-0.5990564 -0.6200059 2.438304
-0.7744777 -0.5321368 2.43293
-0.5409456 -0.5338008 2.548582
-0.687038 -0.6139132 2.44172
-0.7603356 -0.5240993 2.354787
-0.7520098 -0.5050842 2.309588
-0.6343696 -0.6524196 2.385492
-0.5172237 -0.7240989 2.289428
-0.6950504 -0.7423134 2.343488
-0.7327241 -0.7707707 2.323113
-0.2828615 -0.5939038 2.476901
0.008988128 -0.5228943 2.606377
-0.2584799 -0.5894674 2.557938
-0.1737185 -0.6072843 2.540713
-0.2841437 -0.671858 2.487937
0.09907588 -0.6910781 2.448871
0.303948 -0.7323925 2.405907
0.3223004 -0.7885294 2.44155

-0.3152189 -0.6309501 2.480141
-0.3653074 -0.6109835 2.455056
-0.595288 -0.6206704 2.438519
-0.7713423 -0.5335606 2.433414
-0.5384081 -0.5344979 2.548507
-0.6845246 -0.6146278 2.441627
-0.7578068 -0.5247456 2.354692
-0.7494801 -0.5057289 2.309489
-0.6346523 -0.6525605 2.385204
-0.5172102 -0.724069 2.289425
-0.6949808 -0.742534 2.343492
-0.7321976 -0.7709073 2.322272
-0.2827081 -0.5942247 2.476637
0.01511348 -0.5242844 2.606543
-0.2523662 -0.5908613 2.558101
-0.16343 -0.6092407 2.540599
-0.2845407 -0.6722167 2.487377
0.09861299 -0.6913554 2.448355
0.3033825 -0.7325829 2.40567
0.3218828 -0.7889327 2.440902

-0.3154901 -0.6313007 2.479516
-0.3651977 -0.6113768 2.454581
-0.5925196 -0.6211236 2.438621
-0.7690336 -0.5346069 2.43376
-0.5353456 -0.5351064 2.548428
-0.6814862 -0.6152529 2.441531
-0.7547514 -0.525307 2.354594
-0.7464238 -0.5062888 2.309388
-0.6352689 -0.6530306 2.384463
-0.5172112 -0.7240471 2.289421
-0.6949484 -0.7427342 2.343488
-0.7318142 -0.7710178 2.321592
-0.2814949 -0.595028 2.476393
0.01997205 -0.5253173 2.606678
-0.2475179 -0.5918974 2.558235
-0.157583 -0.6103191 2.540525
-0.2841054 -0.6728177 2.486725
0.09878629 -0.6917461 2.447626
0.3030472 -0.7327988 2.405378
0.32213 -0.7894155 2.440084

-0.3155589 -0.6316382 2.479004
-0.3646683 -0.61178 2.454243
-0.5905414 -0.621438 2.4387
-0.7673944 -0.535331 2.433996
-0.5324458 -0.5355976 2.548398
-0.6786107 -0.615759 2.441486
-0.7518583 -0.5257553 2.354548
-0.7435299 -0.5067359 2.309338
-0.6359221 -0.6536134 2.38359
-0.5172103 -0.7240328 2.289413
-0.6949117 -0.7429588 2.343471
-0.7314729 -0.7711393 2.321002
-0.2799287 -0.5958122 2.476322
0.02372916 -0.5260322 2.606782
-0.2437701 -0.5926151 2.558338
-0.1542894 -0.6109333 2.540476
-0.2832592 -0.6733515 2.486176
0.09929958 -0.6921355 2.446883
0.3028567 -0.7330171 2.405065
0.3222983 -0.7897195 2.439567

-0.3152311 -0.6320121 2.478598
-0.3635151 -0.6122039 2.454108
-0.5890965 -0.6216672 2.438766
-0.7662032 -0.5358567 2.434172
-0.5298498 -0.5359964 2.548469
-0.6760395 -0.6161715 2.441541
-0.7492691 -0.5261146 2.354603
-0.74094 -0.507094 2.30939
-0.6361887 -0.6537707 2.383302
-0.5172081 -0.7240285 2.289397
-0.6948758 -0.7432229 2.343432
-0.7311733 -0.7712818 2.320478
-0.2778143 -0.5966783 2.476733
0.02659763 -0.52653 2.606871
-0.2409101 -0.5931153 2.558425
-0.1518945 -0.6113616 2.540443
-0.2819112 -0.6737218 2.485584
0.100271 -0.6924961 2.446049
0.3028509 -0.7332386 2.404687
0.3234066 -0.7901717 2.438595

-0.3142206 -0.6322594 2.478581
-0.3614978 -0.6124432 2.454476
-0.5880228 -0.6218342 2.438814
-0.7653126 -0.5362555 2.43431
-0.5273889 -0.5363212 2.548609
-0.6736052 -0.6165094 2.441665
-0.7468156 -0.5264012 2.354726
-0.7384859 -0.5073792 2.30951
-0.6363323 -0.653666 2.383217
-0.5172054 -0.7240291 2.289372
-0.6948448 -0.7434852 2.343383
-0.7309163 -0.7714168 2.320022
-0.2755224 -0.5973476 2.477463
0.02877162 -0.5268747 2.606941
-0.2387439 -0.593462 2.558494
-0.1501717 -0.6116742 2.540418
-0.2795109 -0.6733742 2.485871
0.1019066 -0.6927527 2.445339
0.3031192 -0.7334368 2.404319
0.3252228 -0.7905553 2.437683

-0.3128202 -0.6321076 2.479146
-0.3582642 -0.6121122 2.455738
-0.5680004 -0.6196067 2.442953
-0.748399 -0.5405431 2.437622
-0.5076451 -0.5353542 2.552407
-0.6539435 -0.61558 2.445419
-0.7270851 -0.525341 2.358485
-0.718754 -0.5063153 2.31326
-0.63656 -0.6537406 2.382946
-0.5172082 -0.7240313 2.289348
-0.6948344 -0.7437317 2.343336
-0.7307209 -0.7715335 2.319647
-0.2693484 -0.5962467 2.480657
0.0653208 -0.5292838 2.602714
-0.2022287 -0.5958795 2.554264
-0.1092961 -0.6141809 2.534064
-0.2762103 -0.6723699 2.487374
0.1039546 -0.6928988 2.444802
0.3036583 -0.7336126 2.403964
0.3273831 -0.7907362 2.437103

-0.3094444 -0.6338953 2.479707
-0.3477001 -0.6164617 2.459925
-0.5068117 -0.6360354 2.472263
-0.6864892 -0.563189 2.457641
-0.4365362 -0.5522808 2.58351
-0.5828856 -0.6325582 2.476466
-0.6559857 -0.5421299 2.389528
-0.6476513 -0.523096 2.344284
-0.6080533 -0.6716412 2.396771
-0.5164101 -0.7241176 2.288289
-0.6940219 -0.7440584 2.342767
-0.7294022 -0.771588 2.31845
-0.2585094 -0.59846 2.481374
0.06861399 -0.5292023 2.602738
-0.1989467 -0.5958015 2.554286
-0.1188529 -0.6119213 2.535812
-0.268649 -0.6767273 2.485416
0.1105863 -0.694104 2.443422
0.3065657 -0.7344244 2.402983
0.3379347 -0.7929698 2.432635

-0.2897854 -0.6368194 2.479748
-0.3273023 -0.6196556 2.464552
-0.4714806 -0.6461974 2.490791
-0.6506377 -0.5765351 2.469784
-0.4071307 -0.5593098 2.597009
-0.5535148 -0.6396096 2.489935
-0.6265993 -0.5490887 2.402992
-0.6182649 -0.5300503 2.357737
-0.5032431 -0.6723393 2.425781
-0.4365401 -0.7047027 2.297053
-0.6131559 -0.7258003 2.354644
-0.647314 -0.7514995 2.328368
-0.2499007 -0.5995203 2.480588
0.06813083 -0.5287106 2.603235
-0.1994412 -0.5953133 2.55478
-0.1291322 -0.6100299 2.537531
-0.2603895 -0.6794558 2.484
0.1156784 -0.6934041 2.442816
0.3114562 -0.7338744 2.402062
0.3488891 -0.7916855 2.429487

-0.2968972 -0.6368222 2.476476
-0.3427932 -0.6178493 2.45826
-0.5925517 -0.6243312 2.448952
-0.7630484 -0.5357387 2.43891
-0.4790097 -0.5469702 2.574171
-0.6253701 -0.627297 2.467089
-0.6984476 -0.5367029 2.380141
-0.6901084 -0.5176611 2.334877
-0.5997776 -0.6498359 2.404604
-0.4505255 -0.7105406 2.293958
-0.6280375 -0.7334294 2.350964
-0.6612967 -0.7581246 2.323858
-0.2618479 -0.5994113 2.474211
0.06535441 -0.5280867 2.603917
-0.2022292 -0.5946929 2.555458
-0.1369237 -0.6088474 2.538705
-0.2684951 -0.6789083 2.482569
0.1099306 -0.6929765 2.442395
0.3095509 -0.7339053 2.401419
0.3453129 -0.7914005 2.429264

-0.306336 -0.6348794 2.474627
-0.3581904 -0.6144798 2.45394
-0.6291339 -0.6206911 2.439655
-0.7949461 -0.5211055 2.432183
-0.5525608 -0.5359107 2.550973
-0.6989838 -0.6162512 2.443856
-0.7720328 -0.525583 2.35691
-0.7636937 -0.5065365 2.311635
-0.6025245 -0.64618 2.405654
-0.4653768 -0.7144625 2.292189
-0.6431791 -0.7383515 2.34865
-0.6762489 -0.7625933 2.321069
-0.2780637 -0.5942793 2.471156
0.01451704 -0.5185933 2.603622
-0.2531018 -0.5852066 2.555154
-0.1801705 -0.6007667 2.537737
-0.2789867 -0.6768773 2.482555
0.1014885 -0.6923252 2.442651
0.2992311 -0.7181716 2.410964
0.3369859 -0.7785628 2.439229
