
-0.2021723 0.09588391 2.546311
-0.2253137 0.1395779 2.614821
-0.2691377 0.4932863 2.701492
-0.2600876 0.6605369 2.691183
-0.3813216 0.3570921 2.613151
-0.4570607 0.1313114 2.584743
-0.4958194 -0.05885946 2.471852
-0.5102078 -0.1214969 2.434401
-0.1410225 0.3858303 2.686316
-0.04699963 0.1133643 2.675688
0.07823593 -0.06104419 2.651865
0.1174699 -0.1132543 2.642076
-0.247385 0.03402989 2.497343
-0.2447576 -0.3712868 2.420025
-0.2233958 -0.6978699 2.342295
-0.1957427 -0.7841108 2.258973
-0.1361919 0.04716075 2.545485
0.1172773 -0.1787651 2.476959
0.3447951 -0.3475879 2.405611
0.3989697 -0.3352135 2.315236

-0.2039157 0.09796859 2.545822
-0.2266843 0.1414378 2.614244
-0.2715018 0.4938208 2.700631
-0.2625052 0.6603925 2.690174
-0.3845342 0.356923 2.613197
-0.4580026 0.1318161 2.585033
-0.4988358 -0.05618872 2.468979
-0.5109323 -0.1145277 2.430254
-0.1434409 0.3875597 2.685588
-0.04756997 0.117932 2.677178
0.08072206 -0.05407212 2.652321
0.1157266 -0.09987333 2.640124
-0.2492359 0.03563181 2.496776
-0.2444796 -0.371854 2.419804
-0.2233089 -0.6981145 2.342249
-0.1958034 -0.7841421 2.258547
-0.1374304 0.04864018 2.545553
0.1226884 -0.1661886 2.481824
0.3423287 -0.3400205 2.406913
0.395672 -0.3276652 2.315908

-0.2072864 0.1007862 2.545342
-0.2295656 0.1440005 2.613665
-0.274292 0.4945074 2.699999
-0.265378 0.6605101 2.689195
-0.3869153 0.3567882 2.613225
-0.4594248 0.132664 2.585413
-0.5039978 -0.05295797 2.467042
-0.5178242 -0.1108653 2.429078
-0.1451375 0.3888898 2.68533
-0.04795617 0.12169 2.678602
0.08229399 -0.04846219 2.650631
0.1138543 -0.0892478 2.637161
-0.2527487 0.03792048 2.496704
-0.2442544 -0.3723637 2.419623
-0.2232537 -0.6982309 2.342212
-0.1958824 -0.7841123 2.258226
-0.1421292 0.05234932 2.544778
0.1258774 -0.1472276 2.495191
0.3407474 -0.3343917 2.407446
0.3931932 -0.3219768 2.315632

-0.2097226 0.1028027 2.545027
-0.2318215 0.1459528 2.613251
-0.2768973 0.4952666 2.69939
-0.2675441 0.6607378 2.688581
-0.388851 0.3567297 2.613256
-0.4607988 0.1335425 2.5857
-0.5080407 -0.05014602 2.465317
-0.5229074 -0.1079744 2.427827
-0.1463034 0.3899789 2.685513
-0.04851355 0.1273683 2.680128
0.08333662 -0.04071243 2.646745
0.1083696 -0.0717802 2.632923
-0.2553363 0.03961313 2.496672
-0.2440666 -0.3728214 2.419472
-0.2232037 -0.6983129 2.342194
-0.1959659 -0.7840547 2.257978
-0.1447162 0.05443832 2.544402
0.1258534 -0.1423477 2.496095
0.3907441 -0.3427062 2.393486
0.4438182 -0.3278308 2.30236

-0.2114822 0.1042257 2.54481
-0.2335386 0.1473794 2.61295
-0.2789972 0.4958394 2.698911
-0.2691785 0.6609449 2.688154
-0.3902823 0.3566932 2.613272
-0.4622867 0.1345462 2.585891
-0.5107469 -0.04800361 2.464016
-0.5260027 -0.1059834 2.426866
-0.1470301 0.3908217 2.686011
-0.04849053 0.1318279 2.681306
0.09003573 -0.02841526 2.641119
0.1166358 -0.06629756 2.629303
-0.2572079 0.0408442 2.496557
-0.2439005 -0.3731568 2.419352
-0.2231636 -0.6983712 2.34218
-0.196047 -0.7839827 2.257789
-0.146248 0.05560249 2.544219
0.1237888 -0.14098 2.495005
0.3784971 -0.3073758 2.397226
0.432567 -0.2889614 2.307444

-0.2226898 0.1036426 2.53828
-0.241905 0.1484533 2.608227
-0.2912434 0.498173 2.698543
-0.2778907 0.6638314 2.686828
-0.3992549 0.3563733 2.612638
-0.4736284 0.1434111 2.573426
-0.5161349 -0.03882786 2.449127
-0.5267082 -0.09532568 2.411699
-0.1628004 0.3866223 2.669401
-0.0394523 0.1666326 2.677197
0.1513597 -0.02109398 2.605717
0.1927008 -0.01778592 2.57397
-0.2676049 0.0422881 2.48886
-0.2424807 -0.376335 2.418781
-0.2225485 -0.6995091 2.341609
-0.1966522 -0.7833677 2.2568
-0.1602855 0.05344012 2.537119
0.1241203 -0.111683 2.506897
0.3743884 -0.2779966 2.404715
0.4122084 -0.2637939 2.308461

-0.2238542 0.1033094 2.537108
-0.2427209 0.1481802 2.607271
-0.2916794 0.4982987 2.698469
-0.2788557 0.6641831 2.686546
-0.3999708 0.3562792 2.612325
-0.474015 0.1437693 2.572633
-0.5159856 -0.03828282 2.448138
-0.5268028 -0.09529436 2.410963
-0.1635064 0.3869663 2.668427
-0.03775042 0.1693344 2.675932
0.1278703 0.009710971 2.602306
0.1777212 -0.004819279 2.580249
-0.2686117 0.04214049 2.4878
-0.2424326 -0.3764938 2.418722
-0.2225621 -0.6996161 2.341532
-0.196693 -0.7832851 2.256713
-0.1621663 0.05359824 2.535331
0.1156085 -0.1280697 2.464254
0.3590018 -0.282324 2.405659
0.4063935 -0.2683354 2.311503

-0.2256006 0.1026801 2.535365
-0.2438669 0.1477401 2.605932
-0.2922235 0.4985224 2.698342
-0.2798401 0.6645518 2.686294
-0.4006388 0.356183 2.611994
-0.4743539 0.1440378 2.571934
-0.5160381 -0.03782603 2.447337
-0.5271778 -0.09527637 2.410277
-0.164463 0.3874135 2.666894
-0.03622614 0.1715492 2.674832
0.1223155 0.01755335 2.602752
0.1734419 -0.0002127518 2.581657
-0.2699142 0.04185933 2.486702
-0.2424009 -0.376634 2.418655
-0.2225887 -0.6997247 2.341454
-0.1967363 -0.7831957 2.256629
-0.164595 0.05373405 2.532857
0.1033767 -0.1468355 2.435182
0.3489608 -0.2868487 2.405869
0.4010767 -0.2726066 2.313651

-0.2270665 0.1021472 2.533859
-0.2448265 0.1473645 2.604732
-0.292744 0.4987681 2.69818
-0.2810228 0.6650285 2.686008
-0.401301 0.3560869 2.611625
-0.4746525 0.1442172 2.571391
-0.516142 -0.03750109 2.446774
-0.5276466 -0.09531243 2.409775
-0.1655259 0.3876897 2.664848
-0.03435592 0.1731371 2.673445
0.1189781 0.02222823 2.602885
0.1703898 0.0006354009 2.585376
-0.2710386 0.04158738 2.485729
-0.24238 -0.3767609 2.418579
-0.2226316 -0.6998375 2.341367
-0.1967817 -0.7831123 2.256554
-0.1664826 0.05384622 2.530907
0.1000707 -0.1546847 2.430104
0.3392397 -0.3170237 2.400439
0.3924994 -0.306192 2.310039

-0.2282608 0.1016303 2.532439
-0.245668 0.1469981 2.603469
-0.2935443 0.4991316 2.697517
-0.2822123 0.6655439 2.685714
-0.4018697 0.3560079 2.611286
-0.4749483 0.1445641 2.570973
-0.5163209 -0.03696528 2.446376
-0.5281139 -0.09512724 2.409473
-0.1665059 0.3878509 2.662839
-0.03272758 0.1742558 2.672269
0.1178175 0.02443997 2.602977
0.1715949 -0.003309326 2.589606
-0.2719387 0.0413365 2.484934
-0.2423669 -0.3769046 2.41849
-0.2226849 -0.6999602 2.341283
-0.1968266 -0.7830297 2.256485
-0.1679029 0.05394204 2.529247
0.09802318 -0.1600123 2.431275
0.3357943 -0.3326347 2.397404
0.3889526 -0.3241512 2.307507

-0.2291766 0.1012606 2.531332
-0.246328 0.1467317 2.602431
-0.2943918 0.49939 2.696598
-0.2832323 0.665986 2.685471
-0.4024802 0.355906 2.610946
-0.4752277 0.1447668 2.570526
-0.5165697 -0.03669329 2.446119
-0.5288399 -0.09517734 2.409374
-0.1673094 0.3880453 2.661152
-0.03094292 0.1747724 2.671163
0.1190641 0.0236731 2.603321
0.1744177 -0.0082971 2.592956
-0.2736701 0.04054781 2.480778
-0.242376 -0.3770401 2.418398
-0.2227446 -0.7000614 2.341208
-0.1968779 -0.7829378 2.256429
-0.1686431 0.0535812 2.528724
0.1040783 -0.1769311 2.433097
0.338911 -0.3644094 2.392799
0.390164 -0.3583867 2.302715

-0.229874 0.1009783 2.530469
-0.2468426 0.1465343 2.601584
-0.2951733 0.4996981 2.695695
-0.2841135 0.6663887 2.685271
-0.4030243 0.355825 2.61062
-0.475467 0.1449296 2.57016
-0.5170285 -0.0362813 2.445754
-0.5298147 -0.09498904 2.409037
-0.1680134 0.38824 2.65966
-0.02957325 0.1750567 2.670303
0.1218783 0.02039342 2.603859
0.1771808 -0.01289197 2.59402
-0.274621 0.04013127 2.478765
-0.242404 -0.3771423 2.418322
-0.2228054 -0.7001536 2.341136
-0.1969289 -0.7828389 2.256377
-0.1692079 0.05343863 2.528249
0.1091726 -0.184379 2.442099
0.3748385 -0.4122185 2.379595
0.4234262 -0.4063727 2.288959

-0.230368 0.1007914 2.529814
-0.2472039 0.1464021 2.600919
-0.2957909 0.4999666 2.694995
-0.2848511 0.6667317 2.6851
-0.4035545 0.3557436 2.610335
-0.4756736 0.1451292 2.569855
-0.5175736 -0.03573646 2.445438
-0.5308407 -0.09460858 2.408742
-0.1685805 0.3883992 2.65837
-0.02854381 0.1751846 2.669652
0.1248051 0.01639797 2.603836
0.1792408 -0.01791336 2.593403
-0.2752196 0.03988913 2.477444
-0.2424521 -0.3772296 2.418236
-0.2228688 -0.700238 2.341069
-0.19698 -0.7827393 2.256337
-0.1695962 0.05336729 2.527888
0.1113835 -0.1891848 2.448136
0.3903848 -0.4369647 2.371644
0.4365431 -0.4302161 2.280897

-0.2306534 0.1006545 2.529299
-0.247489 0.1462939 2.600323
-0.2963405 0.5001876 2.694324
-0.2854743 0.6670249 2.684965
-0.4040384 0.3556643 2.61006
-0.475855 0.1453254 2.569556
-0.5179351 -0.0353202 2.445184
-0.5314889 -0.09434697 2.408521
-0.1687056 0.3885642 2.657892
-0.02573804 0.1724308 2.667512
0.1275812 0.01258836 2.603659
0.1808603 -0.02269001 2.592788
-0.2755361 0.03971037 2.476717
-0.2425143 -0.3773251 2.418142
-0.2229348 -0.7003163 2.341005
-0.19703 -0.7826402 2.256308
-0.1695255 0.0533413 2.527405
0.1129907 -0.1937138 2.451693
0.3965217 -0.4595404 2.362523
0.441602 -0.453146 2.271243

-0.2305426 0.1004574 2.528664
-0.2475239 0.1461505 2.599707
-0.2967804 0.5003668 2.69378
-0.2859413 0.6672326 2.684878
-0.4044396 0.3556003 2.609802
-0.4759878 0.1454811 2.569301
-0.5181374 -0.03506549 2.445027
-0.53186 -0.09421811 2.408401
-0.1688013 0.3886653 2.657481
-0.01990547 0.1634031 2.662831
0.1300978 0.008911517 2.602962
0.1820006 -0.02771641 2.592096
-0.2753048 0.03934864 2.476377
-0.2425917 -0.3774543 2.418015
-0.2229988 -0.7003872 2.340946
-0.1970718 -0.7825529 2.256279
-0.1683492 0.05376896 2.526159
0.1135519 -0.1966096 2.453877
0.3967524 -0.4722168 2.357262
0.4408501 -0.4662822 2.265408

-0.2297464 0.1003357 2.527936
-0.2471408 0.1460588 2.599023
-0.2971013 0.5005279 2.693343
-0.2863244 0.667405 2.684824
-0.4047761 0.3555484 2.609581
-0.4760564 0.1455836 2.569066
-0.5182856 -0.03491941 2.444947
-0.532189 -0.09418673 2.408397
-0.1688324 0.3887564 2.657187
-0.01666522 0.1581079 2.660149
0.1318202 0.005675282 2.602263
0.1821645 -0.03264009 2.591228
-0.2739968 0.03889277 2.476708
-0.2429167 -0.3772282 2.417791
-0.2230633 -0.7004421 2.340898
-0.1971154 -0.7824539 2.256266
-0.1660866 0.05486574 2.524512
0.1131843 -0.199527 2.455376
0.3884347 -0.4784302 2.353539
0.4322406 -0.4726101 2.261345

-0.2289701 0.1002271 2.527303
-0.2466949 0.1459741 2.59842
-0.2973255 0.5006747 2.693084
-0.2865978 0.6675336 2.684763
-0.4050589 0.3555053 2.609396
-0.4760657 0.1456291 2.568878
-0.5184194 -0.03480896 2.444878
-0.5325041 -0.0941624 2.408375
-0.1688027 0.38884 2.656941
-0.01518616 0.1554689 2.658676
0.1322267 0.003032255 2.601264
0.1803398 -0.0374737 2.589998
-0.2728434 0.03848676 2.477129
-0.2432783 -0.3770005 2.417523
-0.2231501 -0.7005286 2.340838
-0.1971461 -0.782388 2.256245
-0.164319 0.05573252 2.523121
0.1113483 -0.2034794 2.456012
0.3688751 -0.482932 2.350859
0.4123395 -0.4777103 2.258116

-0.2274499 0.1002633 2.526654
-0.2456306 0.145967 2.597755
-0.2974443 0.5007808 2.692886
-0.28681 0.6676316 2.684718
-0.4052814 0.3554654 2.609252
-0.4759932 0.145641 2.568705
-0.5185022 -0.0347286 2.444826
-0.5327186 -0.09414467 2.408358
-0.1687272 0.388916 2.656761
-0.01425647 0.1537252 2.657697
0.1322522 0.0009641516 2.600542
0.177953 -0.04165402 2.589597
-0.2709614 0.03816306 2.477768
-0.2436358 -0.3767679 2.417263
-0.2232374 -0.7006134 2.34078
-0.1971742 -0.7823249 2.256229
-0.1620909 0.05675567 2.52192
0.1079764 -0.2085659 2.455585
0.3516396 -0.4968485 2.340978
0.3927758 -0.4929637 2.246816

-0.2257313 0.1000786 2.526035
-0.2443141 0.145788 2.597116
-0.2974584 0.5008719 2.692756
-0.2869758 0.6677102 2.684667
-0.40545 0.3554301 2.609138
-0.4758492 0.1456288 2.568552
-0.5185648 -0.03470884 2.444868
-0.5329164 -0.09423255 2.408518
-0.1685839 0.3890105 2.656656
-0.01366271 0.1525066 2.657
0.1318428 -0.00139892 2.59973
0.1761728 -0.04477847 2.588919
-0.2690293 0.03771663 2.478521
-0.2442314 -0.3762468 2.416939
-0.2233568 -0.7007105 2.3407
-0.1971968 -0.7822689 2.256213
-0.1600782 0.05736647 2.520813
0.1028569 -0.2151143 2.454267
0.3200196 -0.4858773 2.347644
0.3619456 -0.4825348 2.253819

-0.2244164 0.09996835 2.525569
-0.2435146 0.1456552 2.59663
-0.2974244 0.5009478 2.692677
-0.287093 0.6677788 2.684607
-0.4055578 0.3554139 2.609057
-0.475662 0.1455904 2.568442
-0.5186173 -0.03470522 2.444938
-0.5330958 -0.09431451 2.408694
-0.1647971 0.3906648 2.660551
-0.01351643 0.1515914 2.656451
0.1303603 -0.003856921 2.599132
0.1709215 -0.05121972 2.590028
-0.2677029 0.03745955 2.479052
-0.2453801 -0.3747482 2.416779
-0.2235001 -0.7008051 2.340609
-0.1972182 -0.7822085 2.256201
-0.1586559 0.05773181 2.520014
0.0956004 -0.2222651 2.452174
0.310795 -0.4894062 2.346841
0.3533897 -0.485745 2.253241

-0.2231477 0.09997925 2.525291
-0.2427858 0.1456037 2.59628
-0.2973168 0.5010285 2.692637
-0.2871782 0.6678484 2.684543
-0.405636 0.3554023 2.608987
-0.4754705 0.1455407 2.568355
-0.5186365 -0.03469995 2.444982
-0.5331927 -0.09436195 2.408791
-0.1608459 0.3921114 2.664648
-0.01445653 0.1515364 2.656244
0.1264776 -0.005490827 2.599308
0.1654715 -0.05311735 2.590076
-0.2665605 0.03731771 2.479485
-0.2461855 -0.3740493 2.416649
-0.2236413 -0.7008937 2.340518
-0.1972388 -0.7821536 2.256186
-0.1572064 0.05787833 2.519608
0.08779582 -0.2278779 2.450309
0.3052694 -0.4994298 2.343936
0.3487347 -0.4953223 2.250904

-0.2216381 0.100247 2.525239
-0.2419851 0.1456733 2.596064
-0.2970138 0.5010968 2.692697
-0.2872044 0.6679005 2.684469
-0.40569 0.355396 2.60893
-0.4752639 0.1454793 2.568325
-0.5183864 -0.03455602 2.444775
-0.5328853 -0.09416393 2.408417
-0.156685 0.3931793 2.669386
-0.01476581 0.1496064 2.655657
0.1245487 -0.008772113 2.598969
0.1632914 -0.05560627 2.589769
-0.2654057 0.03736581 2.479776
-0.2468212 -0.3735731 2.41658
-0.2238184 -0.700899 2.340506
-0.1972761 -0.7820013 2.256275
-0.1551873 0.0578227 2.519757
0.07947771 -0.2320157 2.449118
0.3013103 -0.5079848 2.341842
0.3457109 -0.5034464 2.24935

-0.2204212 0.1004464 2.525242
-0.2413823 0.1457134 2.595908
-0.2966233 0.5011608 2.692872
-0.2870541 0.6679131 2.684417
-0.4054813 0.3554307 2.608668
-0.4750201 0.1453916 2.56831
-0.5179405 -0.03434698 2.444441
-0.5322873 -0.09383661 2.407819
-0.1537724 0.3937571 2.672638
-0.01486743 0.1474833 2.655128
0.123056 -0.01197672 2.598473
0.1617934 -0.05771753 2.589224
-0.2644581 0.03743606 2.479985
-0.2473503 -0.373267 2.41657
-0.2239932 -0.7008888 2.340487
-0.1973203 -0.7818546 2.256362
-0.153729 0.05749569 2.519995
0.07239481 -0.2352578 2.448053
0.2954096 -0.5189064 2.337622
0.3406715 -0.5140114 2.245672

-0.2193405 0.100505 2.525241
-0.2408395 0.1456961 2.595778
-0.2961951 0.5012136 2.693084
-0.2866523 0.6678842 2.684468
-0.4052073 0.3554643 2.608406
-0.4747777 0.1452977 2.568316
-0.5174227 -0.03409419 2.444017
-0.531581 -0.09342579 2.407063
-0.1514134 0.3940427 2.675321
-0.0149449 0.1454658 2.654685
0.1217498 -0.01498084 2.597968
0.1603678 -0.05987757 2.58781
-0.263617 0.03744372 2.480193
-0.2479285 -0.3728817 2.416605
-0.2241796 -0.7008549 2.340481
-0.1973699 -0.7816837 2.256467
-0.1524424 0.05699493 2.520066
0.08074725 -0.2826715 2.437914
0.2967624 -0.5432693 2.329004
0.3399003 -0.5777807 2.25801

-0.2183788 0.1006107 2.525284
-0.2403607 0.1457066 2.595691
-0.2957276 0.5012673 2.69337
-0.2858386 0.6678816 2.684731
-0.404828 0.3555419 2.608128
-0.4745496 0.1452068 2.568317
-0.5166761 -0.03383099 2.443471
-0.530535 -0.09300372 2.406136
-0.1495125 0.394035 2.677437
-0.01508195 0.1433985 2.654229
0.1204817 -0.01792683 2.597198
0.1595028 -0.06151897 2.586687
-0.2628349 0.03756181 2.480308
-0.2484331 -0.3726052 2.416622
-0.2244315 -0.7007552 2.340468
-0.1974388 -0.7814795 2.256603
-0.1513212 0.05652178 2.52021
0.08723755 -0.3114882 2.431703
0.2947847 -0.5545643 2.325782
0.3323131 -0.6196904 2.267131

-0.2174904 0.1007672 2.525375
-0.2398936 0.1457538 2.595649
-0.2952634 0.5013228 2.693664
-0.2849218 0.6677982 2.685045
-0.4043961 0.3556507 2.607889
-0.4742179 0.145031 2.568222
-0.5158164 -0.03344352 2.442319
-0.52942 -0.09233891 2.404352
-0.1481685 0.3939619 2.678957
-0.01532282 0.141579 2.653902
0.1183761 -0.02135673 2.595862
0.1451946 -0.05192032 2.586818
-0.2620601 0.03778553 2.480361
-0.2489232 -0.3723949 2.4166
-0.2248041 -0.7004796 2.34047
-0.1975669 -0.7811534 2.256835
-0.1503128 0.05609927 2.520457
0.08961304 -0.3248757 2.428853
0.2919769 -0.5615427 2.324711
0.3271585 -0.635759 2.271655

-0.2166852 0.1009473 2.525494
-0.2394867 0.1458123 2.59563
-0.2948278 0.5013571 2.693949
-0.2839067 0.6676541 2.685423
-0.4037829 0.3557499 2.60761
-0.473911 0.1448705 2.56815
-0.5150837 -0.03309786 2.441337
-0.528513 -0.09177262 2.40289
-0.1469187 0.3937589 2.68038
-0.01563391 0.1402086 2.653739
0.1166157 -0.02376636 2.594815
0.1368617 -0.0463427 2.586899
-0.2612941 0.03809277 2.480383
-0.2493548 -0.3722254 2.416554
-0.2253137 -0.7001091 2.340423
-0.1977125 -0.780811 2.257076
-0.1494384 0.05572154 2.520719
0.09032755 -0.3331488 2.427193
0.2836768 -0.5660527 2.326054
0.3172372 -0.5912879 2.254293

-0.216029 0.1011045 2.525617
-0.2391615 0.1458648 2.595627
-0.2944341 0.5013801 2.694213
-0.2829386 0.6674701 2.685776
-0.4032005 0.3558361 2.607372
-0.4736586 0.1448453 2.568205
-0.5145748 -0.03259715 2.440747
-0.5279198 -0.09106568 2.401981
-0.1458936 0.3934882 2.681658
-0.01619059 0.1389714 2.653786
0.1151185 -0.02547299 2.594158
0.1372391 -0.05128601 2.584866
-0.2606558 0.03838227 2.480392
-0.2497707 -0.3720857 2.416474
-0.225915 -0.6996405 2.340378
-0.1978965 -0.7804141 2.257372
-0.1487138 0.0553115 2.521013
0.09052389 -0.3391193 2.426057
0.2749123 -0.569391 2.328034
0.3086968 -0.5791004 2.248099

-0.2154968 0.1012174 2.525735
-0.2388725 0.1459009 2.595641
-0.2940634 0.5013828 2.694493
-0.2820222 0.6672617 2.686163
-0.4027672 0.3558969 2.60723
-0.4734618 0.144819 2.568252
-0.5141736 -0.03218612 2.440252
-0.5274638 -0.09050023 2.401241
-0.1451217 0.3932328 2.682623
-0.01674453 0.137977 2.653947
0.1139744 -0.02670762 2.593858
0.1315668 -0.0475367 2.585735
-0.260149 0.03862182 2.480403
-0.2501575 -0.3719823 2.416364
-0.2266025 -0.6990275 2.340308
-0.1981275 -0.7799435 2.257717
-0.1480635 0.05481467 2.52127
0.08959253 -0.343388 2.425592
0.2635666 -0.5730617 2.330345
0.301793 -0.5717029 2.244102

-0.2150882 0.1012306 2.525807
-0.2383344 0.1458742 2.595705
-0.2937609 0.5013759 2.694728
-0.2812571 0.6670889 2.6865
-0.4024842 0.3559346 2.607184
-0.4733118 0.1447518 2.568282
-0.5138954 -0.03190954 2.439791
-0.5271605 -0.0900986 2.400566
-0.1474945 0.3911449 2.678419
-0.01729754 0.137143 2.654171
0.1131066 -0.02759797 2.593678
0.1278521 -0.04496123 2.586387
-0.2597402 0.03880969 2.480412
-0.2505846 -0.3719291 2.416145
-0.2272693 -0.6984165 2.340213
-0.19836 -0.7794927 2.258045
-0.1475704 0.05425276 2.521443
0.08743344 -0.3462797 2.425679
0.2531852 -0.5765398 2.331938
0.2938712 -0.5685033 2.240757

-0.2147686 0.1012664 2.525896
-0.2381251 0.1458724 2.595728
-0.2934996 0.5013511 2.694956
-0.2805903 0.6669209 2.686803
-0.4022509 0.3559673 2.607173
-0.4731791 0.1446858 2.568309
-0.5138019 -0.0316632 2.439414
-0.5271428 -0.08972681 2.400009
-0.1470068 0.3901909 2.679223
-0.01789917 0.136437 2.654487
0.1123759 -0.02825139 2.593622
0.1253513 -0.04322641 2.586852
-0.2594041 0.03903528 2.480413
-0.251017 -0.3718869 2.415861
-0.2280145 -0.6977658 2.340073
-0.1986057 -0.7790357 2.258363
-0.1471688 0.05371782 2.521633
0.08404791 -0.3477784 2.426366
0.2424688 -0.5794343 2.333695
0.2868816 -0.5674155 2.239516

-0.2145066 0.1012987 2.525985
-0.2379551 0.1458679 2.595757
-0.2932583 0.5012772 2.695232
-0.2800198 0.6667482 2.687063
-0.4020641 0.3559891 2.607188
-0.4730554 0.1446063 2.568376
-0.5137829 -0.03138495 2.439039
-0.527245 -0.08928446 2.399425
-0.1464771 0.3893924 2.680197
-0.01873204 0.1359017 2.655019
0.1116579 -0.02861244 2.593714
0.1236371 -0.04200152 2.587207
-0.2591149 0.03927206 2.48039
-0.2521213 -0.3706869 2.415039
-0.2287845 -0.6970876 2.33994
-0.1988808 -0.7785346 2.258691
-0.1468126 0.05316137 2.521847
0.07965755 -0.3486358 2.427621
0.2322009 -0.581341 2.334979
0.2782614 -0.5680627 2.239235

-0.2142954 0.1013241 2.526068
-0.2378166 0.1458611 2.595788
-0.2930323 0.5012215 2.69559
-0.2795936 0.6665958 2.687283
-0.4019022 0.3560113 2.607226
-0.4727841 0.144496 2.568281
-0.513965 -0.03123261 2.438764
-0.5278261 -0.08905483 2.399098
-0.1460449 0.3888522 2.681118
-0.01980632 0.1356656 2.655758
0.1106958 -0.02864181 2.594131
0.122467 -0.04116486 2.587449
-0.2588767 0.03949279 2.480362
-0.2531447 -0.36954 2.414262
-0.2294738 -0.6964663 2.339849
-0.1991664 -0.7780379 2.259025
-0.146534 0.05266844 2.522038
0.07573625 -0.3491158 2.42892
0.2233704 -0.5837946 2.336604
0.2689401 -0.5720307 2.240682

-0.2141253 0.1013434 2.526145
-0.2377034 0.1458503 2.595822
-0.2928517 0.5011606 2.696043
-0.279247 0.6664507 2.687472
-0.4017675 0.356021 2.607272
-0.4725603 0.1443812 2.568187
-0.5142299 -0.03112951 2.438534
-0.5285087 -0.0889092 2.398866
-0.1456404 0.3884221 2.681955
-0.02138839 0.1358377 2.65681
0.1093557 -0.02811719 2.59498
0.1412087 -0.0673306 2.590662
-0.2586859 0.03968736 2.480332
-0.2540286 -0.3686232 2.41354
-0.2301725 -0.6958804 2.339722
-0.199499 -0.7775509 2.259289
-0.1463129 0.05222171 2.522207
0.07254407 -0.3495021 2.429966
0.2130159 -0.5854699 2.338951
0.2572821 -0.576845 2.243721

-0.2139256 0.1010915 2.526145
-0.2375587 0.1456408 2.595815
-0.2927085 0.5010752 2.696441
-0.2790254 0.6663353 2.687619
-0.4016538 0.3560014 2.607345
-0.4724652 0.1443467 2.568175
-0.5144333 -0.0309679 2.438404
-0.5289407 -0.08869795 2.398748
-0.1452864 0.3880937 2.682688
-0.02279012 0.1360681 2.657733
0.108172 -0.02753789 2.595867
0.149369 -0.07880045 2.592295
-0.2585636 0.03972154 2.480315
-0.2548076 -0.367756 2.412911
-0.2307435 -0.6954138 2.339634
-0.1998011 -0.7771192 2.259521
-0.1459999 0.05119869 2.521968
0.06970672 -0.3501025 2.430945
0.205405 -0.5870972 2.340695
0.2485093 -0.5812759 2.24619

-0.2137492 0.1008082 2.526138
-0.2374188 0.1453891 2.59581
-0.2926018 0.5009426 2.696859
-0.2788752 0.6661978 2.687759
-0.4015609 0.3559457 2.607447
-0.4724385 0.1449904 2.568981
-0.5149693 -0.02988149 2.439058
-0.5281856 -0.08832298 2.39803
-0.144981 0.3878683 2.683348
-0.02400945 0.136343 2.658574
0.1071522 -0.02692844 2.596663
0.1535624 -0.08463956 2.592862
-0.2584679 0.03972442 2.4803
-0.2554966 -0.3669313 2.412375
-0.2312601 -0.6949611 2.339604
-0.2001192 -0.77665 2.259785
-0.1457211 0.05020726 2.521702
0.06693774 -0.3514712 2.431813
0.1997215 -0.5892998 2.341622
0.241869 -0.5860588 2.24765

-0.2135969 0.100529 2.526134
-0.2372934 0.1451324 2.595811
-0.2925273 0.5007747 2.69725
-0.2788306 0.6660623 2.687945
-0.4014872 0.3558736 2.607567
-0.4724963 0.145241 2.56943
-0.5152012 -0.02937152 2.439228
-0.5129149 -0.05106305 2.417634
-0.1446865 0.387733 2.683998
-0.02500293 0.1366002 2.659231
0.106274 -0.02641079 2.597313
0.156111 -0.08816573 2.59319
-0.258392 0.03970782 2.480274
-0.2560351 -0.3662932 2.411963
-0.2317331 -0.6944852 2.339587
-0.2004635 -0.7761468 2.260055
-0.1454239 0.0491442 2.521539
0.06453007 -0.3528223 2.432559
0.1948407 -0.5916049 2.342241
0.2362971 -0.5905336 2.248693

-0.213488 0.09974122 2.526025
-0.2371428 0.1444833 2.595793
-0.2924848 0.5005159 2.69776
-0.2789647 0.6658368 2.688198
-0.4014903 0.3557026 2.607863
-0.4725505 0.1452902 2.569937
-0.5153712 -0.0291034 2.439406
-0.5049199 -0.03078711 2.431805
-0.14455 0.3876232 2.684386
-0.02616132 0.1370196 2.659889
0.1054195 -0.02555491 2.597886
0.157877 -0.09051099 2.593487
-0.2583382 0.03944319 2.480304
-0.2564253 -0.3658193 2.411636
-0.2321316 -0.6941291 2.339562
-0.2008109 -0.7757332 2.260268
-0.1454405 0.04745488 2.520793
0.05604682 -0.3518979 2.435106
0.1869752 -0.5917068 2.343814
0.2282661 -0.5921539 2.250684

-0.213383 0.09903128 2.525915
-0.2369821 0.1438697 2.595777
-0.2924939 0.5002501 2.698162
-0.2792434 0.6654063 2.688633
-0.4015702 0.3554555 2.608276
-0.4726018 0.1452534 2.570385
-0.5154864 -0.02905356 2.439806
-0.5157966 -0.05562768 2.422389
-0.1444686 0.3875395 2.684654
-0.02709703 0.137379 2.660376
0.104767 -0.02478849 2.598347
0.1591425 -0.0918769 2.59366
-0.2582791 0.03919651 2.480296
-0.2567476 -0.3654305 2.411355
-0.2324686 -0.6938344 2.339531
-0.2011115 -0.775391 2.260445
-0.1453848 0.04609308 2.520208
0.05073011 -0.3577528 2.435724
0.1837992 -0.5945601 2.343404
0.2250055 -0.5954908 2.250582

-0.2130376 0.09742773 2.525587
-0.236618 0.14259 2.595667
-0.2925335 0.4999355 2.698569
-0.2796091 0.6648058 2.689245
-0.401684 0.3551816 2.608718
-0.4726844 0.14516 2.570868
-0.5155473 -0.02905427 2.440186
-0.5224203 -0.07164767 2.415515
-0.1444225 0.3874834 2.684849
-0.02873136 0.1387333 2.661122
0.1034073 -0.0228692 2.599031
0.1590539 -0.09081858 2.593897
-0.2580704 0.03832036 2.480113
-0.2570015 -0.3651444 2.411123
-0.2327362 -0.6936119 2.339514
-0.2013659 -0.7751085 2.260593
-0.144962 0.04377005 2.519361
0.04767581 -0.364054 2.435803
0.1820175 -0.5988992 2.342225
0.2230838 -0.5999274 2.249682

-0.2127347 0.09602505 2.525305
-0.2362797 0.1414367 2.595576
-0.2925848 0.4996336 2.698942
-0.2800472 0.6642291 2.689844
-0.4018173 0.3549057 2.609196
-0.4727753 0.1450908 2.571408
-0.5155141 -0.02902259 2.440539
-0.5253087 -0.0794656 2.411764
-0.1443982 0.3874435 2.684995
-0.03002055 0.1398058 2.661691
0.1023684 -0.02130174 2.599498
0.1586139 -0.08915284 2.593945
-0.2578688 0.03749013 2.479945
-0.2571936 -0.3650837 2.410886
-0.2329463 -0.6934623 2.339492
-0.2015604 -0.7749153 2.260682
-0.1446162 0.04191929 2.518695
0.04432111 -0.366109 2.436437
0.1776829 -0.6318625 2.331906
0.2165962 -0.6692589 2.25793

-0.2125052 0.09452973 2.524976
-0.235351 0.1400945 2.595556
-0.2926494 0.4993444 2.699282
-0.28057 0.6634639 2.690714
-0.401944 0.3545694 2.609674
-0.4728852 0.1449435 2.572143
-0.5153421 -0.02907769 2.441064
-0.526726 -0.08419671 2.409726
-0.1575705 0.383796 2.666846
-0.03092965 0.1406135 2.662064
0.1016418 -0.02012675 2.599805
0.1581123 -0.08753121 2.593946
-0.2576052 0.03652923 2.479562
-0.2573488 -0.3650628 2.410687
-0.2330912 -0.6933631 2.339481
-0.2017094 -0.7747775 2.260742
-0.1446203 0.03996217 2.518289
0.03899064 -0.3636846 2.438223
0.1760002 -0.6449722 2.327774
0.2116873 -0.7143263 2.262996

-0.2123142 0.09328718 2.524687
-0.2349067 0.1390271 2.595484
-0.2927164 0.4990615 2.69963
-0.2810627 0.6627288 2.691529
-0.4020542 0.3542326 2.610117
-0.4730132 0.1448476 2.572865
-0.5148519 -0.02927724 2.441927
-0.5130596 -0.05401681 2.426943
-0.1593027 0.3836311 2.664634
-0.03158426 0.1412074 2.662271
0.101143 -0.01919145 2.599917
0.1577064 -0.08594366 2.593784
-0.2573857 0.03571069 2.479249
-0.2574786 -0.3650709 2.410517
-0.2331949 -0.6932999 2.339473
-0.2018188 -0.7746885 2.260778
-0.144565 0.03855701 2.517826
0.03403844 -0.3595775 2.439882
0.1750321 -0.6527724 2.325087
0.208467 -0.7323709 2.263836

-0.2121503 0.09240562 2.524531
-0.2346022 0.1382056 2.595451
-0.2927436 0.4987645 2.699936
-0.2816402 0.6620365 2.692549
-0.40217 0.3538681 2.610583
-0.4731104 0.1447508 2.573494
-0.5143253 -0.02951345 2.442756
-0.5055183 -0.03801144 2.435922
-0.1590796 0.3847932 2.66623
-0.03205511 0.1416567 2.662385
0.100798 -0.0184473 2.599927
0.1573716 -0.08461411 2.593617
-0.2571867 0.03506172 2.47899
-0.2575868 -0.3650972 2.410375
-0.2332746 -0.6932541 2.33947
-0.2019068 -0.7746236 2.260805
-0.1444965 0.03748234 2.517602
0.02954295 -0.3541921 2.441604
0.17425 -0.6576375 2.323413
0.2062677 -0.7431068 2.264448

-0.2118902 0.09149022 2.524384
-0.2342638 0.1373477 2.595418
-0.2927822 0.4984448 2.700235
-0.2821533 0.6614285 2.693434
-0.4022805 0.3535053 2.611041
-0.4731816 0.1446239 2.574144
-0.5137398 -0.02972888 2.443484
-0.5017368 -0.03056799 2.440065
-0.1580302 0.3861544 2.668981
-0.03238425 0.1420173 2.662429
0.1005653 -0.01785547 2.599869
0.1571057 -0.08355217 2.593413
-0.2569507 0.03437719 2.478788
-0.2576512 -0.3652686 2.410252
-0.2333369 -0.6932252 2.339467
-0.201978 -0.7745809 2.260818
-0.144209 0.0364689 2.517363
0.02654983 -0.3510492 2.442757
0.173307 -0.6612665 2.322305
0.2027125 -0.7496257 2.263735

-0.2116535 0.09069175 2.524251
-0.2339819 0.1365965 2.595374
-0.2927999 0.4981689 2.700467
-0.282647 0.6608626 2.694157
-0.4023756 0.3531636 2.611456
-0.4732102 0.1445108 2.574663
-0.5129716 -0.03011674 2.444385
-0.4994956 -0.02651712 2.442413
-0.1565607 0.3874979 2.672206
-0.03318001 0.1420974 2.660453
0.1006042 -0.0173941 2.599729
0.157061 -0.0829343 2.593331
-0.256759 0.03375062 2.478642
-0.2577068 -0.3654318 2.410159
-0.2333853 -0.6932071 2.339467
-0.2020381 -0.7745533 2.26082
-0.1439285 0.03563602 2.517136
0.02411668 -0.3488279 2.443767
0.1715569 -0.6640801 2.321716
0.198262 -0.7517638 2.262419

-0.2114642 0.09014053 2.524206
-0.2337593 0.136044 2.595375
-0.2928135 0.4979267 2.700655
-0.2830659 0.6603781 2.69477
-0.4024563 0.3528465 2.611851
-0.4731648 0.1443611 2.575084
-0.5121562 -0.03064058 2.445265
-0.5020196 -0.06659453 2.416431
-0.1551717 0.3885671 2.675066
-0.03382624 0.1421018 2.658641
0.1007176 -0.01700922 2.599512
0.1570542 -0.08242596 2.593176
-0.2565842 0.03329249 2.478546
-0.2577529 -0.3656054 2.410089
-0.2334237 -0.6931964 2.339468
-0.2020929 -0.7745441 2.260817
-0.1436995 0.03501159 2.517103
0.0222967 -0.347545 2.444649
0.1694987 -0.6661589 2.3215
0.1929136 -0.7510245 2.260825

-0.2112729 0.08956179 2.524162
-0.2335458 0.1354955 2.595381
-0.2928124 0.4977075 2.700847
-0.2833926 0.65999 2.69524
-0.4025312 0.3525342 2.612238
-0.4730006 0.1441203 2.575571
-0.5114865 -0.03108439 2.445979
-0.5047625 -0.09298128 2.399455
-0.1540004 0.3893458 2.677255
-0.03431528 0.1420514 2.657093
0.1008863 -0.0166955 2.599219
0.1570811 -0.08202146 2.592973
-0.2564456 0.03278618 2.478515
-0.257788 -0.3656738 2.410043
-0.2334537 -0.6931922 2.339472
-0.2021406 -0.7745451 2.260809
-0.1434638 0.03443985 2.517027
0.02058945 -0.3465828 2.445676
0.1666472 -0.6676871 2.321893
0.1873795 -0.7485774 2.260162

-0.2111097 0.08896127 2.52414
-0.23335 0.1349509 2.595408
-0.2927805 0.4975016 2.701068
-0.2836779 0.6596179 2.695576
-0.4026329 0.3521647 2.612684
-0.4725371 0.1427512 2.575625
-0.5108455 -0.03290754 2.446484
-0.5066078 -0.1078871 2.39143
-0.1530094 0.3899311 2.679012
-0.0346664 0.1420057 2.655835
0.1010973 -0.01641945 2.598834
0.1571146 -0.08171105 2.592751
-0.2563596 0.03212515 2.47864
-0.2578184 -0.3657321 2.410009
-0.233475 -0.6931989 2.339476
-0.202186 -0.774567 2.260786
-0.1432773 0.03391272 2.516916
0.01863186 -0.3463179 2.447078
0.1625442 -0.6688693 2.322755
0.1817256 -0.7453228 2.260683

-0.2109643 0.08846843 2.524152
-0.2331678 0.1344921 2.59546
-0.2927318 0.4973102 2.701279
-0.2839274 0.6592736 2.695882
-0.4027354 0.3518032 2.613143
-0.4719723 0.141132 2.575534
-0.5102809 -0.03487107 2.446827
-0.5082743 -0.1133288 2.391313
-0.1522514 0.3903013 2.680273
-0.03486018 0.1419486 2.654783
0.1013369 -0.01622432 2.598216
0.1571341 -0.08149299 2.592293
-0.2562711 0.03156923 2.47878
-0.2578429 -0.3660813 2.409983
-0.2334873 -0.6932124 2.339484
-0.2022145 -0.774599 2.260766
-0.1431206 0.03348337 2.51687
0.01660166 -0.3467 2.448786
0.1578892 -0.6696298 2.324306
0.1771524 -0.7430369 2.260906

-0.2108597 0.08808996 2.524212
-0.2329893 0.1341113 2.595558
-0.2926679 0.4971064 2.701501
-0.2841464 0.6589576 2.696144
-0.4029761 0.3513838 2.613932
-0.4713285 0.1397693 2.575653
-0.510034 -0.03699445 2.447922
-0.5037478 -0.08236238 2.416934
-0.1517098 0.390557 2.681146
-0.03491102 0.1418296 2.653863
0.1016017 -0.01616096 2.596514
0.1570474 -0.08149368 2.590483
-0.2562023 0.03111015 2.478927
-0.2578741 -0.3663601 2.409961
-0.2334911 -0.6932389 2.339488
-0.2022364 -0.7746692 2.260726
-0.1430165 0.03313118 2.516912
0.01402243 -0.3506764 2.451541
0.1532131 -0.6704481 2.326401
0.1734864 -0.7418976 2.261378

-0.2107717 0.0877649 2.524338
-0.2328286 0.1337712 2.595722
-0.2926076 0.4968744 2.701768
-0.2843353 0.658661 2.696352
-0.4031318 0.3510093 2.614632
-0.4707173 0.138487 2.575717
-0.5099365 -0.03880972 2.4488
-0.5074009 -0.09168634 2.4134
-0.1512744 0.3907219 2.681802
-0.03488138 0.1416865 2.653058
0.1017452 -0.01625679 2.594359
0.1568287 -0.0817522 2.588038
-0.2561404 0.03072723 2.479074
-0.2578782 -0.3670167 2.409908
-0.2334888 -0.6932681 2.339494
-0.2022551 -0.7747603 2.260692
-0.1429382 0.03272509 2.517205
0.01180318 -0.3538269 2.454287
0.1491671 -0.6715508 2.32979
0.1700804 -0.7416044 2.263553

-0.2106138 0.08708685 2.524536
-0.2325896 0.1331864 2.595947
-0.2925186 0.4966392 2.702023
-0.2844963 0.6584006 2.696526
-0.4032645 0.3506836 2.61525
-0.4700395 0.1364265 2.576031
-0.5099854 -0.04062238 2.44933
-0.5030055 -0.06774032 2.430093
-0.1509371 0.3908383 2.682298
-0.03483904 0.1415744 2.652396
0.1014289 -0.01631925 2.590497
0.1556103 -0.08218491 2.581164
-0.256045 0.03003324 2.479289
-0.2578906 -0.3672225 2.409881
-0.2334874 -0.693287 2.339503
-0.2022735 -0.7748168 2.260649
-0.1427972 0.03198081 2.517568
0.01027869 -0.357605 2.457633
0.1456392 -0.673122 2.334979
0.1719359 -0.7028674 2.255113

-0.2104746 0.08648637 2.524764
-0.2323745 0.1326611 2.596184
-0.2924315 0.4964127 2.702248
-0.284652 0.6581652 2.696659
-0.4033841 0.3503936 2.615778
-0.4696069 0.1354331 2.576351
-0.5102812 -0.04258189 2.451227
-0.5099106 -0.0888828 2.419588
-0.1506686 0.3909096 2.682666
-0.03485501 0.1415479 2.651755
0.1006724 -0.01614708 2.586485
0.1536946 -0.08235397 2.57407
-0.2559589 0.02940238 2.479529
-0.2578937 -0.3674422 2.409855
-0.233485 -0.6933041 2.339512
-0.2022879 -0.7748713 2.260604
-0.1426711 0.03132986 2.517952
0.01007186 -0.3634359 2.462049
0.1428796 -0.6764807 2.347478
0.166907 -0.7206191 2.277693

-0.210349 0.08596534 2.52501
-0.2321917 0.1321993 2.596435
-0.2923541 0.4962024 2.702468
-0.284767 0.6579918 2.696758
-0.4034603 0.3501645 2.61617
-0.4693195 0.1348174 2.576708
-0.5103936 -0.04379304 2.452863
-0.5126212 -0.09851218 2.414613
-0.1504515 0.3909463 2.682947
-0.0349803 0.1416122 2.65069
0.09883551 -0.01547148 2.579353
0.1509991 -0.08208257 2.565401
-0.2558728 0.02888026 2.479712
-0.2578969 -0.3676839 2.409814
-0.2334876 -0.6933119 2.33952
-0.2023042 -0.7749099 2.260571
-0.1425187 0.03059136 2.518591
0.01033418 -0.3681641 2.465937
0.141348 -0.6791 2.357592
0.1663521 -0.7354928 2.297869

-0.2102224 0.08538947 2.525276
-0.2320264 0.1317089 2.596701
-0.2923115 0.4960082 2.702681
-0.2848581 0.6578432 2.696851
-0.4035224 0.3499679 2.616488
-0.4692474 0.134432 2.577882
-0.5104691 -0.04451785 2.454942
-0.513885 -0.1032664 2.412395
-0.1502777 0.3909636 2.683161
-0.03529157 0.1417078 2.649026
0.09722368 -0.01482496 2.573119
0.1289329 -0.05892619 2.549486
-0.2557671 0.0281883 2.480067
-0.2579033 -0.3678938 2.40978
-0.2334896 -0.6933222 2.33953
-0.2023223 -0.774959 2.260534
-0.1423762 0.02994789 2.519087
0.01114009 -0.3723395 2.470148
0.1412887 -0.6820275 2.368192
0.1686955 -0.744963 2.31286

-0.2101077 0.0848464 2.525529
-0.2318941 0.1312568 2.596947
-0.2923209 0.4958456 2.702821
-0.2849428 0.657745 2.696955
-0.4035717 0.3498049 2.61675
-0.4693161 0.1343588 2.579218
-0.5104851 -0.04486962 2.456964
-0.5146537 -0.1060482 2.411061
-0.150135 0.3909777 2.683342
-0.03544318 0.1417747 2.64726
0.09615692 -0.01446045 2.568322
0.1292745 -0.0605919 2.538867
-0.2556461 0.02744863 2.480577
-0.2579172 -0.3680383 2.409753
-0.2334926 -0.6933311 2.339539
-0.2023404 -0.7750104 2.260494
-0.1422541 0.02942922 2.519448
0.01198296 -0.3746921 2.474226
0.1439657 -0.6865313 2.38171
0.1729352 -0.7525945 2.324656

-0.2099868 0.08438004 2.525752
-0.2317749 0.1308596 2.597168
-0.2923428 0.4956961 2.702946
-0.285017 0.6576659 2.697051
-0.4036191 0.3496703 2.616943
-0.4696079 0.1346139 2.58099
-0.5106372 -0.04476765 2.458854
-0.5072756 -0.06917283 2.431888
-0.1500204 0.3909836 2.683484
-0.03520077 0.1413649 2.644645
0.09572568 -0.01459942 2.562961
0.1327175 -0.06524342 2.530916
-0.2555319 0.02679753 2.481045
-0.2579367 -0.3681712 2.409718
-0.2334967 -0.6933435 2.33955
-0.2023635 -0.7750664 2.260448
-0.1420731 0.0290898 2.519702
0.01402975 -0.3772584 2.480127
0.1469433 -0.6890057 2.393255
0.1852648 -0.7238791 2.320153

-0.2098891 0.08394896 2.525954
-0.2316851 0.1304875 2.597372
-0.292428 0.4955472 2.703066
-0.2851023 0.6576161 2.697124
-0.4036701 0.3495556 2.617101
-0.4699633 0.1349775 2.582506
-0.5107731 -0.04453848 2.46037
-0.5044456 -0.04386359 2.447955
-0.1499407 0.3909872 2.683584
-0.03534228 0.1400847 2.639216
0.09621325 -0.01476209 2.558303
0.1290481 -0.05951104 2.528095
-0.25544 0.02614138 2.481553
-0.2579563 -0.3682826 2.409686
-0.2335002 -0.6933581 2.339562
-0.2023865 -0.7751261 2.260395
-0.141941 0.02883932 2.519874
0.01621537 -0.378527 2.48626
0.1540789 -0.6924194 2.409033
0.1944643 -0.7389387 2.349743

-0.2097374 0.08327146 2.526137
-0.2312483 0.1299175 2.597668
-0.2925518 0.4954008 2.703206
-0.285234 0.6575727 2.697204
-0.4037784 0.3494374 2.61728
-0.4703432 0.1352817 2.583691
-0.5109957 -0.04428551 2.461437
-0.5034825 -0.03379583 2.45439
-0.1564697 0.3870811 2.67295
-0.03629729 0.1388637 2.632766
0.09666149 -0.01476611 2.555102
0.1265873 -0.05545099 2.526568
-0.2552403 0.02529879 2.482071
-0.2578803 -0.3691173 2.409595
-0.2335035 -0.6933718 2.339572
-0.2024086 -0.7751863 2.260339
-0.1418294 0.02862989 2.520002
0.01917485 -0.3786114 2.493754
0.1607525 -0.6940287 2.42467
0.2007024 -0.7487551 2.372847

-0.2095549 0.08264078 2.526292
-0.230768 0.1293826 2.597944
-0.2927095 0.4952642 2.703323
-0.2854349 0.6575083 2.697265
-0.404059 0.3492626 2.617541
-0.4709015 0.1358109 2.584679
-0.5112987 -0.04389539 2.462461
-0.5166481 -0.06512873 2.445316
-0.1604433 0.3847376 2.666497
-0.03682448 0.138234 2.628624
0.09719044 -0.01436903 2.551286
0.1245127 -0.05152466 2.525178
-0.2549442 0.02447875 2.482563
-0.257824 -0.3698103 2.409526
-0.2335096 -0.6933961 2.339586
-0.2024295 -0.7752641 2.260283
-0.1417096 0.02847636 2.520097
0.02256888 -0.3767765 2.503288
0.1664643 -0.6951506 2.437651
0.2068948 -0.7315797 2.369557

-0.2094427 0.08232961 2.526465
-0.2305602 0.129105 2.598162
-0.2930169 0.49515 2.70342
-0.2856713 0.6574475 2.697306
-0.4044093 0.3490688 2.617815
-0.4714877 0.136162 2.585327
-0.5117475 -0.04353497 2.463032
-0.526103 -0.08618816 2.436266
-0.1615396 0.3846678 2.665153
-0.03764736 0.1376772 2.624277
0.09796078 -0.01333633 2.546492
0.1230454 -0.04786737 2.523751
-0.2546854 0.02388802 2.483
-0.2576645 -0.3706814 2.409452
-0.2335051 -0.6934434 2.339604
-0.2024465 -0.7753684 2.260203
-0.1415749 0.02846875 2.520247
0.02628111 -0.3753403 2.513102
0.175325 -0.6926996 2.457358
0.2142204 -0.7455937 2.4032

-0.2093333 0.08206713 2.526638
-0.2302618 0.1288637 2.598417
-0.2933457 0.4950449 2.703484
-0.285918 0.6574098 2.697333
-0.4047968 0.348885 2.618077
-0.472745 0.135661 2.585223
-0.512704 -0.04385357 2.46267
-0.5272866 -0.09553952 2.42805
-0.1627602 0.3844856 2.663406
-0.03828583 0.1374256 2.620752
0.09867817 -0.0124039 2.543024
0.1379977 -0.05769017 2.515704
-0.2544042 0.02338398 2.483408
-0.2572986 -0.3719603 2.409393
-0.2334547 -0.6936749 2.339616
-0.2024643 -0.7756621 2.260005
-0.1414467 0.0284986 2.520408
0.03160147 -0.3748947 2.52621
0.1824231 -0.6917013 2.473646
0.2216442 -0.7538267 2.428734

-0.209175 0.08149518 2.526815
-0.2298978 0.1284739 2.598652
-0.29374 0.4949595 2.703487
-0.2863064 0.6573724 2.697257
-0.4052064 0.3487308 2.618317
-0.4738402 0.1353633 2.585148
-0.5138795 -0.04378937 2.46186
-0.5307909 -0.1021995 2.423011
-0.1641191 0.3842811 2.661393
-0.03887971 0.1373378 2.617384
0.09956791 -0.0112639 2.539804
0.1376788 -0.05343967 2.515069
-0.2540343 0.02265525 2.484001
-0.2568233 -0.3733392 2.409392
-0.2333957 -0.6939192 2.339622
-0.2024782 -0.7759696 2.259792
-0.1413806 0.02846779 2.520476
0.03450615 -0.3693533 2.538309
0.1902848 -0.6887203 2.491614
0.2275007 -0.7579836 2.445696

-0.2090296 0.08097561 2.526977
-0.2295022 0.128122 2.598881
-0.2941834 0.4949335 2.703444
-0.2869412 0.6574978 2.69709
-0.4058248 0.3486631 2.618604
-0.4748216 0.1351533 2.585036
-0.5148336 -0.0437164 2.461217
-0.5327172 -0.1059909 2.420368
-0.1658903 0.383963 2.658735
-0.038926 0.1375318 2.615007
0.1003427 -0.01039392 2.537344
0.1334905 -0.04414783 2.51578
-0.2536758 0.02203469 2.484542
-0.2563496 -0.374534 2.409414
-0.2333433 -0.6941159 2.339632
-0.2024812 -0.7762579 2.259621
-0.1413287 0.02844913 2.520537
0.03719035 -0.3661012 2.546953
0.1942164 -0.679773 2.510783
0.2323834 -0.7217658 2.442354

-0.2089052 0.08063701 2.52717
-0.2292657 0.1278949 2.599087
-0.2946121 0.49493 2.70339
-0.287742 0.6578027 2.69683
-0.4064826 0.348655 2.618824
-0.4756218 0.1351153 2.584879
-0.5155723 -0.04350485 2.460606
-0.5339327 -0.1084259 2.418646
-0.1665054 0.3842195 2.657975
-0.03894519 0.1377418 2.613053
0.101361 -0.008970966 2.534252
0.1304892 -0.03562744 2.512802
-0.2533498 0.02153737 2.485047
-0.2557619 -0.3757149 2.409462
-0.2332542 -0.6943367 2.339666
-0.2024771 -0.7765331 2.25948
-0.1412592 0.02849966 2.520653
0.04001186 -0.3620649 2.555893
0.1975329 -0.6695274 2.527962
0.2381889 -0.6946282 2.445156

-0.2087888 0.08035843 2.527358
-0.2290926 0.1277183 2.599264
-0.295093 0.4949743 2.703297
-0.2885747 0.6581794 2.696595
-0.4071555 0.3486744 2.618966
-0.4763084 0.135318 2.584733
-0.5162725 -0.04307074 2.460139
-0.5348279 -0.1096052 2.41748
-0.1664411 0.3851831 2.658267
-0.03836427 0.1372525 2.609483
0.1040279 -0.007672308 2.529313
0.1281909 -0.02927412 2.510497
-0.2530068 0.02105639 2.485766
-0.2551937 -0.3767133 2.409504
-0.2331669 -0.6945288 2.339702
-0.2024662 -0.7767733 2.259373
-0.1411781 0.02857458 2.520754
0.04372363 -0.355621 2.565571
0.2004684 -0.6592226 2.54255
0.2425873 -0.6785114 2.450634

-0.2086772 0.08011188 2.527539
-0.2288478 0.1275711 2.599465
-0.2957108 0.4951488 2.703128
-0.28967 0.6587258 2.696162
-0.4078542 0.3487649 2.618986
-0.4771667 0.1361004 2.584502
-0.5167466 -0.0425249 2.459944
-0.5350034 -0.1093172 2.417363
-0.1673247 0.3853232 2.657009
-0.03777474 0.1373334 2.607754
0.105634 -0.006167684 2.525027
0.1266367 -0.02497446 2.508894
-0.2526704 0.02065496 2.486396
-0.2546335 -0.3775691 2.409573
-0.233085 -0.6946914 2.339746
-0.2024467 -0.7769759 2.259307
-0.1411059 0.02865788 2.520888
0.04666413 -0.3517483 2.572796
0.2047516 -0.6506535 2.555647
0.2473465 -0.6684853 2.457902

-0.2085793 0.07990202 2.527705
-0.2286501 0.1274575 2.599644
-0.2965333 0.4954506 2.702842
-0.2908187 0.6594061 2.695654
-0.4086015 0.3489769 2.618912
-0.4783605 0.138088 2.584014
-0.5173807 -0.04095421 2.459641
-0.5191613 -0.06152389 2.437963
-0.1680868 0.3854005 2.655948
-0.0384689 0.1378026 2.606281
0.1060695 -0.003027956 2.521882
0.1256356 -0.02201272 2.507719
-0.2523818 0.02033215 2.486938
-0.2541595 -0.3782505 2.409638
-0.2330145 -0.69483 2.339789
-0.202429 -0.7771446 2.259261
-0.1410467 0.02874996 2.521049
0.05188613 -0.3502308 2.580902
0.2086898 -0.6423478 2.567324
0.2521776 -0.6602148 2.467555

-0.2085112 0.07975903 2.527877
-0.2285359 0.1273986 2.599796
-0.2975877 0.4959109 2.702284
-0.2918592 0.6601102 2.695051
-0.409356 0.3493365 2.618613
-0.4796779 0.1407818 2.583687
-0.5178176 -0.03880165 2.459526
-0.5100158 -0.03531697 2.446805
-0.1686503 0.3854673 2.655295
-0.04026786 0.1385392 2.60504
0.1059119 0.0006356625 2.519622
0.1247227 -0.01939832 2.506838
-0.2521168 0.02014873 2.487532
-0.2537338 -0.3787962 2.409718
-0.2329496 -0.6949533 2.339832
-0.2024129 -0.7772891 2.259229
-0.1410628 0.02899917 2.521325
0.05522967 -0.3485916 2.586384
0.2126697 -0.6364637 2.576011
0.2582834 -0.6547155 2.477592

-0.2084058 0.07975628 2.528219
-0.2286435 0.127448 2.600032
-0.298546 0.4964173 2.701762
-0.2927006 0.6607296 2.694551
-0.4101214 0.3497697 2.618199
-0.48085 0.1431724 2.583512
-0.5184216 -0.03587566 2.458816
-0.5064446 -0.02453344 2.449554
-0.1674839 0.3926113 2.666779
-0.04519089 0.1392383 2.602463
0.1052936 0.004521741 2.518288
0.1240749 -0.01751192 2.506234
-0.2518525 0.02008564 2.48815
-0.253362 -0.3792424 2.409797
-0.2329095 -0.6949992 2.33989
-0.2024134 -0.7773577 2.25922
-0.1409974 0.02950148 2.521909
0.05857804 -0.3481963 2.590898
0.2161912 -0.6322553 2.582197
0.2666097 -0.6498349 2.487563

-0.2081664 0.08013304 2.528899
-0.2288319 0.1277386 2.600395
-0.2995384 0.4969873 2.701081
-0.2935275 0.6614026 2.694018
-0.4109397 0.3503047 2.617591
-0.4820242 0.1453715 2.583071
-0.5189306 -0.03343845 2.458016
-0.5042389 -0.01788641 2.45071
-0.1667565 0.39693 2.673704
-0.04907687 0.1396431 2.600918
0.1046435 0.007559159 2.517564
0.1236448 -0.01621039 2.505839
-0.2515627 0.02015427 2.488789
-0.2530077 -0.3796512 2.409892
-0.2328819 -0.6950238 2.33996
-0.2024191 -0.777405 2.259224
-0.1404092 0.03108927 2.523504
0.06143346 -0.3481499 2.594371
0.2222964 -0.6296045 2.587602
0.2779511 -0.6475732 2.496822

-0.2078459 0.08084133 2.52991
-0.2291004 0.128263 2.600938
-0.3003942 0.4974928 2.700469
-0.2942581 0.6620347 2.693537
-0.4118706 0.3509172 2.616753
-0.4831326 0.1472172 2.58268
-0.5195502 -0.0308106 2.456749
-0.5030929 -0.01321618 2.451067
-0.1662884 0.3996133 2.67801
-0.05192051 0.1398173 2.60033
0.104059 0.009788826 2.517603
0.1232771 -0.01517497 2.505649
-0.2512822 0.02029 2.489404
-0.2526776 -0.3801219 2.410059
-0.232887 -0.6950105 2.340059
-0.2024407 -0.7774188 2.259256
-0.1395999 0.03303851 2.525676
0.06482074 -0.348656 2.597466
0.2291669 -0.6278509 2.591491
0.2874675 -0.6461425 2.502995

-0.2075515 0.08155776 2.530904
-0.2293888 0.1288246 2.601488
-0.301325 0.4979476 2.699669
-0.2949824 0.6626272 2.693008
-0.4127744 0.3515078 2.615951
-0.4842539 0.1488115 2.582386
-0.5201223 -0.02796153 2.454985
-0.5028279 -0.01003538 2.451002
-0.1660683 0.4013181 2.680758
-0.05321724 0.1445125 2.608563
0.1010022 0.0131029 2.519478
0.1232284 -0.01450229 2.505792
-0.2510256 0.0204596 2.48998
-0.2523731 -0.380618 2.410259
-0.2329117 -0.6949885 2.340178
-0.2024679 -0.7774155 2.259294
-0.1388983 0.0346644 2.527614
0.06997196 -0.3506269 2.600729
0.2354586 -0.6265669 2.593806
0.2942949 -0.6449648 2.506567

-0.2073523 0.08211389 2.531798
-0.2296247 0.1293307 2.602061
-0.3024693 0.498533 2.699068
-0.2958797 0.6632088 2.692293
-0.4137186 0.3521061 2.615216
-0.4852558 0.1501268 2.582048
-0.5206822 -0.02540825 2.453095
-0.503513 -0.008887519 2.449685
-0.1663532 0.402173 2.68192
-0.0547633 0.1462276 2.612077
0.09888066 0.01505722 2.522132
0.1238614 -0.01427081 2.506895
-0.2507964 0.02058491 2.490681
-0.2521092 -0.381082 2.41048
-0.2329623 -0.694957 2.340312
-0.2025049 -0.7774062 2.259354
-0.1384594 0.03586838 2.52907
0.07448414 -0.3521747 2.60322
0.243856 -0.6254613 2.593916
0.3013661 -0.6437517 2.507609

-0.207362 0.08283529 2.532691
-0.2301364 0.1300972 2.602726
-0.3041734 0.4992717 2.698315
-0.2968516 0.6637567 2.691586
-0.4147989 0.3527142 2.614568
-0.4861935 0.1512017 2.581683
-0.5212273 -0.02314873 2.451107
-0.5160212 -0.04886516 2.407588
-0.1666635 0.4027913 2.682727
-0.05613998 0.1469801 2.614058
0.09740748 0.01631849 2.525282
0.1254232 -0.01469286 2.509613
-0.2506892 0.02077748 2.491354
-0.2519041 -0.3814864 2.410754
-0.2330618 -0.6948256 2.340526
-0.2025678 -0.7773266 2.259514
-0.1382709 0.03705034 2.530257
0.07751583 -0.352861 2.604744
0.2548487 -0.6225269 2.592243
0.3114977 -0.6398636 2.506316

-0.2074064 0.08324224 2.533334
-0.2304707 0.1306579 2.603269
-0.3061592 0.5000995 2.697438
-0.2978344 0.6642438 2.690894
-0.4159486 0.3533182 2.614008
-0.4873475 0.1522897 2.580614
-0.5218799 -0.0215742 2.449157
-0.5265501 -0.07842274 2.380189
-0.1714903 0.3989671 2.676428
-0.05603371 0.1465552 2.615455
0.09818502 0.01534637 2.528576
0.1277173 -0.01556369 2.513465
-0.250626 0.02080588 2.49202
-0.2517417 -0.3818406 2.411106
-0.2331652 -0.6946787 2.340746
-0.2026286 -0.7772197 2.259686
-0.1381811 0.03793321 2.531123
0.08065499 -0.3531196 2.605615
0.2674689 -0.6200103 2.589126
0.3220403 -0.636649 2.503023

-0.2074905 0.08358593 2.533929
-0.2309266 0.1311637 2.603791
-0.3080388 0.5008007 2.696711
-0.2987749 0.6646392 2.690254
-0.4170116 0.3538683 2.613557
-0.4883327 0.1531539 2.579664
-0.5225787 -0.02031705 2.447472
-0.5306012 -0.0889133 2.370798
-0.1724312 0.398524 2.675687
-0.05523908 0.1458137 2.616451
0.09987076 0.01343112 2.532466
0.1297583 -0.01643657 2.517433
-0.2506729 0.02071618 2.492969
-0.251604 -0.3821301 2.411621
-0.233274 -0.6945239 2.340972
-0.2026922 -0.7770934 2.25987
-0.1381335 0.0386475 2.53179
0.08535439 -0.3523085 2.605743
0.2774358 -0.6046444 2.589561
0.3388132 -0.6612684 2.528042

-0.2076349 0.08377527 2.534462
-0.2314196 0.1314971 2.604277
-0.3099735 0.501282 2.696104
-0.299704 0.6649311 2.689716
-0.4183799 0.3544298 2.613255
-0.4893576 0.153837 2.578723
-0.5232266 -0.01914319 2.445518
-0.5265128 -0.05925561 2.392798
-0.1732705 0.3975869 2.674833
-0.05119703 0.1438413 2.619552
0.1025883 0.01031885 2.536649
0.1428689 -0.02691292 2.522443
-0.2510212 0.02007763 2.494539
-0.2514665 -0.3823133 2.412215
-0.2334052 -0.6943489 2.341226
-0.2027659 -0.7769311 2.260087
-0.1381217 0.03916909 2.532248
0.06214643 -0.2831499 2.592462
0.2745997 -0.5711625 2.587986
0.3338675 -0.6128783 2.517705

-0.2082566 0.08356114 2.53499
-0.2323068 0.1315193 2.604746
-0.3117815 0.501581 2.695616
-0.3011287 0.6649099 2.689135
-0.4198739 0.3549553 2.61305
-0.490302 0.1543471 2.57787
-0.5238032 -0.01837842 2.444094
-0.5290701 -0.06799281 2.386312
-0.174233 0.3955979 2.673237
-0.04568723 0.1415369 2.62283
0.1058875 0.006438205 2.540628
0.1525388 -0.03484289 2.526934
-0.2518417 0.01923192 2.495824
-0.2513033 -0.382488 2.412874
-0.2335358 -0.6941572 2.341501
-0.2028221 -0.7766924 2.260299
-0.1386223 0.03916292 2.532538
0.05640457 -0.2479671 2.584957
0.2787409 -0.5591687 2.587301
0.3406215 -0.5852251 2.510467

-0.2090179 0.0832515 2.535499
-0.2334678 0.1314114 2.605215
-0.3133042 0.5017691 2.695315
-0.3024701 0.6648419 2.688613
-0.4211971 0.3554021 2.612928
-0.4911775 0.154752 2.577194
-0.5243359 -0.01783288 2.44308
-0.5304399 -0.07202034 2.38442
-0.1746211 0.3949517 2.672918
-0.04273075 0.1406839 2.624574
0.1080395 0.004034527 2.544073
0.1575764 -0.03902515 2.530575
-0.2529157 0.01829205 2.497138
-0.2511468 -0.3826514 2.41354
-0.2336679 -0.693988 2.341752
-0.2028683 -0.7764689 2.260505
-0.1392261 0.03904279 2.532699
0.05414708 -0.2341731 2.582077
0.2836803 -0.5503151 2.586305
0.3469859 -0.5679255 2.505414

-0.2097137 0.08295813 2.536
-0.2350201 0.1311967 2.605662
-0.3146529 0.5018595 2.695129
-0.3038502 0.664735 2.688157
-0.4224952 0.3558241 2.612947
-0.492094 0.1551192 2.57674
-0.5247335 -0.01744567 2.442468
-0.5312426 -0.0747064 2.383396
-0.1723929 0.3803778 2.675006
-0.04193354 0.1442168 2.632956
0.106486 0.005383666 2.549793
0.1575799 -0.0387173 2.53572
-0.2538352 0.01751934 2.49821
-0.2510217 -0.3827657 2.414177
-0.2337957 -0.6938275 2.34199
-0.2029083 -0.7762541 2.260704
-0.1396642 0.03892635 2.532888
0.05499513 -0.226359 2.580506
0.304054 -0.5383668 2.578963
0.3698692 -0.544163 2.493357

-0.2110334 0.08271885 2.536655
-0.2370361 0.131075 2.606228
-0.3158358 0.5018963 2.695041
-0.3051649 0.6646704 2.6878
-0.4236308 0.3561762 2.613033
-0.4929074 0.1554113 2.576491
-0.525342 -0.01716128 2.442149
-0.5282136 -0.04532449 2.41352
-0.1720195 0.3787051 2.6772
-0.04271958 0.1477184 2.638652
0.1038449 0.00772833 2.556421
0.1549259 -0.03657736 2.542705
-0.255492 0.01701441 2.499501
-0.2510213 -0.3825563 2.415101
-0.2339268 -0.693642 2.342227
-0.2029459 -0.7760132 2.260911
-0.1406823 0.0387572 2.532997
0.05956073 -0.2241378 2.579896
0.3153153 -0.5324131 2.575247
0.3796049 -0.534553 2.48856

-0.2124848 0.08247171 2.537273
-0.2388998 0.1309166 2.606766
-0.3170009 0.5018091 2.695153
-0.3066556 0.6646517 2.687467
-0.4246985 0.3564423 2.613219
-0.4935934 0.1556019 2.576339
-0.5263357 -0.01711984 2.442277
-0.5268642 -0.03040001 2.42898
-0.1720436 0.3793921 2.679612
-0.04364572 0.1498459 2.642003
0.1006643 0.007984786 2.565038
0.1526659 -0.03442182 2.55151
-0.2572023 0.01662747 2.500558
-0.2512272 -0.3820793 2.416255
-0.234041 -0.6934788 2.342446
-0.2029752 -0.7758013 2.2611
-0.1418383 0.03852693 2.533051
0.0921513 -0.256467 2.585884
0.3437471 -0.5439445 2.57076
0.4032949 -0.5426865 2.483228

-0.2135069 0.0826758 2.538312
-0.2402446 0.1310782 2.607579
-0.317966 0.5016967 2.695318
-0.3079423 0.6646416 2.68722
-0.4256826 0.356664 2.613488
-0.4942772 0.155754 2.576381
-0.5275357 -0.01722926 2.44294
-0.5263399 -0.02432488 2.43557
-0.1721054 0.3811954 2.682069
-0.04586311 0.1538727 2.645947
0.09944253 0.006762409 2.570801
0.1520311 -0.03430471 2.557582
-0.2583222 0.01643149 2.501606
-0.2514733 -0.3815647 2.41736
-0.2341372 -0.693254 2.342761
-0.2030124 -0.7755097 2.26135
-0.1424527 0.03920374 2.533874
0.09908967 -0.2585184 2.585913
0.3514631 -0.5436591 2.568079
0.4101826 -0.5414431 2.47983

-0.2142523 0.08293597 2.539286
-0.2412435 0.1312651 2.608326
-0.3188799 0.5015529 2.69558
-0.3095972 0.6647112 2.686844
-0.4265547 0.3567884 2.613758
-0.4950116 0.1558297 2.576619
-0.5287512 -0.01744157 2.443861
-0.5318772 -0.05593583 2.417126
-0.1722549 0.3833255 2.684134
-0.04786039 0.1570445 2.648752
0.09818932 0.005242036 2.577333
0.1483909 -0.03767279 2.572715
-0.2591273 0.01632012 2.502435
-0.2517577 -0.3809197 2.418475
-0.2342398 -0.693021 2.343085
-0.203057 -0.7752001 2.261614
-0.1427438 0.03997208 2.534796
0.1256525 -0.2792561 2.589544
0.3622764 -0.5484015 2.563878
0.4329892 -0.5774933 2.508144

-0.2147532 0.08303195 2.540152
-0.2418357 0.1313494 2.609038
-0.3197201 0.5013477 2.695988
-0.3112848 0.6648782 2.686642
-0.4272579 0.3568704 2.614016
-0.495726 0.1558798 2.577013
-0.5303014 -0.01850866 2.446596
-0.5356763 -0.0776434 2.409153
-0.1746521 0.3843431 2.682997
-0.04909783 0.1581648 2.650288
0.09647957 0.004238931 2.582612
0.145012 -0.03924876 2.583093
-0.2596792 0.01622966 2.503279
-0.2520171 -0.3805313 2.419401
-0.2343693 -0.6927733 2.343484
-0.2031164 -0.7748621 2.261953
-0.1429286 0.04059502 2.535594
0.1349796 -0.2858253 2.590412
0.370301 -0.5511204 2.560164
0.4390876 -0.577538 2.494319

-0.2146875 0.08288841 2.541285
-0.2417943 0.1313181 2.610097
-0.3205082 0.5011281 2.696492
-0.3128567 0.6650758 2.686511
-0.4279757 0.3568907 2.614357
-0.4970604 0.1548902 2.578641
-0.5334122 -0.02420454 2.455896
-0.5339432 -0.05783968 2.438997
-0.1916781 0.3850366 2.672838
-0.0504885 0.1586765 2.651177
0.09510139 0.003679425 2.586339
0.1417176 -0.04033253 2.592248
-0.2590263 0.01620524 2.504499
-0.2522451 -0.3802058 2.420162
-0.2345055 -0.6925576 2.343865
-0.203213 -0.7745756 2.262292
-0.1427943 0.04117235 2.53694
0.1305185 -0.2823858 2.585623
0.3749661 -0.5498152 2.555975
0.4376578 -0.5639558 2.474431

-0.2137804 0.08307245 2.543205
-0.2412371 0.131513 2.611643
-0.3211494 0.50093 2.696949
-0.3142179 0.6652212 2.686374
-0.4285913 0.3568782 2.614684
-0.4986558 0.1530584 2.580747
-0.5358554 -0.02975419 2.463527
-0.543099 -0.08044393 2.445231
-0.1953489 0.3850684 2.670865
-0.05189523 0.1586902 2.651658
0.09423364 0.003382291 2.588787
0.1392586 -0.04118922 2.597716
-0.2577223 0.01626807 2.505946
-0.2524515 -0.3799491 2.420806
-0.2346812 -0.6923501 2.344269
-0.2033341 -0.7743046 2.262656
-0.1409233 0.04325537 2.540677
0.1059613 -0.2408384 2.573218
0.3604002 -0.5148214 2.547098
0.418207 -0.5228158 2.459038

-0.2125604 0.08344079 2.545322
-0.2403749 0.131831 2.613366
-0.3217092 0.5007166 2.697378
-0.315391 0.6652557 2.686275
-0.4294085 0.3567556 2.615192
-0.5005968 0.1517393 2.58463
-0.5371138 -0.0340942 2.473125
-0.5465037 -0.09137359 2.451753
-0.1976084 0.3851836 2.669727
-0.05340035 0.1582361 2.652299
0.08705331 -0.002452731 2.605096
0.1185133 -0.03891204 2.615914
-0.2560808 0.01643581 2.5076
-0.2526502 -0.3797086 2.421374
-0.2348587 -0.692116 2.344687
-0.2035112 -0.7740174 2.263055
-0.1390323 0.04512756 2.544008
0.0933384 -0.2105155 2.566562
0.358129 -0.4882744 2.543964
0.4132675 -0.489454 2.452965

-0.2114897 0.08365252 2.547093
-0.2395646 0.1320154 2.614872
-0.3226767 0.500355 2.698029
-0.3163574 0.6652581 2.686124
-0.4302784 0.3565661 2.615788
-0.5025418 0.1493548 2.588167
-0.5382307 -0.03809667 2.479249
-0.5489539 -0.09946235 2.455442
-0.1991827 0.3852102 2.668933
-0.05475793 0.1575814 2.652819
0.08213693 -0.006224466 2.614191
0.105639 -0.03530516 2.623869
-0.2545738 0.01652997 2.509078
-0.2528312 -0.3795092 2.421843
-0.2350447 -0.6918935 2.345123
-0.2037979 -0.7737213 2.263452
-0.1376735 0.04614679 2.546322
0.0888727 -0.2000903 2.563861
0.2984504 -0.4389307 2.547053
0.3523936 -0.4447424 2.456042

-0.2105563 0.08379878 2.548591
-0.2387928 0.1321238 2.616219
-0.3238757 0.4997539 2.698795
-0.317388 0.6651341 2.685721
-0.4311223 0.3563619 2.616429
-0.5039269 0.1475431 2.590731
-0.5389256 -0.04071105 2.48317
-0.5504128 -0.1043315 2.457713
-0.2001102 0.3851161 2.668431
-0.05600234 0.1565981 2.65347
0.07948694 -0.008456411 2.619524
0.09930047 -0.03418871 2.628431
-0.2532462 0.01662319 2.510284
-0.2529954 -0.3793425 2.422233
-0.2352253 -0.6916967 2.345498
-0.2041503 -0.7734758 2.263838
-0.1366052 0.04674072 2.548253
0.08612095 -0.1940932 2.560648
0.3014429 -0.4308442 2.53626
0.3548721 -0.4351313 2.44553

-0.2129915 0.08413784 2.549054
-0.239511 0.1322359 2.616926
-0.3250491 0.4991551 2.699508
-0.3185602 0.6647947 2.685443
-0.4321503 0.3560313 2.617409
-0.5050789 0.1453143 2.592839
-0.5393589 -0.04366742 2.486493
-0.5513195 -0.1087104 2.459524
-0.2010957 0.3849103 2.667898
-0.05701662 0.1554188 2.654135
0.07767156 -0.01023797 2.623269
0.09741078 -0.03526369 2.631981
-0.255158 0.0173194 2.514097
-0.2531538 -0.3791891 2.422594
-0.2354795 -0.6913729 2.346058
-0.2046261 -0.7730852 2.264395
-0.1603624 0.05275317 2.52942
0.07255984 -0.1821607 2.552311
0.3051014 -0.4255519 2.528367
0.3596385 -0.4299851 2.437914

-0.2131389 0.08459473 2.550198
-0.2395766 0.1324573 2.617891
-0.3261753 0.4984736 2.700232
-0.3198346 0.6641129 2.685338
-0.4332097 0.3555599 2.61836
-0.5058751 0.1440103 2.594667
-0.5396993 -0.04530474 2.488969
-0.5510142 -0.1104269 2.460902
-0.2015678 0.3846917 2.667687
-0.05780284 0.1542953 2.654994
0.07641064 -0.01145636 2.625807
0.09799077 -0.03727039 2.634206
-0.2550513 0.01771703 2.516358
-0.2532881 -0.379026 2.422973
-0.2357114 -0.6910847 2.346551
-0.2050564 -0.7727613 2.26493
-0.1497634 0.05523839 2.540511
0.0723041 -0.1843666 2.548247
0.2579974 -0.3961822 2.519297
0.3100639 -0.4027094 2.429344

-0.212766 0.08465609 2.551392
-0.2393361 0.1324517 2.618929
-0.3271267 0.4978634 2.700881
-0.321198 0.6628991 2.685719
-0.4340621 0.3551253 2.619254
-0.506604 0.1435814 2.596654
-0.5396464 -0.04597762 2.490999
-0.5491779 -0.1092589 2.462049
-0.2016382 0.3843789 2.667733
-0.05839891 0.1530682 2.656128
0.07572754 -0.01339516 2.627397
0.1096354 -0.04681344 2.636265
-0.2544472 0.01778944 2.518069
-0.2534027 -0.3788877 2.423339
-0.2359223 -0.6908293 2.346995
-0.2054407 -0.7724813 2.265429
-0.1423601 0.05457513 2.547564
0.07798303 -0.1891055 2.543526
0.3378098 -0.4494984 2.503303
0.3899876 -0.4519864 2.413982

-0.2120108 0.08460493 2.552635
-0.2388014 0.1323712 2.620076
-0.3279721 0.4972932 2.701554
-0.3223832 0.6618172 2.686252
-0.4347933 0.3546596 2.620187
-0.5071603 0.1433322 2.598441
-0.5395332 -0.04630835 2.492497
-0.5472828 -0.1069917 2.462353
-0.2020172 0.3840913 2.66772
-0.05876242 0.1519522 2.657372
0.07537765 -0.01496237 2.628329
0.1164492 -0.05271819 2.637122
-0.2530662 0.0178311 2.519448
-0.2534982 -0.3788245 2.423671
-0.2361044 -0.6906083 2.347378
-0.2057538 -0.7722335 2.265859
-0.1374504 0.05386742 2.552347
0.08190538 -0.1941706 2.539777
0.353266 -0.4582413 2.49007
0.4252192 -0.5111214 2.423242

-0.2130942 0.08405709 2.552429
-0.2389946 0.1321303 2.620474
-0.3286471 0.4968161 2.702238
-0.3234103 0.6608181 2.686935
-0.4353196 0.3542763 2.620984
-0.5075248 0.143032 2.599802
-0.5394335 -0.04656132 2.493486
-0.5453788 -0.1048158 2.461989
-0.202354 0.3838306 2.667794
-0.05908734 0.1510571 2.658964
0.07494551 -0.01562561 2.629209
0.1191438 -0.05542231 2.637079
-0.2540806 0.01798871 2.518089
-0.2535785 -0.378816 2.423976
-0.2362161 -0.6903805 2.347796
-0.2060343 -0.771969 2.266283
-0.1469191 0.04899507 2.549541
0.09427917 -0.2002797 2.535324
0.3606701 -0.4588371 2.482444
0.41286 -0.4692654 2.398676

-0.2156442 0.0819606 2.550732
-0.2399776 0.1309757 2.620228
-0.3292342 0.4964031 2.703263
-0.3243194 0.659829 2.688042
-0.4357159 0.3539354 2.62182
-0.5077584 0.1429227 2.600914
-0.5392257 -0.04648553 2.494202
-0.5436984 -0.1025833 2.461569
-0.2027673 0.3834971 2.667884
-0.05929057 0.1503028 2.660532
0.07453288 -0.01605674 2.62941
0.1203272 -0.05656881 2.637041
-0.2615086 0.01365481 2.498541
-0.2536259 -0.3788703 2.424284
-0.2362408 -0.6902137 2.348174
-0.2062401 -0.7717794 2.266634
-0.1546556 0.03782142 2.54903
0.0984313 -0.199235 2.531007
0.3723937 -0.4626681 2.473422
0.4304305 -0.4758715 2.386588
