
-0.1347442 -0.04718509 2.549739
-0.1501764 0.006470552 2.604078
-0.1714554 0.3402505 2.624394
-0.1699455 0.5169325 2.608664
-0.311702 0.2165008 2.570279
-0.3515239 -0.008903031 2.511453
-0.3340586 -0.2023654 2.394392
-0.3211883 -0.2701868 2.361663
-0.02155602 0.2308692 2.634523
0.05158512 -0.04444767 2.635055
0.1738353 -0.2264535 2.598744
0.2050404 -0.2694979 2.598411
-0.1936745 -0.1168752 2.514703
-0.1027966 -0.417434 2.268564
-0.1078462 -0.7248843 2.313214
-0.1089209 -0.8030322 2.267778
-0.06318799 -0.1102568 2.55488
0.179339 -0.4357716 2.491474
0.3661762 -0.6899318 2.464582
0.4130427 -0.7040805 2.390388

-0.1346412 -0.04705464 2.549847
-0.1501294 0.006567372 2.604128
-0.1714384 0.3402964 2.624352
-0.1699728 0.516993 2.608677
-0.3117602 0.2167957 2.570245
-0.3517744 -0.008205333 2.512483
-0.3342214 -0.2011033 2.394903
-0.3213841 -0.2696157 2.361798
-0.02151941 0.2308743 2.634526
0.05157117 -0.0443599 2.635016
0.1743882 -0.225756 2.600091
0.2042814 -0.2662089 2.597263
-0.1935093 -0.1166257 2.514926
-0.1028097 -0.417382 2.268635
-0.1077335 -0.724454 2.313144
-0.1089243 -0.8030372 2.267806
-0.06301904 -0.1102024 2.555027
0.179327 -0.4357733 2.49147
0.4200997 -0.6862803 2.481479
0.4669148 -0.7012249 2.396543

-0.1344261 -0.04680438 2.550068
-0.150012 0.006762172 2.604243
-0.1714236 0.340349 2.624307
-0.169983 0.5170493 2.608687
-0.3118032 0.2173902 2.57021
-0.3520955 -0.007130204 2.513529
-0.3345361 -0.1994559 2.395726
-0.3215627 -0.2689219 2.362157
-0.02148387 0.2308861 2.634523
0.05162775 -0.04407224 2.634966
0.1746979 -0.2250461 2.601167
0.2050181 -0.2659812 2.596082
-0.1931863 -0.1161867 2.515335
-0.1028182 -0.4173455 2.268713
-0.1076715 -0.7242953 2.313198
-0.1089198 -0.8030359 2.267842
-0.06269639 -0.1100683 2.555322
0.1793174 -0.4357738 2.491469
0.4422758 -0.6847837 2.488328
0.4923415 -0.6999295 2.39946

-0.1339374 -0.04614041 2.550623
-0.1496789 0.007350748 2.604618
-0.1713891 0.3404986 2.624268
-0.1699363 0.5172356 2.608698
-0.3118064 0.2183982 2.570184
-0.3524849 -0.005646527 2.514682
-0.3355545 -0.197521 2.397716
-0.3224006 -0.2655129 2.365639
-0.02140213 0.2309579 2.634517
0.05177071 -0.04351246 2.634956
0.1750428 -0.2238784 2.601296
0.2045323 -0.2626576 2.593004
-0.1925811 -0.1152684 2.516155
-0.1031903 -0.4165159 2.269891
-0.1076163 -0.7242835 2.313348
-0.1089143 -0.8030305 2.267886
-0.06205925 -0.1096538 2.555941
0.1793094 -0.4357772 2.491488
0.4422206 -0.684742 2.488274
0.4920679 -0.6998867 2.399389

-0.133171 -0.04497048 2.551552
-0.1490677 0.008486723 2.605331
-0.1711856 0.3409711 2.624274
-0.1695119 0.5179271 2.608755
-0.3115759 0.2204697 2.570383
-0.3529247 -0.003892679 2.515677
-0.3365925 -0.1951104 2.399908
-0.3263339 -0.2584342 2.372153
-0.02100218 0.2314177 2.634667
0.04925966 -0.03456889 2.63531
0.1703939 -0.2140848 2.601527
0.2005813 -0.2519971 2.587975
-0.1918068 -0.1139436 2.517252
-0.1037399 -0.4154059 2.271557
-0.1075807 -0.7243827 2.313548
-0.1089035 -0.8030143 2.267966
-0.06113184 -0.1088916 2.556954
0.1792793 -0.4357729 2.491579
0.4418451 -0.6845586 2.488289
0.4915099 -0.6996555 2.399406

-0.1325468 -0.0435479 2.552604
-0.1484662 0.009984906 2.60626
-0.1706072 0.3424264 2.62475
-0.1682647 0.5203374 2.609711
-0.3112096 0.2237179 2.57121
-0.3533158 -0.002137212 2.516719
-0.337658 -0.1925811 2.402083
-0.3298898 -0.2525775 2.376692
-0.02019015 0.2325964 2.635053
0.04798112 -0.02854719 2.635609
0.1673472 -0.20743 2.601331
0.1956093 -0.2370779 2.584831
-0.1913008 -0.1124361 2.51838
-0.1041842 -0.4148217 2.273297
-0.107589 -0.7246532 2.313962
-0.1088898 -0.8029784 2.268179
-0.06038788 -0.1079779 2.558002
0.1792232 -0.4357586 2.49174
0.4410921 -0.6842512 2.488417
0.4902769 -0.6993206 2.399493

-0.1314356 -0.03797559 2.556037
-0.147492 0.01520375 2.609103
-0.1700208 0.3449452 2.625474
-0.166902 0.5228125 2.610552
-0.3107269 0.2277271 2.572402
-0.3541639 0.000864803 2.518398
-0.3393875 -0.1885196 2.404935
-0.3345517 -0.2448872 2.381675
-0.0178148 0.2368477 2.636888
0.04683173 -0.02181958 2.636062
0.1624537 -0.2001406 2.598739
0.1923841 -0.232213 2.583063
-0.1906084 -0.1078622 2.52148
-0.104607 -0.4155248 2.275875
-0.1077046 -0.7252924 2.314816
-0.1088746 -0.8029377 2.268403
-0.05871503 -0.1032199 2.561697
0.1791858 -0.4356828 2.49212
0.4371979 -0.6841639 2.487917
0.4809641 -0.6996468 2.399111

-0.1309466 -0.03194238 2.559253
-0.1468211 0.02105451 2.611887
-0.169186 0.3482043 2.626231
-0.1645502 0.5274048 2.612291
-0.3104815 0.2334278 2.574674
-0.3556845 0.00468808 2.520496
-0.3412921 -0.1842896 2.407856
-0.3399135 -0.2373631 2.386097
-0.01532504 0.2419736 2.638984
0.04574774 -0.0157252 2.63657
0.1574428 -0.1942769 2.596805
0.1892999 -0.2284228 2.581991
-0.1907691 -0.1022667 2.524877
-0.1050848 -0.4167954 2.278876
-0.1079275 -0.725786 2.315699
-0.1088809 -0.8028905 2.268636
-0.05775095 -0.09825499 2.564893
0.1791794 -0.4351842 2.493082
0.4151894 -0.6850561 2.482291
0.4622107 -0.7003803 2.398056

-0.1308875 -0.02663137 2.561889
-0.1465329 0.02638059 2.614284
-0.1682674 0.3520729 2.627265
-0.162077 0.5334828 2.61514
-0.3103139 0.2385428 2.576558
-0.3575768 0.008791497 2.522588
-0.3438694 -0.1796519 2.410769
-0.3441039 -0.2307517 2.389924
-0.01346836 0.2475965 2.640969
0.04465986 -0.01006947 2.637334
0.1528346 -0.1892698 2.595533
0.1862175 -0.2252447 2.581422
-0.1913476 -0.09696119 2.527706
-0.1055648 -0.4178368 2.281383
-0.1086074 -0.7268376 2.317358
-0.1090112 -0.8028126 2.26918
-0.05735968 -0.09371301 2.567599
0.1788924 -0.4331698 2.495341
0.4064486 -0.6854426 2.48017
0.4539954 -0.700685 2.397796

-0.1306152 -0.02212856 2.564295
-0.1461036 0.03107968 2.616575
-0.1674641 0.3565912 2.628694
-0.1602493 0.5386655 2.617958
-0.3101884 0.2428354 2.578257
-0.3591671 0.01211554 2.524264
-0.3465983 -0.1756313 2.413196
-0.3472814 -0.2258323 2.392771
-0.01222519 0.2527691 2.642844
0.04334892 -0.004894109 2.638396
0.1484716 -0.1850168 2.595268
0.1777638 -0.2119729 2.585069
-0.1914523 -0.09277412 2.530118
-0.1114793 -0.4118105 2.2911
-0.1095581 -0.7282541 2.319229
-0.1092179 -0.8027179 2.269849
-0.05676346 -0.08896097 2.570535
0.178085 -0.4299563 2.498708
0.4030151 -0.6862001 2.47921
0.4507808 -0.7012379 2.398033

-0.1303925 -0.0187906 2.566049
-0.1457907 0.03461654 2.618295
-0.1670328 0.3610529 2.630397
-0.159139 0.5431626 2.620185
-0.3100254 0.2464028 2.579755
-0.3608529 0.01573451 2.525818
-0.349259 -0.1717362 2.415365
-0.3505068 -0.2213871 2.394932
-0.01140874 0.2567039 2.644438
0.04227113 -0.0008607488 2.639272
0.1447653 -0.1818456 2.596412
0.176331 -0.2113416 2.586435
-0.1914453 -0.08960073 2.531876
-0.1169144 -0.4057896 2.298853
-0.1107114 -0.7294924 2.321113
-0.1094892 -0.8025853 2.270533
-0.05632264 -0.08541252 2.572634
0.1549226 -0.3898223 2.51508
0.3964903 -0.6779455 2.480353
0.4430409 -0.6915237 2.400344

-0.1303089 -0.01576275 2.567365
-0.1455923 0.03785498 2.619689
-0.1667997 0.3670283 2.633359
-0.1586565 0.5503609 2.624947
-0.309992 0.2496182 2.581376
-0.3622311 0.01902907 2.527291
-0.3514521 -0.1686026 2.41713
-0.3528731 -0.2180889 2.396512
-0.01134629 0.26057 2.645817
0.04146045 0.002449033 2.640095
0.1422678 -0.1788287 2.599355
0.1776187 -0.2133065 2.592507
-0.1915182 -0.08625408 2.533243
-0.1236593 -0.395912 2.307673
-0.111868 -0.7305974 2.322817
-0.1098138 -0.8024204 2.271152
-0.05616286 -0.08199475 2.574047
0.142532 -0.3675447 2.523729
0.393542 -0.6734347 2.481518
0.4394909 -0.6865222 2.402109

-0.1304242 -0.01262382 2.56843
-0.1455619 0.04116923 2.620924
-0.166935 0.3729511 2.636553
-0.1590106 0.5566185 2.629334
-0.3102406 0.2530002 2.583319
-0.3631977 0.0217914 2.528465
-0.353112 -0.1662732 2.418441
-0.3544747 -0.2158059 2.397693
-0.01210433 0.2659965 2.647404
0.04079619 0.005679017 2.641095
0.1407034 -0.1759483 2.601789
0.1791375 -0.2146959 2.597128
-0.1917244 -0.08284786 2.53438
-0.1272538 -0.3905733 2.312401
-0.1130733 -0.7315173 2.324328
-0.1101177 -0.8022573 2.271711
-0.05632585 -0.07817948 2.574911
0.1374625 -0.3583539 2.527366
0.3922873 -0.6707506 2.48262
0.4376709 -0.6837568 2.403424

-0.1308879 -0.008598553 2.569397
-0.1456718 0.04514794 2.622178
-0.1673392 0.3783847 2.639666
-0.1595105 0.5611418 2.632519
-0.3117954 0.2628177 2.590152
-0.3636853 0.02498577 2.529745
-0.3536948 -0.1642966 2.419345
-0.354877 -0.2137984 2.398551
-0.01309399 0.2716342 2.649222
0.04030128 0.00884858 2.642202
0.1397191 -0.173023 2.605098
0.1805061 -0.2157344 2.600837
-0.1922514 -0.07867798 2.535339
-0.1292925 -0.3876263 2.315613
-0.1140362 -0.732152 2.325497
-0.1103753 -0.802093 2.272209
-0.05685143 -0.07358072 2.575407
0.1342906 -0.3526398 2.529729
0.3921877 -0.6690691 2.483827
0.4366706 -0.6821101 2.404479

-0.1311175 -0.00447078 2.570576
-0.1456255 0.04928212 2.62367
-0.1678723 0.3835172 2.64279
-0.1598677 0.5652506 2.635462
-0.3129511 0.2699793 2.595084
-0.3635838 0.02891308 2.531457
-0.3535464 -0.162139 2.4201
-0.3534694 -0.2113361 2.399384
-0.01406171 0.2762552 2.650811
0.03986917 0.01181034 2.643316
0.1392824 -0.1704466 2.607018
0.1796354 -0.2116385 2.604597
-0.1923889 -0.07470542 2.53642
-0.1306073 -0.3857526 2.31814
-0.1147752 -0.7326362 2.326452
-0.1105983 -0.801945 2.272682
-0.05712964 -0.06867472 2.576209
0.1322125 -0.3489331 2.531229
0.3916527 -0.6676986 2.484648
0.4356143 -0.6808441 2.405127

-0.1187602 0.02074997 2.552327
-0.1392702 0.074368 2.606944
-0.1673482 0.4147335 2.636622
-0.1544521 0.5852592 2.624408
-0.2976747 0.2875476 2.565676
-0.3487307 0.05401979 2.504337
-0.3494191 -0.1435575 2.388501
-0.3387752 -0.2017341 2.364371
-0.0153744 0.3046269 2.652886
0.03940718 0.0391618 2.651846
0.1731641 -0.1675255 2.645252
0.2075923 -0.2160724 2.649993
-0.1724664 -0.04629972 2.513189
-0.1160702 -0.4098841 2.281742
-0.123624 -0.7311301 2.337128
-0.1146337 -0.7984022 2.28139
-0.04838562 -0.04290902 2.559747
0.1260394 -0.3781082 2.519981
0.3811539 -0.6988484 2.477039
0.4354177 -0.7115458 2.389973

-0.118436 0.0173775 2.549858
-0.1393392 0.07095862 2.604489
-0.1687774 0.4110535 2.634029
-0.1550877 0.581871 2.62209
-0.2975022 0.2831779 2.561853
-0.3504763 0.05111381 2.499599
-0.3510594 -0.145727 2.38535
-0.3411786 -0.2034933 2.360537
-0.01615812 0.3010488 2.649946
0.03925017 0.03566181 2.650037
0.1717118 -0.1674075 2.644122
0.2059504 -0.2161797 2.64817
-0.1716667 -0.0496711 2.510833
-0.1098635 -0.4190729 2.271217
-0.1228503 -0.7320381 2.335337
-0.1146106 -0.7987825 2.280609
-0.04793039 -0.04615013 2.557132
0.1283907 -0.3786291 2.518264
0.3846317 -0.6986288 2.478568
0.4391867 -0.7116467 2.392362

-0.1178541 0.01438174 2.547766
-0.1391394 0.06798107 2.602354
-0.1700258 0.4076046 2.631102
-0.155753 0.5783936 2.619382
-0.297394 0.2795745 2.558529
-0.352667 0.04655438 2.492704
-0.3526765 -0.1487701 2.382157
-0.3436907 -0.205743 2.356181
-0.01710329 0.2969583 2.646523
0.03918296 0.03149746 2.647548
0.1693708 -0.1664676 2.642361
0.2044466 -0.2160363 2.646249
-0.1705219 -0.05304658 2.508571
-0.1065939 -0.4237549 2.265606
-0.1221158 -0.733089 2.333638
-0.114516 -0.7994282 2.279603
-0.04728329 -0.04880099 2.555209
0.1306056 -0.3790925 2.516763
0.3883427 -0.69833 2.481103
0.4432722 -0.71163 2.395848

-0.1171943 0.01177266 2.546043
-0.1388553 0.06539597 2.600534
-0.1708848 0.4047042 2.628478
-0.1562772 0.5754133 2.616968
-0.2972292 0.276497 2.555503
-0.3540753 0.04384691 2.488493
-0.353912 -0.1507895 2.379945
-0.3457379 -0.2071478 2.353124
-0.01776605 0.293689 2.644033
0.03919687 0.02835665 2.645766
0.1673094 -0.1654941 2.640756
0.20331 -0.2169426 2.64206
-0.169395 -0.05609795 2.50663
-0.1045118 -0.4266236 2.261868
-0.1213247 -0.7337181 2.331832
-0.114346 -0.7999731 2.278707
-0.04660087 -0.05099898 2.55377
0.1324687 -0.3793616 2.515533
0.3925087 -0.6982409 2.484036
0.4480143 -0.7116829 2.399754

-0.1165335 0.009686315 2.544704
-0.1385447 0.06336292 2.599073
-0.1715569 0.4021785 2.625739
-0.1567879 0.5726502 2.614663
-0.2970266 0.274071 2.552901
-0.3550204 0.04214386 2.485767
-0.3549708 -0.1520869 2.377969
-0.3475947 -0.2079232 2.350531
-0.01822621 0.2912388 2.642185
0.03865857 0.02527151 2.6435
0.1640197 -0.1644031 2.638605
0.2028103 -0.2190252 2.639002
-0.1683339 -0.05856384 2.505135
-0.1030041 -0.428615 2.259211
-0.120587 -0.7340577 2.329804
-0.1141215 -0.8005233 2.27786
-0.04594212 -0.0527257 2.55273
0.134227 -0.3796286 2.51448
0.3961057 -0.6982504 2.486805
0.4622236 -0.7373037 2.438144

-0.1155792 0.007564516 2.543388
-0.1379984 0.06128987 2.597581
-0.1721229 0.3994788 2.622756
-0.1573888 0.5700266 2.612127
-0.2966818 0.2715408 2.549991
-0.3556699 0.04098687 2.483924
-0.3561439 -0.1529278 2.376158
-0.3492681 -0.2082967 2.34839
-0.01885968 0.2886504 2.640042
0.03820622 0.02310979 2.641825
0.1611382 -0.1635763 2.636355
0.2021169 -0.220859 2.637515
-0.166939 -0.06100316 2.50365
-0.1020014 -0.4296926 2.257555
-0.1199687 -0.7342841 2.328157
-0.1139086 -0.8010223 2.277163
-0.04506528 -0.05436658 2.551869
0.1359535 -0.3799074 2.513552
0.3988734 -0.6980264 2.489391
0.4715168 -0.7514274 2.459388

-0.1147258 0.005334725 2.541755
-0.1374966 0.05903487 2.595694
-0.1726315 0.3968195 2.61954
-0.1578692 0.5680913 2.610145
-0.2962837 0.269035 2.547108
-0.3561932 0.04020816 2.482552
-0.357932 -0.1533718 2.373631
-0.3512114 -0.2080295 2.345391
-0.01961157 0.286185 2.637685
0.03783014 0.02153977 2.64051
0.1584404 -0.1629811 2.633214
0.192502 -0.2097994 2.622557
-0.1657996 -0.06310089 2.502232
-0.1014357 -0.4300535 2.256583
-0.1194308 -0.7344295 2.326804
-0.113717 -0.8014636 2.276572
-0.04432983 -0.05613334 2.550653
0.1374155 -0.3801225 2.512806
0.4021236 -0.6976378 2.492276
0.4763546 -0.7573899 2.469062

-0.1140479 0.00298969 2.53958
-0.1371136 0.05660346 2.593292
-0.1730905 0.3943544 2.616557
-0.158652 0.5660809 2.607819
-0.2960777 0.2662424 2.54403
-0.3568502 0.0396702 2.481009
-0.3600378 -0.1535342 2.371213
-0.3537915 -0.2077903 2.343014
-0.02057793 0.2832081 2.634698
0.03748189 0.0202599 2.639217
0.155523 -0.1630835 2.629258
0.1888411 -0.2060457 2.617245
-0.1649323 -0.06515887 2.500238
-0.1013219 -0.4295873 2.256115
-0.1189387 -0.7344409 2.325505
-0.1135334 -0.8018376 2.276014
-0.04365008 -0.05832537 2.548738
0.1392236 -0.3804729 2.512103
0.4053971 -0.6970969 2.494997
0.4763166 -0.7332037 2.447594

-0.1135322 0.0009730349 2.537575
-0.1368552 0.05448091 2.591052
-0.173493 0.3920145 2.613654
-0.1593792 0.5643955 2.605766
-0.2961065 0.2634297 2.540957
-0.3577811 0.03919153 2.479228
-0.3625889 -0.1536792 2.368276
-0.356587 -0.2076771 2.34049
-0.02137684 0.2806141 2.632138
0.03669036 0.01887923 2.637162
0.1536459 -0.1632122 2.626654
0.1863366 -0.2035036 2.613724
-0.1642479 -0.06700511 2.498251
-0.1015399 -0.4286134 2.255876
-0.1185491 -0.7343412 2.324267
-0.113355 -0.8021457 2.275492
-0.0431022 -0.06035625 2.546935
0.1405164 -0.3797279 2.511498
0.4083483 -0.6959687 2.497402
0.4761642 -0.7159216 2.433511

-0.1130657 -0.0005858396 2.536012
-0.1366156 0.05285021 2.589308
-0.1738962 0.3899348 2.611068
-0.1600723 0.5629891 2.603764
-0.2962171 0.2611287 2.538399
-0.3586275 0.03889481 2.477716
-0.3649112 -0.1539353 2.365561
-0.3590249 -0.2077822 2.338336
-0.02198984 0.2786876 2.630168
0.03586872 0.01752202 2.634977
0.1522369 -0.1635755 2.624705
0.1844825 -0.2017528 2.611303
-0.1635753 -0.06856342 2.496591
-0.1020201 -0.4274037 2.255698
-0.118241 -0.7342228 2.323207
-0.1132247 -0.8024001 2.275001
-0.0425439 -0.06193338 2.545583
0.1416387 -0.3787362 2.51094
0.4109586 -0.6945524 2.499612
0.4765026 -0.7071887 2.427404

-0.1126133 -0.001923323 2.534723
-0.1363546 0.05147399 2.587856
-0.1742842 0.3878298 2.608308
-0.1610279 0.5610597 2.600257
-0.2963932 0.2591594 2.536278
-0.3598034 0.0384536 2.475946
-0.3671812 -0.1544026 2.362724
-0.3611454 -0.2081828 2.336401
-0.02246123 0.2768921 2.628383
0.0351586 0.01645827 2.633115
0.1511177 -0.1640214 2.622983
0.1831826 -0.2005976 2.609563
-0.1628665 -0.07009056 2.495117
-0.1026317 -0.4260603 2.255377
-0.1180062 -0.7341299 2.322334
-0.1131235 -0.8026028 2.274457
-0.04197204 -0.06332494 2.544528
0.1425803 -0.3776449 2.510477
0.4139233 -0.6923509 2.502015
0.4773103 -0.701496 2.42433

-0.1122187 -0.003126652 2.53357
-0.1361208 0.05021536 2.586511
-0.1748741 0.3854132 2.605048
-0.1625817 0.5588297 2.595352
-0.2965642 0.2575474 2.534517
-0.3607868 0.03811291 2.474494
-0.3691305 -0.1550024 2.359874
-0.3629753 -0.208782 2.334547
-0.02287521 0.2749943 2.626482
0.03453515 0.01555826 2.6314
0.1501318 -0.1646339 2.621435
0.1822058 -0.199818 2.608283
-0.1622391 -0.07151115 2.493777
-0.1033962 -0.4245956 2.254874
-0.1178256 -0.7340977 2.321614
-0.1130371 -0.8028116 2.273921
-0.04147116 -0.06452099 2.543677
0.1690697 -0.3987921 2.512616
0.426052 -0.6924722 2.506751
0.4841998 -0.6992016 2.423495

-0.1117439 -0.004417292 2.532453
-0.1358151 0.04888504 2.585213
-0.1753375 0.3832452 2.602298
-0.1640259 0.5571566 2.591561
-0.2967398 0.2561198 2.532881
-0.3617307 0.03762266 2.47303
-0.370651 -0.1555652 2.357525
-0.3643937 -0.2093518 2.332945
-0.0234002 0.2726709 2.624306
0.03400575 0.01480855 2.629837
0.1493706 -0.16524 2.620181
0.1813055 -0.1989391 2.607435
-0.1614844 -0.07312555 2.492399
-0.1042733 -0.4230476 2.25427
-0.117708 -0.7341195 2.32104
-0.1129603 -0.8030253 2.273417
-0.04091792 -0.06570337 2.54296
0.1859483 -0.4136581 2.514034
0.4342801 -0.6923002 2.509703
0.4904385 -0.6980534 2.423734

-0.1114091 -0.005726489 2.531303
-0.1356597 0.04752593 2.583865
-0.1758576 0.3813303 2.599846
-0.1653102 0.5558299 2.588588
-0.2969789 0.2546279 2.531143
-0.3625409 0.03712238 2.471698
-0.3718499 -0.1562568 2.355312
-0.3654891 -0.2100702 2.331469
-0.02385502 0.2705626 2.622386
0.03348912 0.01415468 2.628374
0.1487645 -0.1658125 2.619158
0.1805336 -0.1979336 2.606976
-0.1609569 -0.07463998 2.491094
-0.1051253 -0.4213831 2.253459
-0.1175969 -0.7341037 2.320479
-0.1129004 -0.8031865 2.272986
-0.04047511 -0.06689637 2.542233
0.192637 -0.4192269 2.51461
0.4414199 -0.6918737 2.512188
0.4973671 -0.6975703 2.425405

-0.1112067 -0.007302877 2.529842
-0.1356892 0.0459223 2.582184
-0.1764851 0.3795578 2.597401
-0.1662492 0.5549035 2.586538
-0.2972305 0.2531363 2.529218
-0.3633023 0.03659021 2.470419
-0.3727073 -0.156923 2.353586
-0.3662928 -0.2107821 2.330281
-0.02434394 0.2684896 2.620591
0.03306576 0.01357923 2.627038
0.1482856 -0.1663915 2.618297
0.1798313 -0.1968057 2.606822
-0.1606047 -0.07612727 2.489619
-0.106004 -0.419633 2.252468
-0.117509 -0.7341151 2.319972
-0.112841 -0.8033422 2.272583
-0.04011438 -0.06861558 2.541214
0.1967154 -0.4224953 2.514885
0.4470073 -0.69103 2.513972
0.5035364 -0.69696 2.427465

-0.1110548 -0.008753056 2.528508
-0.1357905 0.04441728 2.580608
-0.177177 0.3776701 2.594921
-0.1669004 0.5540808 2.585101
-0.2974046 0.2518486 2.527402
-0.3640553 0.03587249 2.46909
-0.3732847 -0.1574744 2.352298
-0.3668453 -0.2114087 2.329426
-0.02477634 0.2665032 2.619122
0.03271408 0.01312684 2.625916
0.1478754 -0.1668943 2.617724
0.1791764 -0.195621 2.607115
-0.1602936 -0.07752145 2.488216
-0.1067241 -0.4180448 2.251418
-0.1174321 -0.7341959 2.319502
-0.1127805 -0.8035348 2.27218
-0.03983638 -0.07014389 2.540344
0.1993664 -0.424317 2.5148
0.4550302 -0.6902772 2.515762
0.5133578 -0.6970726 2.430954

-0.110933 -0.01013506 2.52726
-0.1359802 0.04298994 2.579098
-0.1779107 0.3759599 2.592521
-0.1673741 0.5533122 2.584025
-0.2975614 0.2503248 2.524949
-0.3650754 0.0337823 2.466135
-0.3733898 -0.1588333 2.350667
-0.366997 -0.2129552 2.328627
-0.02514475 0.2648865 2.617987
0.03232995 0.01266706 2.624938
0.1476514 -0.1672321 2.617342
0.188232 -0.2165471 2.616468
-0.1600061 -0.0788204 2.486962
-0.1074084 -0.4164405 2.25022
-0.1172916 -0.7342533 2.318875
-0.1127638 -0.8037171 2.271785
-0.03962038 -0.07153073 2.539559
0.2012699 -0.425542 2.514712
0.4598814 -0.6897035 2.516817
0.519302 -0.6970575 2.433286

-0.1108121 -0.01141384 2.526149
-0.1362071 0.0416745 2.577723
-0.1785702 0.3744707 2.590392
-0.1677257 0.5526475 2.583225
-0.2975958 0.2485992 2.522003
-0.3657959 0.03173878 2.463357
-0.3728075 -0.1613159 2.348672
-0.3663213 -0.2159105 2.327454
-0.02543639 0.2636815 2.617184
0.03192312 0.01221371 2.624016
0.1472286 -0.1678293 2.617529
0.1921981 -0.2268585 2.622169
-0.159654 -0.08023597 2.485652
-0.1079451 -0.4150856 2.248951
-0.1171805 -0.7343712 2.318294
-0.1127523 -0.8039176 2.271392
-0.03943714 -0.07276073 2.538928
0.2023264 -0.42595 2.514375
0.4629487 -0.6892841 2.517467
0.523099 -0.6970014 2.434898

-0.1108946 -0.01375691 2.524168
-0.1367029 0.03955861 2.575671
-0.1790714 0.3732958 2.588743
-0.1679354 0.5518696 2.582398
-0.2975777 0.24688 2.519117
-0.3664157 0.02997818 2.460388
-0.3717205 -0.1642284 2.346484
-0.3648151 -0.2195145 2.326261
-0.02566227 0.2626377 2.616606
0.03152701 0.01183746 2.623334
0.1468265 -0.1683493 2.617636
0.194358 -0.2323653 2.625059
-0.1596784 -0.08311274 2.482817
-0.1082601 -0.414085 2.247611
-0.117057 -0.7344561 2.317723
-0.1127413 -0.8040717 2.271063
-0.03940777 -0.07512515 2.537667
0.2021125 -0.425159 2.513618
0.4653388 -0.6890377 2.517887
0.5261146 -0.6970559 2.436216

-0.1109516 -0.01559768 2.522639
-0.1371302 0.03788809 2.57407
-0.1794403 0.3724271 2.58753
-0.168036 0.5510762 2.581666
-0.297493 0.2454354 2.516583
-0.3667245 0.02806777 2.457282
-0.3705115 -0.1665281 2.344713
-0.3631729 -0.2223623 2.325124
-0.02585792 0.2617066 2.616203
0.0311484 0.01147962 2.622819
0.1454467 -0.1695603 2.620753
0.1954211 -0.2362736 2.628254
-0.1596657 -0.08527009 2.480666
-0.1084844 -0.4132647 2.246389
-0.1169529 -0.7345411 2.317193
-0.1127198 -0.8042117 2.27081
-0.03936356 -0.07711204 2.53671
0.2008649 -0.4234984 2.512568
0.4669176 -0.6888641 2.518183
0.5280826 -0.6970823 2.437142

-0.1109698 -0.016993 2.521497
-0.137477 0.03659678 2.572842
-0.1797138 0.3715919 2.586498
-0.1680674 0.5503501 2.581045
-0.2972909 0.2441401 2.514283
-0.3667322 0.02661006 2.45472
-0.369303 -0.1683037 2.343322
-0.3613385 -0.2246153 2.323963
-0.02601206 0.26098 2.61595
0.03056827 0.01112366 2.622328
0.1441136 -0.1703549 2.623576
0.1960271 -0.2385764 2.630932
-0.1595468 -0.08690426 2.479057
-0.1086417 -0.4126007 2.245322
-0.1168731 -0.7346308 2.316687
-0.1127016 -0.8043376 2.270581
-0.03931573 -0.07861716 2.536034
0.1984071 -0.4208836 2.511151
0.467976 -0.6887152 2.518343
0.5293618 -0.6970776 2.437791

-0.1110255 -0.01817431 2.520478
-0.1378166 0.03546294 2.571736
-0.1799227 0.3708442 2.585645
-0.1680241 0.5496678 2.580543
-0.2970845 0.2430577 2.512358
-0.3666303 0.02544641 2.452622
-0.3665261 -0.1703879 2.340466
-0.3569604 -0.2269779 2.320412
-0.02619982 0.2603288 2.615727
0.02995187 0.0107997 2.621971
0.1415698 -0.1716044 2.627423
0.1956273 -0.2400479 2.63369
-0.1594594 -0.08815466 2.477731
-0.1087526 -0.4120845 2.244402
-0.1168234 -0.7346895 2.316217
-0.1127 -0.8044279 2.270391
-0.03939417 -0.07996798 2.535355
0.1961011 -0.4186179 2.50991
0.4682463 -0.6885495 2.518125
0.5299037 -0.6970983 2.438281

-0.1110486 -0.01914679 2.519631
-0.1380754 0.03452846 2.570823
-0.1800693 0.3702529 2.584981
-0.1679123 0.5490488 2.580121
-0.2968762 0.2422444 2.5109
-0.366242 0.02446294 2.450525
-0.3633797 -0.1716813 2.337036
-0.351112 -0.2275705 2.314619
-0.02635992 0.2597933 2.615573
0.02917241 0.01016822 2.62212
0.1395757 -0.1730997 2.630577
0.1946982 -0.2412456 2.636858
-0.1593607 -0.08910426 2.476703
-0.1088285 -0.4116992 2.243663
-0.1167606 -0.7346361 2.315731
-0.1127009 -0.8044729 2.27027
-0.03946423 -0.08106775 2.534787
0.1936041 -0.4163624 2.508595
0.4677101 -0.6885383 2.517623
0.5295653 -0.6973063 2.438638

-0.1109609 -0.01986887 2.519096
-0.1381858 0.03384592 2.570224
-0.1801611 0.3697857 2.584477
-0.1677825 0.5485265 2.579797
-0.2967091 0.2416554 2.509827
-0.3656842 0.02364866 2.448759
-0.3602478 -0.1721921 2.333723
-0.3457537 -0.2273624 2.309203
-0.02650948 0.2593504 2.61546
0.02838465 0.009540264 2.622515
0.1371373 -0.1747974 2.633741
0.1928237 -0.2420901 2.640349
-0.1591637 -0.08980651 2.47605
-0.1088581 -0.4114556 2.243081
-0.1166847 -0.7344422 2.315205
-0.1127032 -0.8044818 2.27018
-0.03939285 -0.08183129 2.534514
0.1915767 -0.4141146 2.507951
0.465385 -0.6889604 2.516899
0.5269935 -0.6982127 2.438945

-0.1108884 -0.02038759 2.518706
-0.1382565 0.0333521 2.569793
-0.1801794 0.3695066 2.584187
-0.1676733 0.5480914 2.579618
-0.296574 0.2413152 2.509153
-0.3645161 0.02326427 2.446762
-0.3526695 -0.1697644 2.326409
-0.3348415 -0.2229184 2.299243
-0.02662448 0.2590095 2.615416
0.02768032 0.008967826 2.623625
0.1341047 -0.1767301 2.637249
0.1908522 -0.2427271 2.644009
-0.1590336 -0.09024879 2.475594
-0.1088115 -0.411403 2.242691
-0.1166241 -0.7343733 2.314825
-0.1127024 -0.8044971 2.270107
-0.03935244 -0.08239441 2.534302
0.1629492 -0.3820177 2.503822
0.4466958 -0.6807849 2.512968
0.5075839 -0.6911185 2.437029

-0.1108266 -0.0207684 2.518426
-0.138301 0.03299656 2.569489
-0.1801422 0.3693177 2.584002
-0.1675786 0.5478042 2.579539
-0.2964416 0.2410994 2.508677
-0.3633765 0.02343448 2.444785
-0.3453692 -0.1665686 2.320492
-0.3267916 -0.2181326 2.291475
-0.02669182 0.2587838 2.615396
0.02707089 0.008480922 2.624939
0.1321722 -0.177953 2.639655
0.1880312 -0.2429861 2.648513
-0.1589285 -0.09056352 2.475271
-0.1086556 -0.4114883 2.242417
-0.1165089 -0.7342951 2.314499
-0.1126886 -0.8045001 2.270051
-0.03931843 -0.08281754 2.534151
0.1494585 -0.3669622 2.501909
0.4368748 -0.6769791 2.511012
0.4972273 -0.687883 2.436044

-0.1107821 -0.02102629 2.518237
-0.1383316 0.03275495 2.569284
-0.1798059 0.3694818 2.584394
-0.1673594 0.5476469 2.579634
-0.2962304 0.2410663 2.508397
-0.3621855 0.02430173 2.442985
-0.3396277 -0.1633325 2.316523
-0.3218286 -0.2142061 2.28643
-0.02671831 0.2586601 2.61546
0.02659359 0.00814635 2.62619
0.1308787 -0.178716 2.641356
0.1866667 -0.2431676 2.65082
-0.158824 -0.09074772 2.475061
-0.1080958 -0.4119301 2.242549
-0.1163445 -0.7341959 2.31421
-0.1126381 -0.8044762 2.27001
-0.03929736 -0.08310918 2.534045
0.1718165 -0.3990261 2.503659
0.4338502 -0.6786763 2.50987
0.4939943 -0.6896718 2.435504

-0.1107482 -0.02120171 2.518113
-0.1383478 0.03258898 2.569162
-0.1792224 0.3699918 2.585441
-0.1668479 0.5476813 2.579996
-0.2959253 0.2412372 2.508361
-0.3608478 0.02626581 2.441322
-0.3356336 -0.1603607 2.313646
-0.3185395 -0.211088 2.283083
-0.02662573 0.2586252 2.615712
0.02626966 0.007928534 2.627566
0.1299893 -0.1792506 2.642409
0.1852769 -0.243174 2.652848
-0.1587501 -0.09078611 2.474949
-0.1066579 -0.4130177 2.24346
-0.1155418 -0.733395 2.31359
-0.1124536 -0.8041984 2.270068
-0.03928443 -0.0833205 2.533972
0.185379 -0.4178748 2.504796
0.4319406 -0.6812637 2.509049
0.4919245 -0.6922597 2.435072

-0.1107088 -0.02127648 2.518082
-0.1383291 0.0325389 2.569187
-0.1781729 0.3711768 2.587422
-0.1660767 0.5478976 2.580751
-0.2954469 0.2418217 2.508698
-0.3595142 0.02876127 2.439677
-0.3329233 -0.157965 2.311655
-0.3163393 -0.2086966 2.280814
-0.02634215 0.258885 2.616227
0.02598976 0.008038285 2.62942
0.1293075 -0.179575 2.643162
0.1844241 -0.2431531 2.654113
-0.1587081 -0.09063889 2.474991
-0.1040952 -0.4152109 2.245129
-0.1146045 -0.7325524 2.313084
-0.112248 -0.8039131 2.270155
-0.03927903 -0.0834593 2.533933
0.1920045 -0.4270075 2.505375
0.4304374 -0.6837724 2.508345
0.4902772 -0.6947776 2.434563

-0.1106306 -0.02117467 2.518227
-0.1382153 0.03268749 2.569467
-0.1767856 0.3725952 2.589833
-0.1648329 0.5484167 2.582234
-0.2947786 0.2429239 2.50954
-0.3581905 0.03183949 2.438472
-0.3310911 -0.1561223 2.310287
-0.3148896 -0.2069643 2.279312
-0.02590318 0.2594135 2.616975
0.02579691 0.008258988 2.631132
0.1287599 -0.1797904 2.64365
0.1837647 -0.2431073 2.655008
-0.1586585 -0.0902247 2.47526
-0.1008768 -0.4181569 2.247443
-0.1137386 -0.7317775 2.312679
-0.1119109 -0.803566 2.270357
-0.03927681 -0.0834969 2.533964
0.1771686 -0.4110658 2.50299
0.4291039 -0.6859906 2.507599
0.4888004 -0.6971018 2.433866

-0.110508 -0.02083804 2.518551
-0.1380025 0.03310705 2.569992
-0.1750571 0.3743961 2.592474
-0.1636514 0.5489676 2.583674
-0.293856 0.2444322 2.510725
-0.3571888 0.0347715 2.437695
-0.3298452 -0.1547091 2.309358
-0.3139459 -0.2056554 2.278332
-0.02530812 0.2603314 2.618019
0.02565335 0.008485164 2.632555
0.1282736 -0.1799206 2.643898
0.1832412 -0.2430559 2.655637
-0.1585986 -0.08952288 2.475696
-0.0982666 -0.4205194 2.249542
-0.1128788 -0.7310828 2.312397
-0.1113256 -0.8031735 2.270767
-0.0392896 -0.08334179 2.534115
0.1694412 -0.4024431 2.501737
0.4278769 -0.6876624 2.506814
0.4874324 -0.6988845 2.43304

-0.1103856 -0.02031302 2.518981
-0.1377685 0.03371897 2.570643
-0.1734829 0.3762054 2.594896
-0.1616781 0.5502813 2.585753
-0.29261 0.2464646 2.512196
-0.3564879 0.03765712 2.437095
-0.3290756 -0.1534764 2.308738
-0.3136967 -0.2045435 2.277881
-0.02465826 0.2614031 2.619115
0.02545236 0.008834749 2.633925
0.1277733 -0.1798967 2.643902
0.1827691 -0.2429433 2.656066
-0.1585598 -0.08848263 2.476264
-0.09627413 -0.4223644 2.25131
-0.1120454 -0.7304665 2.312209
-0.1106551 -0.8027822 2.271334
-0.03934541 -0.08302439 2.534333
0.1751461 -0.4111715 2.501687
0.4268833 -0.6889008 2.506235
0.4863859 -0.7001135 2.432458

-0.110257 -0.01951366 2.51956
-0.1374903 0.03463395 2.571497
-0.1719092 0.3785427 2.597652
-0.1590306 0.5521592 2.588646
-0.2914484 0.2483339 2.513557
-0.3559783 0.03985472 2.436715
-0.3287897 -0.1523017 2.308357
-0.3142559 -0.2036132 2.278064
-0.0238455 0.2627199 2.620306
0.02522434 0.009281302 2.635122
0.1268264 -0.1798168 2.643686
0.1820758 -0.2428035 2.656358
-0.1585581 -0.08708872 2.476964
-0.09471428 -0.4237629 2.252918
-0.1113192 -0.7299909 2.312163
-0.1099761 -0.8024161 2.271898
-0.03942584 -0.08253695 2.534613
0.1699713 -0.4033269 2.503597
0.4258807 -0.6898619 2.50576
0.4851732 -0.7011322 2.431829

-0.1100941 -0.01846756 2.520263
-0.13717 0.03580587 2.572488
-0.1705121 0.3809316 2.60018
-0.1567625 0.5539249 2.591137
-0.289724 0.2515091 2.515533
-0.3557055 0.04245216 2.436668
-0.3290535 -0.1511594 2.308233
-0.3163545 -0.2031623 2.279741
-0.02291626 0.264535 2.621781
0.02489716 0.009861555 2.636356
0.1256998 -0.1796087 2.643364
0.1812992 -0.2426091 2.656543
-0.1585597 -0.08539856 2.477722
-0.09344204 -0.4250193 2.254652
-0.1106909 -0.729607 2.312181
-0.1093818 -0.8020951 2.27239
-0.03949872 -0.08178674 2.535027
0.1765369 -0.4126269 2.504346
0.4248568 -0.6906207 2.505317
0.4841019 -0.7018547 2.431321

-0.1098488 -0.01648384 2.521414
-0.1367076 0.03770766 2.573909
-0.1690429 0.3832015 2.602719
-0.1536342 0.556024 2.594758
-0.2879828 0.2553078 2.517703
-0.3555937 0.04547138 2.436918
-0.3306665 -0.1489114 2.308734
-0.3196525 -0.2019105 2.282769
-0.02182882 0.2664026 2.623316
0.02446866 0.01064038 2.637564
0.1239439 -0.1792656 2.642899
0.1469385 -0.2396478 2.649584
-0.1585851 -0.08298145 2.478606
-0.09237815 -0.426486 2.256798
-0.1101716 -0.7294046 2.312359
-0.1088907 -0.8018586 2.272789
-0.0395732 -0.08044031 2.535758
0.1754249 -0.4110792 2.504723
0.4232506 -0.6911645 2.50481
0.4823358 -0.7023853 2.430653

-0.1096371 -0.01416234 2.522639
-0.1362233 0.0399133 2.575408
-0.167471 0.385545 2.605204
-0.1508324 0.5582669 2.598387
-0.286407 0.2600047 2.520224
-0.355134 0.05015918 2.438207
-0.336653 -0.138505 2.31293
-0.3248685 -0.1967652 2.287807
-0.02083398 0.2680659 2.624667
0.02391546 0.01164145 2.638721
0.1222282 -0.1786544 2.642415
0.1375904 -0.2383517 2.647658
-0.1587726 -0.07995354 2.479532
-0.09155187 -0.4277173 2.258782
-0.1097228 -0.7292692 2.312583
-0.1084819 -0.8016587 2.273122
-0.03966099 -0.0788977 2.536552
0.1775443 -0.4145356 2.50516
0.4204418 -0.6913588 2.504244
0.4793979 -0.7025385 2.429908

-0.1094783 -0.01148723 2.523905
-0.135746 0.04248529 2.576954
-0.1660732 0.3879579 2.607401
-0.1487938 0.5603668 2.601296
-0.2853508 0.2644106 2.522624
-0.354955 0.05570131 2.44027
-0.3405134 -0.1326927 2.315171
-0.3297448 -0.1917417 2.29202
-0.0200195 0.2695718 2.625792
0.02344357 0.01251804 2.639668
0.1207047 -0.1781146 2.641967
0.1316438 -0.2374823 2.646385
-0.1590065 -0.0768686 2.480446
-0.0909662 -0.4287376 2.260656
-0.1092788 -0.7293811 2.313077
-0.1081534 -0.8015355 2.273366
-0.03983244 -0.07656534 2.537532
0.1792711 -0.4174279 2.505505
0.4175176 -0.6913468 2.503775
0.4762826 -0.7025191 2.42925

-0.1091583 -0.007470691 2.525636
-0.1351028 0.04638173 2.578976
-0.1643812 0.391508 2.610058
-0.147323 0.5622579 2.603558
-0.2844534 0.2687552 2.524932
-0.3551711 0.06062911 2.442013
-0.3448796 -0.1253105 2.318057
-0.3346975 -0.1859938 2.295928
-0.01887768 0.2738749 2.628495
0.02298882 0.01345665 2.64057
0.1192252 -0.1775429 2.64159
0.1276541 -0.2368344 2.645515
-0.1590764 -0.07369111 2.481098
-0.09083346 -0.4294536 2.26264
-0.109019 -0.729378 2.31354
-0.1078711 -0.8013912 2.273618
-0.03995758 -0.07253891 2.539689
0.16553 -0.3987212 2.507012
0.4150868 -0.6914052 2.503448
0.4736179 -0.70258 2.428741

-0.1078784 -9.058556E-05 2.529777
-0.1336764 0.05315469 2.582864
-0.1630128 0.3952574 2.612292
-0.146072 0.5657737 2.606316
-0.2837586 0.2734055 2.527266
-0.3556682 0.06744282 2.44469
-0.3486794 -0.1183685 2.320664
-0.3396659 -0.1788598 2.299812
-0.01735341 0.2791696 2.631253
0.02248741 0.01591255 2.642494
0.1171946 -0.1761324 2.641036
0.1246414 -0.2359448 2.644777
-0.1586829 -0.06944171 2.482367
-0.0912877 -0.4297935 2.264827
-0.1089138 -0.72931 2.313989
-0.1076555 -0.8012657 2.273825
-0.03812023 -0.06430947 2.546875
0.1586456 -0.3894633 2.507873
0.4129426 -0.6914345 2.503293
0.4711602 -0.7027084 2.428407

-0.1069086 0.005236865 2.532964
-0.1325596 0.05833663 2.585966
-0.1618021 0.3988831 2.614156
-0.1451025 0.5688096 2.608485
-0.2831636 0.277505 2.529201
-0.3566563 0.07404779 2.447972
-0.3520685 -0.1111551 2.32417
-0.3432721 -0.1731165 2.302623
-0.01609243 0.2832288 2.633299
0.02209738 0.01874112 2.644307
0.1151854 -0.1743877 2.640571
0.1224882 -0.2348966 2.644209
-0.1583006 -0.06615178 2.48343
-0.09758486 -0.4216212 2.273041
-0.1090186 -0.7291931 2.314561
-0.1075085 -0.8011403 2.274008
-0.03683631 -0.05873708 2.552157
0.1544712 -0.3840663 2.50842
0.3909061 -0.6749976 2.506692
0.4495031 -0.6878334 2.431555

-0.1064406 0.009073477 2.535084
-0.1319128 0.06207123 2.588086
-0.1609225 0.4017269 2.615594
-0.1444283 0.5710972 2.610025
-0.2827151 0.2809135 2.530746
-0.3574598 0.07912938 2.450715
-0.3543563 -0.1057313 2.327149
-0.3456931 -0.1690446 2.304636
-0.01503221 0.2863595 2.634726
0.02160966 0.02222241 2.645929
0.1142618 -0.1710371 2.641179
0.1223831 -0.2320882 2.644328
-0.1582429 -0.06279047 2.484408
-0.1039029 -0.4134373 2.278971
-0.1094703 -0.7292104 2.315369
-0.1074208 -0.8010215 2.274173
-0.03633983 -0.05517916 2.555112
0.1515998 -0.3805839 2.508829
0.3854864 -0.6727709 2.508041
0.451775 -0.7203504 2.458399

-0.1062517 0.01193375 2.536532
-0.1315556 0.06486816 2.589553
-0.160275 0.4039619 2.616629
-0.1439902 0.5727614 2.611094
-0.2823786 0.2837764 2.531988
-0.3580171 0.08237431 2.452499
-0.355757 -0.1022043 2.329113
-0.3472162 -0.166321 2.305942
-0.01423462 0.2886219 2.635695
0.02120771 0.02509016 2.647116
0.1133869 -0.1683092 2.641695
0.122694 -0.2294603 2.644576
-0.1584085 -0.05959162 2.485192
-0.1094746 -0.4066197 2.283049
-0.1101599 -0.7294404 2.316289
-0.10739 -0.8009204 2.274312
-0.03612478 -0.05282668 2.556978
0.1496238 -0.3782808 2.509096
0.3827706 -0.6732646 2.510965
0.455623 -0.7411481 2.473353

-0.1062067 0.01399925 2.537532
-0.1313722 0.06689212 2.590582
-0.1597979 0.4057781 2.617484
-0.143705 0.5742264 2.612057
-0.2821403 0.285833 2.532879
-0.3585222 0.08453544 2.453769
-0.3566279 -0.0998576 2.33041
-0.3481863 -0.1644214 2.306834
-0.013661 0.2902184 2.636361
0.02092256 0.0272544 2.647992
0.1125966 -0.1663788 2.641912
0.1230842 -0.2273314 2.644689
-0.1587132 -0.05687286 2.485755
-0.1133089 -0.401972 2.285555
-0.1109607 -0.7296978 2.317235
-0.1073997 -0.800826 2.274446
-0.03602598 -0.05123401 2.558227
0.148289 -0.3767048 2.509277
0.3816347 -0.674764 2.513294
0.4573033 -0.7507488 2.480092

-0.1062515 0.01549713 2.538218
-0.1312883 0.06834956 2.591299
-0.1594698 0.4071018 2.618093
-0.143533 0.5754665 2.612829
-0.282001 0.2872467 2.533542
-0.3589183 0.08604979 2.454818
-0.3571553 -0.09800643 2.331433
-0.3486883 -0.1628003 2.30736
-0.01325065 0.2913508 2.636818
0.02072414 0.02887003 2.648638
0.1120119 -0.1649145 2.642085
0.1236415 -0.2254998 2.644832
-0.1591467 -0.05466595 2.486153
-0.1161717 -0.3985846 2.287137
-0.1117269 -0.7299824 2.318088
-0.1074569 -0.8007336 2.274601
-0.03599191 -0.05010837 2.559092
0.1470837 -0.3753488 2.509291
0.3815831 -0.6767548 2.515056
0.4581585 -0.7565885 2.48397

-0.1064069 0.01652576 2.538619
-0.1312702 0.06934456 2.591766
-0.1592375 0.408057 2.61853
-0.143428 0.5764 2.613398
-0.2819043 0.2882342 2.534031
-0.3591697 0.08695538 2.455696
-0.3574835 -0.09679438 2.332163
-0.3489103 -0.1616444 2.307711
-0.01295531 0.2921079 2.637126
0.02057436 0.03004098 2.649078
0.1116068 -0.1637948 2.642243
0.1407613 -0.2242334 2.646645
-0.1596605 -0.05302256 2.48642
-0.1182721 -0.3963578 2.287965
-0.1126731 -0.7300873 2.318896
-0.1075542 -0.800639 2.274705
-0.03647734 -0.04949294 2.559111
0.1460821 -0.3744199 2.509181
0.3828028 -0.6804249 2.516387
0.4587148 -0.7611507 2.48683

-0.1067689 0.01722109 2.538782
-0.1313499 0.07005075 2.592066
-0.1590801 0.4087349 2.618849
-0.1433496 0.5771512 2.613871
-0.2818548 0.2889366 2.534421
-0.3593392 0.08749555 2.456445
-0.3574591 -0.09608671 2.332985
-0.3488591 -0.1608301 2.308001
-0.01269815 0.2926198 2.63728
0.02048689 0.03083331 2.649354
0.1114416 -0.1629287 2.642365
0.1510649 -0.2237534 2.648023
-0.1603466 -0.05177994 2.486628
-0.1215259 -0.3936534 2.288328
-0.1138198 -0.7301869 2.319651
-0.1078604 -0.8005327 2.274798
-0.03734685 -0.04935609 2.558439
0.1452094 -0.3742113 2.508633
0.3844502 -0.6863431 2.516847
0.4526308 -0.7372671 2.461488

-0.1074268 0.01768495 2.538683
-0.1315899 0.0705556 2.592192
-0.158971 0.4092336 2.619084
-0.143308 0.5777209 2.614226
-0.2818973 0.2894579 2.53483
-0.3593781 0.08744169 2.45717
-0.3566973 -0.09627658 2.334062
-0.3483407 -0.160467 2.308136
-0.01248018 0.2929523 2.637328
0.02045125 0.03137313 2.649536
0.1116319 -0.1621856 2.642585
0.1625754 -0.221716 2.650935
-0.1613212 -0.05069239 2.486676
-0.1256331 -0.3908868 2.288254
-0.1152261 -0.7299665 2.320213
-0.1083405 -0.8004251 2.274858
-0.0385453 -0.04960253 2.557326
0.1443848 -0.3745379 2.507697
0.3854457 -0.6917928 2.516953
0.44852 -0.7262886 2.44834

-0.1081768 0.01790936 2.538443
-0.1319009 0.07085915 2.592202
-0.1588992 0.4095962 2.619257
-0.1432882 0.5781415 2.614491
-0.2819894 0.289772 2.535244
-0.3593295 0.08699946 2.457885
-0.3556036 -0.09702707 2.335282
-0.3472616 -0.1606308 2.308421
-0.01228466 0.2931233 2.637213
0.02049588 0.03172652 2.649586
0.1130403 -0.1612179 2.643073
0.1693337 -0.2211378 2.652622
-0.1622616 -0.04989779 2.486688
-0.1305429 -0.3878742 2.28825
-0.1166618 -0.7298365 2.320771
-0.1088678 -0.8003219 2.274916
-0.0397037 -0.05001897 2.556121
0.1430611 -0.3751956 2.506158
0.3854369 -0.6980461 2.517241
0.4458797 -0.722719 2.442787

-0.1088537 0.01801621 2.538229
-0.132194 0.07104169 2.592199
-0.1588515 0.4098636 2.619407
-0.1432772 0.5784474 2.614703
-0.2821485 0.2899531 2.535703
-0.3591259 0.08597311 2.458816
-0.3542073 -0.09840288 2.336785
-0.3457877 -0.161259 2.309012
-0.01208389 0.2931614 2.637027
0.0206033 0.03190514 2.649513
0.1146607 -0.1604338 2.643365
0.1728794 -0.2211306 2.653386
-0.1630667 -0.04933657 2.486688
-0.1345203 -0.3854869 2.288203
-0.1179409 -0.7296436 2.32123
-0.109453 -0.8002099 2.275027
-0.04057809 -0.05039696 2.555269
0.1413852 -0.3767371 2.503917
0.384919 -0.7032106 2.517458
0.44392 -0.7208557 2.439355

-0.1096034 0.0179707 2.537913
-0.1325373 0.07109107 2.592115
-0.1588191 0.4100553 2.619523
-0.1432755 0.5786768 2.614867
-0.2823679 0.2900117 2.53622
-0.3580931 0.08294086 2.460733
-0.35206 -0.1015301 2.339072
-0.3438138 -0.1625571 2.310299
-0.01181967 0.2930233 2.636738
0.02093794 0.03180722 2.649128
0.1162085 -0.1600231 2.643375
0.1752507 -0.2216216 2.653847
-0.1638894 -0.04896371 2.486632
-0.1372647 -0.3840002 2.28809
-0.1190778 -0.7294025 2.321584
-0.110043 -0.8000957 2.275175
-0.04154579 -0.05097141 2.554257
0.1398632 -0.3786348 2.501587
0.3840623 -0.7071603 2.517449
0.4418787 -0.7202428 2.43696

-0.1105954 0.01763468 2.537295
-0.1329841 0.0709446 2.591877
-0.1587886 0.4101895 2.61963
-0.1433026 0.5788915 2.615096
-0.2826098 0.2899237 2.536825
-0.3571458 0.0807841 2.46253
-0.3503377 -0.1037784 2.341248
-0.3420733 -0.1641431 2.311736
-0.01150028 0.29273 2.636364
0.02138484 0.03154385 2.648512
0.1178013 -0.1597589 2.643053
0.1766303 -0.2224913 2.653982
-0.1648335 -0.04877353 2.486514
-0.1364099 -0.3990479 2.277631
-0.1200251 -0.7291499 2.321863
-0.1105982 -0.799996 2.275333
-0.04310403 -0.05204197 2.552081
0.1388097 -0.3800133 2.500145
0.3829321 -0.710211 2.517257
0.4395058 -0.7207936 2.435388

-0.1113429 0.01726114 2.536812
-0.1333283 0.07073291 2.591674
-0.1587519 0.4102611 2.619737
-0.1433106 0.5790207 2.615333
-0.2828931 0.2896371 2.537529
-0.3553958 0.07696488 2.46444
-0.3480554 -0.1098018 2.342703
-0.3401511 -0.1671562 2.312951
-0.01119266 0.292418 2.636009
0.02199163 0.03114976 2.647685
0.1193155 -0.159686 2.642402
0.1772807 -0.2236096 2.653714
-0.1655582 -0.04874974 2.486472
-0.1371628 -0.4008685 2.275655
-0.1207871 -0.7289342 2.322072
-0.1111328 -0.7999009 2.275464
-0.04400418 -0.05285732 2.550639
0.137839 -0.3815604 2.498657
0.3818283 -0.7124361 2.51704
0.4372937 -0.7219882 2.434608

-0.1121839 0.01635966 2.536033
-0.1337676 0.07007404 2.591249
-0.1587244 0.4102585 2.619853
-0.1432867 0.5789912 2.615563
-0.283104 0.2890932 2.538275
-0.3540151 0.07330085 2.466161
-0.3460612 -0.1166067 2.343069
-0.3382191 -0.1717574 2.31374
-0.01083701 0.2919232 2.635537
0.02308781 0.03001997 2.646152
0.1212488 -0.1602165 2.641285
0.1777584 -0.2252857 2.652872
-0.1662785 -0.04899269 2.486366
-0.1377331 -0.4014872 2.274386
-0.1213681 -0.7287854 2.322236
-0.1117303 -0.7998098 2.275606
-0.04484401 -0.05400912 2.548944
0.1371445 -0.3836727 2.497103
0.3805083 -0.7140479 2.516707
0.4351079 -0.7234042 2.434289

-0.1129676 0.01527536 2.535159
-0.1342106 0.06911034 2.59067
-0.1586289 0.4099036 2.620034
-0.1431767 0.5787629 2.615848
-0.2832389 0.2884212 2.539021
-0.353032 0.07059459 2.467362
-0.344938 -0.1214681 2.343216
-0.3371311 -0.175463 2.31426
-0.01042908 0.291089 2.634891
0.02429814 0.02840651 2.644271
0.1234519 -0.161246 2.639462
0.1782264 -0.2279124 2.649602
-0.1669861 -0.04943663 2.486134
-0.1379844 -0.4009315 2.273665
-0.1218393 -0.7285962 2.322266
-0.1122571 -0.7997395 2.275738
-0.0455441 -0.05517112 2.547396
0.1366192 -0.3855355 2.495831
0.379372 -0.7151827 2.516382
0.4333926 -0.7247725 2.434259

-0.1136665 0.01394773 2.534206
-0.134635 0.06776398 2.589953
-0.1585225 0.4090894 2.620286
-0.1428082 0.5780922 2.61621
-0.2833446 0.2875598 2.539713
-0.3524098 0.06850266 2.468071
-0.3444002 -0.1249956 2.343084
-0.3364424 -0.1785172 2.314607
-0.009992011 0.2900153 2.63411
0.02537206 0.02687069 2.642409
0.1254342 -0.1623906 2.637143
0.1786335 -0.2302857 2.645634
-0.1676458 -0.05018372 2.485799
-0.1379827 -0.3998413 2.273354
-0.122221 -0.7284273 2.322262
-0.1127466 -0.7996908 2.275831
-0.04611145 -0.05642017 2.545911
0.136496 -0.3880921 2.494501
0.3786954 -0.7161809 2.516032
0.4324092 -0.7264872 2.434312

-0.1140712 0.01261294 2.533391
-0.134842 0.06633642 2.589295
-0.1583632 0.4080519 2.620513
-0.1420851 0.5767204 2.616774
-0.28327 0.286331 2.540398
-0.3520327 0.06706817 2.468469
-0.3444917 -0.1279029 2.34256
-0.3364539 -0.1812016 2.314516
-0.009504852 0.2887556 2.633241
0.0267654 0.02449506 2.639855
0.1277973 -0.1643353 2.633981
0.1796901 -0.2327463 2.641568
-0.1680485 -0.05107991 2.485459
-0.1321163 -0.4064501 2.268044
-0.1225182 -0.7282658 2.322211
-0.1131973 -0.7996584 2.275826
-0.04635191 -0.05762431 2.54478
0.1365781 -0.3904527 2.49348
0.3785407 -0.7173097 2.515433
0.4324558 -0.7287965 2.434237

-0.1143225 0.01106996 2.53247
-0.1348792 0.06464578 2.588535
-0.1580944 0.4066933 2.62077
-0.1411537 0.5751693 2.617298
-0.2831302 0.2849805 2.541
-0.3518597 0.0660155 2.468682
-0.3454877 -0.1305562 2.341507
-0.3372703 -0.1839712 2.31426
-0.008703961 0.2868285 2.631829
0.02794643 0.02197264 2.637138
0.1300373 -0.1667088 2.629482
0.1804477 -0.2363546 2.633503
-0.1683457 -0.05228668 2.484926
-0.1310399 -0.4036574 2.268013
-0.1227761 -0.7280137 2.32207
-0.1135716 -0.7996312 2.275797
-0.04640975 -0.05912888 2.543528
0.1367151 -0.392314 2.492704
0.3785501 -0.7182254 2.514833
0.4327127 -0.730777 2.434146

-0.1139685 0.00914248 2.531715
-0.1344263 0.06264519 2.587927
-0.1577473 0.4053255 2.621069
-0.1403182 0.5737812 2.617648
-0.2827837 0.2829154 2.541375
-0.3518406 0.06520601 2.468761
-0.3481447 -0.1330081 2.339286
-0.3392592 -0.1867249 2.313414
-0.007967145 0.2847332 2.630294
0.02888142 0.01957054 2.63401
0.1316687 -0.1691688 2.62376
0.1807088 -0.2391127 2.627179
-0.1678481 -0.05438272 2.484302
-0.1303913 -0.4005142 2.268444
-0.1229866 -0.7277236 2.321847
-0.1139214 -0.7996156 2.275738
-0.04585083 -0.06084821 2.542685
0.1368664 -0.3937203 2.492153
0.3787412 -0.718965 2.514143
0.4331311 -0.7323412 2.433959

-0.1129676 0.0066923 2.530935
-0.1333455 0.06009388 2.58727
-0.157132 0.4034898 2.621278
-0.1396333 0.5724111 2.617815
-0.2823741 0.2798991 2.541393
-0.3519592 0.06456044 2.468724
-0.3523838 -0.1342941 2.336105
-0.3425098 -0.1885484 2.311594
-0.007302882 0.2824833 2.628482
0.02962502 0.01773691 2.631128
0.1312843 -0.1719737 2.617536
0.1793571 -0.2420041 2.620813
-0.1664408 -0.05765918 2.483458
-0.1271611 -0.4027329 2.265419
-0.1230832 -0.7275441 2.321647
-0.1142154 -0.7996055 2.275675
-0.04475032 -0.06275066 2.541993
0.1370688 -0.394844 2.49176
0.3790277 -0.7194791 2.513385
0.4335238 -0.7334623 2.433691

-0.1114982 0.00389944 2.530238
-0.1318083 0.05725709 2.586681
-0.1564064 0.4015181 2.621386
-0.1391506 0.5710094 2.617952
-0.2819914 0.2767868 2.541202
-0.3523619 0.06392464 2.468456
-0.3561953 -0.1350184 2.333405
-0.3467048 -0.1896877 2.308803
-0.006561904 0.279642 2.626004
0.03070691 0.01499505 2.627833
0.1310682 -0.1760874 2.60952
0.1788864 -0.2451689 2.614964
-0.1647974 -0.06096793 2.482743
-0.1240381 -0.4053581 2.262448
-0.1230974 -0.7273981 2.321349
-0.1144419 -0.7995932 2.275626
-0.04291524 -0.06522533 2.541439
0.1372845 -0.3957461 2.491425
0.3813386 -0.7197928 2.509769
0.4355364 -0.7343978 2.431111

-0.109524 0.0006215413 2.529514
-0.1298137 0.05402732 2.586034
-0.1554619 0.3992596 2.621249
-0.1387863 0.5696599 2.618296
-0.2814376 0.2732914 2.540688
-0.3532694 0.06331736 2.46781
-0.3594694 -0.1353037 2.331331
-0.3513045 -0.1901003 2.305754
-0.005290792 0.2747619 2.622488
0.03150797 0.01293082 2.625094
0.1309325 -0.1786373 2.604257
0.1785939 -0.2472545 2.61101
-0.1628245 -0.06452528 2.482052
-0.12031 -0.4088569 2.259192
-0.1229906 -0.7273474 2.321057
-0.114616 -0.7995799 2.275579
-0.04048906 -0.0682601 2.540928
0.1376341 -0.3966924 2.491026
0.3838974 -0.7196841 2.505148
0.4377847 -0.734764 2.427288
