
-0.1427397 0.1323697 2.473475
-0.1659341 0.182841 2.541325
-0.1323865 0.5478674 2.646344
-0.1596467 0.7379712 2.62968
-0.2290678 0.4140109 2.510632
-0.317817 0.6479661 2.588574
-0.3735167 0.900561 2.658876
-0.3759102 0.9590521 2.677344
-0.0325049 0.5748378 2.695649
0.05114083 0.8097817 2.708036
0.05601472 1.048753 2.80856
0.1136341 1.062589 2.794528
-0.1889476 0.07370521 2.463063
-0.2476481 -0.3250228 2.355149
-0.2505709 -0.6859016 2.290057
-0.2461554 -0.7615566 2.20317
-0.09601505 0.08618724 2.436099
-0.06982943 -0.3406087 2.390431
-0.0553934 -0.6972064 2.322354
-0.05493401 -0.7735015 2.240482

-0.1406022 0.1331128 2.472456
-0.1641517 0.1836192 2.540571
-0.1317224 0.5496297 2.646697
-0.1553007 0.7392475 2.625011
-0.2278711 0.4136743 2.508083
-0.3148236 0.6483405 2.585789
-0.3700419 0.9006789 2.65856
-0.3758733 1.000108 2.699225
-0.03150594 0.5745019 2.694231
0.05167291 0.8201847 2.707117
0.05699193 1.054826 2.810435
0.1229201 1.0567 2.809289
-0.1864574 0.07425256 2.461811
-0.2452504 -0.324016 2.353039
-0.2502496 -0.6859856 2.289115
-0.2460897 -0.7616735 2.202947
-0.09375372 0.08681948 2.434633
-0.06705941 -0.3390542 2.389666
-0.05366617 -0.6957498 2.32227
-0.05435191 -0.7734097 2.240844

-0.1389859 0.1337219 2.471549
-0.1628392 0.1842572 2.539878
-0.1313466 0.5510693 2.646985
-0.1522041 0.7401915 2.62197
-0.225534 0.4133904 2.505362
-0.3118835 0.6483706 2.5833
-0.3661272 0.900303 2.658134
-0.3741494 1.015411 2.705913
-0.03005945 0.5743992 2.692824
0.05211056 0.8271322 2.706558
0.06328606 1.043183 2.804496
0.1030331 1.058326 2.824799
-0.1846411 0.07469639 2.460929
-0.2433986 -0.3232524 2.351399
-0.2499827 -0.6860284 2.288272
-0.246063 -0.7618079 2.20263
-0.09189093 0.08757463 2.432508
-0.06449001 -0.3372341 2.389034
-0.05211077 -0.6944355 2.322128
-0.05379445 -0.7733112 2.241184

-0.1361384 0.1344029 2.470309
-0.1600114 0.1850906 2.538783
-0.1302572 0.5525844 2.646793
-0.150355 0.7410808 2.620249
-0.2234324 0.4132938 2.503397
-0.3097417 0.6483854 2.58161
-0.3625119 0.9000035 2.657798
-0.3728371 1.022723 2.708739
-0.02737855 0.5749044 2.691064
0.05269583 0.8321301 2.706119
0.06665445 1.04537 2.805547
0.09140158 1.068054 2.8549
-0.1812767 0.07507793 2.460124
-0.2418609 -0.3224441 2.350075
-0.2497646 -0.6860119 2.287558
-0.2460539 -0.7619217 2.202342
-0.08942819 0.08830892 2.430249
-0.06228708 -0.3355386 2.388577
-0.05072322 -0.6933554 2.322002
-0.05323916 -0.7731985 2.241512

-0.1330768 0.1348511 2.468873
-0.1567062 0.18566 2.537557
-0.1290025 0.5538971 2.646594
-0.1485338 0.7419072 2.619101
-0.2215922 0.4132796 2.502023
-0.3084399 0.6484172 2.580554
-0.3579397 0.8998219 2.657513
-0.3631347 0.9890743 2.695774
-0.02494249 0.5751451 2.688694
0.05308824 0.8354086 2.705588
0.06909986 1.047183 2.806381
0.0886943 1.072117 2.865222
-0.1782164 0.07532766 2.459385
-0.2406137 -0.3217522 2.349045
-0.2495967 -0.6859342 2.286941
-0.2460604 -0.7620192 2.202088
-0.08661626 0.08898567 2.427825
-0.06001878 -0.3333871 2.388216
-0.04952101 -0.6925563 2.321781
-0.05273343 -0.7731423 2.241645

-0.1302056 0.1353022 2.467611
-0.1534438 0.1861669 2.536559
-0.1275781 0.5552611 2.646728
-0.1468687 0.7426891 2.618386
-0.2198607 0.4134417 2.501092
-0.3072772 0.6485225 2.579709
-0.354362 0.8998937 2.657313
-0.3625044 0.9988195 2.699743
-0.02017374 0.5755751 2.686635
0.05418485 0.8378469 2.704949
0.07442335 1.05578 2.815571
0.1061829 1.063172 2.873756
-0.1755628 0.0754908 2.458764
-0.2393935 -0.3207882 2.348214
-0.249467 -0.6858488 2.286432
-0.2460792 -0.7620971 2.201874
-0.08367281 0.08978919 2.425593
-0.05666717 -0.3291744 2.387924
-0.04840499 -0.6917843 2.321534
-0.05212151 -0.7729589 2.241912

-0.127663 0.1356439 2.466474
-0.1506198 0.1865711 2.535661
-0.1262727 0.5565163 2.646776
-0.1455385 0.7434399 2.617994
-0.2181425 0.4136299 2.500417
-0.3033485 0.6499066 2.577476
-0.3496537 0.9001801 2.657686
-0.3624364 1.007283 2.704539
-0.0160911 0.5758082 2.685014
0.05547052 0.8394287 2.704198
0.07978185 1.048749 2.800041
0.1228518 1.049999 2.84744
-0.1731589 0.07553338 2.458302
-0.2383411 -0.3198608 2.347605
-0.2493623 -0.6857685 2.285967
-0.246125 -0.7621867 2.201625
-0.08094756 0.09042199 2.423449
-0.05423522 -0.3261707 2.387727
-0.04733063 -0.6910628 2.32122
-0.05155048 -0.7727882 2.241954

-0.1240097 0.1366183 2.465323
-0.1457146 0.1876302 2.53481
-0.1234028 0.5582351 2.646313
-0.1442861 0.7445123 2.618212
-0.2167486 0.4138143 2.49997
-0.3003362 0.6508578 2.576096
-0.3432542 0.901115 2.657459
-0.3642904 0.9697096 2.696667
-0.005157769 0.5804389 2.682835
0.06020736 0.8420793 2.702519
0.08241879 1.047276 2.795554
0.1177936 1.059875 2.839063
-0.1708512 0.07557756 2.457958
-0.2372521 -0.3187781 2.347252
-0.2492799 -0.6856837 2.285564
-0.2461745 -0.7622685 2.201409
-0.07626729 0.09136108 2.420842
-0.05231221 -0.3239141 2.387593
-0.04643241 -0.6904845 2.320951
-0.05104098 -0.7726359 2.241953

-0.1207787 0.1373412 2.464364
-0.141423 0.1883075 2.534152
-0.1208658 0.5593645 2.645921
-0.1349021 0.7462469 2.617903
-0.2155783 0.4139869 2.4997
-0.2967489 0.6509635 2.577074
-0.337931 0.9013979 2.658193
-0.3604282 0.9573193 2.69056
0.003726534 0.5807671 2.680065
0.06611082 0.8423403 2.699817
0.08408376 1.046949 2.793799
0.1165211 1.066303 2.836606
-0.1687683 0.07547688 2.457702
-0.236243 -0.3178331 2.347108
-0.2492132 -0.6855822 2.285193
-0.2462355 -0.7623472 2.201198
-0.07179519 0.09196085 2.418464
-0.05074715 -0.3222245 2.387531
-0.04562661 -0.6900098 2.320692
-0.05040408 -0.7725164 2.241492

-0.1178843 0.1378591 2.463583
-0.1377488 0.18873 2.533699
-0.1173802 0.5606956 2.64655
-0.1282099 0.7472951 2.617695
-0.2144491 0.4141848 2.499694
-0.2938849 0.650974 2.578321
-0.3340171 0.9015643 2.659076
-0.3553241 0.9509281 2.687872
0.008859245 0.5802581 2.678545
0.07067829 0.8416908 2.697742
0.08555827 1.046831 2.792871
0.1163444 1.071221 2.836473
-0.1665558 0.075277 2.45755
-0.2352871 -0.3170894 2.347157
-0.2491577 -0.6854908 2.284867
-0.2462956 -0.7624153 2.201008
-0.06827816 0.09238259 2.416606
-0.04936326 -0.3210739 2.387491
-0.04480635 -0.6895476 2.320487
-0.0498199 -0.7723905 2.240979

-0.1151527 0.1384842 2.462963
-0.1343058 0.1893196 2.533352
-0.1128517 0.5619629 2.646626
-0.1244484 0.7481667 2.617706
-0.2132639 0.414538 2.500273
-0.2913674 0.6509956 2.58051
-0.329785 0.9016916 2.661444
-0.3489234 0.9553564 2.689519
0.01206972 0.5798194 2.677601
0.07553381 0.8402228 2.69636
0.08677532 1.046759 2.792398
0.1177067 1.07258 2.836602
-0.1642503 0.0751318 2.457621
-0.2343555 -0.3164879 2.347391
-0.2491122 -0.6854025 2.28459
-0.246337 -0.7624619 2.200869
-0.06537786 0.09299163 2.415071
-0.04817218 -0.3202244 2.387464
-0.04397086 -0.689031 2.320292
-0.04915422 -0.7718414 2.24063

-0.1116793 0.1400543 2.462711
-0.1301982 0.1905715 2.533294
-0.1082557 0.5627825 2.646002
-0.1221317 0.7488506 2.617987
-0.2121109 0.4148634 2.5009
-0.2881005 0.6509743 2.583443
-0.3252202 0.9016721 2.664702
-0.3457654 0.9537762 2.688884
0.01821089 0.5813804 2.677904
0.08936211 0.8392293 2.696978
0.08953661 1.046919 2.795652
0.1238103 1.072607 2.84043
-0.1619733 0.07509678 2.458114
-0.2330072 -0.3156982 2.348186
-0.2490701 -0.6853215 2.284361
-0.2463664 -0.7624792 2.200785
-0.06150702 0.09425043 2.413149
-0.04691175 -0.3195994 2.387459
-0.04316044 -0.6885754 2.320114
-0.04856878 -0.7713612 2.240328

-0.1088635 0.1414862 2.46267
-0.1271557 0.1915902 2.533343
-0.1057051 0.5632231 2.645561
-0.1177053 0.7507271 2.621547
-0.21081 0.4152853 2.501724
-0.2855721 0.6509773 2.585848
-0.3219066 0.9017009 2.666996
-0.3417384 0.9531776 2.689019
0.02289665 0.5826635 2.67844
0.09658577 0.8390568 2.697733
0.1015645 1.029752 2.791884
0.1228737 1.07266 2.831423
-0.159877 0.0751444 2.458827
-0.231168 -0.3144627 2.349486
-0.2490277 -0.6852508 2.284149
-0.2463918 -0.7624894 2.20072
-0.05822595 0.09534262 2.411621
-0.04563383 -0.3191332 2.387503
-0.04242303 -0.6881635 2.319961
-0.04797029 -0.7707553 2.240107

-0.1067273 0.1426276 2.462658
-0.124815 0.19239 2.533409
-0.1038019 0.5634747 2.645211
-0.1140489 0.7518221 2.623544
-0.20963 0.4156579 2.502587
-0.2838195 0.6509836 2.587514
-0.3194135 0.9016714 2.668744
-0.3378173 0.9529772 2.690087
0.02610197 0.5832115 2.678574
0.1012992 0.838701 2.698208
0.1091941 1.019675 2.789023
0.1263169 1.070432 2.825603
-0.1583022 0.075192 2.459501
-0.2291614 -0.3132935 2.351083
-0.2489882 -0.6851884 2.283964
-0.2464126 -0.7624958 2.200666
-0.05480941 0.09634375 2.409616
-0.04445736 -0.3188445 2.38755
-0.04146476 -0.6872261 2.31989
-0.04746827 -0.7702819 2.239826

-0.1043528 0.1438678 2.462798
-0.1224227 0.1931741 2.533572
-0.1022715 0.5634905 2.644867
-0.111096 0.7523959 2.62486
-0.2077629 0.4159114 2.50386
-0.2828571 0.6509139 2.58842
-0.3175268 0.901326 2.670344
-0.3349322 0.9526281 2.691416
0.02924301 0.5835113 2.678891
0.104654 0.8384849 2.698577
0.1244344 1.038855 2.820724
0.1345748 1.085701 2.843421
-0.1568557 0.0752098 2.460271
-0.2271264 -0.3122413 2.352847
-0.2489456 -0.6851177 2.283786
-0.2464285 -0.7624981 2.200623
-0.04988141 0.09771819 2.407554
-0.04328882 -0.318702 2.387624
-0.04037544 -0.6857415 2.320078
-0.04705281 -0.7698885 2.239598

-0.1024812 0.1446916 2.462943
-0.1210756 0.1936661 2.533594
-0.1012194 0.5634614 2.644521
-0.1087757 0.7528361 2.625896
-0.167224 0.4173781 2.512403
-0.2796977 0.6491048 2.58897
-0.3141537 0.8976685 2.671379
-0.330722 0.9496468 2.692626
0.03231189 0.583675 2.679286
0.1139301 0.8192016 2.69991
0.1334615 1.021808 2.814606
0.1349346 1.07722 2.840729
-0.1534184 0.07459859 2.462784
-0.22535 -0.3114032 2.354486
-0.2488985 -0.6850367 2.283631
-0.2464407 -0.762497 2.200585
-0.04688509 0.09848541 2.406085
-0.04184729 -0.3188328 2.387768
-0.03943134 -0.6848661 2.320361
-0.04673203 -0.7695996 2.23944

-0.100871 0.1455621 2.463161
-0.1199823 0.194146 2.533661
-0.1005768 0.5634444 2.644302
-0.106322 0.7532366 2.627081
-0.1497192 0.4180436 2.515985
-0.2772227 0.6474869 2.589331
-0.3111966 0.8948312 2.671811
-0.3274868 0.9512772 2.696576
0.03569954 0.5838526 2.679839
0.1180788 0.817835 2.700392
0.1406194 1.026778 2.818089
0.1091802 1.064423 2.850895
-0.1488288 0.07707819 2.46287
-0.2238919 -0.3107716 2.3559
-0.2488504 -0.6849601 2.283494
-0.2464472 -0.7624865 2.200554
-0.04478804 0.1000788 2.407331
-0.04049848 -0.3190053 2.387962
-0.03867272 -0.6841943 2.320613
-0.04647449 -0.7694013 2.239201

-0.09883287 0.1465337 2.463588
-0.1186978 0.1947093 2.533826
-0.09904619 0.5626964 2.644142
-0.103731 0.7529682 2.628577
-0.1415895 0.4183505 2.51767
-0.2725433 0.6450602 2.589829
-0.3088276 0.8914178 2.674213
-0.3276892 0.9863646 2.720781
0.03846481 0.5811223 2.680336
0.1212464 0.808929 2.706108
0.1499626 1.013441 2.812682
0.1183942 1.055956 2.844835
-0.1430914 0.08100982 2.461624
-0.2224765 -0.310216 2.357349
-0.2488027 -0.6848894 2.283372
-0.2464518 -0.7624731 2.200528
-0.04245286 0.1028257 2.412935
-0.0388329 -0.3197625 2.388426
-0.03776623 -0.6828213 2.321231
-0.04627242 -0.7692503 2.239013

-0.08395232 0.1897712 2.491433
-0.1060455 0.2305972 2.556588
-0.09746323 0.5617862 2.644003
-0.1002128 0.7525815 2.631298
-0.1364393 0.4185559 2.518775
-0.2688387 0.6432962 2.590298
-0.3072782 0.8887881 2.676408
-0.3211635 0.9706588 2.720271
0.04081752 0.5787211 2.680907
0.1211939 0.7792729 2.71036
0.1546577 1.003566 2.809644
0.1332364 1.045377 2.843744
-0.1205702 0.1179644 2.431551
-0.2212833 -0.3098122 2.358634
-0.2487575 -0.6848274 2.283267
-0.2464556 -0.7624631 2.200507
-0.03833356 0.113422 2.485957
-0.03718606 -0.3207291 2.389061
-0.03706931 -0.681882 2.321776
-0.04610669 -0.7691327 2.238837

-0.07564986 0.2137475 2.507099
-0.09971639 0.2480544 2.567884
-0.09524865 0.5604042 2.644165
-0.09780034 0.7519116 2.633653
-0.1328137 0.4186855 2.519562
-0.2661196 0.6420099 2.590607
-0.3062382 0.8868202 2.678054
-0.3175035 0.958378 2.719457
0.04267611 0.575865 2.681304
0.1245436 0.7774296 2.715628
0.1577313 1.000257 2.809357
0.1414423 1.042541 2.844523
-0.1088597 0.1379666 2.415053
-0.2203218 -0.3095606 2.359726
-0.2487156 -0.6847748 2.283177
-0.2464601 -0.7624599 2.200489
-0.03589172 0.1193111 2.530889
-0.03561446 -0.3219483 2.389893
-0.0363514 -0.6805702 2.322533
-0.04598333 -0.7690551 2.238697

-0.0721304 0.2237185 2.513678
-0.09662151 0.2562328 2.573278
-0.09270993 0.5587211 2.64433
-0.09522405 0.7510206 2.637164
-0.1308603 0.4187716 2.520213
-0.263812 0.6410542 2.591221
-0.3056219 0.8854834 2.679298
-0.3159165 0.9512669 2.717309
0.04448777 0.5734138 2.68172
0.1281966 0.7796544 2.720635
0.1614706 0.9987277 2.810952
0.1540282 1.044273 2.848351
-0.1039181 0.146541 2.409124
-0.2193525 -0.3102429 2.361282
-0.2486812 -0.6847222 2.283119
-0.2464625 -0.7624581 2.200479
-0.03479831 0.1218197 2.546902
-0.03374271 -0.3249492 2.391563
-0.03586547 -0.6798925 2.323076
-0.04589427 -0.7689963 2.238576

-0.07562909 0.1942774 2.50059
-0.09789243 0.2333077 2.563767
-0.09038444 0.5570949 2.644427
-0.0930893 0.7501423 2.640697
-0.1304285 0.4187292 2.520953
-0.2616903 0.6400045 2.592607
-0.3072098 0.8839166 2.680317
-0.3228855 0.9620199 2.720246
0.0461756 0.5714847 2.682188
0.1292903 0.7608057 2.713863
0.1702261 0.9895899 2.811557
0.212655 0.9959453 2.836777
-0.1117375 0.1280246 2.438327
-0.2186354 -0.3109319 2.36261
-0.2486536 -0.6846819 2.283079
-0.2464639 -0.7624583 2.200473
-0.04048435 0.1181316 2.490508
-0.03200604 -0.330027 2.394053
-0.03551278 -0.6797255 2.323722
-0.04583474 -0.768957 2.238518

-0.08193573 0.1601579 2.486778
-0.1018776 0.2084087 2.554081
-0.08800068 0.5552443 2.644654
-0.09130947 0.7490298 2.644026
-0.1313748 0.4185357 2.522056
-0.2600932 0.6391841 2.59409
-0.3111791 0.882145 2.681337
-0.3257688 0.9613471 2.720908
0.04731545 0.5688076 2.682867
0.129779 0.7508758 2.710039
0.1866023 0.9442391 2.796113
0.2231247 0.9782749 2.828114
-0.1230626 0.09672342 2.465159
-0.2181123 -0.3120096 2.364002
-0.2486313 -0.6846466 2.283056
-0.2464643 -0.7624628 2.200469
-0.04566032 0.1047303 2.457464
-0.03093875 -0.333761 2.396143
-0.03528604 -0.6798548 2.324375
-0.04579293 -0.768933 2.238476

-0.0854216 0.1434307 2.479804
-0.1038386 0.196041 2.549328
-0.0851278 0.5524646 2.644667
-0.08986583 0.7471853 2.647707
-0.1338607 0.4175066 2.523747
-0.2587743 0.6382867 2.595906
-0.3152781 0.8804767 2.682416
-0.3300786 0.9592334 2.722442
0.0482728 0.5659615 2.683533
0.1300728 0.7440048 2.707859
0.1936008 0.9236318 2.789143
0.2292993 0.9715132 2.827243
-0.1311062 0.07812721 2.479892
-0.2177825 -0.3130807 2.365232
-0.2486126 -0.6845878 2.283099
-0.2464592 -0.7624708 2.200511
-0.04904914 0.09456994 2.426395
-0.0302047 -0.3373204 2.398152
-0.03514221 -0.6802155 2.325059
-0.04576494 -0.7689213 2.238445

-0.08794207 0.1309905 2.475323
-0.1055666 0.1859505 2.545826
-0.082983 0.5503 2.644598
-0.08868072 0.7458085 2.650234
-0.1372508 0.4159335 2.525862
-0.2580134 0.6365942 2.599468
-0.3197834 0.8787988 2.683317
-0.3339866 0.957114 2.723512
0.04988467 0.5612235 2.684469
0.1435601 0.7248083 2.695151
0.1969921 0.9143756 2.78614
0.2285247 0.970327 2.828703
-0.1351731 0.06888844 2.485634
-0.2176156 -0.3142129 2.366434
-0.2485884 -0.6845065 2.283188
-0.246452 -0.7624883 2.200637
-0.04995954 0.08715335 2.415272
-0.02978121 -0.3399333 2.399837
-0.0350503 -0.6806388 2.325706
-0.04575458 -0.7689193 2.238435

-0.08899689 0.1253617 2.473558
-0.1061812 0.1811798 2.544574
-0.07987168 0.5478153 2.645343
-0.08801208 0.7442091 2.65255
-0.140542 0.4141952 2.528287
-0.2577071 0.6352378 2.602255
-0.3235779 0.87738 2.684061
-0.3374614 0.955072 2.724415
0.05170167 0.5577862 2.685454
0.1473233 0.7264274 2.696453
0.1993692 0.9082256 2.784223
0.2250235 0.9715541 2.830643
-0.1373397 0.06401387 2.489679
-0.217621 -0.3151399 2.367529
-0.2486003 -0.6844162 2.283351
-0.246467 -0.7624643 2.20091
-0.05048066 0.0837004 2.409412
-0.02953098 -0.3424455 2.401604
-0.03503449 -0.6811352 2.326358
-0.04584691 -0.7689608 2.23878

-0.09896093 0.101644 2.467419
-0.1103219 0.1656332 2.541523
-0.07783209 0.546079 2.645854
-0.08746637 0.7429194 2.65484
-0.1437801 0.4124572 2.530979
-0.2577288 0.634181 2.604684
-0.3272417 0.8760366 2.685214
-0.3418594 0.9526841 2.725815
0.03782715 0.4632604 2.631131
0.1276705 0.6859936 2.681086
0.1978991 0.9000071 2.780638
0.2173327 0.9676203 2.829648
-0.1433924 0.05607991 2.489494
-0.2178499 -0.3161297 2.368825
-0.2486474 -0.6843435 2.283574
-0.2464928 -0.762439 2.201193
-0.05401547 0.07111292 2.407373
-0.02950001 -0.3443154 2.403285
-0.03504704 -0.6817201 2.327042
-0.04595592 -0.7690185 2.239163

-0.1014175 0.09631862 2.466583
-0.1117198 0.1605551 2.540849
-0.07656749 0.5447929 2.646312
-0.08693451 0.7418697 2.656713
-0.1464669 0.4109516 2.533674
-0.2580178 0.6333017 2.606905
-0.3308791 0.8746907 2.686707
-0.3453804 0.9507576 2.727237
0.03577895 0.4225101 2.612901
0.1192892 0.6688808 2.675036
0.1971904 0.8955731 2.77897
0.2115165 0.9660776 2.829694
-0.1473767 0.05741333 2.484539
-0.2182338 -0.317145 2.370376
-0.2487518 -0.6843623 2.283955
-0.2465973 -0.762354 2.201901
-0.05590614 0.07078028 2.435535
-0.02961822 -0.3458027 2.404865
-0.03513205 -0.6824194 2.327766
-0.04609245 -0.7691049 2.239594

-0.1024986 0.07389718 2.464747
-0.1119173 0.1422617 2.540808
-0.0765194 0.5428936 2.64763
-0.08518075 0.739895 2.661135
-0.1491484 0.4094852 2.536776
-0.258554 0.632511 2.609515
-0.334695 0.873179 2.689175
-0.3494669 0.9490766 2.728752
0.004754179 0.3912281 2.582147
0.09669141 0.6416896 2.663678
0.186388 0.8796495 2.771395
0.1954126 0.9513378 2.822758
-0.1475326 0.04794231 2.476317
-0.2187857 -0.3181589 2.372101
-0.2488852 -0.684393 2.284385
-0.2467111 -0.7622626 2.202619
-0.05837352 0.04678847 2.444475
-0.02984774 -0.3473312 2.406822
-0.03535628 -0.6834586 2.328534
-0.04625349 -0.7692034 2.240016

-0.1024036 0.07419942 2.469275
-0.1105013 0.13701 2.542545
-0.07679214 0.5411347 2.648993
-0.08402612 0.7382393 2.664758
-0.1724682 0.4079213 2.553887
-0.265246 0.6359164 2.617814
-0.340923 0.8759716 2.695491
-0.3564465 0.9518295 2.732772
-0.006619493 0.3824598 2.572339
0.08983744 0.6318853 2.660123
0.1812543 0.8724571 2.768006
0.1921775 0.9596236 2.824129
-0.1478938 0.04642911 2.472436
-0.2195136 -0.3189608 2.374048
-0.2490318 -0.684436 2.284827
-0.2468123 -0.7621891 2.203255
-0.05826828 0.04385372 2.455462
-0.03032665 -0.3486659 2.40912
-0.03562007 -0.6844795 2.329239
-0.04643477 -0.7693289 2.240498

-0.1019324 0.07953748 2.47567
-0.1101455 0.1353556 2.54579
-0.07776668 0.5392262 2.65073
-0.08314303 0.736644 2.66782
-0.1833328 0.4072714 2.561995
-0.2699305 0.6382769 2.624623
-0.3458969 0.8783566 2.700146
-0.3619894 0.9493446 2.733178
0.01787145 0.3999945 2.601729
0.09236785 0.6390386 2.669511
0.1793159 0.8779716 2.769598
0.1910426 0.9670632 2.825398
-0.1486641 0.04548051 2.471251
-0.2204194 -0.3198988 2.37654
-0.2492361 -0.6845183 2.285475
-0.2468924 -0.7621771 2.203751
-0.05794456 0.04302633 2.462119
-0.03095822 -0.3496264 2.411525
-0.03590891 -0.6854799 2.329871
-0.04663336 -0.76947 2.240982

-0.1005342 0.09500686 2.490141
-0.1068954 0.1423325 2.557728
-0.07803446 0.5351807 2.65491
-0.0829406 0.7333429 2.670568
-0.201129 0.4165885 2.583996
-0.2812905 0.6534027 2.640095
-0.3503928 0.8819214 2.705014
-0.3677597 0.9530032 2.737129
0.02049694 0.4531294 2.63441
0.1080543 0.6817397 2.690789
0.1806926 0.8991602 2.778319
0.1898703 0.9687533 2.825212
-0.1506872 0.04885414 2.486485
-0.2215125 -0.3212156 2.379505
-0.249455 -0.6846434 2.286191
-0.2469659 -0.7621849 2.204201
-0.05700832 0.0456699 2.466007
-0.03180103 -0.3505548 2.414225
-0.0362268 -0.686447 2.330462
-0.04685149 -0.7696695 2.241461

-0.1013507 0.1009341 2.496869
-0.1059007 0.1461181 2.564756
-0.07851958 0.5319738 2.658097
-0.08309884 0.7303513 2.673925
-0.2081824 0.4201635 2.592621
-0.2865928 0.66001 2.647247
-0.3534631 0.8846563 2.708267
-0.3712274 0.9559994 2.739833
0.01110703 0.4433095 2.631452
0.1063018 0.6756065 2.696206
0.178598 0.8998138 2.778703
0.1875105 0.967526 2.824532
-0.1527882 0.05038794 2.495616
-0.2228946 -0.3227862 2.383057
-0.2497239 -0.6847844 2.28724
-0.2470272 -0.7622037 2.204586
-0.05726877 0.04809025 2.467669
-0.03283654 -0.351054 2.417206
-0.03668731 -0.6855216 2.332154
-0.04706065 -0.7698555 2.241899

-0.1021339 0.103729 2.501072
-0.1054673 0.1479524 2.569591
-0.08079909 0.5280796 2.662307
-0.08518526 0.7261913 2.678982
-0.2127875 0.4225669 2.59918
-0.2902889 0.6641974 2.652211
-0.355987 0.8884386 2.711581
-0.3733505 0.9584354 2.741907
0.004115941 0.4414469 2.631628
0.1000814 0.6718013 2.695794
0.1754307 0.8996949 2.778293
0.1766215 0.9586375 2.809379
-0.1542191 0.05092932 2.501454
-0.2244243 -0.3244945 2.387208
-0.2500432 -0.6848873 2.288432
-0.2470927 -0.7623127 2.205432
-0.05771416 0.05000329 2.468487
-0.03382724 -0.3514666 2.420057
-0.03715428 -0.6853774 2.333224
-0.0472452 -0.770033 2.242305

-0.1039156 0.1065743 2.505724
-0.1044093 0.150362 2.574815
-0.08328593 0.524956 2.665913
-0.08685449 0.7228202 2.683049
-0.2088742 0.4564046 2.643052
-0.3039778 0.6987454 2.671894
-0.3576174 0.8909243 2.713696
-0.3746666 0.9592049 2.742899
-0.0001947342 0.4395225 2.632095
0.0957324 0.6691254 2.695381
0.1720926 0.8994896 2.778119
0.1652902 0.952814 2.804511
-0.1557646 0.05197873 2.50684
-0.226064 -0.3265002 2.391734
-0.2503931 -0.6848112 2.290035
-0.247158 -0.7624156 2.206239
-0.05951638 0.05321851 2.469718
-0.03491945 -0.3518305 2.422935
-0.03761391 -0.6856601 2.334033
-0.04742353 -0.7702149 2.242715

-0.1059556 0.1084937 2.509882
-0.1059143 0.1523947 2.579964
-0.08842671 0.5218257 2.671677
-0.08818012 0.7198136 2.686537
-0.2078546 0.4373617 2.632922
-0.3013687 0.6846654 2.670254
-0.3586852 0.8926753 2.715133
-0.3753187 0.9593397 2.743649
-0.003018219 0.4378412 2.632458
0.092727 0.6672738 2.695001
0.167682 0.8994492 2.777761
0.1584637 0.9623566 2.804339
-0.1589769 0.05083348 2.51751
-0.227572 -0.3280869 2.395967
-0.2507548 -0.6846763 2.291595
-0.2472167 -0.7625123 2.206978
-0.06127424 0.05578546 2.470105
-0.03591831 -0.3521954 2.425416
-0.0380449 -0.6859931 2.334699
-0.04759789 -0.7704158 2.243141

-0.1077074 0.1098751 2.513317
-0.1081459 0.154132 2.584534
-0.0918811 0.5197017 2.67821
-0.08980798 0.7172112 2.688841
-0.2089139 0.4326588 2.631352
-0.3003278 0.6783243 2.669784
-0.3593575 0.8941669 2.716545
-0.3754286 0.9591424 2.744451
-0.003428317 0.4365219 2.635364
0.09124056 0.6670023 2.695686
0.1617845 0.9021515 2.778367
0.1549457 0.9633138 2.802851
-0.1610115 0.0507255 2.523163
-0.228939 -0.3294408 2.399733
-0.2511075 -0.6844893 2.293042
-0.2472662 -0.7625896 2.207598
-0.06271846 0.05807308 2.471154
-0.03681435 -0.3525092 2.427516
-0.03849537 -0.6865893 2.33534
-0.04775872 -0.7706099 2.24352

-0.1092725 0.1105601 2.516012
-0.110201 0.1551875 2.58796
-0.09412045 0.5183975 2.682469
-0.09232172 0.7149665 2.690444
-0.2097773 0.4283901 2.628134
-0.3005278 0.6727959 2.670836
-0.3592431 0.8962702 2.719175
-0.3744856 0.9592378 2.745825
-0.003014143 0.4350572 2.638325
0.08817728 0.6675786 2.696383
0.1571116 0.9044774 2.778906
0.1487662 0.9726627 2.805995
-0.1625005 0.05074559 2.526495
-0.2301953 -0.3304313 2.403158
-0.2514723 -0.6842397 2.294401
-0.247308 -0.7626532 2.208113
-0.06390913 0.05938135 2.472504
-0.03771011 -0.3527403 2.429455
-0.03894501 -0.6872207 2.33586
-0.04792574 -0.7708216 2.243854

-0.1114217 0.1117909 2.519917
-0.1145892 0.1572216 2.592422
-0.09579692 0.5175095 2.685603
-0.09495154 0.7131126 2.692122
-0.2106688 0.4261709 2.626709
-0.3002457 0.6693073 2.67263
-0.358807 0.8981819 2.721864
-0.3734029 0.9594774 2.747061
0.007662907 0.4418225 2.668292
0.08597107 0.6796306 2.705333
0.151359 0.9098918 2.779876
0.1446161 0.9765239 2.804128
-0.1645426 0.0510273 2.530437
-0.2313869 -0.3313237 2.406277
-0.2518454 -0.6839817 2.295656
-0.2473606 -0.7626574 2.209176
-0.06489985 0.06049728 2.473611
-0.03875695 -0.3530361 2.431315
-0.03934998 -0.6877847 2.336325
-0.04807198 -0.7710153 2.244144

-0.1134812 0.111733 2.523221
-0.1193782 0.1581995 2.595942
-0.09698625 0.5172534 2.688659
-0.09767252 0.7118421 2.693635
-0.1880111 0.4189536 2.6182
-0.2922624 0.6566647 2.670573
-0.3568694 0.8971381 2.724283
-0.3701182 0.9566313 2.747916
0.008110741 0.4458405 2.680133
0.08335812 0.6876563 2.710279
0.145344 0.9142482 2.780425
0.1394203 0.9855988 2.809415
-0.1656898 0.05109396 2.533359
-0.2325279 -0.3319231 2.408968
-0.2522003 -0.6837177 2.296848
-0.2474311 -0.7626027 2.209995
-0.06790327 0.0616533 2.475578
-0.04007082 -0.3533213 2.433219
-0.03975131 -0.6883898 2.336776
-0.04820526 -0.771198 2.244432

-0.1150916 0.1113212 2.525918
-0.1220394 0.1585653 2.598406
-0.09765865 0.517002 2.690723
-0.1073514 0.7108392 2.701533
-0.1945875 0.4102551 2.611153
-0.2977187 0.6395389 2.678424
-0.354721 0.8948703 2.72716
-0.3621286 0.9643106 2.754118
0.008227551 0.4482376 2.686962
0.08056732 0.6936829 2.714182
0.1369189 0.9189771 2.78055
0.1336714 0.9926252 2.813331
-0.1665497 0.05104201 2.535453
-0.2336636 -0.3323298 2.411278
-0.2525212 -0.6834867 2.297958
-0.2475283 -0.7625281 2.210631
-0.07013273 0.06223607 2.477512
-0.04153991 -0.3535905 2.435107
-0.0401137 -0.6889349 2.33716
-0.04832964 -0.7713794 2.24468

-0.1169764 0.1105474 2.528485
-0.1247509 0.1584989 2.600701
-0.0989216 0.5169978 2.692873
-0.1133345 0.7102332 2.705775
-0.1993563 0.4066119 2.6079
-0.2981387 0.6351631 2.679884
-0.3527839 0.8942769 2.729835
-0.3570852 0.9690136 2.757888
0.007351122 0.4491438 2.690507
0.07818574 0.6962259 2.716383
0.1187016 0.9332942 2.783686
0.1292262 0.9988557 2.816384
-0.1677956 0.05067345 2.537656
-0.2349683 -0.3326961 2.413447
-0.2527754 -0.683318 2.29891
-0.2476163 -0.7624764 2.211028
-0.07209055 0.06253903 2.479099
-0.04314755 -0.353712 2.437019
-0.04048371 -0.6894362 2.337526
-0.04846133 -0.7715911 2.244927

-0.1192171 0.1095688 2.530906
-0.1288763 0.1582342 2.602733
-0.09983474 0.5170266 2.694538
-0.1171311 0.7098088 2.708378
-0.1892157 0.4077305 2.606787
-0.297829 0.6316798 2.680592
-0.349916 0.891946 2.732767
-0.3540412 0.9711621 2.760465
0.006441988 0.4501116 2.693747
0.07563889 0.6983922 2.719665
0.1062996 0.9441919 2.787331
0.1237749 1.003111 2.818541
-0.1691031 0.05039889 2.539813
-0.2362131 -0.3329102 2.415318
-0.2530052 -0.6832274 2.299703
-0.2477004 -0.7624199 2.211335
-0.0760748 0.06296276 2.481236
-0.04517196 -0.3535628 2.439239
-0.04083915 -0.6898476 2.337867
-0.04858882 -0.7717976 2.245166

-0.1255064 0.1213781 2.545782
-0.1359118 0.1659646 2.612536
-0.101405 0.5171282 2.696836
-0.1197164 0.7093782 2.70983
-0.1940705 0.40951 2.607479
-0.2974718 0.6346012 2.679556
-0.3480363 0.8933446 2.735898
-0.3511761 0.9711285 2.761779
0.004607742 0.4727535 2.709391
0.07433496 0.7119182 2.72899
0.09873942 0.954132 2.789659
0.1164587 1.010537 2.819224
-0.1770094 0.05289959 2.565604
-0.2375449 -0.3332276 2.417114
-0.2532169 -0.6831685 2.300339
-0.2478014 -0.7623561 2.211594
-0.07898035 0.06489974 2.482051
-0.04735098 -0.353307 2.441303
-0.04126462 -0.6904776 2.338306
-0.04870794 -0.7720302 2.245388

-0.1293135 0.1226892 2.550602
-0.1403181 0.1678119 2.616833
-0.1026851 0.5170481 2.698672
-0.1215832 0.70894 2.710925
-0.1991515 0.4105626 2.608566
-0.2971657 0.6355593 2.679012
-0.3450643 0.8947099 2.738403
-0.3523745 0.9676611 2.763503
0.003279478 0.4811033 2.71618
0.07258458 0.7202619 2.735355
0.09240233 0.9613474 2.789089
0.1101842 1.015581 2.817744
-0.1810833 0.05236967 2.572427
-0.2389719 -0.3335596 2.418699
-0.2534401 -0.683094 2.300917
-0.2479803 -0.7622586 2.211924
-0.08176785 0.06591448 2.482934
-0.05003998 -0.3540689 2.443361
-0.04192358 -0.6916745 2.338838
-0.0490057 -0.7726233 2.245805

-0.1321544 0.1231857 2.553771
-0.1438253 0.1686113 2.619773
-0.1125306 0.5184386 2.703385
-0.1230193 0.7088407 2.711731
-0.2044184 0.4120705 2.610918
-0.2975973 0.636995 2.678566
-0.3427276 0.8962393 2.739909
-0.3518024 0.9665555 2.764359
0.002247154 0.484637 2.719908
0.06860852 0.7262986 2.740027
0.08036005 0.9754501 2.796664
0.1065365 1.023151 2.819136
-0.1835306 0.05213036 2.576332
-0.2405171 -0.3339597 2.420175
-0.2537516 -0.6829522 2.301584
-0.2484599 -0.7619467 2.212842
-0.08529078 0.06676222 2.485224
-0.05242128 -0.3548465 2.445114
-0.04262152 -0.6928247 2.339309
-0.0492988 -0.773228 2.246298

-0.1353465 0.1236087 2.556577
-0.1474432 0.1695084 2.622563
-0.1183555 0.5196206 2.706535
-0.1240626 0.7088606 2.712317
-0.2090656 0.4134447 2.613168
-0.2983626 0.6388607 2.677945
-0.3412913 0.8973345 2.741135
-0.351342 0.9658096 2.764803
-0.0009889181 0.4791257 2.719827
0.06193738 0.7251964 2.741553
0.07351784 0.9781232 2.798047
0.09722659 1.025481 2.819347
-0.1882339 0.05075102 2.580945
-0.2422 -0.3344665 2.42151
-0.2541598 -0.6827354 2.302318
-0.2489392 -0.7616547 2.213743
-0.08881149 0.0674236 2.48632
-0.05455201 -0.3557179 2.446582
-0.04341536 -0.6940266 2.339692
-0.04956381 -0.7737875 2.246689

-0.1376588 0.123718 2.558364
-0.1497916 0.1700279 2.624365
-0.120932 0.5207609 2.709186
-0.1265864 0.7095379 2.71302
-0.212878 0.4146521 2.615193
-0.3035888 0.640496 2.681553
-0.3404715 0.8977597 2.742047
-0.3510776 0.9645075 2.764794
-0.004748723 0.4718581 2.717528
0.0543762 0.7217985 2.741024
0.06811421 0.9780294 2.798409
0.07814296 1.036452 2.831909
-0.191984 0.05322223 2.57784
-0.2442254 -0.3349542 2.422822
-0.2546895 -0.6824727 2.303122
-0.2494805 -0.7613049 2.214805
-0.09445963 0.06899164 2.492754
-0.05645501 -0.3564263 2.447859
-0.04431611 -0.6952393 2.339922
-0.0499037 -0.774286 2.246941

-0.1397502 0.1236719 2.559512
-0.1517918 0.1703436 2.625674
-0.1246466 0.5219606 2.711696
-0.1281288 0.7100112 2.713108
-0.2240122 0.4156903 2.617142
-0.3101444 0.6440885 2.686251
-0.3401107 0.8989803 2.743515
-0.3508718 0.9641111 2.765134
-0.006975734 0.4678029 2.716803
0.0483755 0.7205601 2.742091
0.06443635 0.9780083 2.798733
0.06994051 1.040154 2.835886
-0.1958346 0.05533322 2.574048
-0.2464493 -0.335465 2.424025
-0.2552504 -0.6822082 2.303926
-0.2499782 -0.7609915 2.215751
-0.09795994 0.06996514 2.496929
-0.05835336 -0.356991 2.448895
-0.04523491 -0.6963948 2.340087
-0.05021142 -0.7747262 2.247161

-0.1417746 0.1232502 2.560108
-0.1540369 0.1702764 2.626518
-0.1280098 0.5226477 2.713501
-0.1301549 0.7104467 2.713249
-0.2306505 0.4103702 2.61551
-0.3124938 0.6416373 2.686899
-0.3398522 0.8948218 2.743919
-0.3500075 0.9556266 2.763319
-0.00819313 0.4658141 2.716667
0.04191861 0.7189136 2.744052
0.06057573 0.9771816 2.796953
0.06267726 1.036857 2.834361
-0.1986489 0.05603856 2.571625
-0.2495921 -0.3365335 2.425252
-0.2560049 -0.6817943 2.304801
-0.2504526 -0.7606875 2.216624
-0.1002133 0.07047182 2.499316
-0.06027848 -0.3574428 2.449823
-0.04614764 -0.6975219 2.340164
-0.05058863 -0.7751871 2.247186

-0.1442456 0.1236119 2.560795
-0.1569372 0.1706436 2.627399
-0.1312102 0.5226254 2.71495
-0.1322652 0.7104139 2.713395
-0.2365603 0.3988544 2.610236
-0.3142307 0.6368585 2.685838
-0.3403278 0.8829677 2.742855
-0.3501235 0.9406338 2.759065
-0.009129572 0.4640336 2.716633
0.03698618 0.7172895 2.745663
0.05699517 0.9756502 2.795925
0.05668256 1.033812 2.831093
-0.2009018 0.05652907 2.571156
-0.2529924 -0.3378776 2.426403
-0.2568894 -0.6813706 2.305668
-0.2510201 -0.7604167 2.217538
-0.1021737 0.07137015 2.500522
-0.06244562 -0.3580891 2.450583
-0.04698851 -0.6985002 2.340183
-0.05093054 -0.7755936 2.247158

-0.1491356 0.1256988 2.561438
-0.1584987 0.1712762 2.628289
-0.1338273 0.5224142 2.715943
-0.1341885 0.7103183 2.713732
-0.2691367 0.4471613 2.680199
-0.319854 0.6448016 2.689663
-0.3451816 0.8961785 2.750583
-0.352919 0.9526313 2.766643
-0.01037099 0.4635255 2.72239
0.03279458 0.7176679 2.748305
0.05379555 0.9764502 2.796449
0.05348573 1.034093 2.830693
-0.211646 0.06346683 2.567236
-0.2561394 -0.3391873 2.427398
-0.2581238 -0.680853 2.306717
-0.2516187 -0.7601596 2.218504
-0.1045107 0.07282738 2.502152
-0.0650115 -0.3586605 2.451183
-0.04785627 -0.6992616 2.340144
-0.05119494 -0.7758427 2.247097

-0.1530866 0.1274745 2.56175
-0.1597387 0.1718555 2.628955
-0.1356782 0.5221777 2.716614
-0.1391344 0.7100404 2.714943
-0.2833768 0.464083 2.704694
-0.324358 0.6486452 2.69209
-0.3483251 0.9027987 2.754115
-0.3553267 0.9592125 2.770313
-0.01473121 0.4599733 2.723263
0.02708462 0.7151917 2.746451
0.05005959 0.9737828 2.794343
0.05077831 1.029979 2.826401
-0.2180951 0.06821414 2.56419
-0.2598179 -0.34019 2.428388
-0.2596239 -0.6803371 2.307725
-0.2522167 -0.7598745 2.219218
-0.1073786 0.07478743 2.504486
-0.06787925 -0.3594064 2.451588
-0.04871143 -0.6999024 2.34001
-0.05143045 -0.7760456 2.246977

-0.1679889 0.1589541 2.576242
-0.1639478 0.1926092 2.6411
-0.1370165 0.5219588 2.717236
-0.1471417 0.7097088 2.718221
-0.3135726 0.4854287 2.73233
-0.3286274 0.6546479 2.694755
-0.3510328 0.9072837 2.756232
-0.358074 0.9640158 2.772685
-0.02200694 0.4856734 2.725735
0.02372283 0.7285035 2.745343
0.04737169 0.979874 2.800069
0.05041077 1.037014 2.823108
-0.2308965 0.07900819 2.574766
-0.2636464 -0.3413602 2.429507
-0.2626459 -0.6778742 2.309727
-0.2534277 -0.7588983 2.220755
-0.1128758 0.08439536 2.505799
-0.07063284 -0.3600115 2.451891
-0.04960471 -0.7003821 2.339808
-0.05163814 -0.7762037 2.246847

-0.1736787 0.169847 2.580905
-0.1672527 0.201536 2.646134
-0.1380429 0.5216781 2.717748
-0.1546439 0.7087674 2.719425
-0.3033119 0.4760388 2.712589
-0.3312654 0.6568184 2.696668
-0.3537853 0.9102804 2.757747
-0.3615299 0.967454 2.774382
-0.02525423 0.4976385 2.726869
0.02174895 0.7389208 2.744533
0.04538894 0.9816695 2.801622
0.05067978 1.03869 2.822433
-0.2363654 0.08435981 2.579201
-0.2688917 -0.3438528 2.430644
-0.2651107 -0.6761861 2.311378
-0.2547289 -0.7577271 2.222693
-0.1171968 0.09189254 2.506883
-0.07386524 -0.361201 2.451766
-0.05049775 -0.7008716 2.339529
-0.05183067 -0.7763392 2.246691

-0.176902 0.1758335 2.583413
-0.168527 0.2065593 2.648873
-0.1389507 0.5212656 2.718122
-0.1598582 0.7078531 2.719898
-0.3160379 0.4872896 2.728893
-0.3347851 0.6615431 2.698895
-0.3567809 0.9126667 2.759346
-0.3649377 0.9703137 2.775726
-0.02966197 0.5070922 2.728627
0.0217655 0.74698 2.746265
0.04530395 0.9705868 2.800666
0.05043963 1.026115 2.819659
-0.2397212 0.08794129 2.582179
-0.2734452 -0.3457671 2.431585
-0.2671043 -0.6750664 2.312627
-0.2559463 -0.756446 2.224455
-0.121826 0.09985014 2.507746
-0.07728515 -0.3624151 2.451343
-0.05133537 -0.7012535 2.339247
-0.05200847 -0.776454 2.246505

-0.1790168 0.1794875 2.58495
-0.1721345 0.2102235 2.650192
-0.1400173 0.52066 2.718319
-0.1639574 0.7070861 2.72031
-0.2868941 0.4201318 2.646758
-0.3364578 0.6583289 2.698644
-0.3602476 0.9047204 2.757957
-0.3682261 0.9635946 2.774071
-0.03352192 0.5148596 2.730835
0.02260981 0.7544282 2.748398
0.0453779 0.9658841 2.80014
0.05043359 1.017101 2.818987
-0.2416219 0.08985871 2.584196
-0.2775846 -0.34687 2.432297
-0.2700514 -0.6729593 2.314598
-0.2572167 -0.7549904 2.226168
-0.1250854 0.1046848 2.507267
-0.08187805 -0.363603 2.450269
-0.05229292 -0.7016727 2.338904
-0.05227239 -0.7766833 2.245816

-0.1808792 0.1819084 2.585727
-0.173509 0.212415 2.651154
-0.1411678 0.519522 2.718145
-0.1687799 0.7054167 2.719725
-0.31388 0.4833964 2.703222
-0.34249 0.6736661 2.701512
-0.3638206 0.9067854 2.759573
-0.3713504 0.96609 2.774973
-0.05207786 0.4815256 2.722073
0.01798563 0.7410558 2.747313
0.04560323 0.9447119 2.794516
0.0503871 1.006706 2.817904
-0.2436888 0.09120969 2.585804
-0.2826232 -0.3486711 2.432595
-0.2722084 -0.6717648 2.315901
-0.2585874 -0.7535655 2.227683
-0.1285388 0.1080832 2.506413
-0.08591043 -0.3648463 2.449041
-0.05313367 -0.7020026 2.338593
-0.05251375 -0.7768855 2.245147

-0.1828931 0.1827855 2.58546
-0.175228 0.2136234 2.651299
-0.1424841 0.5177668 2.717578
-0.1730247 0.7033049 2.718647
-0.3206058 0.5014257 2.715756
-0.3553834 0.6945555 2.712611
-0.3673107 0.9089774 2.761723
-0.3745801 0.9685873 2.776402
-0.06042657 0.4636825 2.717598
0.01430261 0.7307198 2.746545
0.04559113 0.9343235 2.791554
0.05103113 1.000594 2.819736
-0.2458526 0.09207643 2.586782
-0.2866661 -0.3499304 2.432674
-0.2739971 -0.6712254 2.316703
-0.2597953 -0.7523663 2.228835
-0.1317633 0.1102843 2.505633
-0.08970609 -0.3655719 2.447776
-0.05392615 -0.7023041 2.338289
-0.05274371 -0.777124 2.244232

-0.1851901 0.1822096 2.584122
-0.1775213 0.2136935 2.650419
-0.1446247 0.5150221 2.716379
-0.1767797 0.7010434 2.71789
-0.3234838 0.512561 2.72466
-0.3597842 0.7008798 2.715929
-0.3733847 0.9167438 2.767824
-0.3805154 0.9763672 2.78658
-0.06505747 0.4559292 2.715125
0.009333166 0.718062 2.743968
0.04536339 0.9276314 2.789438
0.05153421 0.9966525 2.821468
-0.2476229 0.09275939 2.587181
-0.2904907 -0.3507715 2.432563
-0.2755166 -0.6709724 2.317214
-0.2609806 -0.7512265 2.229628
-0.1356035 0.111866 2.505036
-0.09303007 -0.3660475 2.44655
-0.05466174 -0.7025582 2.337982
-0.05298374 -0.7773226 2.243306

-0.1955724 0.1528169 2.564046
-0.1973168 0.195592 2.633958
-0.1462617 0.5129405 2.715388
-0.1792249 0.6994385 2.717319
-0.2766308 0.4448298 2.647373
-0.3567923 0.6902607 2.71061
-0.375895 0.9146413 2.769149
-0.3820206 0.9732996 2.789671
-0.06784236 0.4515581 2.713789
0.005774002 0.711376 2.741624
0.04502951 0.9227783 2.787565
0.05178883 0.993753 2.822438
-0.2495901 0.08945168 2.583317
-0.2942152 -0.3516997 2.432237
-0.2768708 -0.6709244 2.317523
-0.2619765 -0.750271 2.230246
-0.1451372 0.1072197 2.501114
-0.0959219 -0.3664269 2.445427
-0.0554544 -0.7027887 2.337615
-0.05316918 -0.7775645 2.242372

-0.2021678 0.1308239 2.549472
-0.2109944 0.1782356 2.619793
-0.1479588 0.5108229 2.714133
-0.1809026 0.6981788 2.716948
-0.2652329 0.4041569 2.6101
-0.3476544 0.6493699 2.692525
-0.375057 0.8807634 2.760024
-0.4007598 0.9331587 2.769035
-0.06988306 0.4485579 2.712895
0.00328446 0.7069219 2.740294
0.04481928 0.9196833 2.786374
0.0520234 0.9900289 2.822381
-0.2524466 0.07625487 2.569851
-0.2975649 -0.3524247 2.43183
-0.2789663 -0.6699949 2.31798
-0.2628783 -0.7494439 2.230583
-0.1552019 0.0972348 2.495116
-0.09956557 -0.3687426 2.443385
-0.05616058 -0.7029965 2.337277
-0.05325898 -0.7778484 2.241397

-0.2128177 0.145732 2.553796
-0.2157022 0.1829461 2.620425
-0.1495215 0.5091157 2.713053
-0.1822089 0.6971329 2.716515
-0.322469 0.4770241 2.690599
-0.3541913 0.6620317 2.699428
-0.3794956 0.8992559 2.768016
-0.4156071 0.9483844 2.770303
-0.07649712 0.4472046 2.7101
0.0008922755 0.7025893 2.738699
0.04456144 0.9175012 2.785382
0.05215761 0.9844848 2.81941
-0.2601357 0.07528903 2.56969
-0.3015846 -0.3536962 2.431029
-0.2807947 -0.6693784 2.318323
-0.2637921 -0.748594 2.230946
-0.1640896 0.09742034 2.4909
-0.1023367 -0.3696702 2.441948
-0.05680511 -0.7031639 2.336973
-0.05331617 -0.7780896 2.240557

-0.2182278 0.1565523 2.557762
-0.2180604 0.1897039 2.623083
-0.1530888 0.507507 2.711448
-0.1837786 0.6961566 2.71525
-0.3264787 0.4783259 2.691787
-0.3587921 0.6719244 2.706043
-0.3825046 0.9086189 2.771821
-0.4206229 0.9597587 2.772824
-0.07903128 0.446214 2.709367
-0.0003465513 0.7002949 2.737852
0.04434588 0.9159341 2.78453
0.05212624 0.980209 2.817122
-0.2667831 0.07563296 2.570848
-0.3051274 -0.355003 2.430253
-0.2825803 -0.6686816 2.31868
-0.264558 -0.7479151 2.231188
-0.169509 0.09806821 2.48819
-0.105653 -0.3693369 2.44028
-0.0574312 -0.7033104 2.336697
-0.05334294 -0.7783012 2.23985

-0.2211913 0.1657781 2.561357
-0.2190175 0.1971851 2.626413
-0.1558548 0.506453 2.710244
-0.1860864 0.6954073 2.714625
-0.3514712 0.5201108 2.720011
-0.3653287 0.6917301 2.713632
-0.3847422 0.9160244 2.774414
-0.4226311 0.9692976 2.77503
-0.08642457 0.4594872 2.713481
-0.0002444488 0.7039183 2.737563
0.04414127 0.9149088 2.78385
0.05194239 0.9774423 2.815355
-0.2732224 0.0783925 2.572867
-0.308296 -0.3557091 2.429527
-0.2844535 -0.6678853 2.319077
-0.2653227 -0.747292 2.231443
-0.173792 0.1007228 2.486311
-0.1085111 -0.3686448 2.438816
-0.05798307 -0.7034357 2.336453
-0.0533569 -0.7784442 2.239411

-0.2225478 0.175509 2.564609
-0.2186434 0.2047747 2.629373
-0.1606148 0.5045357 2.707552
-0.1888334 0.6943175 2.714311
-0.360837 0.5326954 2.728501
-0.3693306 0.7029951 2.717539
-0.386507 0.9186839 2.77505
-0.4254475 0.972415 2.771212
-0.07461682 0.5086103 2.727438
0.01090506 0.7525176 2.744283
0.04792903 0.9451826 2.791354
0.05552967 0.9981782 2.819268
-0.280825 0.09130048 2.572345
-0.3109397 -0.3558232 2.42892
-0.286988 -0.6661933 2.31981
-0.2659936 -0.7468238 2.231563
-0.1759407 0.1113523 2.489791
-0.113465 -0.3624872 2.436818
-0.05850555 -0.7035909 2.336226
-0.05336497 -0.7785625 2.239125

-0.2238613 0.1803386 2.565614
-0.218687 0.208948 2.630554
-0.1639103 0.5032322 2.70566
-0.191777 0.6931757 2.713807
-0.3665131 0.5403214 2.733959
-0.3733346 0.7106035 2.7197
-0.3884637 0.9212002 2.775599
-0.4206106 0.9774962 2.781857
-0.07029598 0.5314536 2.73265
0.01583478 0.7755722 2.747295
0.04903118 0.955066 2.793886
0.05716376 1.005232 2.821657
-0.2867682 0.1011143 2.567928
-0.3132202 -0.3559249 2.428332
-0.289012 -0.6648157 2.320395
-0.2666054 -0.7464697 2.231533
-0.1778575 0.1181501 2.492927
-0.1176039 -0.3577969 2.434843
-0.05904945 -0.7037327 2.335992
-0.05337576 -0.7786403 2.23894

-0.2247669 0.1833578 2.566133
-0.2189288 0.2117156 2.631176
-0.166511 0.5024068 2.704074
-0.1946859 0.6920649 2.71229
-0.3486514 0.500939 2.705387
-0.3755719 0.7135015 2.720448
-0.3913189 0.9211167 2.774117
-0.4232344 0.9768206 2.782534
-0.06868487 0.5409498 2.734803
0.008772007 0.7446418 2.753679
0.04692795 0.947499 2.790802
0.05611178 0.9966379 2.819698
-0.2896709 0.1036269 2.567307
-0.3153043 -0.3559268 2.427647
-0.2907821 -0.663413 2.320907
-0.267218 -0.7461103 2.231498
-0.1801901 0.1217257 2.48996
-0.119986 -0.3559718 2.433392
-0.0596035 -0.7038203 2.335732
-0.05337622 -0.7787038 2.238813

-0.225352 0.1826234 2.563578
-0.2193676 0.2125723 2.630388
-0.168494 0.5018989 2.702756
-0.1971495 0.6912034 2.710876
-0.3463714 0.4938074 2.700311
-0.3775711 0.7149887 2.720594
-0.3939666 0.9203707 2.771955
-0.4246401 0.9763085 2.78236
-0.07618324 0.4830526 2.711633
-0.005841128 0.7132543 2.745203
0.0450188 0.9401039 2.788108
0.05418104 0.9903418 2.817157
-0.291549 0.1039701 2.565471
-0.3171659 -0.3560413 2.42692
-0.2921545 -0.6622573 2.32128
-0.2678147 -0.7457527 2.231487
-0.1817311 0.1229838 2.487771
-0.1216292 -0.3553089 2.432153
-0.06015541 -0.7038905 2.33542
-0.05336574 -0.7787656 2.238707

-0.2259834 0.1812119 2.560701
-0.2199995 0.2127595 2.628876
-0.1708127 0.5017379 2.700601
-0.1991544 0.6908548 2.709853
-0.342967 0.4872513 2.694473
-0.380013 0.7140133 2.719424
-0.3961691 0.9199175 2.770024
-0.4261302 0.9756683 2.781904
-0.07847925 0.4746062 2.707736
-0.0154257 0.676304 2.733481
0.04317221 0.9324697 2.786347
0.05260228 0.984538 2.814749
-0.292876 0.1036016 2.563451
-0.3191584 -0.3569795 2.425777
-0.2936715 -0.6605328 2.321683
-0.2683497 -0.7454428 2.231478
-0.1829915 0.1234336 2.485906
-0.1228811 -0.3550929 2.431026
-0.06074892 -0.7038824 2.335046
-0.05335975 -0.778813 2.238626

-0.2272804 0.1777072 2.55563
-0.2214459 0.2111033 2.624991
-0.1732828 0.5018824 2.698229
-0.2018247 0.6906756 2.707327
-0.341856 0.4843347 2.692046
-0.3815424 0.7143719 2.718928
-0.3984422 0.9194534 2.767571
-0.4274361 0.9751613 2.780081
-0.08027375 0.4630797 2.702557
-0.01890384 0.6724015 2.732441
0.04231563 0.9293559 2.785816
0.05190581 0.9822183 2.813835
-0.2945416 0.1006806 2.558216
-0.3206925 -0.3577368 2.424796
-0.2949505 -0.6588497 2.322015
-0.2688116 -0.7451819 2.231461
-0.1842027 0.122196 2.483342
-0.1237661 -0.3560179 2.429672
-0.06134137 -0.7038574 2.334655
-0.05335469 -0.7788468 2.238562

-0.2279692 0.1761011 2.552652
-0.2225372 0.2101038 2.622144
-0.1763051 0.5021403 2.695536
-0.2037165 0.6907249 2.705419
-0.3411542 0.4822814 2.690342
-0.3828611 0.7145118 2.718252
-0.4125419 0.9397645 2.770674
-0.4316506 1.015024 2.793256
-0.08118035 0.4579114 2.700314
-0.02318247 0.6730161 2.731347
0.04130519 0.9274299 2.786636
0.04676813 0.9851546 2.826518
-0.2953013 0.09830932 2.555489
-0.3218449 -0.3583491 2.423922
-0.2958975 -0.6575179 2.322257
-0.2692126 -0.744954 2.231441
-0.1847985 0.1206562 2.480153
-0.1244109 -0.3570955 2.42831
-0.06188773 -0.7038094 2.334289
-0.05334987 -0.7788697 2.238516

-0.2283843 0.1750648 2.550496
-0.2233478 0.2094211 2.619922
-0.1789781 0.5026926 2.693401
-0.2053655 0.691074 2.703678
-0.3409043 0.4812987 2.689224
-0.3841085 0.7145081 2.717349
-0.4192519 0.9275714 2.756244
-0.4240282 0.9903647 2.786261
-0.08202534 0.4547786 2.699102
-0.02570784 0.6776963 2.731597
0.03822175 0.9323505 2.798369
0.04467252 0.9998485 2.848184
-0.2955194 0.09664024 2.553516
-0.3227632 -0.3587987 2.423079
-0.2966016 -0.6564483 2.322397
-0.2695527 -0.7447605 2.231423
-0.1850798 0.1194047 2.477715
-0.1248007 -0.3580816 2.427064
-0.06241892 -0.7037374 2.333933
-0.05334097 -0.7788877 2.238478

-0.2286622 0.1743666 2.548393
-0.2236765 0.2089358 2.61764
-0.1813892 0.5036539 2.691386
-0.2068 0.6918589 2.701973
-0.3521506 0.5143982 2.702233
-0.4074225 0.7205616 2.695912
-0.4224585 0.9212556 2.748476
-0.4219013 0.9793219 2.779863
-0.07884167 0.4787326 2.702095
-0.02674866 0.6835825 2.732163
0.03627248 0.9359416 2.804073
0.04334838 1.001994 2.852432
-0.29572 0.09581693 2.550667
-0.323656 -0.3584288 2.421767
-0.297175 -0.6554762 2.322442
-0.2698391 -0.744602 2.231412
-0.1850345 0.1184289 2.475831
-0.1250687 -0.3590052 2.425738
-0.06289846 -0.7036851 2.333559
-0.0533326 -0.7788985 2.238449

-0.228973 0.1727164 2.544471
-0.2241024 0.2075538 2.613711
-0.1837867 0.5045748 2.689316
-0.2077979 0.6926177 2.700644
-0.3580053 0.5301158 2.708202
-0.4155178 0.7222516 2.686766
-0.424325 0.9173815 2.744095
-0.4215107 0.9730184 2.775721
-0.08478197 0.4630929 2.688543
-0.0272353 0.6847413 2.729472
0.03501286 0.9360845 2.80574
0.04034595 0.9987506 2.848498
-0.2955849 0.09450675 2.541065
-0.3243878 -0.3577605 2.42032
-0.2976097 -0.6546807 2.322441
-0.270083 -0.7444598 2.231411
-0.1847025 0.1170282 2.47426
-0.125078 -0.3604914 2.424163
-0.06335851 -0.7036116 2.333151
-0.0533055 -0.7789108 2.23834

-0.2322548 0.1607632 2.52898
-0.2269297 0.1995964 2.602136
-0.1859055 0.5054632 2.687599
-0.2088104 0.6934777 2.699186
-0.3609828 0.5377249 2.710303
-0.4232127 0.7227435 2.672996
-0.4259838 0.9031662 2.738647
-0.4240873 0.9474115 2.759783
-0.08790842 0.452899 2.680002
-0.02787568 0.6851311 2.728061
0.03274544 0.9342242 2.802079
0.02787052 0.9932225 2.808768
-0.3007501 0.09166681 2.499693
-0.3249259 -0.3570233 2.418885
-0.2979063 -0.6540812 2.322342
-0.2702797 -0.744347 2.231392
-0.1840984 0.1040877 2.474682
-0.1244018 -0.364638 2.421773
-0.06377068 -0.7035283 2.332763
-0.05325008 -0.778913 2.238153

-0.2333052 0.1540038 2.520553
-0.2276753 0.1941666 2.59462
-0.1877364 0.5063682 2.686019
-0.2100431 0.694445 2.698404
-0.3632779 0.543399 2.711061
-0.4279439 0.7239779 2.66488
-0.4333974 0.9230387 2.739288
-0.4334806 0.9857255 2.768063
-0.1013423 0.4419001 2.66415
-0.02878736 0.6842996 2.726283
0.03023942 0.929666 2.796475
0.025512 0.9883814 2.797055
-0.2937782 0.09200802 2.453653
-0.3253221 -0.3561708 2.417412
-0.2979318 -0.6547856 2.321502
-0.2704295 -0.7442734 2.231367
-0.1808328 0.07576117 2.498521
-0.1236793 -0.367435 2.419812
-0.06414367 -0.703428 2.332337
-0.05323186 -0.7788049 2.238009

-0.2336767 0.1510579 2.516475
-0.2280197 0.1913604 2.590444
-0.1890959 0.5070835 2.684735
-0.211107 0.6952887 2.697816
-0.364746 0.5469605 2.711291
-0.4284945 0.7258885 2.662423
-0.4362289 0.9275131 2.73893
-0.4179556 0.9660349 2.775179
-0.1047171 0.4368851 2.657773
-0.02943509 0.6825981 2.724108
0.0286434 0.9265134 2.791999
0.02390469 0.9858313 2.791888
-0.2931524 0.08857348 2.475566
-0.3255327 -0.355416 2.416124
-0.2978598 -0.6553959 2.32081
-0.2705521 -0.744215 2.231337
-0.1775762 0.0751767 2.484886
-0.1227479 -0.3700904 2.417899
-0.06445634 -0.7033283 2.331956
-0.05321456 -0.7786912 2.237869

-0.2338611 0.1492722 2.5138
-0.2281521 0.1897683 2.587732
-0.1909123 0.5082249 2.682767
-0.2120139 0.696517 2.69752
-0.3656583 0.5493096 2.710814
-0.4244063 0.7286344 2.661342
-0.4387933 0.9256168 2.735759
-0.4198598 0.9642077 2.771653
-0.1068696 0.4338531 2.653672
-0.02959843 0.6806943 2.721949
0.02751162 0.9239806 2.788214
0.02304501 0.9835137 2.788774
-0.2900692 0.09046585 2.477167
-0.3255089 -0.3547619 2.414871
-0.2977137 -0.6557807 2.320219
-0.2706492 -0.7441686 2.231314
-0.1761269 0.07720274 2.478168
-0.1218346 -0.3721287 2.416419
-0.06471317 -0.703241 2.331606
-0.05319307 -0.7785774 2.23773

-0.2335639 0.1482452 2.511861
-0.2279928 0.1887569 2.585753
-0.1919321 0.5092157 2.681323
-0.2128557 0.6977333 2.697298
-0.3661593 0.5505256 2.709036
-0.422531 0.730145 2.660165
-0.4407201 0.9231379 2.733279
-0.4250546 0.9634663 2.766228
-0.1077723 0.4317021 2.650636
-0.02957634 0.6790484 2.720136
0.02686433 0.9221297 2.784748
0.02292205 0.9813277 2.787387
-0.2879055 0.0916091 2.48408
-0.324756 -0.3535556 2.413335
-0.2974422 -0.6561172 2.319614
-0.27069 -0.7441372 2.230993
-0.1747174 0.08011895 2.472789
-0.1207213 -0.3727697 2.415091
-0.0649329 -0.703153 2.331262
-0.05318006 -0.7784421 2.237578

-0.2326098 0.14798 2.510499
-0.2273056 0.188308 2.58416
-0.1928405 0.5107749 2.67953
-0.2137683 0.6995966 2.697154
-0.3655864 0.5499301 2.705363
-0.4196454 0.7309862 2.660141
-0.4421401 0.9198672 2.730882
-0.4310309 0.9629105 2.760189
-0.1079897 0.4302885 2.647676
-0.0306793 0.6776796 2.714756
0.02641752 0.9205319 2.781718
0.02322663 0.9791126 2.78726
-0.2858158 0.09211487 2.489593
-0.3226779 -0.3502955 2.411181
-0.2955846 -0.6592081 2.317719
-0.2706354 -0.7442234 2.230466
-0.1734303 0.08323839 2.46844
-0.1194837 -0.3729226 2.413954
-0.06510679 -0.703127 2.330865
-0.05316053 -0.7783211 2.237409

-0.2229272 0.1422522 2.505017
-0.2241439 0.1854529 2.579952
-0.1935142 0.5123456 2.677537
-0.2144549 0.7013522 2.696934
-0.3392799 0.458129 2.626358
-0.402319 0.6928408 2.66092
-0.4431166 0.9146183 2.727489
-0.4392018 0.9610808 2.751968
-0.1071694 0.4294775 2.64501
-0.03130632 0.6765579 2.710461
0.02614704 0.9192756 2.779325
0.02411535 0.976887 2.788351
-0.2740267 0.0815809 2.496687
-0.3201174 -0.3468031 2.409273
-0.2935982 -0.6624662 2.315915
-0.2705553 -0.7442873 2.230127
-0.1650217 0.08341324 2.455471
-0.1181456 -0.3728133 2.413011
-0.06523202 -0.7031512 2.330431
-0.0531258 -0.7782434 2.237195

-0.207132 0.1062008 2.485693
-0.217772 0.1550424 2.559213
-0.1936962 0.5134134 2.67523
-0.2148048 0.7024902 2.696297
-0.2819668 0.4193883 2.582736
-0.3797765 0.6452693 2.651305
-0.4421686 0.8914961 2.717431
-0.4462214 0.961644 2.747246
-0.105762 0.4290701 2.642737
-0.03170917 0.6756028 2.707275
0.02598201 0.9182363 2.777476
0.02645992 0.9782355 2.792072
-0.2552462 0.06043495 2.495022
-0.3167681 -0.3424121 2.40744
-0.2921228 -0.6645262 2.314621
-0.2703155 -0.744431 2.229585
-0.1611565 0.07706726 2.445249
-0.1163742 -0.3722276 2.412253
-0.06530631 -0.7031884 2.330019
-0.0531036 -0.7781728 2.236955

-0.197659 0.08892395 2.476865
-0.2102549 0.1407507 2.550495
-0.1926284 0.514446 2.672126
-0.2141527 0.7037516 2.694597
-0.2926359 0.3843356 2.558221
-0.3747157 0.6286816 2.649163
-0.4429955 0.8845628 2.713794
-0.4513638 0.961827 2.743129
-0.1041149 0.4289909 2.640903
-0.03155023 0.6749861 2.70478
0.02607102 0.9175541 2.775845
0.02903564 0.980587 2.795614
-0.2421803 0.04179945 2.476951
-0.312877 -0.338089 2.405809
-0.2911065 -0.6657392 2.313744
-0.2699997 -0.7446117 2.228971
-0.1383516 0.04879327 2.448567
-0.1138228 -0.3712747 2.411671
-0.06532642 -0.7032092 2.329631
-0.05309046 -0.7781104 2.236737

-0.1921022 0.07707455 2.4709
-0.2073759 0.1319318 2.544754
-0.1900492 0.5153137 2.668567
-0.2135073 0.7046496 2.693026
-0.2571346 0.3751325 2.540868
-0.3681873 0.6132254 2.644304
-0.442251 0.8705898 2.706004
-0.4599398 0.9349725 2.722035
-0.1008903 0.4293443 2.638565
-0.03100778 0.6743968 2.701819
0.02632229 0.9168839 2.774184
0.03162222 0.9849946 2.799647
-0.2358265 0.03346829 2.469624
-0.3088623 -0.3352835 2.404693
-0.2902564 -0.6665897 2.313059
-0.2695263 -0.7450811 2.228031
-0.1347943 0.03734886 2.445709
-0.110103 -0.3699107 2.411828
-0.06525058 -0.7032285 2.329252
-0.0531308 -0.7779872 2.236677

-0.1882486 0.06901194 2.466918
-0.2049996 0.1255885 2.540874
-0.1876942 0.5158882 2.665868
-0.2128637 0.7052885 2.691341
-0.2441546 0.3761663 2.538257
-0.3643451 0.6051677 2.64121
-0.4418619 0.863078 2.701296
-0.4624752 0.9239392 2.713191
-0.09716358 0.4294471 2.636128
-0.03068781 0.6738917 2.699945
0.02659301 0.916143 2.772602
0.03367538 0.9887779 2.802932
-0.2310926 0.02817529 2.46478
-0.3055339 -0.3333932 2.403936
-0.2885408 -0.668081 2.312015
-0.2679119 -0.7469105 2.225726
-0.1330872 0.03063552 2.44401
-0.1057738 -0.3679758 2.412422
-0.06509139 -0.7031981 2.328917
-0.05328516 -0.7776567 2.236926

-0.1854636 0.06373553 2.464465
-0.2028781 0.1211756 2.538471
-0.1853952 0.516412 2.66395
-0.2123364 0.7057205 2.689811
-0.2365796 0.3813342 2.540732
-0.3621115 0.6007948 2.638905
-0.4419497 0.8590263 2.698791
-0.4669378 0.9312167 2.713845
-0.09368227 0.4291955 2.633641
-0.02746517 0.6719934 2.696418
0.02645427 0.9152266 2.769664
0.03301834 0.9794948 2.80393
-0.2273875 0.02458486 2.461782
-0.3018686 -0.331673 2.403397
-0.2872274 -0.6687351 2.311366
-0.2662873 -0.7489973 2.223232
-0.1322767 0.026167 2.44293
-0.1021067 -0.3663712 2.412992
-0.06487558 -0.7031627 2.328608
-0.05345458 -0.777337 2.237184

-0.1835699 0.06014593 2.462719
-0.201253 0.1181708 2.536905
-0.1834287 0.5173147 2.662694
-0.2114422 0.7065543 2.688383
-0.2311227 0.3897666 2.547298
-0.3610552 0.6003067 2.636787
-0.4423175 0.8562623 2.696724
-0.4696259 0.9386503 2.716039
-0.09041771 0.4288204 2.631091
-0.02405235 0.6697814 2.693939
0.02791423 0.9139633 2.764924
0.03697106 0.9740058 2.79354
-0.2247567 0.02226252 2.45967
-0.2979859 -0.3305569 2.4031
-0.2849864 -0.6705024 2.31023
-0.2649042 -0.7507671 2.221061
-0.1324812 0.02324858 2.442268
-0.09783369 -0.3638746 2.413995
-0.06456783 -0.7031699 2.328304
-0.05359044 -0.777051 2.237424

-0.1820145 0.05794782 2.461734
-0.1992863 0.1164097 2.536242
-0.1813645 0.5180794 2.661683
-0.2098436 0.7073997 2.687602
-0.237463 0.4030465 2.559708
-0.3632136 0.6081244 2.636085
-0.4438373 0.85665 2.695354
-0.4704432 0.940702 2.717626
-0.08753564 0.4286468 2.629099
-0.02190645 0.6685207 2.692742
0.02902849 0.9129623 2.762905
0.04088065 0.9703726 2.787348
-0.2228295 0.02120019 2.458081
-0.2938808 -0.3293331 2.402844
-0.2829831 -0.6722142 2.309139
-0.2637838 -0.7521721 2.219335
-0.1326041 0.02155638 2.441889
-0.09325156 -0.3606378 2.41536
-0.06418475 -0.7029843 2.328031
-0.05372841 -0.7767749 2.237675

-0.1804281 0.05756957 2.461792
-0.1967098 0.1160258 2.536604
-0.1793547 0.5187664 2.661063
-0.2078171 0.7082321 2.686981
-0.2426494 0.4105344 2.56713
-0.3652088 0.6174398 2.634091
-0.4459953 0.8590127 2.694082
-0.4707892 0.9426439 2.719486
-0.08407376 0.4286071 2.62749
-0.01515904 0.6671947 2.689229
0.03057522 0.9121547 2.761323
0.04387939 0.9678991 2.784677
-0.2214581 0.02130859 2.457066
-0.2882043 -0.3292692 2.402826
-0.281261 -0.6737512 2.308357
-0.2627761 -0.7535856 2.217674
-0.1324141 0.02064378 2.441688
-0.08915003 -0.3576195 2.416645
-0.06375149 -0.7027659 2.327788
-0.05386044 -0.7765286 2.237942

-0.1785603 0.05756511 2.46232
-0.1935699 0.1159322 2.53752
-0.1768943 0.5193043 2.660843
-0.2056224 0.7087085 2.686253
-0.2428358 0.4130701 2.57006
-0.3650665 0.6204685 2.632269
-0.4470272 0.859212 2.692464
-0.470605 0.9426785 2.720143
-0.08112921 0.4285206 2.626283
-0.01096079 0.6665716 2.686491
0.03229345 0.9114726 2.759943
0.04660674 0.9661486 2.782386
-0.2196552 0.02180812 2.45658
-0.2834873 -0.3291529 2.402785
-0.2796709 -0.675163 2.307687
-0.2619356 -0.7548605 2.216164
-0.1322198 0.02019524 2.441696
-0.08499998 -0.3548348 2.418168
-0.06327567 -0.7024778 2.327596
-0.05395838 -0.7763225 2.238098

-0.1767299 0.05780127 2.462987
-0.1907638 0.1160163 2.538469
-0.17498 0.5197179 2.660795
-0.2011585 0.7093769 2.685584
-0.2420263 0.4148695 2.57268
-0.3644311 0.6228678 2.630738
-0.4479494 0.859505 2.690834
-0.4702844 0.94247 2.720423
-0.07757464 0.4285236 2.625609
-0.0007587008 0.6658308 2.681935
0.04754993 0.9096655 2.75429
0.0629613 0.9646171 2.772497
-0.2177703 0.02239552 2.456809
-0.2788777 -0.3296166 2.402797
-0.2781404 -0.6765254 2.30702
-0.2612356 -0.7560128 2.214983
-0.1318331 0.01992657 2.441465
-0.08083266 -0.3531186 2.419636
-0.06263126 -0.7020697 2.327503
-0.05404223 -0.7759593 2.23862

-0.1725612 0.05785196 2.464288
-0.1857036 0.1158976 2.539985
-0.172642 0.5203121 2.661094
-0.1952846 0.710435 2.685504
-0.239222 0.4162345 2.575393
-0.3627807 0.6252027 2.629493
-0.4486106 0.8603179 2.688358
-0.4700109 0.9420826 2.720434
-0.07348249 0.4284271 2.625224
0.005896462 0.6654697 2.67923
0.05373137 0.909131 2.751544
0.06875928 0.963721 2.769668
-0.2136245 0.02290932 2.458078
-0.2736632 -0.3295571 2.402949
-0.2768877 -0.6775923 2.306497
-0.2607026 -0.7569095 2.214094
-0.1297902 0.01995122 2.44132
-0.07697833 -0.352067 2.420866
-0.06160422 -0.7015627 2.327577
-0.05410413 -0.7756259 2.239218

-0.1651525 0.05765651 2.466414
-0.176951 0.1154265 2.542356
-0.1644332 0.5214316 2.663187
-0.1888381 0.7111445 2.685682
-0.2346156 0.4153974 2.576812
-0.3597741 0.6260644 2.627925
-0.4477122 0.8604426 2.68374
-0.4689281 0.9400842 2.715844
-0.06923881 0.4279664 2.624886
0.02012303 0.6626771 2.675652
0.05929115 0.9078168 2.749017
0.07330264 0.9624276 2.767632
-0.2061203 0.02346993 2.459424
-0.2684676 -0.3294013 2.403175
-0.2757988 -0.6784915 2.306063
-0.2602685 -0.757654 2.21337
-0.1241181 0.02004066 2.44283
-0.07210577 -0.3505376 2.422407
-0.06024896 -0.7010313 2.327717
-0.05414256 -0.7753278 2.239773

-0.1485267 0.06032775 2.472204
-0.1698648 0.1170017 2.544531
-0.1573869 0.5233256 2.665229
-0.1822916 0.7126169 2.685343
-0.2100023 0.4028575 2.569119
-0.3438507 0.6154939 2.621521
-0.4392135 0.8500851 2.672381
-0.459835 0.9248581 2.702249
-0.03930311 0.4574999 2.668614
0.04698602 0.6974738 2.702056
0.0806855 0.9298123 2.752172
0.08515967 0.9829121 2.772355
-0.1864894 0.02502802 2.466055
-0.263624 -0.329668 2.403511
-0.2745396 -0.6794679 2.305766
-0.2599136 -0.7582226 2.212867
-0.110058 0.02287872 2.446501
-0.06708535 -0.3494565 2.423992
-0.05837849 -0.7002696 2.328012
-0.05414863 -0.7750674 2.240234

-0.1285377 0.07061636 2.482931
-0.1563593 0.12348 2.551473
-0.1522851 0.5243853 2.666943
-0.1769965 0.713495 2.685426
-0.1996482 0.3974271 2.565837
-0.3349264 0.6100454 2.618413
-0.4303109 0.8450474 2.663989
-0.4419721 0.9043443 2.681675
-0.003985138 0.5096793 2.709163
0.06684051 0.7352512 2.718776
0.1003593 0.9706502 2.773734
0.1078903 1.030166 2.804624
-0.1736403 0.02726768 2.471054
-0.2569735 -0.3312363 2.404408
-0.2732742 -0.6804199 2.305591
-0.2596196 -0.758675 2.212485
-0.0883955 0.02910057 2.454278
-0.06003447 -0.3476851 2.426098
-0.0565111 -0.6995765 2.328364
-0.05413845 -0.7748324 2.240647

-0.1197739 0.07512332 2.487647
-0.1489716 0.127124 2.555334
-0.1488979 0.5250652 2.668082
-0.1701804 0.7146184 2.687158
-0.189626 0.3963862 2.566007
-0.3290791 0.6081885 2.616992
-0.4252987 0.8435806 2.659627
-0.4377072 0.9170381 2.6739
0.01980682 0.5236868 2.724964
0.07523478 0.7496873 2.723866
0.1087991 0.9845082 2.779972
0.135031 1.042219 2.804746
-0.1665224 0.02878092 2.473904
-0.2511382 -0.3325165 2.405347
-0.2721506 -0.6811541 2.305468
-0.2593559 -0.7589889 2.212242
-0.07779159 0.03194039 2.458281
-0.05399571 -0.3461356 2.427907
-0.05447393 -0.6987486 2.328919
-0.05410878 -0.7746174 2.241029

-0.1133539 0.07851838 2.491335
-0.1423613 0.1305228 2.559095
-0.1451949 0.5255507 2.6695
-0.1650684 0.7152107 2.688452
-0.1843964 0.3956917 2.566492
-0.3254305 0.6072179 2.616199
-0.4205672 0.8436992 2.656324
-0.4350136 0.9316482 2.670798
0.007515603 0.4880008 2.702495
0.07553908 0.7407014 2.720523
0.1141623 0.9844931 2.781781
0.145294 1.052619 2.813212
-0.1578299 0.03307598 2.473295
-0.2461625 -0.3338197 2.406266
-0.2711436 -0.6817538 2.305362
-0.2591166 -0.7592273 2.212065
-0.06243039 0.03357624 2.478719
-0.04840244 -0.3451858 2.429508
-0.05211286 -0.6977115 2.329818
-0.0539902 -0.7743771 2.241477

-0.1037248 0.09599934 2.503123
-0.1218563 0.1474433 2.573818
-0.1421528 0.526113 2.670985
-0.1578457 0.7163165 2.691171
-0.2104368 0.4115098 2.594981
-0.3343085 0.6357192 2.626689
-0.4207029 0.8715789 2.658627
-0.4339063 0.9409586 2.669949
-0.004738534 0.4481817 2.660262
0.06798358 0.6967093 2.698004
0.1244301 0.9388453 2.766281
0.1456462 0.9921737 2.788893
-0.148093 0.05050859 2.461762
-0.2416813 -0.3349039 2.407291
-0.2702015 -0.6822975 2.30528
-0.2588501 -0.7595376 2.211787
-0.04710623 0.0373916 2.513019
-0.04272835 -0.3438369 2.431155
-0.04987236 -0.6968862 2.330819
-0.05382103 -0.774165 2.242011

-0.09859081 0.1020093 2.50803
-0.1160074 0.1524285 2.578398
-0.1388666 0.5265816 2.672544
-0.1514187 0.71722 2.694591
-0.2063058 0.4076779 2.596972
-0.322422 0.6345568 2.620958
-0.4157971 0.8717546 2.656637
-0.4333912 0.9488629 2.671571
0.001981387 0.4485196 2.664367
0.07042927 0.6940492 2.696428
0.1309427 0.9124692 2.757123
0.1553419 0.9851097 2.789031
-0.1425704 0.05591478 2.458323
-0.2367402 -0.3362593 2.408731
-0.2692465 -0.6827068 2.305267
-0.2585958 -0.7598011 2.211541
-0.0410568 0.03864689 2.524413
-0.03728297 -0.3421195 2.432665
-0.03856794 -0.6800374 2.339296
-0.0526001 -0.7712348 2.246077

-0.09237677 0.1011454 2.51048
-0.1063785 0.15198 2.58187
-0.1345347 0.5267427 2.674498
-0.1466829 0.7175163 2.697119
-0.2082839 0.405582 2.59946
-0.3193475 0.636101 2.619622
-0.4139747 0.8736225 2.655877
-0.4334587 0.9543555 2.673449
-0.0109272 0.4070595 2.624708
0.0652094 0.6470532 2.676343
0.1384939 0.8681777 2.748828
0.1615374 0.9434213 2.783433
-0.1370119 0.05567966 2.455194
-0.2304968 -0.3397316 2.411153
-0.2683634 -0.6830209 2.30527
-0.2583217 -0.759995 2.211395
-0.03596155 0.03780703 2.530571
-0.03239305 -0.3408518 2.433959
-0.03308573 -0.6722448 2.343278
-0.05145822 -0.7691888 2.249242

-0.08718313 0.1001185 2.512079
-0.09946269 0.1513211 2.584074
-0.1308725 0.5267029 2.676226
-0.1423356 0.7176007 2.699445
-0.2101034 0.4037919 2.601187
-0.3172715 0.6372378 2.618905
-0.4127496 0.874851 2.655467
-0.4335287 0.9573769 2.674361
-0.01306339 0.3977489 2.615415
0.07065668 0.632858 2.673295
0.1440665 0.8572322 2.747509
0.1694085 0.9324636 2.784243
-0.132349 0.05451882 2.453115
-0.2256603 -0.3431388 2.413053
-0.2674775 -0.6833249 2.30532
-0.2576682 -0.7599693 2.21206
-0.03126981 0.03723954 2.534195
-0.02770259 -0.3398261 2.435131
-0.02970814 -0.6674633 2.345684
-0.0504878 -0.7676126 2.252142

-0.08340172 0.09813587 2.512774
-0.09450798 0.1498566 2.585274
-0.1255033 0.5262835 2.67833
-0.1352376 0.7173502 2.704467
-0.2115772 0.4019287 2.601983
-0.3172019 0.6348423 2.622044
-0.4119159 0.8729548 2.657052
-0.4343419 0.9549228 2.675619
-0.01416161 0.3919985 2.609458
0.07514684 0.6250569 2.67259
0.1535324 0.8520924 2.748189
0.1752222 0.926796 2.785602
-0.1292629 0.05259334 2.451772
-0.2219361 -0.346026 2.414559
-0.2664549 -0.6837946 2.305322
-0.2570845 -0.7599736 2.212556
-0.02717243 0.03535773 2.534936
-0.02369446 -0.3391537 2.436061
-0.02758412 -0.6645073 2.347154
-0.0496905 -0.7664989 2.254313

-0.08006965 0.09516302 2.513097
-0.09012675 0.1472096 2.586074
-0.1194552 0.5251231 2.681301
-0.1291773 0.7163634 2.70849
-0.212697 0.4000893 2.602484
-0.316055 0.6340788 2.623069
-0.411541 0.868647 2.658755
-0.4361982 0.9307317 2.673903
-0.01198037 0.3897871 2.607298
0.0812068 0.6204464 2.674875
0.1654706 0.8497997 2.751824
0.1812645 0.9236065 2.788955
-0.1266356 0.04913131 2.451396
-0.2191559 -0.3481664 2.41566
-0.265375 -0.6842555 2.305402
-0.2565725 -0.7599998 2.212946
-0.02334687 0.03266733 2.53366
-0.01955713 -0.3394513 2.437001
-0.02612502 -0.6625076 2.348163
-0.04898111 -0.7656451 2.256052

-0.07721158 0.09238423 2.513487
-0.0864377 0.1446134 2.586836
-0.1143195 0.5240053 2.684256
-0.1242009 0.7154074 2.710921
-0.2135269 0.3983375 2.602994
-0.3156377 0.6308374 2.627817
-0.4120024 0.8633213 2.66165
-0.4381793 0.9169121 2.674741
-0.007879873 0.3945032 2.610856
0.08954658 0.6213082 2.679863
0.1827925 0.851749 2.75853
0.1951139 0.9254574 2.794254
-0.1233292 0.04508515 2.453238
-0.2167576 -0.3498347 2.416489
-0.2641887 -0.6847078 2.305481
-0.2561264 -0.7600261 2.213212
-0.02057785 0.03051825 2.531736
-0.01619003 -0.3397342 2.437766
-0.02507249 -0.6610797 2.348892
-0.04841186 -0.765031 2.257351

-0.07281114 0.08637505 2.513259
-0.08176836 0.1397748 2.587184
-0.1101858 0.5230036 2.686865
-0.1139531 0.7139075 2.712991
-0.2039847 0.3958687 2.605266
-0.3137934 0.624697 2.633901
-0.4083399 0.83499 2.669041
-0.4393315 0.9029494 2.67747
-0.004584498 0.3989824 2.614437
0.09776704 0.6220595 2.685237
0.1927413 0.8520964 2.764422
0.2059459 0.9256554 2.801325
-0.1176594 0.03926395 2.456471
-0.2131026 -0.3540632 2.417676
-0.2630068 -0.6851404 2.30555
-0.2554857 -0.7600373 2.213435
-0.01845505 0.02840424 2.529302
-0.01322584 -0.3399287 2.438396
-0.02430601 -0.6600701 2.349416
-0.0479036 -0.7645307 2.258246

-0.07024767 0.08695493 2.514975
-0.0787796 0.1391202 2.588339
-0.101915 0.5213488 2.689994
-0.1096661 0.7128409 2.714454
-0.2127303 0.4136733 2.63326
-0.3227568 0.6359939 2.650303
-0.4125805 0.8342867 2.674355
-0.4421512 0.8988091 2.680313
0.03021161 0.4250525 2.650368
0.1267298 0.6540418 2.704641
0.2174937 0.8834203 2.785958
0.2323236 0.9672522 2.825815
-0.1166626 0.03833977 2.459895
-0.2095834 -0.3566739 2.418662
-0.2617534 -0.6856577 2.305588
-0.2549311 -0.760043 2.213576
-0.01601386 0.02831524 2.527537
-0.01056288 -0.3401884 2.438931
-0.02376239 -0.659404 2.349772
-0.04739631 -0.7641506 2.259007

-0.06775969 0.08171143 2.515118
-0.07497164 0.1358297 2.589048
-0.09633512 0.520025 2.692255
-0.1050268 0.711701 2.716177
-0.2054405 0.3995673 2.628103
-0.318588 0.6241792 2.654553
-0.4137008 0.8308738 2.677631
-0.450153 0.9018061 2.690068
0.0203717 0.4165446 2.638047
0.1276645 0.6361809 2.703613
0.2177657 0.8602986 2.787736
0.2610223 0.9905046 2.854482
-0.1152375 0.03555085 2.462509
-0.2062049 -0.3580695 2.419498
-0.2605702 -0.6861045 2.305619
-0.254447 -0.7600448 2.213706
-0.0145195 0.02719738 2.525613
-0.007652875 -0.3409396 2.439442
-0.02334349 -0.658914 2.350035
-0.04688681 -0.7637349 2.25966

-0.06595572 0.07959492 2.515682
-0.07304644 0.134149 2.589649
-0.09098239 0.5186473 2.694104
-0.1015551 0.7106001 2.717463
-0.2007862 0.39173 2.625062
-0.3158754 0.6171527 2.656769
-0.4151079 0.8286395 2.680467
-0.4541726 0.9006801 2.699877
0.04192735 0.4298472 2.653649
0.1390678 0.6513058 2.710689
0.2274414 0.8734741 2.79896
0.2643492 0.9730434 2.847945
-0.1142904 0.03351535 2.464723
-0.2026728 -0.3590794 2.420319
-0.2593799 -0.686539 2.305615
-0.253821 -0.7600786 2.213764
-0.01304201 0.02647799 2.524092
-0.00456089 -0.3418797 2.439938
-0.02301303 -0.658493 2.350249
-0.04627405 -0.7630789 2.260449

-0.06483183 0.07865953 2.516309
-0.07016867 0.1331719 2.590529
-0.08755895 0.5177522 2.695265
-0.09783763 0.709649 2.718801
-0.2052197 0.4111908 2.647228
-0.3227983 0.6307215 2.66459
-0.4176067 0.8294194 2.684815
-0.4575199 0.9028132 2.708233
0.037784 0.4294094 2.648943
0.1387615 0.6506972 2.708464
0.2285538 0.8715883 2.799797
0.2534976 0.9380987 2.828425
-0.113157 0.03414667 2.473415
-0.1998188 -0.3595707 2.420942
-0.2583389 -0.6869404 2.305604
-0.2530118 -0.7602216 2.213567
-0.01226893 0.0273281 2.522174
-0.001630419 -0.3429146 2.440445
-0.02275744 -0.6581824 2.350408
-0.04563027 -0.762528 2.261235

-0.06308006 0.08095286 2.51872
-0.06638806 0.1341937 2.592331
-0.08414423 0.5167463 2.696204
-0.09555019 0.708777 2.719697
-0.2071867 0.419671 2.656847
-0.3270221 0.6401056 2.670326
-0.4338813 0.8610841 2.705385
-0.4657986 0.9198889 2.72106
0.0300781 0.4274043 2.642937
0.1381393 0.6466594 2.707825
0.2280228 0.867349 2.799004
0.2457395 0.9129803 2.816081
-0.1071359 0.04267015 2.498208
-0.1974517 -0.3597989 2.42139
-0.2572017 -0.6874512 2.305682
-0.2521618 -0.7604464 2.213316
-0.01150472 0.03787306 2.515143
0.0007391715 -0.3436978 2.440856
-0.02256291 -0.6579564 2.350527
-0.04507643 -0.7620694 2.261927

-0.06183588 0.08313738 2.520671
-0.06366956 0.1351233 2.593686
-0.08057438 0.5155416 2.696968
-0.09306265 0.7076466 2.72052
-0.2082107 0.4242541 2.66193
-0.329141 0.6455246 2.674381
-0.4407806 0.8762184 2.715515
-0.4687667 0.9281697 2.731169
0.02510566 0.4252959 2.638845
0.1365456 0.6433052 2.70463
0.2289156 0.8617391 2.798098
0.2450446 0.9063981 2.813228
-0.1052516 0.04542647 2.506251
-0.1954406 -0.3597918 2.421755
-0.2562477 -0.6878828 2.305722
-0.2514769 -0.7603251 2.213434
-0.0108847 0.04280337 2.511705
0.003269543 -0.3442756 2.441509
-0.02239631 -0.6578121 2.350626
-0.04460005 -0.7616641 2.262518

-0.06060447 0.08493707 2.52238
-0.06110445 0.136083 2.595024
-0.07726763 0.5146063 2.697542
-0.09134809 0.7068201 2.721046
-0.2087521 0.4270603 2.665088
-0.3305403 0.649629 2.678298
-0.4435297 0.8828354 2.721166
-0.4702058 0.9321378 2.73685
0.02098821 0.4236899 2.636093
0.134504 0.640651 2.702067
0.2290598 0.857874 2.796188
0.2443244 0.9030849 2.811465
-0.1029605 0.04651376 2.507917
-0.1931847 -0.3601275 2.422249
-0.2554419 -0.6882472 2.305761
-0.2508931 -0.7601898 2.213562
-0.009055762 0.04375427 2.5144
0.005870148 -0.3445622 2.442298
-0.02224782 -0.6577325 2.350707
-0.04419738 -0.7613252 2.263012

-0.05937397 0.08664299 2.524059
-0.05935654 0.1369845 2.596323
-0.07462069 0.51396 2.698076
-0.08960614 0.7061197 2.721838
-0.209061 0.4289951 2.667334
-0.3311924 0.6524469 2.681026
-0.444696 0.886604 2.724481
-0.4698097 0.9341956 2.740966
0.03752837 0.425265 2.641869
0.1371907 0.6435729 2.705264
0.2313699 0.861241 2.797488
0.2444318 0.9185805 2.817809
-0.1013062 0.04679224 2.506989
-0.1910431 -0.3604257 2.422705
-0.2547189 -0.688558 2.305761
-0.2504109 -0.7600484 2.213677
-0.006457785 0.04351856 2.517854
0.008240608 -0.3446719 2.443047
-0.02208112 -0.6576815 2.350791
-0.04379075 -0.7609627 2.263501

-0.05812829 0.08780801 2.525475
-0.05824377 0.1375439 2.597385
-0.07140315 0.5133725 2.698886
-0.08807832 0.7054485 2.722823
-0.1815864 0.4086421 2.645345
-0.309552 0.6266763 2.675644
-0.4207846 0.8593103 2.725147
-0.443789 0.9089738 2.740723
0.04816574 0.4264298 2.64651
0.1395707 0.6467171 2.709056
0.2327837 0.8654554 2.798895
0.2469366 0.9354118 2.83053
-0.09989674 0.04611558 2.503693
-0.1886027 -0.3604493 2.42338
-0.2539044 -0.6889381 2.305774
-0.2499952 -0.7599001 2.213804
-0.003842446 0.04197077 2.521634
0.0102049 -0.344874 2.443727
-0.02187039 -0.6577085 2.350891
-0.04344434 -0.7606758 2.263917

-0.05718764 0.08856805 2.526541
-0.05581041 0.1381754 2.598601
-0.06910074 0.5129149 2.699532
-0.08643052 0.7047939 2.724736
-0.1810744 0.4124967 2.650269
-0.3069467 0.6325865 2.679627
-0.4140219 0.8658087 2.732498
-0.4348994 0.9181283 2.750548
0.03199792 0.4214305 2.63856
0.1378161 0.6432655 2.709433
0.2277324 0.8597309 2.796455
0.2426232 0.9349988 2.831622
-0.09891709 0.04520863 2.499928
-0.1863522 -0.3603615 2.424043
-0.2530801 -0.6893161 2.305725
-0.2496157 -0.7596595 2.214084
-0.002197023 0.04035472 2.524848
0.01224456 -0.3447348 2.444526
-0.0216056 -0.6576592 2.351059
-0.04303906 -0.7602296 2.264517

-0.05562645 0.08753082 2.527158
-0.05329374 0.1373146 2.599332
-0.06725902 0.5124409 2.700047
-0.08489703 0.7041145 2.726334
-0.1802417 0.4075189 2.648732
-0.303594 0.6309606 2.680231
-0.4035855 0.8621345 2.735985
-0.4272507 0.9154546 2.753195
0.02836912 0.4067757 2.626041
0.1293063 0.6258212 2.704099
0.2144351 0.8456798 2.79149
0.2331005 0.9249775 2.828385
-0.09816947 0.04183001 2.498057
-0.1846287 -0.3602222 2.424579
-0.2522433 -0.6896685 2.305707
-0.2492547 -0.7593634 2.21455
5.915336E-05 0.03736677 2.524392
0.01402312 -0.3449491 2.445216
-0.02125284 -0.6576036 2.351246
-0.04266519 -0.7597936 2.265073

-0.05427603 0.0863109 2.527542
-0.05190981 0.1365218 2.59984
-0.06512037 0.5118966 2.700751
-0.08377315 0.7034284 2.72779
-0.1803267 0.4036063 2.647632
-0.2987863 0.6291846 2.681224
-0.3900587 0.8597444 2.741386
-0.4194928 0.9149891 2.756538
0.03943591 0.4096911 2.630584
0.1293655 0.6258027 2.705913
0.2097637 0.8536659 2.795443
0.2295464 0.9320809 2.833317
-0.09810059 0.03844148 2.496612
-0.183265 -0.3600075 2.425028
-0.2514539 -0.68998 2.305673
-0.2489567 -0.7590303 2.215057
0.002049338 0.03454049 2.523323
0.01552196 -0.3453936 2.44586
-0.02084376 -0.6575569 2.351445
-0.04233174 -0.7594142 2.265564

-0.05287126 0.08423257 2.527593
-0.05108625 0.1352871 2.600161
-0.06267817 0.5114565 2.701678
-0.08288606 0.7028871 2.728907
-0.1631592 0.3954122 2.637372
-0.2793352 0.6183153 2.680759
-0.3731 0.8485819 2.742254
-0.4086901 0.9156548 2.760783
0.04776417 0.4132488 2.635628
0.1310979 0.6314571 2.711465
0.2047065 0.8638894 2.797601
0.2206256 0.9459938 2.834208
-0.09796121 0.03510601 2.495968
-0.1821494 -0.3596966 2.425452
-0.2507706 -0.6902422 2.305643
-0.2486691 -0.758762 2.21545
0.003361152 0.03208344 2.521618
0.01674015 -0.3458312 2.446424
-0.02042589 -0.6575084 2.351644
-0.04204815 -0.7590755 2.266018

-0.05146496 0.07899857 2.526837
-0.0504704 0.1316387 2.60003
-0.06000238 0.5106748 2.702651
-0.08196631 0.7020506 2.730154
-0.1550975 0.39162 2.632508
-0.2674329 0.6138324 2.679941
-0.3631268 0.8433732 2.742954
-0.3971693 0.9160945 2.764031
0.05307305 0.4156828 2.639132
0.1296896 0.6391089 2.71233
0.1975276 0.8730763 2.799407
0.2124095 0.9663411 2.83945
-0.09852903 0.02943799 2.495912
-0.1813031 -0.3594239 2.425789
-0.2501948 -0.6904603 2.305615
-0.2484408 -0.7585485 2.215773
0.004191103 0.02880385 2.518788
0.01778878 -0.346321 2.446929
-0.01992329 -0.6573785 2.351911
-0.04175294 -0.7586517 2.266541

-0.05081632 0.07413826 2.525988
-0.05039386 0.1280961 2.599743
-0.05785649 0.5101083 2.703425
-0.08118702 0.7013422 2.73143
-0.1496914 0.3892538 2.629105
-0.2586146 0.6107387 2.680659
-0.3544671 0.8397263 2.744448
-0.3866734 0.9174274 2.766972
0.05643783 0.4174382 2.641576
0.128348 0.6446999 2.712828
0.1921883 0.879369 2.800027
0.2079404 0.9757947 2.841871
-0.09939525 0.02377123 2.498314
-0.1806637 -0.3591877 2.426055
-0.249639 -0.6906945 2.305567
-0.2481532 -0.7584016 2.215953
0.00185393 0.02380053 2.510691
0.01859517 -0.3467195 2.447327
-0.01941833 -0.6572302 2.352173
-0.04145307 -0.7582306 2.267004

-0.05057331 0.07066628 2.525274
-0.05061106 0.1252672 2.599422
-0.05505418 0.509315 2.704289
-0.0806318 0.7004462 2.732656
-0.1457078 0.3878263 2.626483
-0.2528526 0.6088651 2.68094
-0.3441682 0.8373924 2.747701
-0.3672999 0.9247413 2.778787
0.05868411 0.4188325 2.643504
0.1278795 0.6469387 2.714208
0.1848278 0.885066 2.800969
0.1942202 0.9671361 2.836372
-0.1002246 0.02019239 2.500599
-0.1801589 -0.3588841 2.426321
-0.2491632 -0.6908862 2.305527
-0.2478835 -0.7582521 2.216226
-0.0006751303 0.02079025 2.50408
0.01919299 -0.3470052 2.447631
-0.01886907 -0.6570131 2.352458
-0.04116461 -0.7577788 2.267499

-0.05054828 0.06801939 2.524706
-0.05112818 0.1228679 2.599108
-0.05297164 0.5086648 2.704986
-0.08020187 0.6996343 2.733755
-0.143013 0.3869284 2.624714
-0.2477508 0.6079113 2.681647
-0.3259762 0.8392839 2.751766
-0.3493465 0.9120703 2.781626
0.06060186 0.4205303 2.646153
0.1266269 0.65 2.714774
0.178338 0.8901937 2.801887
0.1789457 0.9918624 2.855794
-0.1010562 0.01721663 2.503315
-0.1797817 -0.3586121 2.426536
-0.248778 -0.691054 2.305494
-0.2476391 -0.7581707 2.216413
-0.002685054 0.01882371 2.499101
0.01962125 -0.3472038 2.447866
-0.01833913 -0.6567778 2.352734
-0.04089379 -0.7573397 2.267959

-0.05068475 0.06607266 2.524245
-0.05162438 0.1210072 2.59883
-0.05094087 0.5080377 2.705745
-0.0800574 0.6987004 2.73488
-0.141054 0.3864924 2.623427
-0.2383621 0.6100032 2.683305
-0.3124286 0.842304 2.7551
-0.336053 0.9073846 2.782333
0.06163444 0.4216761 2.647704
0.1250279 0.6529003 2.714518
0.1708944 0.8942193 2.802038
0.1665837 0.9886056 2.855254
-0.1017631 0.01525488 2.505537
-0.1795004 -0.3583699 2.426714
-0.2484529 -0.6911812 2.305476
-0.2474522 -0.7581078 2.21656
-0.004461105 0.01775096 2.495457
0.01992386 -0.3473394 2.448052
-0.01783032 -0.6565298 2.353034
-0.04065165 -0.7569096 2.268434

-0.05094981 0.06464432 2.523865
-0.05202083 0.11964 2.598608
-0.04640723 0.5089629 2.70784
-0.08044088 0.6983082 2.736141
-0.1396583 0.3871004 2.622699
-0.2346589 0.6110213 2.685066
-0.2968339 0.8473792 2.761839
-0.3132197 0.9190155 2.792532
0.06205314 0.4225248 2.648658
0.1231375 0.655434 2.713696
0.1637528 0.8969288 2.801385
0.1518566 1.001354 2.85199
-0.1024419 0.01413689 2.507232
-0.179304 -0.3580831 2.426869
-0.2481825 -0.6912882 2.305455
-0.247297 -0.7580611 2.21668
-0.006002091 0.01721996 2.492985
0.02013235 -0.34745 2.448205
-0.01746329 -0.6563891 2.353246
-0.04051687 -0.7566174 2.268759

-0.05123127 0.06364509 2.523579
-0.05234497 0.1186732 2.598449
-0.04180591 0.5101216 2.709882
-0.08113004 0.6980216 2.737999
-0.1385599 0.3883957 2.622382
-0.2323617 0.6115385 2.686021
-0.2884406 0.8501239 2.765911
-0.3024883 0.9244219 2.797975
0.06170269 0.4237689 2.649552
0.1212093 0.6579258 2.712862
0.1495703 0.9005207 2.800928
0.1367744 0.9805135 2.831537
-0.1030675 0.01368148 2.509072
-0.1792053 -0.3577617 2.427004
-0.2479456 -0.6913808 2.305433
-0.247174 -0.7580255 2.216774
-0.007643787 0.01742804 2.490964
0.02019603 -0.347657 2.448368
-0.01864653 -0.6768075 2.349266
-0.04077188 -0.7579278 2.268076

-0.05480908 0.07307218 2.528059
-0.05073181 0.122837 2.600529
-0.03723752 0.511602 2.711529
-0.08185533 0.6978971 2.73948
-0.1838551 0.4685976 2.699966
-0.2440662 0.6402484 2.695964
-0.2814213 0.8512712 2.767964
-0.2925329 0.9233356 2.799352
0.06108462 0.4246226 2.649891
0.1194681 0.6598032 2.71175
0.1340653 0.9015085 2.801491
0.1403471 0.9587763 2.810763
-0.1109782 0.02257985 2.515094
-0.1792077 -0.357289 2.427159
-0.2477495 -0.6914567 2.305413
-0.2470959 -0.7580172 2.216825
-0.008861314 0.02049761 2.491224
0.02013597 -0.3478243 2.448524
-0.01871505 -0.6779728 2.349652
-0.04077067 -0.7580658 2.268102

-0.05597569 0.07535254 2.529242
-0.05300082 0.125447 2.601833
-0.03409726 0.5126394 2.71262
-0.08249498 0.6978192 2.740668
-0.1428401 0.4387562 2.65712
-0.2448666 0.6432551 2.698774
-0.2760777 0.8503335 2.768512
-0.2864539 0.9230295 2.799598
0.06159747 0.4441677 2.672345
0.1186734 0.6708078 2.719927
0.120585 0.9211464 2.813068
0.1197617 1.025484 2.858045
-0.1130622 0.02557825 2.51786
-0.1793471 -0.3566646 2.427336
-0.2475918 -0.6915219 2.305391
-0.2470422 -0.7580115 2.216862
-0.00980781 0.02331811 2.491832
0.01993828 -0.3479945 2.448689
-0.01874719 -0.6772436 2.350482
-0.04077194 -0.7581679 2.26813

-0.05837057 0.0843642 2.533069
-0.05303251 0.1316004 2.604525
-0.03193588 0.5134851 2.713256
-0.08367003 0.6977698 2.741765
-0.1736732 0.4741191 2.70308
-0.2494381 0.6660744 2.70939
-0.2703005 0.893116 2.790127
-0.2770787 0.9674891 2.821322
0.06199067 0.458126 2.687208
0.1183722 0.6828441 2.729656
0.1061198 0.9368476 2.824929
0.1000494 1.081339 2.894992
-0.1160313 0.03521227 2.520969
-0.1796128 -0.3559564 2.427536
-0.2474687 -0.6915781 2.30537
-0.2469984 -0.7580917 2.216841
-0.01133214 0.03185726 2.497781
0.01958158 -0.3479793 2.448885
-0.01875261 -0.6754653 2.351461
-0.04077119 -0.7582456 2.268159

-0.0607111 0.0973442 2.538229
-0.05492404 0.14428 2.609864
-0.03379444 0.5183216 2.715459
-0.08462185 0.7019224 2.741751
-0.183486 0.4843516 2.717734
-0.2523542 0.7085177 2.734948
-0.2670324 0.9126663 2.798703
-0.2730258 0.9776611 2.825582
0.07046742 0.5057967 2.722152
0.1269715 0.7370496 2.768659
0.09626038 0.9808698 2.844465
0.09461997 1.090159 2.902189
-0.1186065 0.04383231 2.52444
-0.1800043 -0.3552616 2.427732
-0.2473782 -0.6916165 2.305353
-0.2469529 -0.7581891 2.216792
-0.01084305 0.04492306 2.50326
0.01886678 -0.3475952 2.449182
-0.018799 -0.6734525 2.352331
-0.04077191 -0.7583098 2.268184

-0.06488081 0.1043297 2.540824
-0.05730823 0.1510351 2.612683
-0.03468588 0.5217556 2.717176
-0.08540795 0.7049563 2.741357
-0.1907054 0.4958236 2.726962
-0.2556468 0.7446762 2.752884
-0.2600627 0.9581637 2.818856
-0.2625224 1.027274 2.845691
0.06988454 0.4804593 2.707774
0.1278176 0.737044 2.770624
0.08982451 0.9636833 2.823862
0.08345057 1.038285 2.861645
-0.1405733 0.05791981 2.53403
-0.1818244 -0.3558928 2.427822
-0.2473111 -0.6916503 2.305337
-0.2468759 -0.7584627 2.216586
-0.01267055 0.04790501 2.50308
0.01792712 -0.3469558 2.449539
-0.01883477 -0.6714423 2.35308
-0.04077202 -0.7583581 2.268208

-0.06774017 0.1094537 2.542556
-0.05963005 0.1564157 2.614845
-0.04045392 0.5285671 2.722092
-0.08577446 0.7105459 2.739064
-0.1941832 0.5008363 2.731674
-0.2567279 0.7558523 2.758848
-0.2555192 0.9766526 2.827146
-0.2571615 1.045291 2.852993
0.0701587 0.4745211 2.70625
0.1280393 0.7313638 2.769137
0.08616183 0.9554595 2.824268
0.06620084 1.010435 2.830307
-0.1454462 0.06459488 2.536431
-0.1836145 -0.3559435 2.427949
-0.2472657 -0.6916668 2.305329
-0.2468389 -0.7586969 2.216469
-0.01407794 0.05141976 2.503673
0.01598865 -0.3450197 2.450284
-0.0188968 -0.6695017 2.353744
-0.0407731 -0.7583902 2.268244

-0.08469106 0.1461667 2.554936
-0.0833688 0.1919874 2.628386
-0.08503571 0.5568618 2.738341
-0.05763592 0.7259142 2.720568
-0.2064764 0.564957 2.751247
-0.2587998 0.7690139 2.764214
-0.2489422 0.9820547 2.826785
-0.2487677 1.049291 2.851934
0.0695404 0.4655547 2.701028
0.1277824 0.7230484 2.765384
0.08545221 0.9466086 2.822875
0.04961348 0.9647258 2.790175
-0.1519056 0.0965548 2.528187
-0.1855545 -0.356092 2.428029
-0.2472374 -0.6916264 2.305343
-0.2468287 -0.7589171 2.216406
-0.02524443 0.07697865 2.528368
0.01393617 -0.3431897 2.451061
-0.0190235 -0.6678717 2.354269
-0.04077685 -0.7584112 2.268274

-0.203369 0.134588 2.522756
-0.2127583 0.1780971 2.590229
-0.1656166 0.5213631 2.687391
-0.1687641 0.711982 2.693183
-0.3067497 0.499555 2.662965
-0.3838191 0.7326235 2.691893
-0.426583 0.9329066 2.7629
-0.4366131 0.9834806 2.785356
-0.05045101 0.4350699 2.680652
0.01548666 0.6038856 2.713825
0.08051585 0.8423975 2.777782
0.1196687 0.9470708 2.835522
-0.2702221 0.07775135 2.528436
-0.31324 -0.3489882 2.424989
-0.292111 -0.6601813 2.320185
-0.2666637 -0.7481402 2.222578
-0.1653108 0.08321385 2.47241
-0.1072424 -0.3705748 2.432817
-0.05526066 -0.7014617 2.335592
-0.05156845 -0.774749 2.245326

-0.210219 0.1344363 2.522413
-0.2154078 0.1791189 2.590674
-0.16741 0.5205294 2.68405
-0.1710217 0.7114212 2.692996
-0.3073231 0.501865 2.662741
-0.3891124 0.7328067 2.692965
-0.4389744 0.9294384 2.767185
-0.4457255 0.9828437 2.790211
-0.05888769 0.4361197 2.675397
0.01337657 0.5979804 2.711742
0.08099007 0.8363819 2.776661
0.1238123 0.9514738 2.838463
-0.2738886 0.07944273 2.523949
-0.3163651 -0.3505177 2.425013
-0.2938688 -0.6586949 2.320579
-0.2676374 -0.7471323 2.223915
-0.1732408 0.08151376 2.478168
-0.1102166 -0.3712178 2.431731
-0.05577901 -0.7014519 2.33533
-0.0518464 -0.7747504 2.245035

-0.2176505 0.1333607 2.521268
-0.219579 0.1788899 2.590352
-0.1704034 0.5188882 2.680766
-0.173137 0.7104046 2.692605
-0.3068051 0.5007544 2.65967
-0.3941028 0.7270637 2.693086
-0.4501372 0.9240481 2.769182
-0.4565572 0.9790183 2.792838
-0.06468544 0.4369123 2.671993
0.02062118 0.6338673 2.7142
0.09483522 0.8659028 2.789405
0.1277705 0.9608847 2.843585
-0.2783166 0.07976624 2.52026
-0.3189585 -0.3518723 2.425061
-0.2951195 -0.6578165 2.320768
-0.2682935 -0.7465532 2.224758
-0.1801544 0.0798955 2.47994
-0.1127528 -0.3716882 2.430777
-0.05628027 -0.7013871 2.335106
-0.05209778 -0.7747334 2.244781

-0.2243291 0.1320331 2.520191
-0.2240232 0.1781521 2.589879
-0.1725544 0.5178227 2.678653
-0.1782469 0.7090244 2.691792
-0.303374 0.4921128 2.650382
-0.4005269 0.716477 2.692084
-0.4606425 0.9188142 2.770856
-0.4723464 0.9726928 2.795015
-0.06824528 0.4374881 2.670436
0.02479802 0.6549681 2.715963
0.1060218 0.8809217 2.79752
0.130601 0.965019 2.846274
-0.2834955 0.07873772 2.518021
-0.3213106 -0.3526218 2.42518
-0.2960753 -0.6571795 2.320913
-0.2687998 -0.7461286 2.225436
-0.187045 0.07805677 2.479114
-0.1150793 -0.3718802 2.429901
-0.05678997 -0.7012961 2.334863
-0.05233883 -0.7746804 2.244545
