
-0.1525765 0.0740997 2.467257
-0.1457005 0.1076165 2.547832
-0.0855982 0.4475579 2.714101
-0.08708434 0.6448321 2.758452
-0.1608092 0.327314 2.608134
-0.3828551 0.3911602 2.655202
-0.6186079 0.4264914 2.686801
-0.6971921 0.4382684 2.701949
0.06773531 0.3382743 2.638773
0.05482743 0.4254121 2.394508
0.04841885 0.4809239 2.206184
0.04109247 0.524175 2.080131
-0.2116225 0.02912645 2.427837
-0.2606646 -0.1173626 2.139548
-0.2002199 -0.4702069 2.201328
-0.2151413 -0.4586525 2.09623
-0.1087775 0.03405859 2.447333
-0.1196914 -0.3677178 2.327344
-0.1649567 -0.6739132 2.261837
-0.1612455 -0.7512934 2.190529

-0.1097524 0.0470548 2.465069
-0.1093841 0.08510058 2.546911
-0.08479101 0.4468601 2.715614
-0.08869486 0.6207294 2.761575
-0.1608884 0.3275656 2.609185
-0.3816751 0.3910119 2.655501
-0.6160562 0.426628 2.68662
-0.7425888 0.4417369 2.698359
0.06388406 0.3391948 2.6398
0.05915455 0.4125677 2.425807
0.04840673 0.4808392 2.207477
0.04118776 0.523819 2.081122
-0.1621175 0.002078186 2.422463
-0.2682896 -0.1477223 2.106293
-0.2843662 -0.3359267 1.89118
-0.2817675 -0.3135124 1.802059
-0.06379793 0.007098689 2.45072
-0.1209181 -0.3678241 2.328366
-0.1687591 -0.6279288 2.266156
-0.1736955 -0.6678562 2.184407

-0.08864491 0.03125297 2.460217
-0.09340122 0.07385666 2.543629
-0.08461754 0.4467274 2.715643
-0.08966155 0.6087354 2.760231
-0.1609287 0.3276425 2.609055
-0.3814325 0.390297 2.654273
-0.6149369 0.4257108 2.684445
-0.7372493 0.439657 2.692486
0.06328144 0.3393495 2.639832
0.05810979 0.4133566 2.425403
0.04840411 0.4808247 2.207667
0.0412015 0.5237589 2.081264
-0.1390267 -0.01538818 2.416001
-0.2705154 -0.1607365 2.091528
-0.2969149 -0.315729 1.842815
-0.2919024 -0.2912092 1.75585
-0.04001635 -0.01043858 2.447461
-0.1355082 -0.4011949 2.32215
-0.1786685 -0.6421663 2.26067
-0.1702451 -0.7141089 2.186301

-0.08031901 0.02493718 2.459022
-0.0863698 0.06884861 2.542729
-0.08445297 0.4466317 2.715677
-0.090101 0.6029601 2.760242
-0.1609971 0.3277171 2.609018
-0.3809296 0.391208 2.656848
-0.6149017 0.4258734 2.684343
-0.7353782 0.4392896 2.689831
0.0628498 0.3394578 2.639919
0.05895184 0.4112939 2.431214
0.0484019 0.4808131 2.207811
0.04121201 0.52371 2.081373
-0.1304844 -0.02245614 2.416218
-0.2716083 -0.166444 2.085664
-0.3032824 -0.3051776 1.819608
-0.2969117 -0.2793429 1.73296
-0.03080683 -0.01746096 2.446229
-0.1418375 -0.4149362 2.320176
-0.1841565 -0.6525788 2.257892
-0.1713773 -0.7291592 2.187436

-0.08186395 0.02486397 2.459651
-0.08478486 0.06770227 2.542581
-0.08348271 0.4471214 2.715145
-0.09052286 0.5994318 2.760493
-0.161174 0.3278505 2.60889
-0.3831598 0.3934773 2.661871
-0.6239226 0.4284143 2.686237
-0.7371624 0.4394201 2.6887
0.06253822 0.3393735 2.639963
0.05439648 0.4126219 2.416746
0.04839699 0.4820672 2.203656
0.0412159 0.5236369 2.081434
-0.1396435 -0.0182123 2.423895
-0.2728071 -0.1700941 2.08278
-0.3035212 -0.3050199 1.822205
-0.2959373 -0.2793775 1.73526
-0.03222455 -0.0187276 2.444263
-0.1450261 -0.4216816 2.319364
-0.1871884 -0.6598721 2.256471
-0.171436 -0.7417197 2.188364

-0.1235951 0.0901075 2.482504
-0.116943 0.1181028 2.558615
-0.08252279 0.4477497 2.714363
-0.09117285 0.5980824 2.760487
-0.1614835 0.3279553 2.608362
-0.3870224 0.3962207 2.667379
-0.6393098 0.4322159 2.688918
-0.7407465 0.4406005 2.688315
0.05628867 0.3337252 2.635178
0.05209626 0.4132797 2.410129
0.0482739 0.4825961 2.200715
0.04120788 0.5235104 2.081445
-0.1792832 0.05219262 2.449811
-0.2744688 -0.1727001 2.085392
-0.3137826 -0.2909298 1.788718
-0.2969376 -0.2783136 1.736517
-0.08364251 0.05134613 2.46553
-0.1453551 -0.394066 2.329199
-0.1888157 -0.664691 2.255769
-0.1715396 -0.7492101 2.188823

-0.1432446 0.1189974 2.493253
-0.1373047 0.1471796 2.568036
-0.0817378 0.4483942 2.713512
-0.09236315 0.6008664 2.759725
-0.1618407 0.3280589 2.607687
-0.391659 0.3989127 2.672389
-0.6554495 0.4360273 2.691252
-0.7469867 0.442634 2.688823
0.05353091 0.3307469 2.632842
0.05065456 0.4132011 2.405955
0.04775451 0.4825328 2.197987
0.04113517 0.5231964 2.081272
-0.2006026 0.08287027 2.461798
-0.2766835 -0.1743023 2.107222
-0.3046865 -0.2897705 1.830756
-0.2867591 -0.2720003 1.776776
-0.103935 0.07827664 2.474269
-0.1449333 -0.3868898 2.333499
-0.1897 -0.6681162 2.255449
-0.1717037 -0.7541736 2.189124

-0.1539027 0.1338816 2.499022
-0.1457046 0.1591126 2.571936
-0.08066411 0.4489568 2.711956
-0.0931024 0.6059062 2.758155
-0.1624698 0.3281338 2.606893
-0.3968916 0.4014276 2.676969
-0.670249 0.4392594 2.692852
-0.7555537 0.4450947 2.689793
0.05193093 0.3288054 2.631458
0.04938157 0.4130451 2.402807
0.04704875 0.4819202 2.194938
0.04086745 0.5224698 2.080611
-0.2225265 0.0997107 2.489276
-0.2785797 -0.1750159 2.118865
-0.2961762 -0.2979851 1.869029
-0.2832905 -0.2743578 1.792679
-0.117515 0.09300145 2.472758
-0.1451443 -0.3850904 2.335129
-0.1901284 -0.6706198 2.255352
-0.1718202 -0.7574182 2.189259

-0.174651 0.1292146 2.503506
-0.1567633 0.1613047 2.574981
-0.0795427 0.44962 2.710224
-0.09270652 0.6094835 2.755454
-0.1636291 0.3282514 2.606177
-0.4031678 0.4026156 2.677172
-0.6804529 0.4412034 2.693488
-0.7625288 0.4466443 2.689826
0.04558868 0.3279665 2.629263
0.04766453 0.4124105 2.39873
0.04524612 0.4795432 2.190616
0.03959791 0.5195651 2.07812
-0.2378199 0.09778743 2.499759
-0.2795732 -0.1753576 2.137235
-0.2943949 -0.3054672 1.887038
-0.2835966 -0.2860986 1.811536
-0.1421788 0.08880688 2.470543
-0.1415264 -0.3773748 2.341647
-0.1901788 -0.6716917 2.25553
-0.171946 -0.7592909 2.189637

-0.1821121 0.1239395 2.506385
-0.1605993 0.1596564 2.577005
-0.07922379 0.4518641 2.709241
-0.09412569 0.6141168 2.753587
-0.2169858 0.3501094 2.647595
-0.4224716 0.4080011 2.687522
-0.6893417 0.4426412 2.694005
-0.7700085 0.4479409 2.689821
0.03513286 0.3274982 2.627608
0.04578999 0.4119731 2.395682
0.04333985 0.477178 2.186919
0.03682715 0.5154281 2.074883
-0.2442821 0.08701883 2.502536
-0.2818063 -0.1755836 2.150279
-0.2887771 -0.3315479 1.957556
-0.2919324 -0.3482354 1.866949
-0.1453227 0.07738812 2.471508
-0.1392715 -0.3726723 2.345806
-0.1897152 -0.6720487 2.256191
-0.1722613 -0.7600887 2.190372

-0.1783295 0.1161033 2.511989
-0.1575576 0.1544978 2.581581
-0.07920109 0.4547242 2.708924
-0.09557587 0.6198621 2.752175
-0.2516097 0.36581 2.676692
-0.4865001 0.4202572 2.700749
-0.6996737 0.4437644 2.694435
-0.7805525 0.4491743 2.689743
0.02927028 0.3267777 2.626754
0.04195534 0.4102461 2.397407
0.03992224 0.4745393 2.182086
0.03270338 0.5107815 2.073056
-0.2427635 0.07264189 2.501129
-0.28391 -0.1755091 2.159906
-0.2925329 -0.3380333 1.986166
-0.3034994 -0.3459113 1.894838
-0.1272774 0.05899498 2.480342
-0.1374117 -0.3654193 2.351904
-0.1868103 -0.6651235 2.260792
-0.1731855 -0.7534882 2.195774

-0.1727616 0.1098133 2.516088
-0.1532483 0.1495708 2.585288
-0.0794543 0.4574354 2.708739
-0.09659033 0.6230797 2.751392
-0.2648545 0.3721578 2.68798
-0.4937471 0.4224322 2.705977
-0.7013355 0.4441118 2.695695
-0.7823702 0.4495301 2.690119
0.02492128 0.3268845 2.626566
0.03908134 0.4088806 2.39922
0.03668808 0.4727184 2.178681
0.02910562 0.5075215 2.071577
-0.2385294 0.06119258 2.499493
-0.2862648 -0.1751656 2.168278
-0.3036779 -0.3483059 1.980189
-0.3176733 -0.3433036 1.886185
-0.1176022 0.05113887 2.485081
-0.1365852 -0.3466061 2.363622
-0.1813639 -0.6425194 2.270604
-0.1868088 -0.6792105 2.190098

-0.167884 0.1049829 2.518744
-0.1489794 0.1451212 2.588107
-0.07986668 0.4603578 2.709246
-0.09731973 0.6251814 2.750945
-0.2728216 0.3757926 2.694578
-0.4925201 0.4229334 2.709974
-0.7027876 0.4443163 2.696729
-0.7840094 0.4497919 2.690396
0.01862556 0.3287303 2.626801
0.03622404 0.4073744 2.402241
0.03349786 0.4713951 2.176199
0.02545045 0.5051243 2.070392
-0.2343703 0.05275219 2.498099
-0.2885623 -0.1751015 2.17439
-0.3049991 -0.3509383 1.9949
-0.3229794 -0.3415987 1.900774
-0.112185 0.04701757 2.488002
-0.1362494 -0.3347381 2.370934
-0.1790519 -0.6326781 2.275032
-0.1957937 -0.6359546 2.187029

-0.1645793 0.1016478 2.520717
-0.1460199 0.1418857 2.590386
-0.08037811 0.4633761 2.710353
-0.09785403 0.6266217 2.750641
-0.2764547 0.377923 2.698293
-0.4864053 0.4221646 2.712652
-0.7040762 0.4445355 2.697555
-0.7853484 0.4500092 2.690947
0.01379643 0.3302719 2.627357
0.03410244 0.4062026 2.405374
0.02936254 0.4708177 2.173585
0.02168645 0.5035394 2.069495
-0.2316208 0.04755224 2.497391
-0.2907873 -0.175309 2.179189
-0.3077061 -0.3509714 1.999172
-0.326394 -0.3354252 1.904173
-0.1094239 0.04460995 2.490161
-0.136216 -0.3274723 2.37545
-0.1779818 -0.6278286 2.277564
-0.1990681 -0.6209984 2.186307

-0.162349 0.0993939 2.522178
-0.1441081 0.1396473 2.592213
-0.08119396 0.4673537 2.71302
-0.09829194 0.6278051 2.750496
-0.2755389 0.3783024 2.699208
-0.4795679 0.4210759 2.71437
-0.7046638 0.4446458 2.698367
-0.7860547 0.4502536 2.691926
0.01025224 0.3314517 2.628688
0.03196551 0.4050422 2.408694
0.02517695 0.470443 2.17205
0.01717883 0.5024961 2.069171
-0.2299674 0.04398757 2.497411
-0.2931776 -0.175965 2.182861
-0.3112153 -0.3486414 1.998722
-0.3287809 -0.3291568 1.904006
-0.10766 0.04307399 2.491604
-0.1366187 -0.3222492 2.378603
-0.1773537 -0.6246412 2.279401
-0.2011516 -0.6118191 2.186169

-0.1606206 0.09859743 2.524022
-0.1426743 0.1386522 2.594527
-0.08198453 0.4712456 2.717139
-0.09874846 0.6290118 2.750502
-0.2720301 0.3774508 2.698111
-0.4741153 0.4201258 2.715733
-0.7051087 0.444717 2.699033
-0.7866225 0.4504569 2.692839
0.007722317 0.3324012 2.630512
0.02986379 0.4038516 2.412374
0.0213445 0.4702932 2.171283
0.01315282 0.5018486 2.069448
-0.228179 0.04487741 2.498904
-0.2954988 -0.1766312 2.185968
-0.3273218 -0.3451017 1.965488
-0.3411031 -0.3199652 1.871876
-0.1063741 0.0422141 2.493019
-0.1521705 -0.3559514 2.37175
-0.1833018 -0.6591182 2.274222
-0.1951159 -0.7155613 2.189507

-0.1593066 0.09818143 2.525471
-0.1416505 0.1380051 2.596383
-0.08259439 0.4740638 2.720818
-0.09932721 0.6302172 2.750696
-0.2680559 0.3761438 2.696282
-0.4700202 0.4193271 2.716619
-0.7053192 0.4446502 2.699322
-0.7870754 0.4505236 2.693087
0.005898444 0.3332627 2.632529
0.02761927 0.4033333 2.414066
0.01756606 0.4703003 2.17129
0.009157777 0.5015941 2.070311
-0.2267659 0.04636187 2.500235
-0.2973934 -0.1772015 2.188173
-0.3348045 -0.3415557 1.955246
-0.3470621 -0.3140324 1.861339
-0.1054866 0.04181401 2.494266
-0.1602105 -0.3744954 2.367321
-0.1877944 -0.6800919 2.270735
-0.1976539 -0.7423662 2.189512

-0.1584596 0.09777039 2.526355
-0.1409681 0.1375027 2.597629
-0.08302443 0.4760427 2.723523
-0.1005464 0.6316638 2.751241
-0.2645418 0.3747416 2.694377
-0.4769466 0.4196261 2.714975
-0.7054061 0.4444498 2.699333
-0.7874135 0.4505102 2.693196
0.004289195 0.333997 2.634444
0.02529512 0.4036401 2.414719
0.01405532 0.4703967 2.17197
0.005966614 0.501524 2.071252
-0.2258675 0.04759372 2.500284
-0.2990693 -0.1777002 2.189611
-0.3402594 -0.3387629 1.947851
-0.3517054 -0.3097413 1.853164
-0.1049484 0.04129195 2.495297
-0.1638887 -0.3835593 2.364889
-0.1901903 -0.6902268 2.268906
-0.1977531 -0.7655766 2.189333

-0.1579085 0.09729339 2.526931
-0.1405293 0.1369447 2.598529
-0.08343234 0.4774519 2.72586
-0.1017492 0.6331353 2.751899
-0.2620555 0.3733757 2.692923
-0.4840035 0.4195883 2.713573
-0.7054988 0.4441918 2.699246
-0.7877196 0.4503839 2.693216
0.002832289 0.3344623 2.636037
0.02333136 0.4039568 2.415556
0.01129341 0.4704799 2.172729
0.003194903 0.5014827 2.072726
-0.225319 0.04828915 2.499961
-0.300615 -0.1781157 2.190488
-0.3436707 -0.3351549 1.946426
-0.3544982 -0.3059901 1.851016
-0.104856 0.04036133 2.49633
-0.1660246 -0.388753 2.363449
-0.1915504 -0.695901 2.267937
-0.1979613 -0.7767739 2.189228

-0.1575422 0.09684986 2.527213
-0.1407249 0.1363807 2.599148
-0.08393212 0.4783171 2.727492
-0.1034298 0.6347216 2.753138
-0.234709 0.3566794 2.664424
-0.4796247 0.4156143 2.713854
-0.7052376 0.4435162 2.698819
-0.7878354 0.4500377 2.693171
0.001844051 0.3347602 2.63727
0.02185739 0.4041793 2.416165
0.008967954 0.4705693 2.173784
0.001139183 0.5015219 2.073991
-0.2249179 0.0489779 2.499558
-0.3026043 -0.1785675 2.190332
-0.3464896 -0.331197 1.946571
-0.3555556 -0.3025987 1.850283
-0.1052001 0.03988734 2.496652
-0.1673819 -0.3921741 2.362473
-0.1924259 -0.6996638 2.267328
-0.1982142 -0.7836404 2.188792

-0.1573649 0.09507518 2.526368
-0.1414685 0.1350316 2.599202
-0.08451124 0.4788812 2.728848
-0.105832 0.6357431 2.755078
-0.2216735 0.3478812 2.649962
-0.4751945 0.412052 2.714107
-0.7069533 0.4411582 2.697488
-0.7871429 0.4497674 2.69353
0.001062972 0.3348899 2.638296
0.02020702 0.4046883 2.416158
0.007067891 0.4706389 2.174961
-0.00041773 0.5015678 2.07524
-0.2232416 0.04842459 2.494729
-0.3044767 -0.1789382 2.189585
-0.3511832 -0.3221313 1.949063
-0.3578467 -0.2948307 1.8522
-0.1061819 0.03858449 2.497202
-0.1680395 -0.3943425 2.361613
-0.1930994 -0.7022448 2.266832
-0.1987932 -0.7846496 2.187658

-0.1573302 0.09353326 2.52542
-0.1423541 0.1337877 2.599036
-0.08529817 0.4791956 2.730039
-0.108223 0.636692 2.756526
-0.2166405 0.3437789 2.643414
-0.4676457 0.4067537 2.71434
-0.7076153 0.4359387 2.693943
-0.7881399 0.4471331 2.692677
1.859968E-05 0.3351147 2.639572
0.01836557 0.4053637 2.415338
0.005600362 0.4706829 2.176137
-0.001566269 0.5015938 2.076452
-0.2219941 0.048078 2.491962
-0.3062411 -0.1790661 2.18833
-0.3538486 -0.316484 1.950803
-0.3590149 -0.2897774 1.853776
-0.1073782 0.03795095 2.49705
-0.1680133 -0.3953431 2.360818
-0.1936816 -0.7038668 2.266359
-0.1995459 -0.781402 2.186504

-0.1577641 0.09171174 2.523416
-0.1437334 0.1322422 2.598051
-0.08644482 0.4793139 2.73111
-0.1104087 0.6376137 2.757571
-0.2138689 0.3410932 2.639174
-0.4645275 0.403971 2.713959
-0.7133951 0.4291986 2.689574
-0.787224 0.4460295 2.693444
-0.002371148 0.3355636 2.640829
0.01529874 0.4067937 2.412978
0.004484775 0.4707129 2.177234
-0.002376202 0.5016356 2.077338
-0.2211356 0.04775991 2.489864
-0.308193 -0.178726 2.185907
-0.355029 -0.3136024 1.948322
-0.3591912 -0.2870857 1.851615
-0.1092844 0.0377665 2.495435
-0.1675241 -0.3954886 2.360029
-0.1941483 -0.7046051 2.265966
-0.200247 -0.7764829 2.184891

-0.1581456 0.09028409 2.521717
-0.1449296 0.1309909 2.597136
-0.08824863 0.4794307 2.732183
-0.1127607 0.6387994 2.758334
-0.2128001 0.3392537 2.636393
-0.4626653 0.4019257 2.713359
-0.7159544 0.4234641 2.686049
-0.7920313 0.4393601 2.690259
-0.004335507 0.335937 2.641793
0.0129335 0.408021 2.411177
0.003643733 0.4707309 2.178221
-0.002956994 0.5016768 2.078044
-0.2200639 0.04779965 2.488245
-0.3101855 -0.1780813 2.181538
-0.3552616 -0.3110069 1.947257
-0.358665 -0.2846051 1.850685
-0.1109294 0.0376016 2.494051
-0.166716 -0.3949378 2.359343
-0.1945744 -0.7044407 2.265601
-0.2008301 -0.7718578 2.183744

-0.1585001 0.08924379 2.520238
-0.1459578 0.1300623 2.596267
-0.09016098 0.4797871 2.733146
-0.1153442 0.6404971 2.75901
-0.2136227 0.3383053 2.63514
-0.4623768 0.3998973 2.712104
-0.7175125 0.4197545 2.683758
-0.7959803 0.43325 2.687183
-0.006149107 0.3362895 2.64256
0.0111481 0.4089865 2.409817
0.003017524 0.4707381 2.179121
-0.003359805 0.5017163 2.078608
-0.2192368 0.04784666 2.487081
-0.3119663 -0.1770359 2.176084
-0.3548389 -0.3089215 1.946216
-0.3577039 -0.28267 1.849817
-0.112543 0.03803347 2.492499
-0.1657824 -0.3940142 2.358714
-0.1949174 -0.7034677 2.265305
-0.2013545 -0.7677172 2.183656

-0.1588025 0.08839779 2.518964
-0.1468622 0.1292908 2.595439
-0.09219097 0.4801174 2.733789
-0.1176043 0.6422246 2.759636
-0.2164695 0.3383358 2.635019
-0.4629843 0.3980367 2.71051
-0.7180165 0.4169851 2.681801
-0.7980222 0.4280258 2.684234
-0.007575669 0.3365957 2.643074
0.009850342 0.4096421 2.409036
0.002531132 0.4707482 2.18038
-0.003629268 0.5017569 2.079062
-0.2185998 0.04788482 2.486267
-0.3130791 -0.1759555 2.171795
-0.3518243 -0.3076289 1.945063
-0.3537802 -0.2816772 1.848856
-0.1138164 0.0381387 2.490954
-0.1648257 -0.3924011 2.358014
-0.1951875 -0.7023178 2.265082
-0.2018829 -0.7644731 2.183605

-0.1593459 0.08828167 2.51764
-0.1480253 0.1290789 2.594437
-0.09459034 0.4805766 2.734272
-0.1194912 0.6441103 2.760173
-0.2209199 0.3392428 2.63566
-0.4641548 0.3963927 2.708756
-0.7181003 0.4148786 2.680102
-0.7993433 0.4228132 2.679784
-0.008784484 0.3369549 2.643449
0.008917586 0.4100771 2.408722
0.002194905 0.4707577 2.181514
-0.003799474 0.5018026 2.079397
-0.218228 0.04843276 2.485836
-0.3137497 -0.1748633 2.168321
-0.349285 -0.3056468 1.943316
-0.3507865 -0.2796882 1.847375
-0.1155261 0.03923163 2.48837
-0.1639703 -0.3905558 2.357299
-0.195373 -0.7011116 2.264936
-0.2023519 -0.7618241 2.183762

-0.1598933 0.0883759 2.516449
-0.1491741 0.1290883 2.593431
-0.09747723 0.4810106 2.73418
-0.1213984 0.6459632 2.760199
-0.2255177 0.3403923 2.63649
-0.4652089 0.3949224 2.707008
-0.7180973 0.4131435 2.678373
-0.8004484 0.4188487 2.675671
-0.00974599 0.3372758 2.643707
0.008202138 0.4104075 2.408542
0.002001668 0.470799 2.183063
-0.003884554 0.5018684 2.079663
-0.2179802 0.04902195 2.485616
-0.3140873 -0.1738388 2.16556
-0.3428391 -0.3051926 1.938909
-0.343452 -0.2792942 1.843174
-0.1169641 0.04028108 2.485919
-0.16325 -0.3888153 2.356687
-0.1955057 -0.6999788 2.264831
-0.2026978 -0.7598986 2.183927

-0.1610898 0.08862008 2.514735
-0.1509693 0.129221 2.591906
-0.09985781 0.4814302 2.733974
-0.1228723 0.6477183 2.760136
-0.2301147 0.3412851 2.636677
-0.4675073 0.3935633 2.704101
-0.7182016 0.411312 2.674751
-0.8018615 0.4136057 2.663891
-0.01055314 0.3375903 2.643867
0.007636649 0.4106735 2.408492
0.001916237 0.4708665 2.184653
-0.003876606 0.5019932 2.079889
-0.2181444 0.04948741 2.485518
-0.3142489 -0.1729034 2.163445
-0.3373585 -0.3057479 1.934202
-0.3371555 -0.2798698 1.838613
-0.1194638 0.04125173 2.481746
-0.1627026 -0.3870203 2.355836
-0.1955909 -0.6990193 2.264745
-0.2029257 -0.758474 2.184182

-0.1622705 0.08884596 2.513012
-0.1527902 0.1293824 2.590295
-0.1021714 0.481958 2.733551
-0.1240237 0.6495887 2.759951
-0.2345804 0.3420296 2.636279
-0.4689433 0.3924316 2.701345
-0.7171615 0.409616 2.66825
-0.8017529 0.4101624 2.654021
-0.01119765 0.3378526 2.643969
0.007189384 0.4108976 2.408549
0.001899848 0.4710003 2.186357
-0.003744175 0.502269 2.08009
-0.2184937 0.04989981 2.48521
-0.3142194 -0.1719458 2.161917
-0.3330576 -0.3066503 1.930081
-0.332043 -0.2808508 1.834524
-0.1212125 0.04168797 2.478748
-0.1598838 -0.3581118 2.349067
-0.1941883 -0.6778603 2.266596
-0.2030325 -0.7542553 2.186638

-0.163609 0.0890651 2.51103
-0.1548072 0.1296109 2.588347
-0.1049242 0.4828818 2.732508
-0.124909 0.6519608 2.759793
-0.2389804 0.342673 2.635408
-0.4702804 0.3916385 2.698315
-0.7157753 0.4089922 2.660998
-0.8013173 0.4087157 2.646517
-0.01174191 0.3382445 2.644019
0.006826203 0.4110941 2.408663
0.001933666 0.4712039 2.188148
-0.003486913 0.502766 2.080237
-0.2192015 0.05040292 2.484747
-0.3140832 -0.1709279 2.160706
-0.3300599 -0.3074159 1.92686
-0.3284542 -0.2817212 1.831301
-0.1227648 0.04128096 2.475511
-0.16083 -0.3541539 2.343439
-0.1942296 -0.674888 2.266521
-0.2031526 -0.7531829 2.186988

-0.1648025 0.08938118 2.509073
-0.1566468 0.1299633 2.586392
-0.1078108 0.4839758 2.731085
-0.1256627 0.6544831 2.759562
-0.2427317 0.3434516 2.634456
-0.47128 0.3911652 2.695633
-0.7127501 0.4099849 2.648383
-0.7990432 0.4101932 2.634213
-0.01217319 0.3386236 2.644009
0.006487856 0.4112715 2.40871
0.001968786 0.4713883 2.189583
-0.003227485 0.5033045 2.080347
-0.2199529 0.05081842 2.48425
-0.3138691 -0.1695013 2.158847
-0.3280583 -0.3079861 1.924585
-0.3259856 -0.2824717 1.828961
-0.1238121 0.0410508 2.472626
-0.1621913 -0.352986 2.338848
-0.1947548 -0.6740447 2.26584
-0.2033876 -0.7526327 2.187159

-0.1660165 0.08970742 2.506844
-0.1583959 0.1303404 2.584178
-0.110287 0.4850555 2.729363
-0.1261835 0.6569212 2.759419
-0.2458515 0.3444093 2.63352
-0.4721016 0.3911465 2.692317
-0.7100224 0.4112361 2.638705
-0.7965472 0.4127771 2.624282
-0.01266476 0.3390123 2.643779
0.006163876 0.411493 2.408764
0.00199559 0.4715625 2.190785
-0.002972716 0.5038247 2.080447
-0.2233854 0.05183114 2.476585
-0.3136055 -0.1681085 2.156016
-0.32708 -0.3074407 1.923288
-0.3247744 -0.282002 1.82768
-0.1245119 0.04074559 2.470858
-0.1638295 -0.3536367 2.335329
-0.1955632 -0.6746649 2.264929
-0.2036141 -0.7523383 2.18733

-0.167064 0.0899874 2.504807
-0.1598331 0.1306649 2.582143
-0.1127442 0.485976 2.727227
-0.1266301 0.6589508 2.759281
-0.2486668 0.3457431 2.632563
-0.4727671 0.3916843 2.68842
-0.7069196 0.4129083 2.629851
-0.7936762 0.4156899 2.616089
-0.01377805 0.3393244 2.642526
0.005881733 0.4116868 2.408835
0.002019278 0.4717148 2.191757
-0.002766741 0.5043277 2.080483
-0.2257204 0.05252118 2.471312
-0.3135046 -0.1670284 2.152556
-0.3263881 -0.3073647 1.922387
-0.3239671 -0.2820036 1.826772
-0.1250025 0.04046617 2.469591
-0.1786711 -0.3857774 2.327762
-0.1991494 -0.67838 2.262367
-0.2042025 -0.7523146 2.187298

-0.168054 0.09056023 2.503106
-0.1611558 0.1312428 2.580398
-0.1149155 0.4868487 2.724985
-0.1273285 0.6608757 2.759068
-0.2510264 0.3472017 2.631478
-0.4730828 0.3923411 2.685404
-0.704678 0.4143293 2.623837
-0.7916469 0.4178365 2.610885
-0.01485109 0.3397121 2.641163
0.005074852 0.4124332 2.408965
0.002022088 0.4718512 2.192464
-0.00260555 0.5048355 2.080419
-0.2271415 0.0535464 2.469099
-0.3134424 -0.1662862 2.149987
-0.3263709 -0.3072434 1.921886
-0.3239704 -0.2820181 1.826268
-0.1254219 0.04035783 2.468627
-0.1829954 -0.3922182 2.32515
-0.2037557 -0.6812813 2.259983
-0.2055741 -0.7525395 2.186907

-0.1688395 0.09100542 2.501762
-0.1622486 0.1317251 2.578983
-0.1168028 0.4875725 2.722559
-0.1283486 0.6627083 2.758277
-0.2530155 0.348691 2.63018
-0.4733486 0.3931926 2.682923
-0.702621 0.4158137 2.619055
-0.7897003 0.4200559 2.60696
-0.01585821 0.3400604 2.639763
0.00429828 0.4131097 2.409145
0.001979888 0.4719657 2.192851
-0.002525695 0.5053475 2.08022
-0.228145 0.05433659 2.467588
-0.3134766 -0.1658842 2.14817
-0.3269908 -0.3073636 1.921982
-0.3246237 -0.2824053 1.826347
-0.1258169 0.04003147 2.467878
-0.1878749 -0.4018112 2.323785
-0.2093707 -0.6839193 2.257313
-0.2078486 -0.7530398 2.186069

-0.1694852 0.0913263 2.500724
-0.1631065 0.1320717 2.577886
-0.1182453 0.4879856 2.720365
-0.1299984 0.6643667 2.756324
-0.2545604 0.350043 2.629062
-0.4735285 0.3940899 2.680968
-0.7012956 0.4171476 2.61563
-0.7884113 0.4219265 2.604182
-0.01676019 0.340442 2.638311
0.003601704 0.413689 2.409303
0.001916485 0.4720741 2.193123
-0.002530094 0.5058607 2.079909
-0.2288816 0.05494072 2.466549
-0.3137205 -0.1657605 2.147014
-0.32901 -0.3084143 1.923593
-0.3268947 -0.2840255 1.827982
-0.1262425 0.0394783 2.467351
-0.190833 -0.4087749 2.32341
-0.2135304 -0.6856067 2.255523
-0.2103817 -0.7534804 2.185347

-0.1701389 0.09171622 2.499933
-0.1639329 0.1324912 2.577025
-0.1196303 0.4883799 2.718278
-0.1315154 0.6660165 2.753568
-0.2556809 0.3510849 2.628191
-0.4736286 0.3948713 2.679479
-0.7003651 0.4181626 2.613302
-0.7874676 0.4234021 2.602304
-0.01753017 0.3407428 2.637054
0.002979899 0.414057 2.409281
0.001772704 0.4722177 2.19319
-0.002725882 0.5065094 2.079179
-0.2295775 0.05561003 2.466107
-0.3143244 -0.1658977 2.146499
-0.3332168 -0.3126751 1.929868
-0.3315436 -0.2897163 1.834305
-0.1266855 0.03920846 2.467005
-0.1904071 -0.4037601 2.327274
-0.2165034 -0.6869017 2.254357
-0.212431 -0.7538596 2.184766

-0.1707208 0.09203606 2.499377
-0.1646127 0.1328299 2.576407
-0.1206513 0.4886318 2.716655
-0.1330902 0.6673592 2.750324
-0.2565019 0.3519084 2.627517
-0.4736525 0.3955471 2.678351
-0.6996982 0.4189434 2.611707
-0.7867677 0.4245859 2.601075
-0.0183447 0.3409934 2.635887
0.002462072 0.414306 2.40924
0.001489934 0.4723638 2.193053
-0.003178737 0.5071933 2.078115
-0.2301708 0.05622115 2.466024
-0.3159089 -0.1669074 2.147505
-0.3407086 -0.3155491 1.936735
-0.3396554 -0.2932103 1.840668
-0.1272708 0.0389032 2.466966
-0.1911291 -0.4070245 2.329397
-0.2188277 -0.6880181 2.253579
-0.2141375 -0.7542206 2.184264

-0.1711589 0.09221205 2.499008
-0.1651101 0.1330225 2.575989
-0.1213891 0.488695 2.715405
-0.134206 0.668171 2.747938
-0.257145 0.3525274 2.627023
-0.4736201 0.3961211 2.677512
-0.6991511 0.4196528 2.610634
-0.7861582 0.4257198 2.600461
-0.01908738 0.3411405 2.634901
0.001934554 0.4145094 2.40908
0.0008639453 0.4724425 2.192436
-0.003900844 0.5076551 2.076789
-0.2305563 0.05651623 2.465723
-0.3193668 -0.1690448 2.152968
-0.3497284 -0.3175691 1.946596
-0.3493195 -0.2955314 1.850036
-0.1281266 0.03574923 2.470176
-0.1914923 -0.4109643 2.331697
-0.2205921 -0.6888333 2.253117
-0.2155091 -0.7545041 2.183867

-0.1715124 0.09229105 2.498771
-0.1654853 0.1331376 2.575708
-0.1219304 0.4887346 2.714511
-0.1353021 0.6687819 2.746258
-0.2575897 0.3530107 2.626659
-0.4735329 0.3966132 2.67691
-0.6987273 0.4204213 2.610091
-0.7856098 0.4272682 2.600245
-0.01975417 0.3412759 2.634028
0.00122614 0.4144883 2.408607
-0.0004969981 0.4721794 2.190598
-0.004949636 0.5077672 2.075249
-0.2308285 0.05672279 2.465494
-0.3236381 -0.1711606 2.161644
-0.3563756 -0.3198869 1.954232
-0.356398 -0.2980197 1.857335
-0.1288369 0.03263089 2.473523
-0.1852259 -0.3798443 2.348655
-0.2220371 -0.6826273 2.254993
-0.2166041 -0.7544357 2.183815

-0.1719403 0.09238348 2.498729
-0.1659558 0.1332732 2.575599
-0.1223289 0.4887574 2.713857
-0.136266 0.6692528 2.745368
-0.2578191 0.3533828 2.62635
-0.4734828 0.3971005 2.676507
-0.6985565 0.4215117 2.61043
-0.785352 0.4290259 2.600776
-0.02003358 0.3413552 2.633643
0.0005584178 0.4142741 2.408095
-0.002621545 0.4712444 2.186943
-0.006319423 0.5062683 2.074819
-0.2313707 0.05707542 2.466389
-0.3272917 -0.1727695 2.170422
-0.3630574 -0.3231286 1.958982
-0.3630919 -0.3013313 1.86181
-0.1295504 0.03147041 2.475225
-0.1832045 -0.3707848 2.354809
-0.2230569 -0.6809397 2.255815
-0.2178496 -0.7544557 2.18416

-0.1723354 0.09243325 2.498826
-0.1664139 0.1333825 2.575623
-0.122618 0.4887696 2.713378
-0.1371683 0.6696344 2.744753
-0.2579484 0.3537326 2.626104
-0.4734631 0.3975955 2.676237
-0.6982295 0.4227588 2.611208
-0.7849326 0.4308217 2.601686
-0.02020598 0.3414373 2.633437
-0.0001466554 0.4136972 2.407794
-0.00459585 0.4701589 2.18332
-0.007689418 0.5043101 2.07443
-0.2318123 0.05732887 2.46718
-0.3302245 -0.173968 2.177587
-0.3784965 -0.3508559 1.943375
-0.378101 -0.3295991 1.845963
-0.1300889 0.03034877 2.477153
-0.1821258 -0.36584 2.358177
-0.223826 -0.6797824 2.256558
-0.2190769 -0.754445 2.184583

-0.1727112 0.09252167 2.49907
-0.1668895 0.1335158 2.575787
-0.1228328 0.4887667 2.713031
-0.1379778 0.6699262 2.74431
-0.2579882 0.3540462 2.625917
-0.4734888 0.3980825 2.676048
-0.6978188 0.4241393 2.612126
-0.7843169 0.4335572 2.603184
-0.02025159 0.341449 2.633492
-0.0007479627 0.4128166 2.407766
-0.006169347 0.4691629 2.180373
-0.009183534 0.5020615 2.074087
-0.2321677 0.05766249 2.468372
-0.3322723 -0.1748398 2.182532
-0.3848077 -0.3534613 1.948589
-0.3843223 -0.3325059 1.851187
-0.1304569 0.02983136 2.478424
-0.1816532 -0.3633324 2.360262
-0.2245028 -0.6797689 2.257146
-0.2215711 -0.7544186 2.187002

-0.1730479 0.09256968 2.499349
-0.1672556 0.1336025 2.575977
-0.1229834 0.488778 2.7128
-0.1388175 0.6702263 2.744027
-0.2580069 0.3543458 2.625818
-0.4735161 0.398542 2.675967
-0.6976006 0.4261673 2.61359
-0.7838175 0.438423 2.605639
-0.02043205 0.3414098 2.633399
-0.001231435 0.4118443 2.40789
-0.007390339 0.4683161 2.178013
-0.01051675 0.4999127 2.07379
-0.2323678 0.05783969 2.468755
-0.3336964 -0.1753657 2.185932
-0.3978372 -0.367679 1.928804
-0.3978749 -0.3460887 1.831477
-0.1308251 0.02927074 2.479721
-0.1817425 -0.3632273 2.3612
-0.2251492 -0.680733 2.257775
-0.2232553 -0.7543955 2.188508

-0.1734114 0.09257207 2.499593
-0.1675948 0.1336512 2.576163
-0.1230899 0.4887864 2.712652
-0.1395865 0.6705272 2.743914
-0.2579882 0.3546197 2.625762
-0.4735385 0.3989591 2.67594
-0.6975731 0.4281501 2.614801
-0.7836804 0.4417447 2.607026
-0.02068826 0.3413476 2.633287
-0.001606356 0.4109763 2.407861
-0.008404183 0.46752 2.175722
-0.01152531 0.4981288 2.073619
-0.2326252 0.05791513 2.469193
-0.3347081 -0.1757406 2.188217
-0.4039555 -0.3738306 1.919477
-0.4044355 -0.3518832 1.82198
-0.1311755 0.02910847 2.480273
-0.1824933 -0.3658966 2.360326
-0.2256372 -0.6818443 2.258396
-0.2245581 -0.7543768 2.189634

-0.1738432 0.09252924 2.499781
-0.1679316 0.1336573 2.576305
-0.1231637 0.488788 2.712548
-0.1401884 0.6707716 2.74368
-0.2579195 0.3548886 2.625727
-0.4733552 0.3994219 2.67596
-0.6975635 0.4300647 2.615909
-0.7836173 0.4442429 2.608124
-0.02087984 0.3412846 2.633126
-0.001953466 0.410209 2.407688
-0.009117432 0.4668722 2.173788
-0.01221426 0.4967978 2.07334
-0.2330407 0.05781598 2.469664
-0.3354499 -0.1760224 2.189734
-0.4075528 -0.3772979 1.91338
-0.408403 -0.355029 1.815521
-0.131679 0.02932392 2.480361
-0.1839757 -0.3702594 2.358015
-0.2260149 -0.6829274 2.258834
-0.2255113 -0.7543732 2.190313

-0.1742593 0.0924416 2.499891
-0.1682549 0.13362 2.576396
-0.1232142 0.48878 2.712468
-0.1407391 0.6709763 2.743351
-0.2578162 0.3551569 2.62569
-0.472979 0.3999174 2.675991
-0.6976174 0.4319619 2.616673
-0.7836552 0.4466571 2.609
-0.02104702 0.3412182 2.632979
-0.002554695 0.4099491 2.405318
-0.009532519 0.4663692 2.171947
-0.01262783 0.4957939 2.072608
-0.23342 0.05767313 2.470064
-0.3360742 -0.1762311 2.190744
-0.3902893 -0.368749 1.935307
-0.3903438 -0.3474345 1.836611
-0.1322052 0.02968166 2.480062
-0.1853529 -0.3738878 2.355555
-0.2262939 -0.6838509 2.259152
-0.2263344 -0.754356 2.190825

-0.174817 0.0923434 2.499836
-0.1686488 0.1335577 2.576376
-0.1232346 0.4887571 2.712395
-0.1411858 0.6711438 2.743074
-0.2577093 0.3554496 2.62565
-0.472426 0.4004057 2.675979
-0.6972317 0.4338554 2.61707
-0.7833126 0.4487753 2.609713
-0.0212554 0.341103 2.632754
-0.003029771 0.4101128 2.4014
-0.009789706 0.4660001 2.170568
-0.01288163 0.4950657 2.071387
-0.233916 0.05747553 2.47034
-0.3366709 -0.176377 2.191099
-0.3871721 -0.3687185 1.936841
-0.386982 -0.3474799 1.837927
-0.1329656 0.03051151 2.479016
-0.1866115 -0.3771066 2.352891
-0.2265582 -0.6847259 2.259265
-0.2270195 -0.7543986 2.1907

-0.1753932 0.09228352 2.499498
-0.1690227 0.1334731 2.576175
-0.1232252 0.4886906 2.712321
-0.1415907 0.6712545 2.742817
-0.2576227 0.3557364 2.62555
-0.4715765 0.400941 2.675931
-0.6968628 0.4354309 2.617208
-0.782961 0.4504918 2.609779
-0.02167927 0.3409685 2.63212
-0.003302719 0.4103667 2.398558
-0.009852279 0.4657576 2.169559
-0.01294641 0.4946229 2.070168
-0.2345511 0.05745349 2.469854
-0.3375639 -0.1762999 2.189692
-0.3962964 -0.3649416 1.911918
-0.3973854 -0.3416035 1.813096
-0.1335716 0.03134826 2.477825
-0.1879316 -0.3810371 2.349646
-0.2267655 -0.685519 2.25929
-0.2275347 -0.7545273 2.190242

-0.1762032 0.09178269 2.498339
-0.1695848 0.1330137 2.575256
-0.1230676 0.4884553 2.711859
-0.1417682 0.6713365 2.742526
-0.2575092 0.3560532 2.625401
-0.4707826 0.4014415 2.675784
-0.6966072 0.436756 2.617229
-0.7724441 0.4570205 2.609614
-0.02209956 0.3408235 2.63142
-0.003461311 0.410534 2.396573
-0.00975897 0.4656254 2.168884
-0.01278343 0.4945135 2.068941
-0.2358433 0.05678328 2.466892
-0.3385276 -0.1760027 2.18681
-0.4011581 -0.3633963 1.898006
-0.4026914 -0.3392245 1.799558
-0.1340042 0.03158068 2.476688
-0.1888387 -0.3839271 2.34722
-0.2269253 -0.6862116 2.259255
-0.2279339 -0.7546592 2.18961

-0.1768181 0.09143659 2.49726
-0.1699816 0.1326819 2.574358
-0.1226228 0.4881617 2.711009
-0.1417784 0.6714386 2.742079
-0.2573353 0.3564191 2.625135
-0.4700314 0.4018938 2.675605
-0.6963903 0.4377729 2.617118
-0.7661256 0.4607534 2.609282
-0.02248238 0.3407753 2.630505
-0.00355553 0.4106831 2.395068
-0.009279916 0.4656491 2.168838
-0.01226133 0.4949138 2.067483
-0.2365607 0.05643958 2.464737
-0.339408 -0.1753369 2.182976
-0.4037351 -0.3613591 1.890089
-0.4047861 -0.337581 1.793763
-0.1343402 0.03186635 2.475593
-0.189431 -0.3859775 2.34545
-0.2270542 -0.6868247 2.259159
-0.2281431 -0.7548144 2.188653

-0.1773605 0.09099042 2.495995
-0.1704141 0.1322777 2.573266
-0.1222346 0.4879057 2.710124
-0.1414729 0.6716128 2.741477
-0.2565794 0.3570935 2.624308
-0.4692198 0.4023575 2.675415
-0.6961437 0.4385608 2.616911
-0.7665283 0.4612607 2.608418
-0.0227512 0.340735 2.62954
-0.003606821 0.4108097 2.393899
-0.008686346 0.4657931 2.168994
-0.01166763 0.4955383 2.066185
-0.2369855 0.05618981 2.463168
-0.3403373 -0.1744774 2.177413
-0.4050897 -0.3593805 1.884666
-0.4061571 -0.3352381 1.788322
-0.1347286 0.03183275 2.473514
-0.1897444 -0.3874151 2.344078
-0.2271577 -0.6873679 2.258983
-0.228021 -0.7551404 2.186558

-0.1778226 0.09089554 2.494693
-0.170722 0.1321346 2.572136
-0.1217764 0.4877846 2.709287
-0.1411085 0.6719003 2.74088
-0.2558689 0.3577029 2.623483
-0.4684852 0.4027978 2.675126
-0.6958885 0.4391544 2.616672
-0.7679965 0.4606973 2.607319
-0.02295872 0.3409189 2.628329
-0.003470485 0.4114921 2.392156
-0.007910301 0.4661186 2.169596
-0.01082828 0.4968318 2.064643
-0.2373032 0.05618719 2.462255
-0.3408864 -0.1735479 2.171797
-0.4105588 -0.3096851 1.907256
-0.4130279 -0.2858698 1.809549
-0.1350206 0.03312968 2.469668
-0.1898704 -0.3883995 2.342978
-0.2272104 -0.6878946 2.258759
-0.2277712 -0.7553977 2.18473

-0.1782333 0.09104189 2.493501
-0.1709319 0.1321748 2.57111
-0.1213114 0.4877829 2.708599
-0.1407823 0.6722817 2.740284
-0.2553339 0.3582337 2.622785
-0.4678645 0.4031848 2.674715
-0.6957549 0.4395227 2.616436
-0.7709455 0.4583458 2.606181
-0.02349416 0.34143 2.626779
-0.003305487 0.4123978 2.390517
-0.007161507 0.4665162 2.170301
-0.01007419 0.4982915 2.063221
-0.2375105 0.05628995 2.461664
-0.3410675 -0.1727446 2.167094
-0.4065293 -0.2906139 1.921691
-0.4120805 -0.2712676 1.818052
-0.135555 0.03508465 2.466015
-0.1898123 -0.3890671 2.341969
-0.227233 -0.688404 2.258493
-0.2274649 -0.7556242 2.18344

-0.1784525 0.09131204 2.492219
-0.1709789 0.1323482 2.569949
-0.1207821 0.4879472 2.70783
-0.1404424 0.6728393 2.739645
-0.2549126 0.3587054 2.622156
-0.4674113 0.4034927 2.674359
-0.695636 0.4397394 2.616183
-0.7737889 0.4555307 2.605307
-0.02383445 0.341853 2.625324
-0.003211906 0.4133408 2.389198
-0.006444586 0.4670118 2.17115
-0.009362909 0.4999591 2.062082
-0.2375164 0.05742598 2.459399
-0.3408685 -0.1719287 2.162732
-0.3725918 -0.3010611 1.942755
-0.3850563 -0.315298 1.832595
-0.1354347 0.03568268 2.464121
-0.1895761 -0.3893967 2.341027
-0.2272211 -0.6888289 2.258195
-0.2271844 -0.7557724 2.182319

-0.1786977 0.09154224 2.490708
-0.1710359 0.132514 2.568591
-0.1202482 0.4881942 2.707038
-0.1401658 0.6735031 2.738811
-0.2545414 0.35909 2.621469
-0.4670397 0.4037384 2.67401
-0.6955481 0.4398473 2.615944
-0.7762206 0.4529796 2.604893
-0.02401933 0.3422094 2.623955
-0.003166268 0.4142451 2.38818
-0.00588011 0.4675584 2.171995
-0.008884293 0.5016398 2.061119
-0.238099 0.05788507 2.456002
-0.3392683 -0.1783963 2.138703
-0.3613215 -0.3125535 1.933209
-0.3751007 -0.3117499 1.829179
-0.1353043 0.03609914 2.462744
-0.1892379 -0.3895216 2.340202
-0.2271761 -0.6892082 2.257896
-0.2267405 -0.7559587 2.181043

-0.1789223 0.09166797 2.489361
-0.1711028 0.1326244 2.567363
-0.1197579 0.4884691 2.706289
-0.1398461 0.6741389 2.73826
-0.2542324 0.3593765 2.620773
-0.466794 0.4039142 2.673722
-0.6955473 0.4398562 2.615768
-0.7784573 0.4507889 2.604819
-0.02413376 0.3424909 2.622833
-0.003125113 0.4148397 2.388014
-0.005516395 0.4681682 2.172845
-0.00858801 0.5031886 2.060303
-0.2386234 0.05814642 2.453194
-0.3384223 -0.1794951 2.131199
-0.3526842 -0.3194047 1.930734
-0.375726 -0.3216566 1.836151
-0.1352429 0.03625715 2.461835
-0.1888046 -0.3894184 2.339463
-0.2271162 -0.6895792 2.257546
-0.2263618 -0.7561167 2.180017

-0.1790962 0.09180368 2.48829
-0.1711547 0.1327534 2.566379
-0.1194292 0.4887925 2.70577
-0.1395242 0.6749458 2.737649
-0.2540384 0.3596075 2.620212
-0.466745 0.4040905 2.673459
-0.6956697 0.4396196 2.615633
-0.7806877 0.4483529 2.605381
-0.02420278 0.3427348 2.621916
-0.003117244 0.4153722 2.388296
-0.005299279 0.4687816 2.173717
-0.008433267 0.5045231 2.059682
-0.2391178 0.05837105 2.45087
-0.3377533 -0.1797939 2.12728
-0.3483842 -0.3211714 1.93041
-0.3651703 -0.317544 1.834882
-0.1351249 0.03634839 2.461308
-0.1883765 -0.3892289 2.33884
-0.2270447 -0.6898935 2.257244
-0.2260499 -0.7562448 2.179194

-0.1792342 0.09195445 2.487538
-0.1712103 0.1328885 2.565649
-0.1191906 0.48906 2.705352
-0.1392697 0.6756396 2.737166
-0.2539371 0.3597445 2.619733
-0.4667541 0.4042251 2.673253
-0.6959787 0.4389544 2.615721
-0.7828563 0.4454377 2.606446
-0.02416857 0.3429598 2.621297
-0.00313343 0.4157983 2.388834
-0.005183926 0.4693572 2.174506
-0.008363978 0.5056714 2.059191
-0.2393858 0.05860393 2.450275
-0.3368813 -0.1795698 2.125023
-0.3445202 -0.3222597 1.929594
-0.3527455 -0.3111716 1.831993
-0.1350628 0.03645185 2.460875
-0.1879121 -0.3888824 2.338318
-0.2269749 -0.690145 2.256985
-0.2258281 -0.7563406 2.178605

-0.1793674 0.09223426 2.487084
-0.1712619 0.1330961 2.565172
-0.1189995 0.4892994 2.705004
-0.1390783 0.6762364 2.736854
-0.2538924 0.3598152 2.619338
-0.4668565 0.4043339 2.673126
-0.6967602 0.4372959 2.616793
-0.7853293 0.4417487 2.609608
-0.02411469 0.3431576 2.6208
-0.003136593 0.4161576 2.389653
-0.005140995 0.46985 2.175166
-0.00841409 0.5066398 2.058814
-0.2397037 0.05923702 2.454157
-0.3357695 -0.1787704 2.124441
-0.3415202 -0.3225687 1.9285
-0.3441876 -0.3054348 1.829414
-0.1350662 0.03696181 2.460309
-0.1879451 -0.3943466 2.336396
-0.2269155 -0.6902893 2.25681
-0.2256718 -0.7564039 2.178077

-0.1794241 0.09232928 2.486786
-0.1712736 0.1331961 2.564862
-0.1188539 0.4895215 2.704744
-0.1389341 0.6768089 2.73657
-0.2538452 0.359785 2.618981
-0.4672621 0.4044327 2.673073
-0.6977764 0.4346882 2.619328
-0.7878698 0.4356486 2.616553
-0.02405498 0.3433165 2.620421
-0.003211527 0.4163742 2.390697
-0.005232332 0.4702991 2.175851
-0.00856034 0.5074683 2.058514
-0.2394679 0.05928287 2.455132
-0.3343344 -0.177319 2.125478
-0.3388906 -0.3217384 1.926968
-0.3377162 -0.2997296 1.827108
-0.1347945 0.0361629 2.460915
-0.1881603 -0.4012456 2.334872
-0.226866 -0.6903806 2.256701
-0.2255466 -0.7564521 2.177674

-0.179454 0.09237684 2.486598
-0.1712892 0.1332491 2.56465
-0.1187626 0.4896899 2.704574
-0.1388771 0.6773137 2.736532
-0.2538349 0.3597635 2.618763
-0.4678696 0.4044828 2.67311
-0.7000721 0.4313259 2.623277
-0.7907309 0.4312976 2.621886
-0.02399726 0.3434491 2.620273
-0.003374808 0.4166092 2.391564
-0.005386982 0.4706716 2.176471
-0.008888477 0.5081475 2.058351
-0.2392019 0.05917577 2.45593
-0.3326581 -0.175595 2.127355
-0.3333446 -0.3282878 1.88831
-0.3280394 -0.3010382 1.789792
-0.1344849 0.03503903 2.461932
-0.1829404 -0.3701636 2.343174
-0.2251154 -0.6806422 2.258228
-0.2253451 -0.755388 2.178129

-0.179451 0.09236076 2.486549
-0.171308 0.1332608 2.564541
-0.1187602 0.4897614 2.7045
-0.1388419 0.6775988 2.736528
-0.2538945 0.3597271 2.618652
-0.4686341 0.4043193 2.673318
-0.7025862 0.4280577 2.627985
-0.7930077 0.4286037 2.626197
-0.02363174 0.3439121 2.620824
-0.003640252 0.4168114 2.392337
-0.005638461 0.470998 2.177082
-0.00930268 0.5086944 2.058278
-0.2390492 0.05893148 2.45626
-0.3301086 -0.1734264 2.130094
-0.3292459 -0.3253259 1.883635
-0.3220708 -0.2959095 1.785681
-0.1339624 0.03296711 2.464129
-0.182124 -0.3661757 2.344446
-0.2248306 -0.6795325 2.258358
-0.2252454 -0.755294 2.177942

-0.1793819 0.09222387 2.486789
-0.1713511 0.1331829 2.564666
-0.1189039 0.489748 2.704589
-0.1388935 0.6778044 2.736609
-0.2540298 0.3596364 2.618609
-0.469528 0.403992 2.673677
-0.7050435 0.4254824 2.632005
-0.795168 0.4267595 2.630049
-0.02315262 0.344361 2.621983
-0.005769264 0.4169212 2.391902
-0.01484789 0.4843344 2.143296
-0.009854612 0.5091425 2.058271
-0.2387166 0.05851074 2.456927
-0.3273397 -0.1711707 2.13268
-0.3253577 -0.3248338 1.876546
-0.3172869 -0.2944731 1.779205
-0.1335393 0.03125036 2.465981
-0.1813696 -0.3627796 2.345721
-0.2246057 -0.6785049 2.258499
-0.2251594 -0.7552533 2.177752

-0.1793216 0.09175018 2.487295
-0.1715064 0.1327805 2.565066
-0.1192846 0.4893963 2.704911
-0.1390932 0.6777883 2.736757
-0.2541722 0.3594361 2.618605
-0.4706022 0.4035297 2.674202
-0.7073355 0.4233761 2.635557
-0.7975833 0.4238464 2.634852
-0.02292771 0.344501 2.623356
-0.008273436 0.4168377 2.391692
-0.0180208 0.4826831 2.147622
-0.01082459 0.5093286 2.058578
-0.238177 0.05734525 2.458562
-0.3249033 -0.16919 2.134578
-0.3217399 -0.324122 1.872873
-0.3131691 -0.2934419 1.775802
-0.1333527 0.02997393 2.467145
-0.1808702 -0.3604645 2.346589
-0.2244223 -0.6777627 2.258623
-0.2250905 -0.7552445 2.177564

-0.1791948 0.09115837 2.488154
-0.1717112 0.1322685 2.565774
-0.1198468 0.4888684 2.705423
-0.1396957 0.6775512 2.737221
-0.2542213 0.3590187 2.618597
-0.4716164 0.4030095 2.674836
-0.7090075 0.4217707 2.638123
-0.7991309 0.4218835 2.637616
-0.02288117 0.3443968 2.624997
-0.01065171 0.4166786 2.392019
-0.0198912 0.4801314 2.153914
-0.01195032 0.5093118 2.058992
-0.2370619 0.05614068 2.461524
-0.3224939 -0.1674081 2.135749
-0.3180971 -0.3230467 1.870897
-0.3093558 -0.2926284 1.773929
-0.1332435 0.02911828 2.468047
-0.180525 -0.3588761 2.34729
-0.2242502 -0.6773325 2.258793
-0.2250377 -0.755245 2.177427

-0.1791642 0.09051318 2.489211
-0.1720716 0.1316233 2.566757
-0.1207567 0.4879627 2.706384
-0.1419006 0.6766469 2.738436
-0.2544402 0.3584866 2.618712
-0.485238 0.3996893 2.674957
-0.7107439 0.420319 2.64033
-0.7928366 0.423447 2.646417
-0.02298194 0.3441164 2.626952
-0.01239031 0.4152649 2.395659
-0.02075138 0.477669 2.159759
-0.01310111 0.5090934 2.05945
-0.2364519 0.05504097 2.464012
-0.3191788 -0.1658515 2.134639
-0.3125133 -0.3211483 1.866673
-0.303964 -0.2915373 1.770145
-0.1332025 0.02850581 2.46878
-0.1802861 -0.3579032 2.348007
-0.2240636 -0.6771714 2.259049
-0.2249913 -0.7552443 2.177356

-0.1791664 0.08992471 2.490511
-0.1726117 0.130999 2.568016
-0.1218451 0.4869264 2.707585
-0.1442353 0.6756567 2.739929
-0.2551795 0.3572735 2.619135
-0.4903216 0.3979706 2.677619
-0.7125537 0.418902 2.642118
-0.7889729 0.4245266 2.652702
-0.02273615 0.3433731 2.63139
-0.01409753 0.4143717 2.39766
-0.02106632 0.4756518 2.164368
-0.01441192 0.5085539 2.060096
-0.2361569 0.05385815 2.467234
-0.3135071 -0.1651884 2.127626
-0.3090818 -0.3199733 1.863896
-0.2985635 -0.2905266 1.766616
-0.1331699 0.02810514 2.46928
-0.1801492 -0.3576225 2.348828
-0.2238747 -0.6773319 2.259393
-0.2249522 -0.755253 2.177301

-0.1791071 0.08890707 2.492171
-0.173069 0.1299803 2.569665
-0.1236581 0.4858392 2.710546
-0.1466266 0.6748942 2.741145
-0.2567151 0.3557176 2.62013
-0.4929412 0.3966526 2.679857
-0.7140028 0.4176275 2.643416
-0.7922859 0.4225711 2.653687
-0.02307598 0.3428179 2.634566
-0.01539924 0.4136828 2.399168
-0.02107017 0.474054 2.167872
-0.01570898 0.5077147 2.060988
-0.2359443 0.05273305 2.469509
-0.30919 -0.1646259 2.120514
-0.303142 -0.320271 1.852367
-0.289028 -0.2928996 1.7462
-0.1330643 0.02744636 2.470104
-0.1801434 -0.3571372 2.349934
-0.2236993 -0.6771685 2.259742
-0.2249306 -0.7552434 2.177297

-0.1791095 0.08799069 2.493665
-0.1734572 0.1290413 2.571196
-0.1251713 0.4849747 2.713113
-0.1488601 0.6742685 2.74241
-0.2586453 0.3540968 2.621475
-0.494605 0.3956894 2.681604
-0.7153995 0.4164385 2.644335
-0.7964309 0.4207453 2.652932
-0.0236051 0.342408 2.636963
-0.01640762 0.4131472 2.400327
-0.02092498 0.472837 2.170375
-0.0169438 0.5062708 2.062606
-0.2360445 0.05193672 2.470426
-0.3058831 -0.1641263 2.11363
-0.2979504 -0.3208495 1.84255
-0.2832204 -0.2945683 1.734275
-0.1329973 0.02633429 2.471987
-0.1802309 -0.3567244 2.351112
-0.2235614 -0.6769748 2.260072
-0.2249609 -0.7552292 2.177393

-0.1791915 0.08712362 2.495028
-0.1738626 0.1281555 2.572618
-0.1264723 0.484284 2.715222
-0.1508927 0.6737807 2.743945
-0.2609156 0.3524918 2.623131
-0.4956271 0.3949265 2.68311
-0.7163728 0.4154027 2.644836
-0.7997682 0.4189049 2.651284
-0.02445174 0.3418963 2.639179
-0.0177226 0.4125324 2.401923
-0.02069452 0.471892 2.172215
-0.01790186 0.5043219 2.065215
-0.2364028 0.05105653 2.470826
-0.3031167 -0.1635951 2.105808
-0.2925308 -0.3212151 1.834469
-0.278929 -0.3203353 1.708823
-0.1329859 0.0251071 2.474249
-0.1803164 -0.356416 2.352174
-0.2234487 -0.6768014 2.260375
-0.2251572 -0.7551256 2.178039

-0.1791199 0.08632954 2.496645
-0.1741636 0.1273107 2.574287
-0.1279229 0.4834789 2.717626
-0.1527035 0.6732162 2.745364
-0.2637545 0.3509428 2.625569
-0.4960605 0.3943041 2.684419
-0.7171595 0.4144468 2.645065
-0.7977135 0.4175191 2.649795
-0.02522564 0.3415212 2.642383
-0.01887114 0.4118607 2.404114
-0.02040192 0.4711218 2.173667
-0.0186633 0.501591 2.069232
-0.2367987 0.04993415 2.470449
-0.3001406 -0.1636458 2.092572
-0.2843479 -0.3227517 1.822977
-0.275896 -0.3308733 1.691536
-0.1317631 0.02325498 2.479697
-0.1804035 -0.356212 2.353035
-0.2233697 -0.6766766 2.260652
-0.2254133 -0.755008 2.178944

-0.1795054 0.08594842 2.498151
-0.1748423 0.1267532 2.57589
-0.1295072 0.4825783 2.719885
-0.1539595 0.6726878 2.746636
-0.2658988 0.3497212 2.627499
-0.4960537 0.3936754 2.685477
-0.7177982 0.4135577 2.645065
-0.7953907 0.4165669 2.647964
-0.02593532 0.3411122 2.644934
-0.01979779 0.4111977 2.406238
-0.01996809 0.4704033 2.174958
-0.01901241 0.4994403 2.072459
-0.2377069 0.04920082 2.470994
-0.2982356 -0.1635521 2.084241
-0.28124 -0.3228053 1.791764
-0.2741545 -0.3277087 1.657799
-0.132918 0.02467327 2.480972
-0.1804517 -0.3559386 2.353691
-0.223301 -0.6765229 2.260926
-0.2255476 -0.7549687 2.179282

-0.1801572 0.08568061 2.499524
-0.1757508 0.1262123 2.577393
-0.1320443 0.481114 2.723095
-0.1552248 0.6718923 2.747969
-0.267768 0.3486453 2.629466
-0.4957655 0.3930168 2.686306
-0.7182513 0.4125855 2.644792
-0.7929212 0.4160979 2.646089
-0.02655115 0.3407738 2.646914
-0.02028885 0.410774 2.407233
-0.01883089 0.469008 2.179547
-0.0191317 0.4978427 2.07497
-0.2389693 0.0484934 2.471845
-0.2967459 -0.163305 2.076548
-0.2733939 -0.3246466 1.780189
-0.2723798 -0.3251159 1.648184
-0.1344067 0.02630647 2.481356
-0.1804884 -0.3557511 2.354165
-0.223262 -0.6764351 2.261136
-0.2256189 -0.7549633 2.179467

-0.1808379 0.08571323 2.501132
-0.1766535 0.1257981 2.578977
-0.135122 0.4783259 2.726689
-0.1567881 0.6698924 2.750206
-0.2693794 0.3477492 2.631227
-0.495133 0.3921103 2.68704
-0.7183213 0.4113362 2.644019
-0.7960085 0.4127531 2.634536
-0.02716006 0.3403456 2.64867
-0.0206231 0.4103835 2.408063
-0.0179234 0.4678454 2.183634
-0.01900663 0.4965397 2.077364
-0.2400058 0.04865116 2.475555
-0.295556 -0.1630227 2.07056
-0.268579 -0.3255242 1.773378
-0.2713697 -0.3197951 1.644353
-0.1357086 0.02787714 2.481292
-0.1805094 -0.3556342 2.354445
-0.2232373 -0.6764005 2.261271
-0.2257288 -0.755061 2.179602

-0.1814421 0.08570224 2.502384
-0.1774564 0.1253214 2.580243
-0.1381857 0.4750395 2.72984
-0.1576514 0.6674452 2.752465
-0.2706393 0.346988 2.63272
-0.4941843 0.3909377 2.687436
-0.7180843 0.4098888 2.642939
-0.7979086 0.4105421 2.627472
-0.02769681 0.339996 2.650013
-0.02085333 0.4100946 2.408506
-0.01719577 0.4670516 2.18627
-0.01852243 0.4953383 2.079944
-0.240681 0.04877317 2.477934
-0.2968837 -0.1316985 2.109839
-0.2634436 -0.3118719 1.792772
-0.2706167 -0.3023773 1.682812
-0.1367375 0.02868731 2.481038
-0.1805156 -0.3555278 2.354627
-0.223222 -0.6763883 2.261379
-0.2257945 -0.7551606 2.179727

-0.1818985 0.08569963 2.503381
-0.1780599 0.1248832 2.581254
-0.1406686 0.4718508 2.732327
-0.1581528 0.6647968 2.754391
-0.2716276 0.3463781 2.634012
-0.4933532 0.3897666 2.687762
-0.7170419 0.4079609 2.641317
-0.798642 0.4091495 2.623331
-0.02811558 0.3397214 2.651023
-0.02078783 0.4086835 2.411271
-0.0165529 0.4665194 2.18796
-0.01768796 0.4941855 2.082948
-0.2410205 0.04884909 2.479607
-0.2979137 -0.1132538 2.1345
-0.2655267 -0.2781351 1.84762
-0.2726339 -0.2803791 1.738538
-0.1374507 0.02926035 2.480736
-0.1801978 -0.3524634 2.354121
-0.2230121 -0.6744999 2.261908
-0.2258294 -0.7548175 2.180267

-0.182242 0.08566892 2.504094
-0.178541 0.124449 2.582006
-0.142614 0.4688666 2.734033
-0.1584166 0.6620527 2.756147
-0.2723607 0.3458762 2.635053
-0.4992645 0.3868759 2.686324
-0.7162175 0.4062691 2.639839
-0.7993725 0.4073552 2.62062
-0.02846976 0.3394664 2.651806
-0.01982109 0.4071676 2.41625
-0.01604878 0.4661469 2.189053
-0.01695467 0.493329 2.08526
-0.2412058 0.04887915 2.480191
-0.2981952 -0.1061845 2.143656
-0.2647007 -0.2720087 1.855711
-0.272884 -0.2755348 1.746718
-0.1379478 0.02936237 2.480531
-0.1799975 -0.3504668 2.353375
-0.2229474 -0.6736398 2.262121
-0.225859 -0.7547559 2.180451

-0.1825061 0.08564506 2.50457
-0.1789456 0.1240358 2.582546
-0.1448249 0.4660138 2.736186
-0.1584657 0.6596596 2.757398
-0.2729532 0.3453904 2.635916
-0.5044123 0.384596 2.685119
-0.7155313 0.4044124 2.638127
-0.8000549 0.4055339 2.618068
-0.02882428 0.3391917 2.652447
-0.01876708 0.4059968 2.419175
-0.01561872 0.4658711 2.189796
-0.01629494 0.4926876 2.087076
-0.2413205 0.04915029 2.480238
-0.2983032 -0.101852 2.148931
-0.2662281 -0.2682878 1.858131
-0.2752078 -0.2746172 1.741994
-0.1383335 0.0291888 2.480011
-0.179284 -0.3456429 2.352036
-0.2226701 -0.6709456 2.262483
-0.2258378 -0.7541898 2.181097

-0.1827144 0.08561204 2.5049
-0.1792971 0.1236177 2.582922
-0.1464937 0.4637443 2.737552
-0.1583729 0.6575795 2.758338
-0.2734288 0.3449307 2.636634
-0.5054836 0.3831708 2.684894
-0.7147954 0.4026081 2.636471
-0.8004572 0.4040026 2.616184
-0.02911554 0.3389582 2.652945
-0.01779892 0.4049763 2.421448
-0.01521779 0.465667 2.190276
-0.01570315 0.4921662 2.088624
-0.2413697 0.04950707 2.47978
-0.2984397 -0.09947179 2.152333
-0.2661128 -0.2646465 1.866866
-0.2747835 -0.2741267 1.754061
-0.1386339 0.02864104 2.479288
-0.1792571 -0.3466896 2.348971
-0.2230045 -0.6727164 2.26199
-0.2258515 -0.7542555 2.181122

-0.1829035 0.08549058 2.505059
-0.1796218 0.1230584 2.583103
-0.1476227 0.4621283 2.738484
-0.1578234 0.6558456 2.759506
-0.273697 0.3441701 2.637108
-0.5058292 0.3818212 2.684861
-0.714316 0.400949 2.635051
-0.8008393 0.4026552 2.614797
-0.02937402 0.3386752 2.653367
-0.01693973 0.4041622 2.423274
-0.01455142 0.4655654 2.190082
-0.01516076 0.4917854 2.089853
-0.2412858 0.04982072 2.478697
-0.298604 -0.09922767 2.153911
-0.277746 -0.2637374 1.854373
-0.2794601 -0.2528287 1.749568
-0.1388337 0.02753639 2.478201
-0.1849037 -0.3945509 2.332967
-0.2235719 -0.6759851 2.261117
-0.2258742 -0.7544582 2.18092

-0.1830789 0.08542711 2.505161
-0.1798919 0.1226 2.583211
-0.1484665 0.4607934 2.739105
-0.1575076 0.6543832 2.760557
-0.273952 0.3434129 2.637565
-0.505198 0.3803304 2.685129
-0.7139508 0.3995644 2.633936
-0.8011457 0.4013354 2.613871
-0.02960885 0.3384194 2.653695
-0.01625289 0.4034573 2.424807
-0.01372043 0.4655313 2.189626
-0.01447101 0.4915482 2.090961
-0.2413042 0.0500509 2.478523
-0.2987983 -0.09999302 2.155176
-0.2817877 -0.2629706 1.851583
-0.2819826 -0.2430407 1.748376
-0.1392362 0.02725675 2.476172
-0.1854054 -0.4011577 2.329241
-0.2240935 -0.6788746 2.260241
-0.2260285 -0.7547875 2.180432

-0.1833382 0.08546382 2.505089
-0.1801589 0.1222397 2.583205
-0.1490893 0.4597373 2.739535
-0.1572168 0.6532292 2.761316
-0.2741428 0.3427296 2.637921
-0.5041448 0.3790508 2.68539
-0.7136403 0.3981755 2.632907
-0.8013974 0.3998905 2.613352
-0.02985726 0.3381749 2.653929
-0.01558423 0.4028801 2.425784
-0.01274354 0.4655407 2.189043
-0.01360504 0.4914262 2.092036
-0.2413731 0.05043523 2.478383
-0.2986501 -0.1018693 2.156733
-0.2858612 -0.2650009 1.848302
-0.2830854 -0.238728 1.748855
-0.1398317 0.02780904 2.47255
-0.1863719 -0.4135901 2.323583
-0.2244864 -0.6810617 2.259489
-0.2261844 -0.7551159 2.179909

-0.1836266 0.08551604 2.504752
-0.1804068 0.1219097 2.583025
-0.1494884 0.4591019 2.739806
-0.1570631 0.6525728 2.761762
-0.2742402 0.3421417 2.638191
-0.5030074 0.3780545 2.685648
-0.7134722 0.3969572 2.632047
-0.8016566 0.3985642 2.613065
-0.03007614 0.3379488 2.654092
-0.01459409 0.4031158 2.416392
-0.01152786 0.4656122 2.18807
-0.01273777 0.4913939 2.092886
-0.2415797 0.05169161 2.476613
-0.2984841 -0.1049693 2.158958
-0.2885231 -0.2668207 1.846681
-0.2842697 -0.2364733 1.749046
-0.140075 0.0276735 2.470143
-0.1869567 -0.4210595 2.320345
-0.2247923 -0.6827167 2.258862
-0.2263315 -0.7554274 2.1794

-0.1837913 0.08536835 2.504248
-0.1806046 0.1214086 2.582642
-0.1497585 0.4585651 2.73988
-0.1568412 0.652042 2.762141
-0.2741869 0.3415622 2.638282
-0.5017898 0.3772553 2.685799
-0.7133704 0.3958992 2.631309
-0.8018786 0.3973688 2.612936
-0.03019614 0.3377012 2.654211
-0.01348718 0.4042416 2.402153
-0.01033868 0.465706 2.187062
-0.0118873 0.4913943 2.093666
-0.2413975 0.05227363 2.475213
-0.3017106 -0.112077 2.163033
-0.2944953 -0.2790042 1.847314
-0.2876155 -0.2429037 1.751169
-0.1400366 0.02703664 2.468154
-0.1833597 -0.389807 2.326001
-0.2250382 -0.6839696 2.258341
-0.2264758 -0.7557209 2.178855

-0.1839153 0.08524797 2.503794
-0.1807407 0.1209798 2.582282
-0.149911 0.4581393 2.739851
-0.1565206 0.6516162 2.762486
-0.2740432 0.3410096 2.638272
-0.5003494 0.3765938 2.686004
-0.713226 0.3949759 2.630644
-0.7920107 0.3950785 2.609319
-0.03028432 0.3374774 2.654227
-0.01266518 0.4043809 2.397952
-0.00930683 0.4658056 2.186117
-0.0110368 0.4914814 2.094141
-0.241196 0.05262075 2.474782
-0.301178 -0.1469424 2.143504
-0.2946154 -0.2963933 1.854573
-0.2865103 -0.2595745 1.759719
-0.1400438 0.02666665 2.466565
-0.1814375 -0.3728133 2.329439
-0.2252212 -0.6849161 2.257936
-0.2266317 -0.7560412 2.178026

-0.1838856 0.08497813 2.50321
-0.1807375 0.120424 2.581768
-0.1498146 0.4575862 2.739207
-0.1560201 0.6511737 2.762824
-0.2738636 0.3405144 2.63819
-0.499076 0.376106 2.686197
-0.7131163 0.394251 2.630164
-0.7919 0.3932018 2.609976
-0.03036241 0.3372635 2.654196
-0.01213085 0.4044446 2.39536
-0.008321512 0.4659147 2.185141
-0.01029206 0.491585 2.094479
-0.240389 0.05277756 2.473838
-0.3007745 -0.1633347 2.13469
-0.2949415 -0.3091466 1.861694
-0.28647 -0.2736621 1.767566
-0.1397822 0.02579444 2.465548
-0.1809638 -0.3695414 2.330038
-0.2254236 -0.6858886 2.257559
-0.2267688 -0.7563103 2.177309

-0.1838214 0.08485496 2.502822
-0.180687 0.1200363 2.581374
-0.1495367 0.457024 2.738244
-0.1555996 0.6507929 2.76312
-0.2737104 0.3401383 2.638111
-0.497898 0.3757482 2.686333
-0.7129942 0.3937019 2.629796
-0.786193 0.3954346 2.610452
-0.03042101 0.3370758 2.654126
-0.01117808 0.4041685 2.394736
-0.007441337 0.466011 2.184132
-0.009649948 0.4916843 2.094683
-0.2396047 0.05297329 2.473623
-0.3006206 -0.1710812 2.132448
-0.2960518 -0.3305117 1.863425
-0.288354 -0.2996414 1.76843
-0.1396101 0.02542781 2.46482
-0.1804706 -0.3669411 2.330748
-0.2255915 -0.6867373 2.257259
-0.2268661 -0.756557 2.176755

-0.1837074 0.08471791 2.502433
-0.1806023 0.119741 2.58103
-0.1485468 0.4576666 2.737054
-0.1552148 0.6511425 2.763364
-0.2735043 0.3397958 2.637951
-0.4967124 0.3755068 2.686426
-0.7129154 0.3933284 2.629547
-0.7844887 0.3963207 2.611962
-0.03042105 0.3369078 2.654016
-0.01011657 0.4037764 2.395393
-0.006735584 0.4660861 2.183226
-0.009097551 0.4917661 2.094808
-0.2388315 0.0530912 2.473471
-0.3006513 -0.1765239 2.133314
-0.2973269 -0.344157 1.866167
-0.2901986 -0.3154767 1.770645
-0.1394207 0.02506317 2.464266
-0.1800669 -0.3650391 2.331531
-0.2257135 -0.6873878 2.257028
-0.2269376 -0.7567736 2.176265

-0.1836527 0.0846898 2.501978
-0.1805473 0.1196034 2.580636
-0.147303 0.4588267 2.735692
-0.1549129 0.6519206 2.7635
-0.2733035 0.3395143 2.637768
-0.497269 0.3758499 2.685732
-0.712853 0.393064 2.629365
-0.7836771 0.3973121 2.613396
-0.03040135 0.3367458 2.653858
-0.009499868 0.4034676 2.397252
-0.006169186 0.466161 2.182424
-0.008589261 0.4918802 2.094716
-0.2385649 0.05320646 2.473319
-0.300811 -0.1800781 2.138793
-0.2988198 -0.354945 1.86883
-0.2922187 -0.3274284 1.772808
-0.1392738 0.02492052 2.463738
-0.1797753 -0.3659137 2.332776
-0.2258069 -0.6879182 2.256842
-0.2269948 -0.7569596 2.175862

-0.1835963 0.08460332 2.501516
-0.1804779 0.1194535 2.580221
-0.1463515 0.4595708 2.73433
-0.155471 0.6525089 2.763502
-0.2731187 0.3393034 2.637568
-0.4969133 0.3760768 2.685341
-0.7137592 0.3935887 2.630535
-0.7855575 0.3997716 2.617167
-0.03036708 0.3365975 2.653595
-0.008968983 0.4032457 2.399078
-0.005717641 0.4662288 2.181723
-0.007886157 0.4921575 2.09376
-0.2383752 0.05317971 2.472946
-0.3010782 -0.181088 2.152143
-0.3009976 -0.3655978 1.872752
-0.2950152 -0.3387805 1.776013
-0.1391038 0.02467484 2.463445
-0.1795104 -0.3668396 2.333954
-0.2258686 -0.6883514 2.256711
-0.2270382 -0.7571175 2.17552

-0.1836519 0.08472788 2.501007
-0.1804663 0.119532 2.579729
-0.145249 0.4606026 2.732629
-0.1562875 0.6533555 2.763487
-0.2729566 0.3391613 2.63735
-0.4964322 0.3763497 2.684963
-0.7146833 0.3944246 2.632096
-0.7934871 0.4043307 2.624099
-0.03030292 0.3364866 2.653256
-0.008319759 0.4030427 2.401423
-0.005377254 0.4662758 2.18124
-0.007099331 0.4925419 2.092425
-0.2384193 0.05325009 2.472728
-0.3013901 -0.1810189 2.165798
-0.304233 -0.3750307 1.878797
-0.2988712 -0.3486198 1.781124
-0.1390115 0.02478183 2.463046
-0.1792222 -0.367908 2.335133
-0.2258726 -0.688661 2.256666
-0.2270729 -0.757248 2.175242

-0.1836989 0.08485537 2.500568
-0.1804579 0.1196413 2.579284
-0.1443801 0.4613406 2.731093
-0.1567686 0.6539466 2.763404
-0.2727863 0.3390737 2.637048
-0.5006745 0.3788019 2.683268
-0.715848 0.3956109 2.634101
-0.7993162 0.4071512 2.629096
-0.03022923 0.3364517 2.65291
-0.007734755 0.4029588 2.403298
-0.00512692 0.4663174 2.18093
-0.006304232 0.4930162 2.090924
-0.2384368 0.05326991 2.47261
-0.3017397 -0.1813661 2.176937
-0.3084131 -0.3847791 1.885565
-0.3036738 -0.3587772 1.787026
-0.1389237 0.02494811 2.462712
-0.1790012 -0.3701763 2.336362
-0.2258608 -0.688909 2.256649
-0.2270995 -0.7573475 2.17505

-0.1837342 0.08497413 2.500196
-0.1804444 0.1197842 2.5789
-0.1434041 0.4625948 2.729747
-0.1571626 0.6551288 2.763239
-0.2725782 0.3390557 2.636623
-0.5008879 0.3798854 2.682579
-0.7168887 0.3967383 2.635925
-0.8031803 0.4088314 2.632369
-0.03016104 0.3364791 2.652525
-0.00766824 0.403317 2.406501
-0.004840381 0.4663744 2.180799
-0.005524165 0.4935706 2.089487
-0.2384554 0.05324866 2.472559
-0.3022181 -0.1817763 2.185445
-0.3130621 -0.3940976 1.894177
-0.3088367 -0.3686871 1.794815
-0.1388417 0.02515802 2.462431
-0.178687 -0.3708225 2.337704
-0.2258306 -0.6891088 2.256657
-0.2271193 -0.7574327 2.174882

-0.183742 0.08506636 2.499897
-0.1804055 0.1199463 2.578569
-0.1425102 0.4640337 2.728383
-0.1574726 0.6565933 2.762977
-0.2724107 0.3391028 2.636178
-0.5008308 0.3808748 2.682018
-0.7180954 0.3979386 2.637506
-0.8062133 0.4098251 2.634514
-0.03008381 0.3366292 2.65207
-0.007467186 0.4037051 2.408279
-0.004558781 0.4664523 2.18083
-0.004797514 0.4942093 2.088143
-0.2384744 0.05320274 2.472533
-0.3028837 -0.1823119 2.19361
-0.3186772 -0.4055841 1.922052
-0.3150853 -0.3821704 1.821527
-0.1387362 0.02531031 2.46227
-0.1784362 -0.3711838 2.339063
-0.2257926 -0.689263 2.256675
-0.2271391 -0.757497 2.174753

-0.1837588 0.08515461 2.499648
-0.1803639 0.1201384 2.57828
-0.141663 0.4656764 2.727103
-0.1574948 0.6585234 2.762174
-0.2722721 0.3392376 2.635747
-0.500291 0.3818777 2.681518
-0.7192377 0.3990179 2.638701
-0.8085088 0.410447 2.635901
-0.03005344 0.336879 2.651411
-0.007266785 0.4041974 2.408771
-0.004252113 0.4665583 2.181024
-0.004009711 0.4951309 2.086357
-0.2385594 0.05311501 2.472598
-0.3056912 -0.2027101 2.19609
-0.3221844 -0.411211 1.936633
-0.3190623 -0.388097 1.835901
-0.1386613 0.02549187 2.462138
-0.1781875 -0.3714901 2.340428
-0.2257277 -0.6893798 2.256722
-0.2271556 -0.757548 2.17465

-0.1838475 0.08511259 2.499356
-0.1803674 0.1202041 2.578011
-0.1412583 0.466495 2.726235
-0.1573765 0.6596332 2.761507
-0.2721242 0.3394882 2.635168
-0.497791 0.383036 2.680805
-0.7204641 0.4000673 2.639785
-0.8104294 0.4108339 2.636919
-0.03011297 0.3373843 2.650303
-0.007145639 0.4052509 2.408077
-0.003966724 0.466698 2.181334
-0.003380615 0.4960508 2.084841
-0.2390586 0.05270347 2.472041
-0.3072171 -0.213837 2.19748
-0.3245104 -0.4177039 1.945392
-0.3218174 -0.3950651 1.844585
-0.138703 0.0251739 2.46237
-0.1778973 -0.3715227 2.341971
-0.2256203 -0.6894299 2.256818
-0.2271775 -0.7575884 2.174549

-0.1839543 0.0850469 2.499081
-0.1803587 0.12027 2.577778
-0.1408756 0.4677673 2.725208
-0.1568666 0.6613387 2.760826
-0.2720401 0.3398825 2.634521
-0.4954955 0.383974 2.680233
-0.7214242 0.4008999 2.640605
-0.809824 0.4112954 2.638158
-0.03175748 0.3389308 2.648237
-0.006925952 0.406048 2.407709
-0.003674013 0.4668758 2.18183
-0.002818503 0.4970849 2.083378
-0.2395176 0.05228904 2.471674
-0.3083445 -0.221495 2.199132
-0.3265948 -0.4261005 1.953138
-0.3245886 -0.4044288 1.852423
-0.1387986 0.02502412 2.462527
-0.1776876 -0.3716138 2.343469
-0.2254881 -0.6894475 2.256948
-0.2271943 -0.7576107 2.174491

-0.1840289 0.08498741 2.498857
-0.1803389 0.1203473 2.577575
-0.1405633 0.4690914 2.724193
-0.1562718 0.6630625 2.760214
-0.2719144 0.3404326 2.633546
-0.4937287 0.3847358 2.679705
-0.7221604 0.4015485 2.641221
-0.8090387 0.4115851 2.638978
-0.03298373 0.3405631 2.646377
-0.006739363 0.4067855 2.407307
-0.0033917 0.4671094 2.182468
-0.002301706 0.4981493 2.082093
-0.2397984 0.05191915 2.471506
-0.309409 -0.2293693 2.200795
-0.3296121 -0.4486266 1.958417
-0.3283148 -0.4292896 1.857388
-0.1388188 0.02497734 2.462631
-0.1774736 -0.371686 2.34513
-0.2253408 -0.6894515 2.257112
-0.227207 -0.7576289 2.174455

-0.1841017 0.08492351 2.498653
-0.1803067 0.1204443 2.577378
-0.1401215 0.4708287 2.722787
-0.1557402 0.664933 2.760185
-0.2718344 0.3410668 2.632375
-0.503697 0.3875349 2.675596
-0.7227166 0.4020534 2.641693
-0.8080662 0.4117691 2.639539
-0.0344297 0.3425507 2.644247
-0.006632108 0.4075248 2.406976
-0.003077983 0.4675505 2.183793
-0.001813254 0.499445 2.08076
-0.240049 0.05156052 2.471398
-0.3103638 -0.2374346 2.202733
-0.3315271 -0.464716 1.963315
-0.3307351 -0.4465118 1.861931
-0.1388475 0.02496981 2.462713
-0.1772508 -0.3718581 2.346781
-0.2251349 -0.689433 2.257375
-0.2272187 -0.7576424 2.174432

-0.1841835 0.08486322 2.498471
-0.180291 0.1205769 2.577193
-0.1395345 0.473177 2.72121
-0.155142 0.6673738 2.760373
-0.2718278 0.3418054 2.631204
-0.5039222 0.3882098 2.674664
-0.7384302 0.4011055 2.642774
-0.8119764 0.4088977 2.638643
-0.03557795 0.3441857 2.64261
-0.006532671 0.4082382 2.407019
-0.002766176 0.4681705 2.185554
-0.001372204 0.5007538 2.079635
-0.240296 0.05123409 2.471356
-0.3111141 -0.2439175 2.205148
-0.3333441 -0.4774017 1.968836
-0.3328008 -0.4601398 1.867059
-0.1389084 0.02499823 2.462804
-0.1769302 -0.3723151 2.348711
-0.22491 -0.6893736 2.257681
-0.227256 -0.7577004 2.174391

-0.184374 0.08478403 2.498279
-0.1803226 0.1207317 2.577016
-0.139048 0.4751895 2.719984
-0.1547105 0.6694819 2.760434
-0.2717584 0.3426468 2.629978
-0.5031197 0.3886172 2.674052
-0.7462286 0.400423 2.643116
-0.8149428 0.4055707 2.637857
-0.03679333 0.3457776 2.641041
-0.006490365 0.4090739 2.407045
-0.002518998 0.4689204 2.187277
-0.0008094467 0.5030485 2.078098
-0.240658 0.05088348 2.471495
-0.3117633 -0.2522192 2.209105
-0.3355232 -0.4883095 1.974771
-0.3352118 -0.4714736 1.872645
-0.1393538 0.02522357 2.462896
-0.1765185 -0.372797 2.350955
-0.2245896 -0.6892412 2.258073
-0.2272874 -0.7577627 2.174344

-0.18457 0.08470919 2.49811
-0.1803502 0.1209022 2.576856
-0.1386889 0.4771375 2.718877
-0.1543452 0.6715412 2.760605
-0.2716801 0.3437065 2.628891
-0.501887 0.3888146 2.673671
-0.7440141 0.3984993 2.643644
-0.8157105 0.4031745 2.637404
-0.03794654 0.3474181 2.639408
-0.006487085 0.4101159 2.407243
-0.00234861 0.4700942 2.189312
-0.0003771358 0.5067545 2.075978
-0.2410031 0.05056632 2.471702
-0.3123968 -0.2592608 2.213584
-0.3374516 -0.4977731 1.980416
-0.3374606 -0.4812415 1.877889
-0.139832 0.02548578 2.462997
-0.1760142 -0.3727541 2.353359
-0.2242745 -0.6891024 2.25846
-0.2273311 -0.7578224 2.174287

-0.184783 0.08463749 2.497957
-0.1803733 0.121072 2.576709
-0.1384705 0.4785344 2.717908
-0.1541225 0.6729637 2.760591
-0.2715392 0.3449516 2.627873
-0.501623 0.388999 2.673379
-0.7404001 0.3967059 2.643968
-0.816055 0.4010209 2.636879
-0.03891196 0.3491606 2.637612
-0.006634865 0.4122675 2.409058
-0.002391929 0.4731259 2.194017
1.031587E-05 0.5123382 2.073885
-0.2413592 0.05026819 2.471977
-0.3129681 -0.2666319 2.218885
-0.3391771 -0.5061036 1.986213
-0.339658 -0.4897808 1.883421
-0.1403312 0.02577256 2.463088
-0.1754937 -0.3727499 2.355582
-0.2238946 -0.6888731 2.258915
-0.227371 -0.7578728 2.174224

-0.1850623 0.08450051 2.497779
-0.1804283 0.1212226 2.576554
-0.1383132 0.479664 2.717038
-0.1539088 0.6741309 2.760417
-0.2711586 0.3469272 2.626782
-0.5047833 0.3886055 2.672815
-0.762583 0.3896791 2.641211
-0.8291121 0.3975994 2.633745
-0.03957213 0.3507494 2.63614
-0.007047332 0.4186926 2.415273
-0.00298303 0.4805267 2.207983
-0.0003411787 0.5240759 2.069918
-0.2417666 0.04992379 2.472077
-0.3135238 -0.272355 2.223174
-0.3405476 -0.5140157 1.991383
-0.3412555 -0.4980804 1.88846
-0.1408475 0.02592041 2.463332
-0.1750032 -0.3727122 2.35748
-0.2233606 -0.6884468 2.259562
-0.2273915 -0.7578969 2.174194

-0.1854186 0.0844979 2.497661
-0.1805429 0.1215552 2.576388
-0.1382906 0.4807044 2.716156
-0.1538759 0.6751738 2.760175
-0.2709791 0.3487018 2.625924
-0.5047926 0.3884467 2.672623
-0.7518095 0.3870189 2.643121
-0.8292048 0.3953642 2.633122
-0.0394717 0.3527626 2.634576
-0.007310709 0.4237154 2.418992
-0.004294006 0.4910426 2.211377
-0.0007334709 0.5376237 2.06555
-0.2423602 0.04970418 2.472281
-0.3140893 -0.2767477 2.227092
-0.341656 -0.5207105 1.996389
-0.3427688 -0.5052274 1.893465
-0.1413441 0.02612754 2.463594
-0.174674 -0.3745317 2.359351
-0.2228072 -0.6880873 2.260202
-0.2274032 -0.7579116 2.174175

-0.1857717 0.0845202 2.497571
-0.1806764 0.1219461 2.57624
-0.1382613 0.4818406 2.715198
-0.1539408 0.6762295 2.760227
-0.2709412 0.3501576 2.625238
-0.5088932 0.3875529 2.673348
-0.7443511 0.3854047 2.644809
-0.8284977 0.3930584 2.632777
-0.03898971 0.3544941 2.633357
-0.01394864 0.4501676 2.406603
-0.01031603 0.5236714 2.186668
-0.001116631 0.5499592 2.063612
-0.2436268 0.04951182 2.471378
-0.3145263 -0.2802222 2.231101
-0.3425038 -0.5262015 2.00051
-0.3438902 -0.5110391 1.897476
-0.1420017 0.02582429 2.465662
-0.1744855 -0.3763899 2.360769
-0.2222927 -0.6877896 2.26082
-0.2274093 -0.7579173 2.174163

-0.1860774 0.0846728 2.497553
-0.180756 0.1226313 2.576126
-0.1382483 0.4831208 2.714135
-0.1545419 0.6776185 2.75956
-0.2710285 0.3513657 2.624706
-0.5124282 0.3867823 2.67414
-0.7383186 0.3844894 2.646279
-0.8266972 0.3903285 2.633133
-0.03773603 0.3567756 2.632167
-0.01860737 0.4709925 2.37626
-0.01279407 0.5411334 2.173779
-0.001591927 0.5623535 2.064831
-0.2447355 0.04950554 2.470496
-0.3149206 -0.2827837 2.234406
-0.3432094 -0.5303221 2.00342
-0.3449021 -0.5153863 1.900252
-0.1423016 0.02568452 2.467891
-0.1742594 -0.3766807 2.361809
-0.2217929 -0.6875132 2.261429
-0.2273981 -0.757908 2.174169

-0.1864224 0.08505278 2.497674
-0.1807259 0.123626 2.576116
-0.1381961 0.4843337 2.71316
-0.1554025 0.6790636 2.758501
-0.2731254 0.3556375 2.625918
-0.5076661 0.3849356 2.675202
-0.7344862 0.3839328 2.647659
-0.8251088 0.3880012 2.633712
-0.03572865 0.3591953 2.630837
-0.02017412 0.4784749 2.373458
-0.006569946 0.5705793 2.145295
-0.001965826 0.5735794 2.068146
-0.2458357 0.04973314 2.469677
-0.3152761 -0.2845186 2.236969
-0.3438067 -0.5333624 2.005784
-0.3459559 -0.5186414 1.902506
-0.1423905 0.02557232 2.470088
-0.1740935 -0.3768086 2.362617
-0.2213544 -0.6872641 2.261971
-0.227367 -0.757883 2.174181

-0.1867621 0.08576129 2.497959
-0.1806526 0.1250805 2.576243
-0.138359 0.4858245 2.71219
-0.1566193 0.6808904 2.757185
-0.2746596 0.3583393 2.626623
-0.5034755 0.3835244 2.675987
-0.7319407 0.3836076 2.648826
-0.8238001 0.3861319 2.634478
-0.03386085 0.3612062 2.629837
-0.02090064 0.4829249 2.375422
-0.004309502 0.5817595 2.137027
-0.001940819 0.5851952 2.075169
-0.2467085 0.05006319 2.46901
-0.3155949 -0.2856496 2.239059
-0.3443224 -0.5355484 2.007474
-0.3468338 -0.5209984 1.904086
-0.1422585 0.02576538 2.472217
-0.1740444 -0.3771612 2.36316
-0.2209097 -0.687086 2.262532
-0.227295 -0.7578399 2.174219

-0.1872983 0.08777848 2.498758
-0.180381 0.1277484 2.576638
-0.1385828 0.48751 2.71113
-0.1580678 0.6828366 2.755868
-0.28009 0.3630137 2.630832
-0.4997427 0.3824759 2.676606
-0.7306243 0.3831795 2.650426
-0.8232835 0.3845656 2.635437
-0.03249294 0.3625325 2.628931
-0.02053167 0.4873452 2.374767
-0.003072858 0.5885896 2.132298
0.0004666012 0.6017272 2.076988
-0.2477944 0.05093598 2.468141
-0.3158632 -0.2863658 2.240637
-0.3447137 -0.5370675 2.008627
-0.3478631 -0.5226963 1.9052
-0.1419351 0.02659988 2.474998
-0.174112 -0.3777618 2.363582
-0.2204682 -0.6869097 2.263083
-0.2271712 -0.7577482 2.174322

-0.1877541 0.08954649 2.499377
-0.1802636 0.1299835 2.576912
-0.1388093 0.4888961 2.710247
-0.1596049 0.6844298 2.754777
-0.2818515 0.3647891 2.631843
-0.5098642 0.3818645 2.679456
-0.7300618 0.3827899 2.652415
-0.8231303 0.3829916 2.637285
-0.03154753 0.3634561 2.628155
-0.01985448 0.4903679 2.374962
0.0001984359 0.5916352 2.140436
0.004262513 0.6150171 2.078518
-0.2487381 0.05181574 2.467325
-0.3161711 -0.2866929 2.241873
-0.3450664 -0.538115 2.00934
-0.3487217 -0.5237685 1.905712
-0.1416315 0.02745188 2.477067
-0.1742645 -0.3785143 2.36386
-0.2200794 -0.6867697 2.263566
-0.2270327 -0.7576401 2.174442

-0.1879175 0.09050958 2.499584
-0.1801716 0.1313656 2.576912
-0.1389909 0.4898867 2.709492
-0.1607856 0.685555 2.753704
-0.2816186 0.3641492 2.629954
-0.5106284 0.3816016 2.680047
-0.729856 0.3824582 2.65418
-0.8212775 0.3819387 2.640632
-0.03079004 0.3641471 2.627438
-0.01894802 0.492386 2.375802
0.003675553 0.5911186 2.15489
0.007592172 0.6244804 2.07978
-0.2493544 0.05248202 2.466479
-0.3164764 -0.2866963 2.242819
-0.3456761 -0.5382087 2.009429
-0.3496054 -0.5236631 1.905484
-0.1411944 0.02795285 2.47835
-0.1743236 -0.3788075 2.364061
-0.2197336 -0.6866293 2.263981
-0.2269195 -0.7574061 2.174824

-0.1880268 0.09126815 2.499728
-0.1800232 0.1324098 2.576883
-0.1392094 0.490505 2.708833
-0.1615453 0.6862026 2.752954
-0.2812505 0.3633201 2.628288
-0.5140848 0.3808989 2.680628
-0.7300089 0.3821 2.655905
-0.8210053 0.3813098 2.641511
-0.03043468 0.3645603 2.625988
-0.01765965 0.4940189 2.377063
0.007903559 0.5929065 2.163322
0.01155284 0.632596 2.080836
-0.2497891 0.05301699 2.465779
-0.3168517 -0.2862891 2.243378
-0.3467964 -0.535392 2.007823
-0.3514474 -0.519895 1.903224
-0.1408183 0.02838193 2.479313
-0.1743814 -0.378992 2.36421
-0.2193545 -0.686419 2.264469
-0.2268715 -0.756945 2.17556

-0.1880851 0.0918738 2.499804
-0.1798865 0.133197 2.576817
-0.1395723 0.4907883 2.708134
-0.1620357 0.6865413 2.752429
-0.280818 0.3624454 2.626867
-0.517251 0.3801744 2.680792
-0.7303287 0.3817586 2.657408
-0.813288 0.3853992 2.644693
-0.03090126 0.3649767 2.624689
-0.0162225 0.4952232 2.378304
0.01236687 0.596954 2.165482
0.01538052 0.6386884 2.08208
-0.2500405 0.05347693 2.465173
-0.3174185 -0.2846614 2.243307
-0.3478149 -0.5265077 2.003882
-0.3531291 -0.5093731 1.898569
-0.1404189 0.02892511 2.48
-0.1746893 -0.3795658 2.364213
-0.2190647 -0.6862364 2.264853
-0.2268688 -0.7565392 2.17616

-0.1882038 0.09227242 2.499745
-0.1798529 0.1336984 2.576646
-0.1402043 0.4907199 2.707364
-0.162395 0.6866671 2.752112
-0.2803535 0.3615259 2.625593
-0.5197755 0.3796028 2.680834
-0.7308153 0.3813254 2.65896
-0.8154366 0.3827972 2.651781
-0.03310593 0.3653294 2.622889
-0.01448068 0.4961053 2.379404
0.01706534 0.6010295 2.165103
0.0194874 0.6431152 2.083132
-0.2502395 0.05377426 2.464757
-0.3180616 -0.2808663 2.242234
-0.3482408 -0.5135992 1.998275
-0.3541668 -0.4948986 1.892473
-0.1402812 0.02972755 2.479959
-0.1752295 -0.3805739 2.364036
-0.218812 -0.6860361 2.265219
-0.2268959 -0.7561647 2.176737

-0.1883492 0.09250361 2.499598
-0.1799128 0.1339766 2.576396
-0.1412272 0.4902773 2.706721
-0.1626793 0.6865 2.751995
-0.2798559 0.3601982 2.624116
-0.5217047 0.3790997 2.680798
-0.7313164 0.3808324 2.660197
-0.8173033 0.3798905 2.655711
-0.0364923 0.365477 2.621518
-0.01236238 0.4965011 2.380649
0.02119034 0.6036915 2.164468
0.02450171 0.6459866 2.084435
-0.2503581 0.05396944 2.464401
-0.3186816 -0.2743651 2.239358
-0.3475495 -0.4990999 1.989653
-0.3533813 -0.4792615 1.883754
-0.1402822 0.03039287 2.479789
-0.1760291 -0.3820426 2.363611
-0.2186489 -0.685896 2.265498
-0.2270058 -0.75586 2.177379

-0.188511 0.09259229 2.499377
-0.1800549 0.1340466 2.576078
-0.1428656 0.4895023 2.706546
-0.1629442 0.6861395 2.751993
-0.2795161 0.3590331 2.622944
-0.5148849 0.3769954 2.681734
-0.7318594 0.3802021 2.661314
-0.8196871 0.3750229 2.660957
-0.04012447 0.3655162 2.620724
-0.009799017 0.4964178 2.381595
0.02851479 0.6065869 2.158585
0.03027711 0.6473443 2.085274
-0.2502927 0.05400456 2.463469
-0.3191949 -0.2671456 2.234365
-0.345814 -0.4848549 1.979095
-0.3511527 -0.4639633 1.873383
-0.1403054 0.03066644 2.479833
-0.1769898 -0.3839963 2.362987
-0.2185385 -0.6858029 2.265755
-0.2271273 -0.7556292 2.178021

-0.189027 0.09209174 2.498688
-0.1805253 0.1335921 2.57546
-0.1444001 0.4887242 2.706601
-0.1631882 0.6855674 2.752052
-0.2792093 0.3578142 2.621892
-0.5094489 0.3754443 2.682395
-0.7352042 0.3783942 2.662681
-0.8189321 0.3716655 2.663435
-0.04354478 0.3655178 2.620365
-0.007035436 0.4957803 2.382649
0.03562362 0.6077905 2.152082
0.03787848 0.6463404 2.085776
-0.2502258 0.05384371 2.462224
-0.3191172 -0.2594333 2.228213
-0.3437337 -0.4718575 1.965164
-0.3485094 -0.4500303 1.859958
-0.1409116 0.03040064 2.4796
-0.1784622 -0.3875867 2.361691
-0.2184751 -0.6857729 2.265955
-0.2272399 -0.7554504 2.178587

-0.1899853 0.09090311 2.497345
-0.1814422 0.1324558 2.57434
-0.1459035 0.4878845 2.706772
-0.163558 0.6846709 2.752144
-0.2789891 0.3565373 2.620908
-0.5055605 0.3743467 2.682843
-0.7369173 0.37683 2.663563
-0.8178505 0.3691505 2.665033
-0.04665313 0.3654955 2.620203
-0.003237056 0.4936833 2.384437
0.0462591 0.5964347 2.157516
0.04936177 0.6397184 2.087606
-0.2501876 0.05350885 2.461076
-0.3188511 -0.2529824 2.220785
-0.3416811 -0.4574702 1.95588
-0.3459904 -0.4344973 1.851064
-0.14229 0.02984617 2.478457
-0.1796387 -0.3903998 2.3606
-0.2184478 -0.6857633 2.266124
-0.2273871 -0.7553225 2.179073

-0.1908688 0.08982185 2.49613
-0.182344 0.1313513 2.57331
-0.1476897 0.4871222 2.707409
-0.163982 0.6837887 2.752087
-0.2789538 0.3552408 2.620019
-0.5027486 0.3735727 2.683159
-0.7381438 0.3755249 2.664203
-0.8172984 0.3674436 2.665936
-0.04920557 0.3654489 2.620195
0.003157633 0.4890271 2.388656
0.054842 0.5898364 2.15648
0.06017401 0.6305491 2.089063
-0.2501639 0.05332095 2.460582
-0.3184854 -0.2476062 2.211975
-0.3357789 -0.4298606 1.956348
-0.3391467 -0.4048748 1.852467
-0.1443773 0.02966782 2.475782
-0.180511 -0.3923455 2.359751
-0.2184578 -0.6857666 2.266271
-0.2275842 -0.7552182 2.179517

-0.1916687 0.08890165 2.495073
-0.1831935 0.1303713 2.572405
-0.1491635 0.486495 2.707994
-0.1645074 0.6827629 2.751879
-0.2789619 0.3540211 2.619211
-0.5006824 0.3729863 2.683386
-0.7389863 0.3744202 2.664676
-0.8169009 0.3661771 2.666513
-0.05146252 0.3654468 2.620328
0.009105018 0.4842448 2.391247
0.06297236 0.5840361 2.153974
0.07117218 0.6193044 2.09048
-0.2501363 0.05308889 2.460342
-0.3177808 -0.2432866 2.201614
-0.3329988 -0.4157576 1.956086
-0.3361182 -0.3906382 1.852492
-0.1468889 0.03038295 2.472304
-0.1810334 -0.393177 2.359226
-0.2184855 -0.6857755 2.266394
-0.2277839 -0.7551391 2.179927

-0.1923218 0.08816645 2.494222
-0.183931 0.129538 2.571663
-0.1507359 0.4859033 2.708908
-0.1649905 0.6818281 2.75157
-0.2790057 0.3529795 2.618533
-0.4991762 0.3725519 2.683533
-0.7472649 0.3701244 2.665533
-0.8629845 0.3589785 2.664814
-0.05330118 0.3654621 2.620543
0.01517898 0.4785571 2.39358
0.07218955 0.576668 2.14871
0.08116172 0.6051454 2.091605
-0.2499953 0.05275114 2.460563
-0.3174221 -0.2515262 2.158433
-0.3328563 -0.4072481 1.930839
-0.3359591 -0.3813089 1.827881
-0.149023 0.03139539 2.468913
-0.1814627 -0.3936382 2.358745
-0.2185798 -0.685836 2.266504
-0.2279856 -0.7550933 2.180317

-0.1929592 0.08740117 2.493356
-0.1846899 0.1286772 2.570929
-0.1522465 0.4853827 2.709815
-0.1654254 0.6810113 2.75129
-0.2790775 0.3521076 2.617969
-0.4981034 0.3722294 2.683653
-0.7468791 0.3683562 2.66502
-0.8358831 0.366224 2.656411
-0.05468667 0.3654549 2.620771
0.02131603 0.4719789 2.396068
0.08172161 0.5676905 2.145154
0.08957808 0.5930316 2.091665
-0.2499043 0.0523585 2.460738
-0.3170659 -0.2553165 2.138445
-0.3328357 -0.4029311 1.916151
-0.3358774 -0.3763694 1.813507
-0.1505056 0.03199375 2.466392
-0.181819 -0.3938183 2.358312
-0.2186883 -0.6859078 2.266597
-0.228221 -0.7550846 2.180692

-0.1935136 0.08680959 2.49264
-0.1854138 0.1279687 2.570312
-0.154019 0.4848997 2.710851
-0.165769 0.6803235 2.751007
-0.2791074 0.3513585 2.617464
-0.497282 0.3719737 2.68374
-0.7476534 0.3674614 2.664931
-0.8261573 0.3703628 2.651971
-0.05573294 0.3654411 2.620998
0.02692581 0.4657682 2.396863
0.09216369 0.5577528 2.141318
0.09768907 0.5823367 2.089262
-0.2498105 0.05192415 2.461158
-0.3167989 -0.2565046 2.126827
-0.3330118 -0.3991239 1.904244
-0.3359847 -0.3719567 1.80166
-0.151832 0.03284783 2.463902
-0.1821765 -0.3932441 2.35779
-0.2187966 -0.6859771 2.266677
-0.2284435 -0.7550951 2.181041

-0.1939588 0.08632702 2.49204
-0.1860419 0.1273861 2.5698
-0.1557727 0.4845746 2.71176
-0.1660393 0.6798182 2.750766
-0.2790962 0.3507897 2.617076
-0.4966852 0.3717847 2.683804
-0.7477422 0.3668356 2.664695
-0.8252859 0.3692056 2.653925
-0.0566234 0.3653471 2.621242
0.03090408 0.4607755 2.397191
0.1003261 0.5486649 2.138636
0.1053428 0.5697097 2.085954
-0.2496547 0.05150131 2.461637
-0.3164289 -0.2564576 2.118143
-0.3303617 -0.3921361 1.88849
-0.3327226 -0.363754 1.785785
-0.152763 0.03351616 2.462051
-0.1824815 -0.3927284 2.357342
-0.2190114 -0.6861644 2.266728
-0.2286689 -0.7551415 2.181427

-0.1944703 0.08610602 2.491534
-0.1867391 0.1270274 2.569383
-0.1574674 0.4843376 2.71271
-0.1662762 0.6794026 2.750513
-0.2791562 0.3503924 2.616835
-0.5127256 0.3701335 2.679388
-0.7808893 0.3657899 2.663629
-0.8640819 0.3674138 2.65963
-0.05733062 0.3652649 2.621503
0.03319122 0.4509757 2.399162
0.1051345 0.52766 2.144046
0.1116351 0.553847 2.087454
-0.2496402 0.0512014 2.462241
-0.3158714 -0.2554236 2.111285
-0.3277006 -0.3852417 1.875404
-0.3296561 -0.3557491 1.77277
-0.1537121 0.03461803 2.460194
-0.1827352 -0.3917327 2.356914
-0.2192633 -0.6863698 2.266763
-0.2288763 -0.7552034 2.181805

-0.1949241 0.08599708 2.491112
-0.1873814 0.1267837 2.569042
-0.1587954 0.4841717 2.713463
-0.1665771 0.6790339 2.750212
-0.2792002 0.3501074 2.61667
-0.5218954 0.3694817 2.676835
-0.7893876 0.3661186 2.663681
-0.8763737 0.3672532 2.661876
-0.05788693 0.3651664 2.62185
0.03428848 0.4418679 2.401834
0.09849972 0.4917964 2.18339
0.1167984 0.5408865 2.089135
-0.2496439 0.05095922 2.462885
-0.3150153 -0.2522863 2.10313
-0.3210002 -0.377367 1.838358
-0.3219453 -0.3459962 1.736297
-0.1544517 0.03573988 2.458622
-0.1829375 -0.3905401 2.356593
-0.219568 -0.6866813 2.266749
-0.2290581 -0.7552694 2.182137

-0.1954251 0.08589055 2.490607
-0.1881773 0.1265377 2.568656
-0.1600381 0.4840503 2.714304
-0.1668506 0.6787035 2.749815
-0.2777339 0.3499332 2.616206
-0.5250438 0.3691761 2.675043
-0.7944426 0.3664764 2.663995
-0.878365 0.3684536 2.664931
-0.058363 0.3649893 2.622261
0.03492832 0.4330223 2.405656
0.09561712 0.475571 2.199953
0.1211412 0.5277847 2.092267
-0.2496254 0.05078912 2.463348
-0.3139674 -0.2476074 2.09317
-0.3188975 -0.3721361 1.828029
-0.3191666 -0.3400185 1.72599
-0.1550889 0.03664368 2.457407
-0.1831098 -0.3897084 2.356311
-0.2199174 -0.6869131 2.266641
-0.2291812 -0.755312 2.18233

-0.1958504 0.08587632 2.490154
-0.1888734 0.1263789 2.568326
-0.1611245 0.4839654 2.715083
-0.1671058 0.6784227 2.749388
-0.277004 0.3497534 2.615872
-0.5273954 0.3690057 2.673822
-0.7981479 0.3669326 2.664445
-0.8803378 0.3688893 2.666326
-0.05875011 0.3647792 2.622671
0.03549521 0.4271492 2.407628
0.09498977 0.467579 2.206602
0.1241337 0.5188351 2.093226
-0.2496068 0.0506677 2.463754
-0.3128413 -0.2423597 2.085236
-0.3176361 -0.3675431 1.821162
-0.3174787 -0.3350189 1.719162
-0.1555248 0.03755094 2.456349
-0.1832694 -0.3891936 2.356042
-0.2202707 -0.6871302 2.266504
-0.229261 -0.7553583 2.182442

-0.196351 0.08603688 2.48949
-0.1895862 0.1263072 2.567887
-0.1619488 0.4838731 2.715688
-0.1674401 0.6781316 2.748878
-0.2763782 0.3496287 2.615608
-0.5290323 0.3689209 2.672959
-0.8006364 0.3675591 2.665192
-0.8808318 0.3693085 2.667546
-0.05909793 0.3645196 2.623084
0.03582872 0.4231285 2.408782
0.09494817 0.4620817 2.208684
0.1266228 0.5111175 2.093396
-0.2496147 0.05062401 2.463993
-0.3132357 -0.1822043 2.121018
-0.3176124 -0.3538959 1.82368
-0.3167217 -0.3229959 1.720827
-0.1559087 0.03869132 2.455141
-0.1833812 -0.3887469 2.355815
-0.2206068 -0.6872925 2.266327
-0.2292479 -0.7554934 2.182294

-0.1968346 0.08622157 2.488808
-0.1902555 0.126268 2.567436
-0.1624991 0.4838029 2.716119
-0.167766 0.6778826 2.74842
-0.2760938 0.3495507 2.615461
-0.5302936 0.3688884 2.672389
-0.8024637 0.3681833 2.665951
-0.882191 0.3694399 2.668933
-0.05950379 0.3641869 2.623575
0.0358556 0.4196579 2.409386
0.09590078 0.4589638 2.201258
0.1238205 0.4951348 2.100414
-0.249634 0.05059628 2.464148
-0.3130527 -0.1479177 2.141477
-0.3176581 -0.3441862 1.824959
-0.3162923 -0.3137683 1.721952
-0.1562087 0.03959174 2.454181
-0.1834656 -0.3883855 2.355631
-0.220941 -0.6874274 2.266136
-0.2291908 -0.7556349 2.18209

-0.1971195 0.0863804 2.488187
-0.1907304 0.1262305 2.567045
-0.1629007 0.4837311 2.71649
-0.1680193 0.6776622 2.74806
-0.2758733 0.349497 2.615349
-0.5312043 0.3688936 2.671974
-0.8035585 0.3689072 2.666822
-0.8773648 0.3757962 2.669996
-0.05987749 0.3638317 2.624085
0.03551814 0.4164301 2.409157
0.09861315 0.4572568 2.183765
0.1209074 0.48432 2.105587
-0.2495931 0.05059512 2.464237
-0.3128073 -0.1352337 2.147844
-0.3210584 -0.328669 1.824272
-0.3197978 -0.2970105 1.72167
-0.1563181 0.04028212 2.453465
-0.1835359 -0.3881186 2.355472
-0.2212631 -0.6875414 2.265924
-0.2290845 -0.7557744 2.181809

-0.1972305 0.08675168 2.487398
-0.1910829 0.1262826 2.566586
-0.1631673 0.4836475 2.716759
-0.1682241 0.677433 2.747748
-0.2757156 0.3494564 2.615267
-0.5318087 0.3690583 2.671808
-0.8040727 0.369691 2.667835
-0.8750548 0.3776862 2.670714
-0.06018294 0.3632709 2.624627
0.03567122 0.4086533 2.389509
0.09990255 0.4561414 2.169595
0.1181509 0.4768687 2.108915
-0.2494974 0.05068913 2.464246
-0.3123532 -0.1272117 2.150125
-0.3235106 -0.3206095 1.820194
-0.3245004 -0.2844402 1.714759
-0.1559612 0.04128241 2.452432
-0.183591 -0.387903 2.355335
-0.2215686 -0.6876324 2.2657
-0.2288608 -0.7559725 2.181308

-0.1969851 0.08754851 2.486502
-0.1912481 0.1265059 2.566081
-0.1633417 0.4835609 2.716959
-0.1683811 0.6772138 2.747474
-0.2756139 0.3494201 2.615196
-0.5322534 0.3692839 2.671787
-0.8042991 0.3706407 2.669078
-0.8735374 0.3788746 2.671378
-0.06040454 0.362747 2.62516
0.03520055 0.4043001 2.382063
0.1003561 0.4550883 2.159345
0.1157152 0.4713223 2.1109
-0.2491616 0.05109209 2.464207
-0.3112976 -0.1247843 2.145676
-0.326129 -0.27926 1.841392
-0.3263217 -0.2425785 1.738079
-0.155009 0.04265161 2.451167
-0.1836377 -0.3877304 2.355216
-0.2218378 -0.6876964 2.265505
-0.2286332 -0.7561563 2.180822

-0.1964189 0.08859575 2.485495
-0.1911921 0.1269138 2.56544
-0.163393 0.4834675 2.717101
-0.1685122 0.6770322 2.747257
-0.2755389 0.3493921 2.615137
-0.53237 0.3698442 2.672156
-0.8039823 0.3717868 2.670791
-0.8719658 0.3797838 2.672404
-0.06054999 0.3622254 2.625694
0.03044996 0.3902916 2.40158
0.09986833 0.4534397 2.154985
0.1129752 0.4661467 2.11155
-0.2483633 0.05200278 2.464019
-0.3083981 -0.1320691 2.125028
-0.326803 -0.2676233 1.845544
-0.3266165 -0.2278413 1.744696
-0.1538747 0.04398473 2.449956
-0.1836793 -0.3875957 2.3551
-0.2220965 -0.6877574 2.265297
-0.2284063 -0.7563183 2.180374

-0.1901429 0.1183315 2.495401
-0.1698134 0.1562752 2.569893
-0.1436728 0.5081845 2.707059
-0.1852044 0.7002476 2.734615
-0.3549264 0.3923207 2.745535
-0.5240548 0.3633829 2.77582
-0.7433777 0.342418 2.782404
-0.8321196 0.3408346 2.797153
-0.04381358 0.3607186 2.611461
-0.04178578 0.4466655 2.391735
-0.07008554 0.5087302 2.169956
-0.08343334 0.5427313 2.054055
-0.252962 0.0782402 2.459029
-0.3114125 -0.2168202 2.18304
-0.324882 -0.4067959 1.962997
-0.3493703 -0.38864 1.864132
-0.13997 0.04309326 2.465527
-0.1809845 -0.3865341 2.356848
-0.2220015 -0.6830902 2.264654
-0.2270165 -0.7563595 2.177853

-0.1908906 0.1216308 2.497283
-0.1693744 0.159573 2.571401
-0.1441433 0.5099851 2.707465
-0.1844173 0.7024818 2.735683
-0.3582371 0.3919742 2.747584
-0.5275989 0.360574 2.775062
-0.7457486 0.3380938 2.775852
-0.8349466 0.3352187 2.788795
-0.04376154 0.3612259 2.611325
-0.04197515 0.4478697 2.392679
-0.07114207 0.5125589 2.166823
-0.08391456 0.545617 2.055278
-0.2549032 0.07997765 2.459729
-0.3111084 -0.2212822 2.182389
-0.3246523 -0.4135002 1.962923
-0.3509902 -0.394991 1.863866
-0.1395555 0.04554923 2.46706
-0.1808813 -0.3864791 2.357029
-0.221806 -0.6830169 2.26472
-0.2270377 -0.7563097 2.177907

-0.1914085 0.1238917 2.498612
-0.1691275 0.161862 2.572485
-0.1444897 0.5112763 2.7077
-0.1835137 0.7042152 2.736604
-0.3563244 0.3860321 2.737575
-0.5298154 0.3576595 2.773359
-0.77702 0.3302954 2.763183
-0.8428794 0.3321746 2.783326
-0.04364042 0.3618954 2.611381
-0.04211256 0.4491421 2.393762
-0.07182876 0.5157866 2.164013
-0.08409274 0.5483803 2.056432
-0.2563276 0.08120312 2.460325
-0.3107738 -0.2244303 2.181976
-0.324261 -0.4188042 1.962575
-0.351648 -0.4001589 1.863268
-0.1392547 0.04741055 2.468237
-0.1806916 -0.3865714 2.357269
-0.2215413 -0.682912 2.264827
-0.2270622 -0.7562193 2.177994

-0.1917704 0.1255765 2.49962
-0.1690273 0.1636355 2.573363
-0.1448101 0.5123853 2.707883
-0.1824091 0.7058096 2.737457
-0.3559195 0.3837948 2.733864
-0.5310196 0.3553741 2.77164
-0.7735912 0.3272981 2.746325
-0.8438653 0.3281776 2.771467
-0.043409 0.3626252 2.61166
-0.04220546 0.4502293 2.394723
-0.07226329 0.518211 2.162037
-0.08409785 0.5510393 2.057662
-0.2574353 0.0821272 2.460857
-0.310322 -0.2268048 2.181702
-0.3236813 -0.4229167 1.96217
-0.3515059 -0.4042938 1.862505
-0.1389518 0.0489094 2.469181
-0.1803386 -0.3868994 2.357658
-0.2212855 -0.6828244 2.264922
-0.2270819 -0.7561333 2.178069

-0.1920452 0.1268243 2.500379
-0.16907 0.1650397 2.574098
-0.1452381 0.5136442 2.708142
-0.181281 0.707465 2.738078
-0.3552029 0.3821328 2.730383
-0.5316849 0.3532808 2.769626
-0.7698444 0.3261384 2.735452
-0.8446127 0.3254807 2.753757
-0.0430611 0.3632716 2.612045
-0.04233813 0.4511133 2.395155
-0.07253249 0.5200962 2.160683
-0.08383611 0.553614 2.059176
-0.2583573 0.08278709 2.461266
-0.3096201 -0.2287853 2.181448
-0.32262 -0.4280633 1.96062
-0.3502191 -0.4096484 1.86036
-0.1386666 0.05012723 2.469974
-0.1797962 -0.3877174 2.358203
-0.2210454 -0.682753 2.265006
-0.2270997 -0.7560465 2.178142

-0.1825599 0.09951086 2.489072
-0.1748887 0.1427555 2.569221
-0.1527569 0.4961745 2.717186
-0.1597747 0.6886274 2.754754
-0.3244158 0.3664334 2.669634
-0.5281911 0.3567442 2.680314
-0.731694 0.3458371 2.626682
-0.8107127 0.3426151 2.617963
-0.03001686 0.3649909 2.629103
-0.03540618 0.4532971 2.406893
-0.05136908 0.5302764 2.168298
-0.05725217 0.5688866 2.080929
-0.236104 0.05891737 2.457258
-0.2917805 -0.255322 2.168512
-0.3046258 -0.4725517 1.939525
-0.3075682 -0.4518171 1.835196
-0.1326966 0.04653664 2.466444
-0.1744791 -0.393035 2.363594
-0.2192929 -0.6824605 2.265704
-0.226936 -0.7535272 2.182408

-0.1820785 0.09844553 2.488665
-0.1749318 0.1400031 2.568423
-0.1536568 0.4915283 2.718115
-0.1653797 0.6828703 2.756957
-0.3029077 0.3499021 2.643673
-0.5348402 0.3583293 2.67505
-0.7274096 0.3491313 2.619285
-0.7718686 0.3880956 2.603726
-0.0298848 0.3633885 2.630236
-0.03357817 0.4521323 2.410379
-0.04723374 0.5301406 2.168849
-0.05206825 0.5679879 2.082077
-0.2361952 0.05693992 2.456853
-0.2903558 -0.2576347 2.166511
-0.3034346 -0.4741956 1.938141
-0.3061687 -0.4532325 1.833911
-0.1318328 0.04510008 2.46467
-0.1742465 -0.3931167 2.363879
-0.2192092 -0.682505 2.265715
-0.2268111 -0.7533251 2.182838

-0.1817321 0.09736592 2.488229
-0.1752053 0.1374152 2.567654
-0.1543834 0.4877324 2.718954
-0.1688291 0.6789818 2.758135
-0.2894072 0.3421558 2.628788
-0.5391852 0.3595292 2.671676
-0.7250925 0.3536731 2.612924
-0.7678299 0.3953654 2.598458
-0.0299011 0.3617507 2.631284
-0.03079036 0.4516966 2.387701
-0.04387204 0.5298613 2.168985
-0.04718637 0.5665152 2.082899
-0.2364098 0.05515358 2.456567
-0.289316 -0.2593476 2.164854
-0.3024806 -0.4753223 1.937042
-0.3048246 -0.4542133 1.83279
-0.1312751 0.04357656 2.462445
-0.1740555 -0.3931932 2.364153
-0.2191345 -0.6825502 2.26573
-0.2266775 -0.753152 2.183273

-0.1814164 0.09624899 2.487752
-0.1755265 0.13514 2.566939
-0.1552343 0.4847719 2.71948
-0.1710028 0.6763732 2.758801
-0.283325 0.3387906 2.622079
-0.5422173 0.360862 2.668825
-0.7235315 0.3579091 2.607552
-0.7681505 0.3986843 2.593686
-0.03002949 0.3602489 2.632226
-0.02949649 0.4515235 2.376441
-0.04049444 0.5292619 2.168788
-0.04213199 0.5639739 2.084366
-0.2365524 0.05326199 2.45624
-0.2885409 -0.2605972 2.163508
-0.3015732 -0.4759438 1.936192
-0.3033469 -0.4546706 1.831876
-0.1308205 0.04232308 2.460555
-0.1738806 -0.3931235 2.364465
-0.2190714 -0.6825992 2.265741
-0.2264803 -0.7529468 2.183883

-0.181211 0.09517208 2.487273
-0.1758965 0.1331575 2.566289
-0.155927 0.4824412 2.719812
-0.1726089 0.6744382 2.759161
-0.2808029 0.3371828 2.618851
-0.5456403 0.3646361 2.663585
-0.7264686 0.3654418 2.601061
-0.8005108 0.3934169 2.58649
-0.03033984 0.3589116 2.633044
-0.02872933 0.4514077 2.369617
-0.03727048 0.5284135 2.16819
-0.03775997 0.5613956 2.08551
-0.2367966 0.05144169 2.455884
-0.2879519 -0.2615792 2.162127
-0.3005202 -0.4762358 1.935172
-0.3016684 -0.4547959 1.830746
-0.1305204 0.0413289 2.459022
-0.1736422 -0.3926407 2.364942
-0.2190149 -0.6826475 2.265749
-0.2261446 -0.752609 2.184883

-0.1811958 0.09377687 2.486642
-0.1765257 0.1309594 2.565536
-0.156806 0.480128 2.719954
-0.1736672 0.672873 2.759523
-0.2790997 0.3363385 2.616723
-0.5480146 0.3685529 2.658238
-0.7300764 0.3729674 2.595787
-0.8044066 0.3995519 2.582976
-0.03080103 0.3576261 2.633739
-0.02820722 0.4511504 2.366163
-0.03433693 0.5271191 2.167681
-0.03417549 0.5586966 2.086467
-0.2371535 0.04967359 2.455293
-0.2875305 -0.262296 2.160941
-0.2993928 -0.4758641 1.934121
-0.2998871 -0.4541566 1.829631
-0.1304649 0.04001559 2.457672
-0.1734129 -0.3920635 2.365443
-0.2189783 -0.6826767 2.265753
-0.2253647 -0.751376 2.187161

-0.1817493 0.0913813 2.485458
-0.1777729 0.1279889 2.564416
-0.1578506 0.4777914 2.720058
-0.1746064 0.6713761 2.759811
-0.2782513 0.3362362 2.615552
-0.5496901 0.3723219 2.653675
-0.7339082 0.3813761 2.590545
-0.8172508 0.4055941 2.57341
-0.0313473 0.3564152 2.634372
-0.02782226 0.4509628 2.363799
-0.03133787 0.5255105 2.166403
-0.03106018 0.5560402 2.087054
-0.2387425 0.04637864 2.452395
-0.2872276 -0.2628352 2.159844
-0.2980464 -0.4749937 1.932608
-0.297799 -0.4529426 1.828067
-0.1309073 0.03756534 2.456371
-0.1733135 -0.3918804 2.365858
-0.2189504 -0.6827042 2.265753
-0.2249392 -0.7509686 2.188017

-0.1823032 0.0889684 2.484256
-0.178851 0.1253728 2.563401
-0.1587524 0.4759691 2.720104
-0.1752499 0.6702476 2.760024
-0.2780848 0.3367413 2.615245
-0.5504935 0.3767233 2.649568
-0.736517 0.3882211 2.586203
-0.8142202 0.4179358 2.570838
-0.03213277 0.35518 2.634785
-0.02753328 0.4506401 2.362052
-0.02817704 0.523427 2.163688
-0.02841511 0.5531761 2.086995
-0.2399437 0.04366891 2.449947
-0.2870238 -0.2631947 2.158824
-0.2967053 -0.4734881 1.930683
-0.2958555 -0.4510964 1.82619
-0.1313121 0.03545655 2.455387
-0.1732521 -0.3917809 2.366178
-0.2189282 -0.6827248 2.265755
-0.2246574 -0.750738 2.188572
