
-0.01251819 -0.005352931 2.76541
-0.009106195 0.0274818 2.831165
0.02228556 0.3222572 2.945982
0.03233622 0.4897568 2.935765
-0.1144551 0.2011187 2.877746
-0.2030909 -0.0201027 2.806709
-0.2479376 -0.2136722 2.66399
-0.2568888 -0.2620212 2.635119
0.1545404 0.1937744 2.893492
0.150959 -0.03690318 2.794279
0.1526905 -0.2267394 2.656785
0.1602273 -0.2942935 2.623176
-0.07955967 -0.0572058 2.735799
-0.1879357 -0.3198122 2.428922
-0.206115 -0.4705665 2.231692
-0.2029663 -0.4474076 2.126456
0.04269709 -0.05934596 2.733956
-0.004940871 -0.4622895 2.492727
-0.04808149 -0.7645833 2.488859
-0.05489605 -0.8484734 2.428501

-0.01156427 -0.01859763 2.759871
-0.008144733 0.01719263 2.827464
0.0225837 0.3218415 2.947117
0.03224759 0.4898134 2.937399
-0.1148638 0.2008919 2.880443
-0.2027195 -0.02019947 2.809376
-0.2484165 -0.213987 2.667277
-0.2643954 -0.2645922 2.651864
0.1542924 0.1937961 2.894628
0.1514421 -0.0361365 2.797301
0.1520043 -0.2257446 2.657944
0.1567918 -0.2911938 2.622281
-0.07750888 -0.06942271 2.729843
-0.1879201 -0.3199563 2.430366
-0.2065365 -0.4682031 2.236267
-0.2040041 -0.4450474 2.130591
0.04321372 -0.07107303 2.729562
-0.004848131 -0.4700289 2.489043
-0.04749725 -0.765377 2.490473
-0.05492892 -0.8480601 2.430151

-0.01115154 -0.02426265 2.758198
-0.007777375 0.0131669 2.826495
0.02263714 0.3217587 2.947337
0.03222359 0.4898185 2.937706
-0.114976 0.2008295 2.881047
-0.2026497 -0.02021774 2.810019
-0.2484919 -0.2140343 2.667845
-0.2660953 -0.2651068 2.655674
0.1541971 0.1938134 2.894866
0.1514974 -0.03597357 2.797938
0.1518952 -0.2255827 2.658128
0.1561998 -0.2906829 2.622118
-0.07664211 -0.07501513 2.727772
-0.1879101 -0.3199903 2.430676
-0.2073111 -0.4684941 2.236382
-0.2051149 -0.4454697 2.130841
0.0435039 -0.07615411 2.728561
-0.004766773 -0.4716232 2.48832
-0.04739799 -0.76552 2.490757
-0.05492591 -0.8479952 2.430416

-0.01091756 -0.02828905 2.756967
-0.00754228 0.009925691 2.825711
0.02269631 0.3216175 2.94758
0.03212791 0.4896239 2.938156
-0.1151218 0.2007282 2.881668
-0.202587 -0.02026843 2.810578
-0.2485299 -0.2139876 2.66855
-0.2671616 -0.2653131 2.658221
0.1540404 0.1937395 2.89512
0.151524 -0.03584968 2.798456
0.1517791 -0.2254871 2.658245
0.1557175 -0.2903392 2.621991
-0.07612303 -0.0788183 2.726367
-0.1878599 -0.3200393 2.431019
-0.2078431 -0.4682229 2.237696
-0.2059982 -0.4452938 2.132512
0.04366493 -0.08027107 2.727454
-0.004693764 -0.4727659 2.487827
-0.04732695 -0.7656372 2.490979
-0.05492163 -0.8479414 2.430667

-0.01074557 -0.03116658 2.756084
-0.007373724 0.007303025 2.825079
0.02277106 0.3212614 2.947825
0.03183382 0.4891574 2.938908
-0.1152657 0.2006088 2.882234
-0.2025447 -0.02035324 2.811082
-0.2485524 -0.2139567 2.669277
-0.2679107 -0.2654877 2.659909
0.15382 0.1935696 2.895425
0.151548 -0.03575345 2.798946
0.151629 -0.2255263 2.658284
0.1553473 -0.2901047 2.621903
-0.0757474 -0.08160335 2.72521
-0.187828 -0.3201179 2.43127
-0.2082108 -0.4680887 2.238826
-0.2065684 -0.4452457 2.133884
0.04379424 -0.08324534 2.726708
-0.004622791 -0.4736017 2.48747
-0.04727456 -0.7657364 2.491156
-0.05493076 -0.8478929 2.430969

-0.01067014 -0.03327406 2.755559
-0.007317517 0.0052489 2.824742
0.02278155 0.3208335 2.94819
0.03116178 0.4883418 2.939955
-0.1154991 0.2004001 2.882878
-0.2025385 -0.02052414 2.811681
-0.2485496 -0.2141982 2.670406
-0.2687463 -0.265687 2.661721
0.153473 0.1933147 2.895888
0.1515784 -0.0356809 2.799723
0.151535 -0.2255048 2.658468
0.1550619 -0.2899908 2.622015
-0.07550464 -0.08353951 2.724485
-0.1877981 -0.3201998 2.431495
-0.2097551 -0.4676611 2.239458
-0.2086995 -0.4447327 2.134908
0.04378853 -0.08566485 2.726304
-0.004562633 -0.4742197 2.487215
-0.04723243 -0.7658088 2.491275
-0.05491408 -0.8478232 2.43135

-0.01071734 -0.03453508 2.75519
-0.007410803 0.003994326 2.824526
0.02263388 0.3204148 2.948684
0.03003551 0.487237 2.941322
-0.1164501 0.2003835 2.88433
-0.2025218 -0.02068317 2.812347
-0.2486151 -0.2143519 2.672084
-0.2691486 -0.2658077 2.663107
0.1526086 0.1933111 2.897046
0.1526561 -0.03420213 2.803032
0.1514914 -0.225423 2.658781
0.154902 -0.2898154 2.622088
-0.07564525 -0.0840435 2.723986
-0.1815997 -0.3124633 2.446534
-0.2066502 -0.4588739 2.254679
-0.205877 -0.4353563 2.152631
0.04357576 -0.08740894 2.725966
-0.004607764 -0.47413 2.486989
-0.04722963 -0.7658523 2.491274
-0.0553387 -0.8479031 2.429531

-0.01099311 -0.03529492 2.754998
-0.007604875 0.003135402 2.824417
0.02242175 0.3200809 2.949153
0.02899036 0.4862305 2.942477
-0.1181556 0.2006643 2.886584
-0.2024842 -0.02080068 2.812975
-0.2487043 -0.2144772 2.673667
-0.2693349 -0.2659146 2.6642
0.1513621 0.1935698 2.898654
0.1536909 -0.03270418 2.806332
0.1515452 -0.2252253 2.659301
0.1548721 -0.2896295 2.622554
-0.07629213 -0.08325628 2.723753
-0.1796866 -0.3123879 2.448561
-0.2062697 -0.4579459 2.257068
-0.205721 -0.434393 2.155581
0.04324516 -0.08872372 2.725748
-0.004660332 -0.4740686 2.486782
-0.04723784 -0.7659019 2.491239
-0.05539118 -0.847949 2.429296

-0.01122526 -0.03574307 2.754848
-0.007772966 0.002522213 2.824352
0.02208026 0.3197864 2.949762
0.02807782 0.4853797 2.943528
-0.1198294 0.2009708 2.888866
-0.2024413 -0.02089934 2.813586
-0.2467881 -0.2032614 2.675336
-0.2683389 -0.2631947 2.664352
0.1501434 0.1938606 2.900259
0.1546092 -0.03137879 2.809274
0.1517035 -0.2249535 2.660044
0.1552331 -0.2897723 2.623896
-0.07628461 -0.08222833 2.723292
-0.1780139 -0.313325 2.449058
-0.2059873 -0.4580587 2.258089
-0.2057049 -0.4344403 2.157202
0.04293462 -0.08972248 2.725538
-0.004718158 -0.4740042 2.486597
-0.04724628 -0.7659408 2.4912
-0.05541543 -0.8480001 2.429133

-0.01151349 -0.03588284 2.75476
-0.007977446 0.002112653 2.82433
0.02164781 0.3195393 2.950377
0.02722422 0.4847008 2.944348
-0.1211576 0.2012278 2.890668
-0.2023855 -0.02096858 2.814114
-0.2470753 -0.2027825 2.675973
-0.2682412 -0.2633234 2.664699
0.1490215 0.1941297 2.901654
0.1554978 -0.03024499 2.811958
0.1522854 -0.2239775 2.662383
0.1558208 -0.2892989 2.626337
-0.07629822 -0.08080834 2.722855
-0.1767165 -0.3151345 2.447669
-0.2060387 -0.4593068 2.257042
-0.2060349 -0.4356413 2.156882
0.0426462 -0.09045924 2.725379
-0.004348452 -0.4598225 2.490428
-0.0461293 -0.7563453 2.489925
-0.05531079 -0.8475099 2.429425

-0.01194618 -0.0356031 2.754692
-0.008276896 0.001921957 2.824338
0.02108636 0.319332 2.951086
0.02615552 0.4840876 2.945284
-0.1222239 0.2014166 2.892085
-0.2023117 -0.02102613 2.814539
-0.2477087 -0.2033379 2.67609
-0.2680114 -0.2638303 2.664512
0.1480446 0.1943736 2.902837
0.1563016 -0.03015443 2.813835
0.1531147 -0.222752 2.665219
0.1563889 -0.2885096 2.628878
-0.07644799 -0.07893731 2.722415
-0.1761024 -0.3172207 2.44494
-0.2077867 -0.4599309 2.252941
-0.2080556 -0.4360089 2.153969
0.04229718 -0.09096226 2.725206
-0.004447189 -0.4578918 2.490545
-0.04599381 -0.7550453 2.489643
-0.05528862 -0.8475118 2.429398

-0.01238755 -0.0351681 2.754651
-0.008600282 0.001841676 2.824367
0.02018025 0.3190249 2.952153
0.02531764 0.4835905 2.94597
-0.1230486 0.2015631 2.893174
-0.2022193 -0.02105719 2.814862
-0.2481309 -0.2034509 2.676043
-0.2666578 -0.2634584 2.661378
0.1472622 0.1945553 2.903804
0.15715 -0.02992461 2.815938
0.1538642 -0.2217275 2.667661
0.1569257 -0.287783 2.630828
-0.07662314 -0.07717789 2.721977
-0.1759184 -0.3196046 2.441268
-0.2096011 -0.4609933 2.24826
-0.2100794 -0.4367983 2.150477
0.04195312 -0.0913265 2.725048
-0.004654356 -0.457083 2.490071
-0.04595276 -0.7544174 2.489348
-0.05528901 -0.8475407 2.429438

-0.01269243 -0.03478488 2.754594
-0.008866095 0.001803222 2.824392
0.01934661 0.3187611 2.953123
0.02462903 0.4832187 2.946549
-0.1236967 0.2016634 2.893999
-0.2020828 -0.02109917 2.815011
-0.2484919 -0.2035896 2.675991
-0.2654202 -0.2630126 2.658874
0.1466183 0.1946804 2.904607
0.1578265 -0.02974889 2.817702
0.1546098 -0.2211702 2.669716
0.1574241 -0.2873578 2.632238
-0.0766369 -0.0759269 2.721468
-0.1756783 -0.3195532 2.440588
-0.2102559 -0.4602727 2.247315
-0.2108826 -0.4360097 2.150028
0.04175285 -0.09161811 2.724936
-0.004913033 -0.4570977 2.489279
-0.04599337 -0.7543803 2.489032
-0.05528406 -0.8475938 2.429497

-0.01296436 -0.03437708 2.754536
-0.009124499 0.001814296 2.824416
0.01851814 0.3184665 2.953984
0.02391849 0.4828048 2.947073
-0.1241909 0.2017304 2.894612
-0.2019578 -0.02115402 2.815077
-0.2487739 -0.2037597 2.675926
-0.264315 -0.2625232 2.656717
0.1460891 0.1947651 2.90525
0.1584122 -0.02957837 2.819308
0.1553397 -0.2207241 2.67153
0.158043 -0.2869672 2.633465
-0.07665098 -0.07479204 2.720931
-0.175582 -0.3187535 2.440293
-0.2104401 -0.4594342 2.246933
-0.211138 -0.4351957 2.149966
0.04157792 -0.09184273 2.724841
-0.005374993 -0.4588033 2.487459
-0.04619334 -0.7554784 2.488717
-0.0552788 -0.8476863 2.429631

-0.01322578 -0.03398432 2.754485
-0.009394033 0.001852531 2.824445
0.01776196 0.3181571 2.954736
0.02324738 0.4823822 2.947595
-0.1245743 0.2017741 2.895087
-0.2018424 -0.02121004 2.815088
-0.2491339 -0.2045184 2.675421
-0.2633398 -0.2624021 2.65414
0.1456326 0.1948119 2.905791
0.1589112 -0.02945161 2.820698
0.1560128 -0.2203547 2.673158
0.1590248 -0.2866095 2.634857
-0.07668142 -0.0738574 2.720462
-0.1755927 -0.3177776 2.440198
-0.210494 -0.4585953 2.246814
-0.2112311 -0.4344049 2.150036
0.04134582 -0.09205085 2.724754
-0.005772928 -0.4608044 2.485652
-0.04642627 -0.7568781 2.488472
-0.05525507 -0.8478184 2.429833

-0.01355689 -0.03363972 2.754377
-0.00973769 0.00188846 2.824438
0.01712533 0.3178765 2.955356
0.02268935 0.4820274 2.948049
-0.1248781 0.2017915 2.895468
-0.2017433 -0.02127865 2.81507
-0.2493479 -0.2050775 2.674683
-0.2620091 -0.2603884 2.648191
0.1452222 0.194805 2.90625
0.159345 -0.02938115 2.821957
0.1565828 -0.220057 2.674505
0.1600303 -0.2862799 2.636038
-0.07682703 -0.07316085 2.720047
-0.1756624 -0.316798 2.440231
-0.2103639 -0.4578172 2.246872
-0.2111028 -0.4336726 2.150223
0.04093277 -0.09226758 2.724569
-0.006152164 -0.4629964 2.483823
-0.04668291 -0.7584904 2.488283
-0.05522139 -0.8479523 2.430055

-0.01390141 -0.03329863 2.75422
-0.01009227 0.001930966 2.824403
0.0166025 0.3176079 2.955889
0.02223452 0.4817316 2.948453
-0.1251266 0.2017843 2.895761
-0.2016456 -0.02134729 2.815021
-0.2494411 -0.2054613 2.673839
-0.2609782 -0.2586645 2.643622
0.1448497 0.1947493 2.906646
0.1597025 -0.02932372 2.82306
0.1569993 -0.2198702 2.675483
0.1610365 -0.2861324 2.637144
-0.07700618 -0.0725398 2.719624
-0.1759856 -0.3168476 2.438616
-0.210445 -0.4579766 2.245594
-0.211163 -0.4338688 2.149031
0.0404024 -0.0924817 2.724257
-0.00643315 -0.4648392 2.482207
-0.04687245 -0.7597911 2.48814
-0.05513141 -0.8481127 2.430312

-0.01422461 -0.03298175 2.754047
-0.01046081 0.001975455 2.824341
0.01614779 0.3172583 2.956275
0.02165835 0.4813274 2.949272
-0.1253279 0.2017509 2.895975
-0.2014711 -0.02148837 2.814764
-0.2549751 -0.2264701 2.653179
-0.2641741 -0.2707563 2.629122
0.1445384 0.1946071 2.907052
0.1599676 -0.02927078 2.823972
0.1575621 -0.219724 2.676606
0.1620148 -0.2859748 2.638194
-0.07720371 -0.07199489 2.719187
-0.1763785 -0.3182651 2.43527
-0.2106254 -0.4594215 2.242479
-0.2112246 -0.435321 2.146047
0.03989332 -0.09268267 2.723934
-0.006033479 -0.4623916 2.482145
-0.04658073 -0.757571 2.487672
-0.05498014 -0.8480932 2.430736

-0.01436123 -0.03282524 2.75393
-0.01066603 0.001961381 2.824293
0.01577028 0.3169275 2.956588
0.02120714 0.4809685 2.950013
-0.1255113 0.201672 2.896129
-0.201366 -0.02159778 2.814572
-0.2546136 -0.2254738 2.651173
-0.2637742 -0.2699895 2.624704
0.1442815 0.1944472 2.907414
0.1602094 -0.02918859 2.824853
0.1579955 -0.2196232 2.677488
0.1639718 -0.2855031 2.639683
-0.07714959 -0.07172045 2.718824
-0.1764503 -0.3180133 2.43447
-0.210425 -0.4594041 2.241862
-0.2109058 -0.435337 2.145518
0.0396203 -0.09295533 2.723664
-0.006007363 -0.4627526 2.480979
-0.04659551 -0.7576424 2.487475
-0.05487788 -0.8482229 2.431093

-0.01449147 -0.03269324 2.753772
-0.0108794 0.00192233 2.82421
0.01542159 0.3165168 2.956852
0.02071762 0.4805396 2.950894
-0.1256955 0.2015067 2.896203
-0.2012689 -0.02171393 2.814361
-0.2537435 -0.2227428 2.65068
-0.2633113 -0.2688606 2.621561
0.1440831 0.1942649 2.907693
0.1603789 -0.02910787 2.825593
0.1583283 -0.2197556 2.678064
0.1648174 -0.2856126 2.640212
-0.07714797 -0.07150634 2.718355
-0.1764937 -0.3176494 2.433891
-0.2100948 -0.4592625 2.241406
-0.2104258 -0.4352129 2.145159
0.03935342 -0.09325522 2.723347
-0.005045922 -0.4577313 2.48119
-0.04596664 -0.7533516 2.486524
-0.05462949 -0.8476818 2.431978

-0.01469259 -0.03269567 2.753308
-0.01121226 0.001692406 2.823862
0.01516605 0.3160033 2.956993
0.02023987 0.4800655 2.951768
-0.1258551 0.2012601 2.896164
-0.2011831 -0.02182722 2.814142
-0.2525433 -0.219321 2.651029
-0.2628205 -0.2675576 2.61894
0.1438899 0.1939937 2.907935
0.160496 -0.02901874 2.826222
0.1585632 -0.2198115 2.678474
0.1654896 -0.2857224 2.640621
-0.07729408 -0.07154724 2.717428
-0.1764669 -0.3178912 2.431958
-0.2099202 -0.459677 2.239636
-0.2101338 -0.4356337 2.143629
0.0390368 -0.09369587 2.722812
-0.005001119 -0.4591614 2.478011
-0.04598749 -0.7537263 2.486103
-0.05452933 -0.8477247 2.432358

-0.01474367 -0.03290076 2.75268
-0.0114842 0.001290096 2.823384
0.01495472 0.3154845 2.957067
0.01989317 0.4796013 2.95252
-0.1259448 0.2007478 2.895745
-0.2011068 -0.02193678 2.813925
-0.2514691 -0.2161031 2.651844
-0.2623546 -0.2663625 2.617115
0.1437322 0.193382 2.908103
0.1605816 -0.02893532 2.826751
0.1587656 -0.2200159 2.67876
0.1661946 -0.2860621 2.640783
-0.07716635 -0.07189558 2.716293
-0.176385 -0.3177648 2.43081
-0.209669 -0.4596437 2.238547
-0.2097212 -0.4356341 2.14271
0.03890839 -0.09438484 2.722159
-0.005007367 -0.4609576 2.474947
-0.04605453 -0.7545429 2.485699
-0.05446138 -0.8477821 2.432691

-0.01464733 -0.03331516 2.751966
-0.0116932 0.0007211802 2.822862
0.01469607 0.3148669 2.957173
0.01961933 0.4791393 2.953125
-0.1260464 0.1999314 2.894939
-0.2010297 -0.02207591 2.813604
-0.2506854 -0.2137012 2.652509
-0.2619104 -0.2651717 2.615782
0.1436205 0.1927115 2.908263
0.1606359 -0.02884287 2.82719
0.1589505 -0.2202395 2.678985
0.1667289 -0.2863976 2.640811
-0.07674087 -0.07267375 2.715044
-0.1762347 -0.317206 2.429967
-0.2092011 -0.4592226 2.237695
-0.208971 -0.4352189 2.142005
0.0389795 -0.09523439 2.721431
-0.002080768 -0.4447122 2.476088
-0.04387459 -0.7407187 2.483748
-0.05203284 -0.8123007 2.420882

-0.01460051 -0.03375706 2.751201
-0.01194714 0.0001076163 2.822285
0.01447815 0.3142035 2.957252
0.01940154 0.478353 2.953571
-0.1261344 0.1988334 2.893715
-0.2009608 -0.02221015 2.813291
-0.2499564 -0.2115295 2.653329
-0.2612473 -0.2640268 2.614691
0.1436256 0.1919322 2.908413
0.1606732 -0.02875575 2.827562
0.1591179 -0.2204883 2.679134
0.1673504 -0.2868104 2.640665
-0.07654536 -0.07338144 2.713862
-0.1760423 -0.316542 2.428755
-0.2083961 -0.4586898 2.236222
-0.2077301 -0.4347088 2.140725
0.03899423 -0.09613257 2.720526
-0.0007574077 -0.4368136 2.476466
-0.04281647 -0.7339684 2.482681
-0.05131318 -0.8095308 2.424305

-0.01435829 -0.03482019 2.749787
-0.01202601 -0.00118812 2.821133
0.01426754 0.3131295 2.957166
0.01933035 0.4771817 2.953469
-0.1261099 0.1975102 2.892282
-0.2008496 -0.02241309 2.812814
-0.2492847 -0.2097017 2.654105
-0.2625044 -0.2635116 2.615665
0.1436612 0.1897498 2.907188
0.1607026 -0.02867857 2.827883
0.1593755 -0.2206901 2.67931
0.1677297 -0.2869243 2.640083
-0.07608758 -0.07456923 2.712157
-0.1758079 -0.3155922 2.427504
-0.2073606 -0.4576449 2.234354
-0.2064667 -0.4336734 2.139199
0.03915485 -0.09763473 2.719073
6.18686E-05 -0.4319977 2.476709
-0.04218381 -0.7299225 2.481922
-0.05105478 -0.8004739 2.420697

-0.01449103 -0.03633888 2.747591
-0.01242639 -0.003016397 2.819284
0.0139536 0.3117361 2.956924
0.01959124 0.4744944 2.951334
-0.1260467 0.1959379 2.89052
-0.2007336 -0.02266033 2.812255
-0.2483827 -0.2076661 2.655416
-0.2638281 -0.2631341 2.617326
0.1437411 0.1872594 2.905462
0.1616346 -0.040316 2.821286
0.160044 -0.2218757 2.679023
0.1682165 -0.288076 2.638066
-0.07603544 -0.07590752 2.710001
-0.1755491 -0.3142799 2.426301
-0.2058502 -0.4550439 2.231348
-0.2046364 -0.430776 2.136641
0.03881306 -0.09983177 2.716414
0.0004959669 -0.4291921 2.476617
-0.04182784 -0.7275826 2.48138
-0.05084241 -0.8061914 2.425674

-0.01394878 -0.03883528 2.744235
-0.01237799 -0.005761508 2.81647
0.01324261 0.3095703 2.956213
0.02019133 0.4718163 2.948888
-0.1259995 0.1942499 2.888685
-0.2006087 -0.02299112 2.81157
-0.2476629 -0.2062415 2.656856
-0.265354 -0.2629248 2.619246
0.1437677 0.1848036 2.903459
0.1622025 -0.05007064 2.815803
0.1609277 -0.2235046 2.678455
0.1687716 -0.2897607 2.63567
-0.07489786 -0.07844598 2.706542
-0.1728063 -0.3192561 2.406116
-0.2063243 -0.4607922 2.211533
-0.2055441 -0.4361063 2.11813
0.03932184 -0.1027061 2.712677
0.0007963661 -0.4273575 2.476409
-0.04158299 -0.7260346 2.480982
-0.05089855 -0.8130856 2.429858

-0.01309681 -0.041255 2.740842
-0.0120292 -0.008399155 2.813611
0.01254999 0.3075781 2.955481
0.02111394 0.4690855 2.946553
-0.1259855 0.1928136 2.887166
-0.2004597 -0.0233857 2.810686
-0.2472528 -0.2059953 2.657242
-0.2659506 -0.2634661 2.620565
0.1437499 0.1823872 2.901348
0.1626447 -0.05718832 2.811881
0.16215 -0.2252569 2.677801
0.1704333 -0.2918734 2.633756
-0.07337447 -0.08096067 2.702737
-0.1717349 -0.3222745 2.39403
-0.2070825 -0.4628212 2.197101
-0.20662 -0.4375449 2.104336
0.04024924 -0.1053482 2.709134
0.0009946377 -0.4261488 2.475782
-0.04142389 -0.7249727 2.480556
-0.05088584 -0.8188548 2.43298

-0.01277452 -0.04323495 2.737699
-0.01200321 -0.01067682 2.810895
0.01188979 0.3056746 2.954746
0.02186762 0.4670046 2.944827
-0.1260485 0.1914319 2.885735
-0.2003229 -0.0237622 2.809825
-0.2468761 -0.2058373 2.657524
-0.2661008 -0.2634264 2.621325
0.1437388 0.1804967 2.899717
0.1631618 -0.0619713 2.809324
0.1631546 -0.2265906 2.677189
0.1726598 -0.29375 2.632733
-0.0727869 -0.08275544 2.69957
-0.1711334 -0.3237509 2.387214
-0.205175 -0.4612954 2.184974
-0.2045136 -0.435052 2.092729
0.04059845 -0.1076446 2.705368
-0.003423714 -0.4529176 2.450454
-0.0440403 -0.7430609 2.479377
-0.05165291 -0.8344876 2.433186

-0.01267299 -0.04481961 2.734328
-0.01207239 -0.01266987 2.807809
0.0113359 0.3035155 2.953491
0.02254672 0.4652239 2.943432
-0.1261131 0.1903226 2.884585
-0.2002081 -0.02413024 2.809001
-0.2465389 -0.2056187 2.657879
-0.2660874 -0.2634417 2.622057
0.1437351 0.1788701 2.898258
0.1635564 -0.06531594 2.807527
0.1634704 -0.2471004 2.650342
0.1800976 -0.2982371 2.633419
-0.07249456 -0.0840648 2.696576
-0.1711768 -0.3260735 2.377333
-0.2115535 -0.4735397 2.1389
-0.2110559 -0.445389 2.047352
0.04061984 -0.1093775 2.701115
-0.003018201 -0.4496628 2.44801
-0.04406001 -0.7423233 2.477864
-0.05169465 -0.8373895 2.434135

-0.01265271 -0.04648189 2.730713
-0.01220346 -0.01465412 2.804505
0.01088913 0.301686 2.952267
0.02304981 0.4638887 2.94243
-0.1263243 0.1882676 2.882459
-0.20011 -0.02455549 2.808158
-0.246231 -0.2054772 2.658163
-0.2660105 -0.2635026 2.62271
0.1436515 0.1770711 2.896692
0.1639039 -0.0680325 2.805953
0.16696 -0.2495798 2.648736
0.1822527 -0.2991249 2.632861
-0.07235739 -0.08540142 2.693582
-0.1712193 -0.3273916 2.371435
-0.2146299 -0.4791657 2.117451
-0.2140212 -0.450012 2.025999
0.04060412 -0.1109237 2.696931
-0.004645437 -0.4724902 2.435312
-0.04734401 -0.7637913 2.478517
-0.05206951 -0.8431432 2.433666

-0.0127379 -0.04843081 2.725755
-0.01231365 -0.0167722 2.80035
0.01091873 0.3002044 2.951174
0.02325422 0.4627123 2.941296
-0.1262595 0.1849835 2.878623
-0.2000157 -0.02503685 2.807245
-0.2459698 -0.2054162 2.658406
-0.2658329 -0.2636773 2.623245
0.1434821 0.1752504 2.895063
0.1641703 -0.06999205 2.804805
0.1705689 -0.2502944 2.649072
0.1842363 -0.2996515 2.63234
-0.07258779 -0.08701827 2.688267
-0.1711643 -0.3276957 2.367928
-0.2158419 -0.4815116 2.107405
-0.2151105 -0.4518906 2.016033
0.04040441 -0.1124071 2.692316
6.66579E-05 -0.452689 2.438974
-0.04577935 -0.7532932 2.475159
-0.05206035 -0.8440158 2.434245

-0.01292829 -0.04998605 2.721527
-0.01250611 -0.01857752 2.79658
0.01114972 0.2986561 2.949933
0.02325876 0.4616655 2.940195
-0.126008 0.1821889 2.875235
-0.1998804 -0.02563268 2.806223
-0.2457211 -0.2054036 2.658634
-0.2655308 -0.2640158 2.623514
0.1433342 0.1733547 2.893467
0.1644597 -0.07159791 2.803733
0.1748976 -0.2501943 2.650802
0.1863933 -0.3003919 2.632281
-0.07289546 -0.08818287 2.684141
-0.1711047 -0.3274944 2.36538
-0.2165854 -0.4830121 2.10049
-0.2157791 -0.4530474 2.009188
0.04005915 -0.1135589 2.688029
0.002428297 -0.4404017 2.441892
-0.0445835 -0.7454442 2.472358
-0.05201481 -0.8441409 2.434644

-0.01277451 -0.05257117 2.715999
-0.01239315 -0.02139167 2.791491
0.01145699 0.2967525 2.948257
0.02318858 0.4601895 2.938626
-0.1257608 0.1791592 2.871435
-0.199516 -0.02703166 2.80364
-0.2454876 -0.2055038 2.659043
-0.2651485 -0.2641906 2.62386
0.1428404 0.1696778 2.889895
0.1647928 -0.07292999 2.802743
0.178209 -0.2497758 2.652383
0.2001307 -0.3006365 2.643622
-0.07273377 -0.09079782 2.678039
-0.1709278 -0.3264409 2.363575
-0.2168143 -0.4835337 2.095241
-0.2157888 -0.4531585 2.003965
0.04004486 -0.1151561 2.68326
0.003349942 -0.4336871 2.442976
-0.04388967 -0.7407273 2.470274
-0.05201169 -0.8441316 2.434828

-0.01278585 -0.05489056 2.710848
-0.0123462 -0.02400119 2.786493
0.01204087 0.2943102 2.945577
0.02305205 0.4588439 2.937237
-0.1256514 0.1762962 2.867796
-0.1993774 -0.03008232 2.798836
-0.2453944 -0.2057152 2.659503
-0.2647885 -0.2643165 2.624176
0.142415 0.1666697 2.886565
0.1650972 -0.0739364 2.801955
0.1816072 -0.2491002 2.654812
0.2038485 -0.3018794 2.642526
-0.07285836 -0.09293973 2.672837
-0.1703183 -0.3252625 2.357456
-0.2165897 -0.4829938 2.091569
-0.2154617 -0.4524624 2.000279
0.03993675 -0.1169796 2.677994
0.003810449 -0.4293739 2.443518
-0.04354208 -0.7375765 2.468662
-0.05209741 -0.8435636 2.43442

-0.01249469 -0.05665976 2.706812
-0.0120805 -0.02598863 2.782553
0.01247699 0.2922636 2.943096
0.0228201 0.4575873 2.935856
-0.1254707 0.1741704 2.864888
-0.1992951 -0.03260345 2.794919
-0.2453481 -0.2059795 2.659997
-0.2643955 -0.2643386 2.624611
0.1420815 0.1642954 2.883697
0.1654404 -0.07479247 2.801177
0.1843809 -0.2485367 2.656873
0.2065654 -0.303366 2.64061
-0.07259634 -0.09457037 2.668458
-0.1697132 -0.3237872 2.353393
-0.2159334 -0.4814447 2.089454
-0.2147162 -0.45088 1.998122
0.04028445 -0.1184266 2.674046
-0.001301612 -0.4501366 2.424537
-0.04519732 -0.7472343 2.467851
-0.05231149 -0.8448914 2.433222

-0.01236099 -0.0581485 2.703195
-0.0119695 -0.02769542 2.778809
0.01299914 0.2894738 2.938637
0.02259252 0.4564969 2.934591
-0.1251509 0.1722212 2.861949
-0.2025572 -0.05355794 2.775199
-0.2490153 -0.2205449 2.655186
-0.2639027 -0.2642261 2.625226
0.1417612 0.1618203 2.880582
0.1658262 -0.07561998 2.800325
0.185598 -0.2482895 2.657357
0.2083892 -0.3043356 2.638958
-0.07253252 -0.09574672 2.664487
-0.1693275 -0.3215467 2.350635
-0.2154309 -0.4785503 2.084098
-0.2139648 -0.4478064 1.992765
0.04045916 -0.1198915 2.670591
-0.001773909 -0.4510253 2.421976
-0.04539461 -0.7478814 2.46704
-0.0524423 -0.8456055 2.432423

-0.01216663 -0.05943251 2.700474
-0.01183006 -0.02908121 2.776054
0.01326391 0.2874615 2.935478
0.02235778 0.4554054 2.933276
-0.12486 0.1707015 2.859662
-0.2047325 -0.06614237 2.764158
-0.251903 -0.2314832 2.65129
-0.2634959 -0.264098 2.625787
0.141518 0.160079 2.878298
0.1662093 -0.07635594 2.799511
0.1869088 -0.2480292 2.658074
0.2095854 -0.3051835 2.637209
-0.07232558 -0.09671883 2.661773
-0.1689818 -0.3193026 2.348509
-0.2148817 -0.476132 2.080276
-0.2132366 -0.4453154 1.98898
0.04068335 -0.1212132 2.667843
-0.002090435 -0.4501531 2.420971
-0.04554737 -0.7482606 2.46639
-0.05253482 -0.8461483 2.431726

-0.0122488 -0.06084691 2.697972
-0.0118592 -0.03052245 2.773619
0.01328772 0.2858474 2.933161
0.02204243 0.4543266 2.931639
-0.1246729 0.1695067 2.857829
-0.2062085 -0.07422333 2.757316
-0.2539559 -0.2392696 2.647711
-0.2655659 -0.2749228 2.620595
0.1409995 0.1584742 2.8754
0.1666107 -0.07701654 2.798648
0.1881732 -0.2478455 2.658707
0.210311 -0.3069758 2.634276
-0.07239579 -0.09766898 2.659538
-0.1687734 -0.3198029 2.336858
-0.2141558 -0.4735816 2.075697
-0.2126099 -0.4426927 1.984522
0.04069754 -0.1227244 2.665214
-0.003557719 -0.4546634 2.416126
-0.04673 -0.7534462 2.465814
-0.05263108 -0.8468699 2.430928

-0.01261672 -0.06191762 2.695815
-0.01217834 -0.03165246 2.771466
0.01299256 0.2843179 2.930715
0.02164652 0.4532566 2.930043
-0.1244967 0.1684152 2.856089
-0.2071565 -0.0792847 2.753066
-0.2554251 -0.2446618 2.645339
-0.2674402 -0.2836186 2.617356
0.1406853 0.1570766 2.872951
0.1669833 -0.0776455 2.797831
0.1888638 -0.2476935 2.658958
0.2102481 -0.3084736 2.630373
-0.07276765 -0.09839094 2.657752
-0.1687884 -0.3183483 2.332268
-0.2131305 -0.4713477 2.071885
-0.2115614 -0.4404851 1.980815
0.04037328 -0.1238785 2.662659
-0.005439667 -0.4607589 2.411981
-0.04846973 -0.7612994 2.46542
-0.0526987 -0.8474627 2.430321

-0.01303764 -0.06309251 2.69371
-0.01251744 -0.03283948 2.769329
0.01245506 0.2828449 2.927842
0.02133141 0.4519057 2.928413
-0.1243899 0.167484 2.854606
-0.2077854 -0.08261956 2.750251
-0.2564699 -0.2482603 2.643461
-0.2745648 -0.296675 2.609341
0.1400191 0.1551795 2.869586
0.1674076 -0.07835708 2.796828
0.1744161 -0.259954 2.627415
0.2099282 -0.3098905 2.624697
-0.07314593 -0.09913943 2.656254
-0.1689441 -0.3171869 2.329007
-0.2110319 -0.4689937 2.06933
-0.2094215 -0.4382163 1.978321
0.04002631 -0.1250704 2.660254
-0.00796175 -0.4683371 2.408613
-0.04993521 -0.76628 2.464845
-0.05274949 -0.8479609 2.429873

-0.01328569 -0.06443014 2.691419
-0.01271806 -0.03412932 2.767141
0.01197554 0.2817012 2.925662
0.02101132 0.4503655 2.927057
-0.1243695 0.1666607 2.853353
-0.2082188 -0.08495864 2.748253
-0.2572709 -0.2508047 2.642126
-0.2787566 -0.3058523 2.604756
0.1394942 0.1535827 2.866745
0.167851 -0.07912426 2.795783
0.1670689 -0.2666915 2.61105
0.2097101 -0.3107429 2.620728
-0.07342521 -0.1000494 2.654721
-0.1692832 -0.3163641 2.325418
-0.2079305 -0.4666827 2.064169
-0.206194 -0.4358201 1.973276
0.04003439 -0.1265851 2.657156
-0.01034611 -0.4748529 2.40631
-0.05220327 -0.7728422 2.464658
-0.05284988 -0.8487698 2.429219

-0.01391276 -0.0661528 2.688412
-0.01322386 -0.03574764 2.764333
0.0113506 0.2806948 2.923595
0.02035523 0.4481158 2.925305
-0.1244064 0.1659023 2.85224
-0.2085489 -0.08667085 2.746818
-0.2578674 -0.2525523 2.640813
-0.279696 -0.3062091 2.605001
0.138981 0.1521379 2.864126
0.1684248 -0.08017997 2.794304
0.1765882 -0.2648232 2.617792
0.2101812 -0.3121132 2.61674
-0.074426 -0.1018418 2.651591
-0.1697586 -0.3163291 2.320463
-0.2050456 -0.4651917 2.059198
-0.2032589 -0.4342255 1.968462
0.03983732 -0.1280827 2.654219
-0.01257383 -0.480307 2.404575
-0.05420837 -0.7783846 2.464627
-0.05294088 -0.8498988 2.4283

-0.01463179 -0.0678018 2.685556
-0.01376158 -0.03733328 2.761621
0.01083282 0.2796666 2.921558
0.01957141 0.4460526 2.92388
-0.1245133 0.1652113 2.851258
-0.2088234 -0.08787403 2.745886
-0.2559255 -0.2508829 2.633474
-0.2816868 -0.3087447 2.602728
0.1384746 0.1508217 2.861668
0.1691826 -0.08168172 2.792297
0.1848494 -0.2637438 2.624186
0.2108393 -0.3139825 2.613154
-0.07558101 -0.1037986 2.648653
-0.1702439 -0.3162794 2.316861
-0.2030134 -0.4641531 2.055777
-0.2012344 -0.4331193 1.965175
0.03948958 -0.129339 2.651442
-0.01429395 -0.4840952 2.403397
-0.05562483 -0.7815554 2.464416
-0.05300121 -0.8506895 2.427625

-0.01517116 -0.06901308 2.683469
-0.01416599 -0.03850833 2.759613
0.01037846 0.2787722 2.919716
0.01893847 0.4444067 2.92284
-0.1246434 0.1645021 2.850325
-0.2090718 -0.08866394 2.745358
-0.2560434 -0.2513189 2.631722
-0.283877 -0.3115042 2.600217
0.1381692 0.1498248 2.859833
0.1699651 -0.0832184 2.790142
0.1916149 -0.2629896 2.629768
0.2117819 -0.3159273 2.610257
-0.07645754 -0.1053387 2.646488
-0.1710519 -0.3169212 2.311646
-0.2015079 -0.4633262 2.053194
-0.1997205 -0.4322695 1.962676
0.03923131 -0.1302342 2.649417
-0.01545604 -0.4865889 2.402614
-0.05665143 -0.7837154 2.464268
-0.05300843 -0.8513387 2.427043

-0.01583233 -0.0708099 2.680672
-0.0145806 -0.0402624 2.756892
0.009891432 0.2776158 2.917503
0.01835461 0.4429236 2.921943
-0.124834 0.1636283 2.849314
-0.209286 -0.08910425 2.745157
-0.2561908 -0.2515268 2.630255
-0.2855232 -0.3134149 2.597929
0.137607 0.1487094 2.857408
0.1706908 -0.08472127 2.78783
0.1985323 -0.2672275 2.628964
0.2135748 -0.3210798 2.606703
-0.07739021 -0.1075829 2.643679
-0.1715789 -0.3172705 2.308293
-0.2004365 -0.4627412 2.051366
-0.1987403 -0.4316674 1.960945
0.0388733 -0.1312753 2.647188
-0.01630081 -0.4883464 2.402059
-0.05737766 -0.7851864 2.464155
-0.05300786 -0.851869 2.42665

-0.01641862 -0.07210889 2.678365
-0.01500274 -0.04158458 2.754645
0.009420495 0.2766886 2.91574
0.01774117 0.4415736 2.92119
-0.1250659 0.1625544 2.848047
-0.2094654 -0.0892721 2.74521
-0.2563198 -0.2516556 2.629169
-0.2860135 -0.3149871 2.595637
0.1372134 0.1479007 2.855629
0.1713741 -0.08621155 2.785615
0.1933679 -0.2715892 2.616551
0.2144132 -0.3215772 2.605582
-0.07814435 -0.109262 2.641506
-0.1719298 -0.3175161 2.306
-0.1996149 -0.4623114 2.049768
-0.1979744 -0.4311969 1.95943
0.03846141 -0.1319233 2.644915
-0.01691619 -0.4895767 2.401648
-0.05795517 -0.7863023 2.464064
-0.05300801 -0.8523937 2.426174

-0.01696353 -0.0733939 2.675862
-0.0154112 -0.04288097 2.752299
0.009052084 0.2759398 2.914329
0.01689694 0.4401373 2.920401
-0.1251382 0.1613627 2.846474
-0.209598 -0.08926092 2.745379
-0.2564678 -0.2518972 2.628613
-0.2785998 -0.2984706 2.606024
0.1368359 0.1472903 2.854151
0.1725355 -0.0883266 2.782089
0.2011266 -0.2676753 2.623286
0.215783 -0.3199799 2.604785
-0.07868136 -0.1107144 2.639386
-0.1721536 -0.31771 2.304349
-0.1990609 -0.4619773 2.048628
-0.1974502 -0.4308197 1.95836
0.0379455 -0.1325073 2.642505
-0.01757898 -0.4889577 2.401074
-0.05839558 -0.7869753 2.463946
-0.05301613 -0.8526809 2.425873

-0.01711012 -0.07444995 2.67361
-0.01552157 -0.04395347 2.750195
0.008744233 0.2753453 2.913126
0.01614016 0.4388451 2.91975
-0.1251586 0.1602681 2.844967
-0.2097009 -0.08911302 2.745653
-0.2566516 -0.2521426 2.628359
-0.2734052 -0.2869682 2.613242
0.1364155 0.1467384 2.8527
0.1737187 -0.09019509 2.778463
0.2064294 -0.2655424 2.627935
0.2198035 -0.3219828 2.600623
-0.07880221 -0.1118893 2.63769
-0.1722909 -0.3178858 2.302968
-0.1986799 -0.4617316 2.047816
-0.1970995 -0.4305425 1.957597
0.03789492 -0.1328898 2.639933
-0.01812704 -0.4887094 2.400563
-0.05874165 -0.7875475 2.463886
-0.05298235 -0.8530656 2.425548

-0.01703258 -0.07532874 2.671576
-0.01546015 -0.04486844 2.748269
0.008388175 0.2747452 2.911872
0.01544865 0.4376761 2.91912
-0.1252443 0.1592532 2.843539
-0.2097807 -0.08887418 2.745996
-0.2568299 -0.252368 2.628289
-0.269971 -0.2799013 2.617734
0.1360107 0.1462268 2.851303
0.1746425 -0.091413 2.775423
0.2100419 -0.2639709 2.631132
0.2236101 -0.32351 2.597446
-0.07860086 -0.1130144 2.63595
-0.1723615 -0.3180238 2.301944
-0.1984235 -0.461536 2.04723
-0.1968811 -0.4303144 1.957041
0.03807036 -0.1331735 2.637641
-0.01852629 -0.4872211 2.399777
-0.05906558 -0.7876364 2.463754
-0.05297159 -0.8532513 2.425174

-0.01699747 -0.07600013 2.669957
-0.01543361 -0.04557887 2.746721
0.008058785 0.274255 2.910819
0.01465514 0.4365779 2.918468
-0.1253047 0.1584328 2.842356
-0.2098396 -0.0885817 2.746365
-0.256873 -0.2524817 2.628099
-0.2678291 -0.2759688 2.620138
0.1356377 0.1458406 2.850114
0.1754723 -0.09212642 2.772851
0.2123941 -0.2628355 2.633188
0.2268564 -0.3243507 2.594692
-0.07840533 -0.1138886 2.634576
-0.172389 -0.3181384 2.301111
-0.1982467 -0.4613882 2.046808
-0.1967585 -0.4301358 1.956648
0.03808279 -0.133345 2.635828
-0.01868583 -0.4848807 2.398862
-0.05934324 -0.7871295 2.46336
-0.05296733 -0.8533826 2.424896

-0.01707149 -0.07665835 2.668391
-0.01549208 -0.04627335 2.745269
0.007805907 0.2737934 2.909965
0.01399294 0.4356912 2.917979
-0.125272 0.1576309 2.841183
-0.2098782 -0.08826094 2.746701
-0.2568161 -0.2525479 2.627916
-0.2664592 -0.2785496 2.616718
0.1353539 0.1455394 2.849203
0.1762735 -0.09254858 2.770798
0.2142816 -0.2618978 2.634591
0.2293898 -0.3248112 2.592432
-0.07835088 -0.1147084 2.633388
-0.1723877 -0.3181967 2.300516
-0.1982282 -0.4612071 2.046603
-0.1968335 -0.4299026 1.956515
0.03787487 -0.1334996 2.633701
-0.01873245 -0.483764 2.39827
-0.05954847 -0.7868341 2.463104
-0.05296521 -0.853512 2.424725

-0.01715056 -0.07712106 2.667174
-0.01556883 -0.04678097 2.744124
0.007491958 0.2733612 2.909171
0.0134543 0.4350194 2.917644
-0.1252209 0.1569813 2.840234
-0.2099048 -0.08793259 2.74702
-0.2568021 -0.2526072 2.627803
-0.2651845 -0.2772572 2.616848
0.1351392 0.1453041 2.848494
0.1771148 -0.09273782 2.769186
0.2167014 -0.2610404 2.636204
0.2319466 -0.32545 2.59138
-0.07831574 -0.1152946 2.632518
-0.1723774 -0.3182278 2.300083
-0.2028436 -0.4622446 2.043154
-0.2022868 -0.4308099 1.953092
0.03765526 -0.1335405 2.631926
-0.01869064 -0.4828397 2.397773
-0.05969472 -0.7861063 2.462647
-0.05295065 -0.853614 2.424598

-0.0172677 -0.07742967 2.66623
-0.01566812 -0.0471462 2.743219
0.007147701 0.2729121 2.908365
0.01302002 0.4344839 2.917395
-0.1251798 0.1564582 2.839477
-0.2099196 -0.08765694 2.747252
-0.2567612 -0.2526626 2.627708
-0.264182 -0.276293 2.616811
0.1349063 0.1450647 2.847762
0.1778972 -0.09272271 2.767738
0.2185654 -0.2600159 2.636729
0.2343719 -0.3253325 2.589759
-0.07832598 -0.1156859 2.63192
-0.1723461 -0.3182151 2.299814
-0.2085632 -0.4638715 2.038895
-0.2089309 -0.4323141 1.948898
0.03733942 -0.1334784 2.630415
-0.01853571 -0.4820156 2.397226
-0.05979487 -0.7857065 2.462378
-0.05294093 -0.8537448 2.424461

-0.01748095 -0.07758559 2.665489
-0.01584738 -0.04737397 2.742493
0.006810006 0.2725148 2.907606
0.01266864 0.4340545 2.917204
-0.1250844 0.155961 2.838724
-0.2099184 -0.0874097 2.747431
-0.2567216 -0.2527165 2.62764
-0.2634282 -0.2757026 2.616741
0.134724 0.1448379 2.847123
0.1787824 -0.09246873 2.766304
0.2200146 -0.259213 2.636945
0.2363856 -0.3250086 2.588124
-0.07850416 -0.1158679 2.631487
-0.1723013 -0.3181694 2.299672
-0.2124499 -0.4649549 2.036297
-0.2132767 -0.4333083 1.946421
0.03696765 -0.1333694 2.629231
-0.01789979 -0.4804398 2.39621
-0.05983214 -0.7850235 2.462039
-0.05293431 -0.8538302 2.424373

-0.01768426 -0.07767691 2.664917
-0.01600645 -0.04752916 2.741935
0.006572103 0.2721927 2.906926
0.01235663 0.433698 2.917052
-0.1249989 0.155562 2.838119
-0.2099056 -0.0871703 2.747588
-0.2566186 -0.2527516 2.627546
-0.2634991 -0.2815882 2.61142
0.1345771 0.1446256 2.846534
0.1796748 -0.092127 2.76471
0.2215909 -0.2585134 2.636703
0.2382372 -0.3247044 2.586446
-0.07870863 -0.1159648 2.63117
-0.1722347 -0.3180695 2.299724
-0.2151037 -0.4655542 2.034956
-0.2162638 -0.4338602 1.945175
0.03662606 -0.1332636 2.628323
-0.01073009 -0.4448322 2.404975
-0.05578792 -0.7562645 2.455246
-0.05289735 -0.8527533 2.424471

-0.01786012 -0.0777352 2.664483
-0.01614474 -0.04764273 2.741505
0.006375844 0.2718982 2.90633
0.01212247 0.4334021 2.916937
-0.1249146 0.1552279 2.837623
-0.2098937 -0.08699973 2.747709
-0.2565383 -0.2528068 2.627476
-0.2637764 -0.2870658 2.606888
0.1345024 0.1444104 2.84602
0.1806507 -0.09179618 2.763047
0.2231179 -0.2579001 2.635824
0.2398332 -0.3245117 2.584812
-0.07890663 -0.1160153 2.630946
-0.1721196 -0.3176848 2.300447
-0.2153916 -0.4633809 2.041351
-0.2165645 -0.4317905 1.951781
0.03636021 -0.1332034 2.627648
-0.009697927 -0.4432136 2.401248
-0.05532895 -0.7532327 2.454125
-0.05287875 -0.8526745 2.424426

-0.01802219 -0.07776468 2.66415
-0.01626731 -0.0477207 2.741175
0.006235597 0.2715678 2.905686
0.01192502 0.4331621 2.916849
-0.1248533 0.154888 2.837159
-0.2098799 -0.0868498 2.747814
-0.2564641 -0.2529089 2.627481
-0.2644277 -0.2905521 2.602223
0.1344268 0.144197 2.845552
0.1814766 -0.09150705 2.761547
0.2243345 -0.2572654 2.634305
0.2408883 -0.3242068 2.582957
-0.07910844 -0.1160305 2.630797
-0.1718835 -0.3170906 2.301767
-0.2204429 -0.4683694 2.034801
-0.2218303 -0.4368004 1.945413
0.03612233 -0.133149 2.627142
-0.009922164 -0.4478275 2.39611
-0.05550312 -0.7554518 2.454039
-0.05285664 -0.8526381 2.424392

-0.01815705 -0.07780832 2.663911
-0.01637291 -0.04780685 2.740923
0.006109792 0.2709762 2.904875
0.01178676 0.4328979 2.916745
-0.124791 0.1545782 2.83676
-0.2098643 -0.0867226 2.747902
-0.2564101 -0.2530379 2.627528
-0.2693508 -0.299911 2.594379
0.1344099 0.1438947 2.84502
0.1821726 -0.09121127 2.76023
0.2252663 -0.2567141 2.632704
0.2420341 -0.3238765 2.58129
-0.0793075 -0.1160343 2.630715
-0.1716462 -0.3168901 2.302625
-0.2238145 -0.4719467 2.029646
-0.2253546 -0.4403366 1.940419
0.03593389 -0.1332154 2.62678
-0.01216291 -0.4598328 2.391417
-0.05606695 -0.7595294 2.454146
-0.05282277 -0.8526975 2.424376

-0.01843108 -0.07797503 2.663687
-0.01656003 -0.04801921 2.740666
0.00600939 0.2701275 2.903967
0.01169829 0.4325676 2.916615
-0.1247701 0.1542149 2.836417
-0.2098554 -0.08665646 2.747948
-0.2563954 -0.2533399 2.627641
-0.2734033 -0.3073524 2.58864
0.1342808 0.1431982 2.843949
0.1828037 -0.09090082 2.759059
0.2260037 -0.2563268 2.631357
0.242981 -0.3235948 2.579864
-0.07980307 -0.1162408 2.630677
-0.1714624 -0.3167624 2.30337
-0.2250463 -0.4750736 2.024333
-0.2267129 -0.4455513 1.931213
0.03565804 -0.1334342 2.626478
-0.0141162 -0.4682729 2.388705
-0.05733432 -0.7662006 2.455297
-0.05274179 -0.8528051 2.424436

-0.01871685 -0.07823586 2.663499
-0.01676229 -0.04835431 2.740415
0.006022881 0.2687991 2.902755
0.01166122 0.4322235 2.916467
-0.1247969 0.1536236 2.836056
-0.2098453 -0.0866072 2.747985
-0.2563851 -0.2536605 2.627766
-0.2764646 -0.312525 2.584689
0.1343414 0.1423526 2.843003
0.1833076 -0.09064046 2.757948
0.2265582 -0.2561376 2.630201
0.2437387 -0.3234411 2.578618
-0.08027706 -0.1167218 2.630737
-0.1712885 -0.316914 2.303817
-0.2158786 -0.4822432 2.011146
-0.2172092 -0.451903 1.919228
0.03531269 -0.1338429 2.626163
-0.01664588 -0.4766548 2.387157
-0.05855636 -0.7722005 2.456534
-0.05269613 -0.8529993 2.424418

-0.0191709 -0.07878323 2.663242
-0.0170662 -0.04892771 2.740087
0.006053575 0.267597 2.901682
0.01169094 0.4317738 2.916111
-0.1248085 0.1530064 2.835727
-0.2098299 -0.08657929 2.748007
-0.2563781 -0.253984 2.62782
-0.279224 -0.3166507 2.582229
0.1343081 0.1412502 2.841873
0.183948 -0.09061137 2.756197
0.2318028 -0.2635148 2.620055
0.2445197 -0.324237 2.572394
-0.0808457 -0.1173679 2.630749
-0.1711403 -0.3171141 2.304458
-0.2094672 -0.4758922 2.019519
-0.2098778 -0.4440973 1.929555
0.03480688 -0.1345583 2.62586
-0.01860641 -0.4825578 2.386396
-0.05959914 -0.7767306 2.457594
-0.05264958 -0.8532602 2.424421

-0.01981915 -0.07964274 2.662958
-0.0174593 -0.04973608 2.739746
0.006118909 0.2665112 2.900836
0.0118825 0.4311155 2.915513
-0.1248659 0.1520911 2.835411
-0.2097902 -0.08659595 2.748001
-0.2563904 -0.2543968 2.62784
-0.2815209 -0.3198376 2.580514
0.1342936 0.1400599 2.840757
0.1846345 -0.0909692 2.753979
0.2324687 -0.2641141 2.617161
0.244874 -0.3234866 2.569424
-0.08165858 -0.1183131 2.630745
-0.1710758 -0.3174012 2.304883
-0.2054899 -0.4706501 2.025955
-0.2057054 -0.4381813 1.936846
0.03406946 -0.1356945 2.625529
-0.02005412 -0.486439 2.386035
-0.06031879 -0.7791027 2.458158
-0.05261971 -0.8534274 2.424441

-0.02043097 -0.08061033 2.662655
-0.01781346 -0.05065536 2.73939
0.006226873 0.2655231 2.900142
0.01210648 0.4303863 2.914889
-0.125008 0.1509506 2.835155
-0.2097535 -0.0866378 2.747994
-0.2564054 -0.2548458 2.627858
-0.2833194 -0.3198091 2.581156
0.1343381 0.1388315 2.839743
0.185365 -0.09151449 2.751647
0.2329446 -0.2643844 2.61476
0.2450912 -0.3227959 2.567185
-0.0824894 -0.119446 2.630686
-0.1710376 -0.3176767 2.305246
-0.2035436 -0.4683163 2.028619
-0.2033062 -0.4339569 1.94188
0.03343036 -0.136936 2.625143
-0.02159329 -0.487333 2.385881
-0.06093609 -0.7809448 2.458583
-0.05269852 -0.8535229 2.424111

-0.02096442 -0.08148369 2.662414
-0.0181193 -0.0514973 2.739095
0.006366032 0.2646273 2.899565
0.01233364 0.4297121 2.914305
-0.1251304 0.1498148 2.834955
-0.2097036 -0.08672524 2.747994
-0.2563954 -0.2553169 2.627855
-0.2839905 -0.3192371 2.582412
0.1343865 0.1377545 2.838926
0.185965 -0.09197867 2.749766
0.234028 -0.263948 2.612691
0.245974 -0.3220229 2.562899
-0.08317874 -0.1204186 2.630842
-0.1710156 -0.3179101 2.305535
-0.2016689 -0.4607547 2.035467
-0.2011266 -0.4198063 1.954333
0.03283016 -0.1381151 2.624746
-0.02316933 -0.4867597 2.385957
-0.06140134 -0.7822607 2.458867
-0.05280069 -0.8535796 2.423717

-0.02147224 -0.08249396 2.662094
-0.0183833 -0.05246131 2.738724
0.006526638 0.2638066 2.899019
0.01247829 0.4290169 2.913737
-0.1252882 0.148539 2.834761
-0.2096471 -0.08685309 2.748002
-0.2563472 -0.255773 2.627803
-0.284128 -0.319082 2.583036
0.134384 0.136745 2.838115
0.1864876 -0.09228509 2.748252
0.2349065 -0.2633187 2.611153
0.2464494 -0.3212076 2.559336
-0.08380033 -0.1216002 2.630906
-0.1710116 -0.3180763 2.305846
-0.2008179 -0.4563285 2.038638
-0.2005398 -0.4143061 1.958085
0.03228603 -0.1392425 2.62432
-0.02468629 -0.4849944 2.386251
-0.0617526 -0.7831766 2.459073
-0.05290783 -0.8536202 2.423329

-0.02190971 -0.08340007 2.66177
-0.01859995 -0.05335104 2.738356
0.006675211 0.2630851 2.898568
0.0125857 0.4282882 2.913347
-0.1252748 0.1474899 2.834636
-0.2095667 -0.08702616 2.74808
-0.2562736 -0.2561978 2.627805
-0.2838988 -0.3187118 2.58427
0.134383 0.1358164 2.837308
0.1873336 -0.0921252 2.746972
0.2362186 -0.2605877 2.608977
0.2472525 -0.3190816 2.555308
-0.08430921 -0.1226374 2.630918
-0.1710292 -0.3181601 2.306353
-0.2117108 -0.4492789 2.02214
-0.2215599 -0.4057662 1.926385
0.03183189 -0.14013 2.623914
-0.02584974 -0.4851014 2.386567
-0.06206475 -0.7839403 2.459255
-0.05296836 -0.8536993 2.42315

-0.02209926 -0.08402827 2.661539
-0.01865773 -0.05405534 2.738064
0.006818536 0.2624526 2.898212
0.01260013 0.4275298 2.912979
-0.1252339 0.1466336 2.834578
-0.2094693 -0.08723048 2.748187
-0.2562385 -0.2568731 2.628091
-0.2835167 -0.3183866 2.586255
0.134425 0.1349938 2.83658
0.1881313 -0.09184075 2.745917
0.2376196 -0.2579798 2.607415
0.2483179 -0.3173438 2.552556
-0.08443875 -0.1233061 2.630984
-0.1710447 -0.3181999 2.306865
-0.2058685 -0.4415785 2.03832
-0.2073225 -0.3990603 1.957336
0.03160427 -0.1407623 2.623546
-0.026837 -0.4844253 2.386823
-0.06232534 -0.7845574 2.459426
-0.05304654 -0.8537931 2.422965

-0.02215386 -0.084622 2.661265
-0.01859296 -0.05474461 2.737744
0.006956828 0.261876 2.897966
0.01245914 0.4266775 2.912715
-0.1251956 0.1459118 2.834638
-0.2093451 -0.08747479 2.748321
-0.256265 -0.2575939 2.628476
-0.282943 -0.318089 2.58807
0.1344623 0.1343215 2.83596
0.1889761 -0.09112006 2.745069
0.2432341 -0.2527464 2.606998
0.2538956 -0.312405 2.549707
-0.0843064 -0.1242525 2.630793
-0.1710564 -0.3181417 2.307515
-0.2030338 -0.4338569 2.048839
-0.2023727 -0.3910141 1.972247
0.03155412 -0.1412085 2.623179
-0.02751653 -0.4845967 2.387054
-0.06252677 -0.7850257 2.459566
-0.05311546 -0.8539153 2.422869

-0.02203813 -0.08514561 2.661002
-0.01838355 -0.05538363 2.737449
0.007102313 0.2613123 2.897836
0.01225956 0.4258596 2.912535
-0.1251487 0.1453239 2.834717
-0.2091466 -0.08770717 2.748613
-0.2562118 -0.2581944 2.629005
-0.282242 -0.3175564 2.590132
0.1344907 0.1338289 2.835465
0.1904362 -0.08955487 2.744305
0.2468507 -0.2488614 2.607017
0.2586483 -0.3077939 2.547686
-0.08384776 -0.1251505 2.630619
-0.1710597 -0.3180376 2.308332
-0.2013727 -0.4291395 2.056919
-0.2003824 -0.3875678 1.980773
0.03168828 -0.1415256 2.622765
-0.0277347 -0.4840194 2.387415
-0.06268082 -0.7853754 2.459677
-0.05317085 -0.854041 2.422815

-0.02178643 -0.08558436 2.660786
-0.0180398 -0.05594367 2.737214
0.007288306 0.2607883 2.897818
0.01207141 0.4251666 2.912418
-0.1251029 0.1448419 2.834816
-0.2089314 -0.08794694 2.748935
-0.2560155 -0.2590803 2.629983
-0.2789451 -0.3137481 2.598696
0.1345209 0.1335032 2.835088
0.1931092 -0.0859433 2.743538
0.2490758 -0.2456219 2.607616
0.2614903 -0.3042765 2.547009
-0.0832703 -0.1259403 2.630474
-0.1710478 -0.3178821 2.309228
-0.2002882 -0.4259076 2.062803
-0.1993524 -0.3854496 1.985989
0.03202047 -0.1416932 2.622375
-0.02751347 -0.4826953 2.38787
-0.06277879 -0.7856055 2.459759
-0.05320644 -0.8541046 2.422781

-0.0215464 -0.0859265 2.660623
-0.01769188 -0.05641957 2.737037
0.007584025 0.2602345 2.898177
0.01192682 0.4246577 2.912362
-0.1250553 0.1444538 2.834933
-0.2086979 -0.08818555 2.74932
-0.2557495 -0.2599725 2.63111
-0.2784756 -0.3157084 2.600326
0.1345334 0.1333338 2.83481
0.1956812 -0.08271471 2.743008
0.2505637 -0.2431709 2.608026
0.2631295 -0.3017993 2.546523
-0.082785 -0.1265567 2.630386
-0.1709989 -0.3175007 2.310532
-0.2032394 -0.4335021 2.05289
-0.2056149 -0.4002597 1.965991
0.03232125 -0.1417419 2.622057
-0.02698594 -0.4828413 2.388267
-0.06287278 -0.7861076 2.459935
-0.05337893 -0.8544782 2.422615

-0.02137282 -0.08614039 2.660531
-0.01741884 -0.05674568 2.736942
0.007841197 0.2597631 2.89869
0.01181149 0.4243001 2.912378
-0.1250106 0.1441499 2.835048
-0.2083254 -0.08832805 2.750463
-0.2553657 -0.2604954 2.632597
-0.2767202 -0.3142418 2.604236
0.1345727 0.1333148 2.834576
0.1978425 -0.07987333 2.742762
0.2515343 -0.2410627 2.608372
0.2649007 -0.2992841 2.54626
-0.08248434 -0.1269091 2.630327
-0.1703703 -0.3146945 2.317575
-0.2053873 -0.4393112 2.045446
-0.208842 -0.4077845 1.955826
0.0325687 -0.1417173 2.621857
-0.02617056 -0.4829688 2.3887
-0.06287544 -0.7864231 2.460058
-0.05345949 -0.8547558 2.422546

-0.02120139 -0.08623882 2.6605
-0.01718153 -0.05691877 2.736935
0.007843342 0.2599184 2.90041
0.01168876 0.4240374 2.912482
-0.1249622 0.1439462 2.835195
-0.2079582 -0.08843644 2.751663
-0.2550052 -0.2609717 2.634241
-0.2740508 -0.3094852 2.610949
0.1345749 0.1336357 2.834433
0.1998712 -0.07665638 2.743079
0.2520325 -0.238438 2.608906
0.2662146 -0.2961237 2.546185
-0.08219194 -0.1270814 2.630331
-0.1700111 -0.3130113 2.322006
-0.2069002 -0.4441424 2.040174
-0.2108063 -0.4128167 1.949848
0.03285047 -0.141471 2.621748
-0.02499373 -0.4830924 2.389192
-0.06281791 -0.7865664 2.460131
-0.0534935 -0.8548509 2.422464

-0.02090202 -0.08601738 2.66064
-0.01683335 -0.05681597 2.737108
0.007776563 0.2603841 2.902207
0.01155199 0.4238934 2.912735
-0.1249357 0.1438413 2.835456
-0.207605 -0.08851437 2.752807
-0.2546068 -0.2614607 2.636025
-0.2713501 -0.3043219 2.616817
0.134537 0.1346125 2.834509
0.2014437 -0.07413755 2.743626
0.2522534 -0.2359077 2.609237
0.2671772 -0.2933419 2.546095
-0.08181848 -0.1269858 2.63044
-0.1690845 -0.3105635 2.329126
-0.2076522 -0.4474295 2.039347
-0.2119149 -0.4162308 1.948397
0.03331041 -0.1406002 2.621894
-0.009211374 -0.447731 2.406914
-0.05762814 -0.7648444 2.456849
-0.05352652 -0.8544593 2.422346

-0.02042301 -0.08532602 2.661034
-0.01633265 -0.05630559 2.737536
0.007791026 0.2611025 2.903996
0.01129291 0.424046 2.913275
-0.1248324 0.1438945 2.835812
-0.2072758 -0.08852584 2.753993
-0.2542775 -0.2617362 2.637531
-0.2682759 -0.2970524 2.622067
0.1347912 0.1363457 2.835061
0.2025253 -0.0723452 2.744129
0.2524402 -0.2338954 2.609485
0.2679302 -0.2918403 2.546432
-0.08121529 -0.126251 2.630849
-0.1685727 -0.3092513 2.333483
-0.2080176 -0.4508256 2.042359
-0.2124869 -0.419654 1.951722
0.03385879 -0.139384 2.622217
-0.003776595 -0.4507163 2.407691
-0.05695251 -0.7658635 2.457601
-0.05355013 -0.8544308 2.422201

-0.01986137 -0.08410189 2.661714
-0.01579687 -0.0552552 2.738279
0.007632062 0.2624343 2.906024
0.01077892 0.4247265 2.914482
-0.1244095 0.1445013 2.836423
-0.2069729 -0.08847949 2.755118
-0.2539839 -0.2621464 2.639669
-0.2671988 -0.2985677 2.62407
0.1349971 0.1385947 2.835877
0.203206 -0.0709967 2.744546
0.2525475 -0.2322769 2.609704
0.2680192 -0.2907724 2.546879
-0.08042516 -0.1249313 2.631654
-0.1671579 -0.3077617 2.339952
-0.2083185 -0.4538404 2.046698
-0.2128475 -0.4224601 1.956808
0.03444464 -0.1369614 2.623006
0.00298264 -0.4382484 2.416819
-0.05466314 -0.7598937 2.45707
-0.05357089 -0.8543417 2.422285

-0.01902967 -0.08196716 2.663121
-0.01502818 -0.05327604 2.7398
0.007485836 0.2646068 2.908729
0.01028984 0.4259076 2.915845
-0.1240296 0.1461076 2.837645
-0.2066006 -0.08834562 2.756714
-0.2627885 -0.2827409 2.629796
-0.2793201 -0.3352829 2.600624
0.1352918 0.1413559 2.837042
0.2034202 -0.06966002 2.745049
0.2504418 -0.2302952 2.609821
0.2643087 -0.2904878 2.548926
-0.07935291 -0.1227163 2.632937
-0.1661707 -0.3067195 2.34458
-0.2090261 -0.4576949 2.050085
-0.2135814 -0.4261012 1.960602
0.03512922 -0.1342889 2.62436
0.004647148 -0.4564879 2.415907
-0.05398771 -0.7637596 2.458572
-0.05357869 -0.8542948 2.422353

-0.01825044 -0.07950057 2.664676
-0.01433212 -0.05065955 2.741699
0.007617792 0.271012 2.915293
0.01009145 0.4290203 2.918144
-0.1235549 0.1484807 2.839025
-0.2064184 -0.08826321 2.757558
-0.2648313 -0.2821787 2.631225
-0.276573 -0.3179861 2.606109
0.1356495 0.1446051 2.838728
0.2031634 -0.06780374 2.746287
0.2483318 -0.2280622 2.610633
0.2607797 -0.289809 2.551646
-0.0783779 -0.1201734 2.634232
-0.1655491 -0.3061078 2.347695
-0.2101978 -0.4625307 2.062736
-0.2145724 -0.4307982 1.974134
0.03574937 -0.1313872 2.625956
0.007815026 -0.4462648 2.426246
-0.0525712 -0.7612484 2.458766
-0.05359357 -0.8541669 2.422472

-0.01745702 -0.07648607 2.666733
-0.01379872 -0.04742473 2.744115
0.007735135 0.2760916 2.920101
0.0108241 0.4341807 2.921249
-0.1228703 0.1511994 2.840062
-0.2053393 -0.07763222 2.767236
-0.2663756 -0.2826041 2.623282
-0.2804691 -0.3291065 2.585606
0.1373484 0.1511305 2.843444
0.2021972 -0.06514967 2.748418
0.2469843 -0.2256262 2.612694
0.250098 -0.2556258 2.586381
-0.07743709 -0.1172924 2.63583
-0.165149 -0.3057953 2.349852
-0.2108312 -0.4659399 2.070623
-0.2147071 -0.4341633 1.982313
0.03635834 -0.1281845 2.628079
0.009371241 -0.4400341 2.432142
-0.05139428 -0.759311 2.459038
-0.0536043 -0.853996 2.422684

-0.01673433 -0.07390717 2.66848
-0.01352494 -0.04454333 2.746224
0.007413067 0.2812515 2.924498
0.01185687 0.4399726 2.92522
-0.119976 0.1560402 2.840477
-0.203976 -0.06421397 2.775664
-0.2591623 -0.2452443 2.64179
-0.2764269 -0.2990433 2.603266
0.1391148 0.1569146 2.847708
0.2012335 -0.06256607 2.750775
0.2435295 -0.2235888 2.615905
0.2475576 -0.2593199 2.589776
-0.07619256 -0.1141915 2.637353
-0.1646478 -0.3058685 2.35273
-0.2108348 -0.471335 2.074989
-0.213745 -0.439818 1.986831
0.03689267 -0.1254905 2.630038
0.01023876 -0.4360478 2.435837
-0.05045974 -0.7579033 2.459371
-0.05359962 -0.8538153 2.422912

-0.01652828 -0.06891725 2.67221
-0.01373313 -0.03969558 2.749804
0.007174597 0.2851268 2.927376
0.01207575 0.4453112 2.928715
-0.1185063 0.1610684 2.841327
-0.2030533 -0.05482693 2.781495
-0.2615374 -0.241976 2.641327
-0.2863429 -0.2984488 2.607461
0.1405774 0.1616872 2.850773
0.2004127 -0.06070839 2.752888
0.2405529 -0.222467 2.619087
0.2463068 -0.2662196 2.589704
-0.07597788 -0.1093515 2.64078
-0.1631411 -0.3059869 2.359186
-0.2112981 -0.4733636 2.097351
-0.2133702 -0.4423839 2.008615
0.03716975 -0.1216912 2.633002
0.01068074 -0.4329207 2.438754
-0.04951146 -0.7565759 2.460083
-0.05357896 -0.8535905 2.423231

-0.01678387 -0.06391644 2.676002
-0.01421011 -0.03487295 2.75335
0.007041169 0.2880722 2.929314
0.01210602 0.4491739 2.931141
-0.118046 0.1664408 2.842776
-0.2024152 -0.04792675 2.785954
-0.2607947 -0.2230381 2.6504
-0.2812453 -0.2767622 2.614331
0.141642 0.1658183 2.853282
0.1995493 -0.05893564 2.755089
0.238566 -0.2214689 2.622148
0.2466719 -0.2721773 2.589499
-0.07643957 -0.1044732 2.644336
-0.1620432 -0.3062176 2.364059
-0.2112388 -0.4747114 2.106922
-0.2129628 -0.4439989 2.018011
0.03703088 -0.1177838 2.63627
0.01086497 -0.4307598 2.440895
-0.04879272 -0.7556396 2.460753
-0.05356319 -0.8534065 2.423419

-0.01718413 -0.059583 2.679452
-0.01465856 -0.03076718 2.756484
0.007028043 0.2902275 2.93063
0.01204014 0.4520825 2.932892
-0.1181232 0.170671 2.843969
-0.2020501 -0.04282814 2.789204
-0.2601569 -0.2110405 2.656435
-0.2816606 -0.2706094 2.616703
0.1424792 0.1696224 2.85537
0.1988183 -0.05748876 2.756872
0.2348276 -0.2209184 2.625182
0.2475487 -0.2775529 2.589866
-0.07711392 -0.1002548 2.647557
-0.161376 -0.3072574 2.367454
-0.2067532 -0.475694 2.122705
-0.2080758 -0.4457264 2.033437
0.03668571 -0.1144278 2.63934
0.01064065 -0.428739 2.443237
-0.04819163 -0.7547845 2.461586
-0.05366303 -0.8530743 2.423253

-0.01751482 -0.05613647 2.68228
-0.01505761 -0.02730026 2.75917
0.006986858 0.2923617 2.931614
0.01214608 0.454518 2.934017
-0.1183735 0.1738078 2.844843
-0.2018416 -0.03746947 2.792312
-0.2592621 -0.2004624 2.664461
-0.2820883 -0.2653729 2.617977
0.1432282 0.1729979 2.857239
0.1937973 -0.04519862 2.767462
0.2271089 -0.2110928 2.636868
0.2469449 -0.2755736 2.595599
-0.07768148 -0.09688541 2.650318
-0.1609786 -0.3083142 2.370696
-0.2037063 -0.4764014 2.131795
-0.2046818 -0.4469205 2.042381
0.03640004 -0.1118005 2.641835
0.0102164 -0.4272185 2.445349
-0.04769849 -0.754161 2.462475
-0.0536772 -0.8528767 2.423202

-0.02187098 -0.07443777 2.682376
-0.01933787 -0.04388972 2.761526
0.004048306 0.283995 2.935884
0.008147966 0.4460005 2.941076
-0.1240805 0.1669628 2.853363
-0.215192 -0.08002674 2.773045
-0.2636923 -0.252857 2.659339
-0.2970691 -0.3170228 2.625537
0.1331527 0.1589125 2.858434
0.1834962 -0.07761115 2.785515
0.2174473 -0.2677324 2.645387
0.2364047 -0.3345036 2.626703
-0.0819042 -0.1115539 2.647349
-0.1591551 -0.3531141 2.368041
-0.1932403 -0.5258185 2.073616
-0.1940519 -0.4920624 1.981815
0.03098831 -0.1311665 2.646159
0.0002315703 -0.4404906 2.436948
-0.05243073 -0.773095 2.47094
-0.05208853 -0.8507981 2.430444

-0.02203723 -0.07510547 2.681041
-0.01944076 -0.04477602 2.760128
0.004420564 0.2817358 2.933984
0.007748498 0.4434287 2.940058
-0.1242623 0.1648127 2.851741
-0.2155817 -0.08193953 2.771865
-0.2638471 -0.2534701 2.659691
-0.297359 -0.3185876 2.624614
0.1330475 0.1569141 2.857032
0.1849198 -0.0791342 2.783383
0.2197506 -0.2683272 2.644367
0.2380663 -0.3347206 2.624003
-0.08210909 -0.1122338 2.646515
-0.1587745 -0.3518905 2.367155
-0.1927127 -0.5278935 2.065316
-0.1932266 -0.4951817 1.973141
0.03047963 -0.1313917 2.642938
8.835114E-05 -0.4409051 2.434593
-0.05267516 -0.7735227 2.470138
-0.0520803 -0.8508999 2.430399

-0.02234929 -0.07596228 2.679313
-0.01969938 -0.04582371 2.758419
0.004597991 0.2799215 2.932385
0.007502666 0.4412122 2.938926
-0.1244333 0.1627315 2.850117
-0.2158668 -0.08341414 2.770994
-0.2639635 -0.2539485 2.659883
-0.297628 -0.3200553 2.623712
0.1329702 0.1551345 2.855811
0.1864266 -0.08092429 2.781058
0.2230731 -0.2712871 2.642036
0.2399332 -0.3366769 2.621106
-0.08252141 -0.1131722 2.645334
-0.1583428 -0.3507923 2.366393
-0.1918945 -0.5292227 2.057095
-0.19216 -0.4969924 1.965208
0.03002692 -0.1317342 2.640066
4.033609E-05 -0.440918 2.432422
-0.05285462 -0.7737343 2.469419
-0.05206806 -0.8510022 2.430353
