=========
HipCenter: -0.2970508, 0.1463863, 2.653046
Spine: -0.317307, 0.1969047, 2.725268
ShoulderCenter: -0.3495399, 0.5759348, 2.811371
Head: -0.2953715, 0.7999853, 2.811733
ShoulderLeft: -0.4777185, 0.4335276, 2.732334
ElbowLeft: -0.5203307, 0.2026325, 2.685239
WristLeft: -0.5093431, -0.002758953, 2.547932
HandLeft: -0.5114857, -0.09535649, 2.506345
ShoulderRight: -0.1452905, 0.485157, 2.832966
ElbowRight: 0.1329136, 0.5423565, 2.820023
WristRight: 0.0008182079, 0.708509, 2.743853
HandRight: -0.0432136, 0.7638931, 2.72336
HipLeft: -0.3630553, 0.062821, 2.604979
KneeLeft: -0.3178366, -0.428847, 2.534753
AnkleLeft: -0.3350046, -0.7324723, 2.437617
FootLeft: -0.3026218, -0.790955, 2.326423
HipRight: -0.2134627, 0.08605422, 2.643153
KneeRight: -0.3104518, -0.4728941, 2.538106
AnkleRight: -0.3029529, -0.7351537, 2.447139
FootRight: -0.3211553, -0.7857977, 2.323147
=========
HipCenter: -0.2971667, 0.1467463, 2.652984
Spine: -0.3174038, 0.1971866, 2.725126
ShoulderCenter: -0.3496741, 0.5759567, 2.811029
Head: -0.2960731, 0.8000814, 2.810966
ShoulderLeft: -0.4777083, 0.4335488, 2.732086
ElbowLeft: -0.5179943, 0.1980132, 2.680553
WristLeft: -0.5094987, -0.003312075, 2.547737
HandLeft: -0.5109251, -0.09635277, 2.50714
ShoulderRight: -0.1452875, 0.4852431, 2.832629
ElbowRight: 0.132266, 0.5422528, 2.820145
WristRight: 0.2997177, 0.5833467, 2.790572
HandRight: 0.3799968, 0.5868469, 2.789385
HipLeft: -0.3631378, 0.06315937, 2.604961
KneeLeft: -0.3178294, -0.4288519, 2.534503
AnkleLeft: -0.334833, -0.7323763, 2.437658
FootLeft: -0.3024609, -0.7908784, 2.325889
HipRight: -0.2135679, 0.08644424, 2.643144
KneeRight: -0.3105017, -0.4729787, 2.537738
AnkleRight: -0.3031285, -0.7351531, 2.446871
FootRight: -0.3211498, -0.7858112, 2.323176
=========
HipCenter: -0.2971944, 0.1468432, 2.652976
Spine: -0.3174247, 0.1972542, 2.725103
ShoulderCenter: -0.3496951, 0.5759605, 2.810975
Head: -0.2961906, 0.800097, 2.810831
ShoulderLeft: -0.4777035, 0.4335518, 2.732043
ElbowLeft: -0.5175737, 0.1971778, 2.679706
WristLeft: -0.5094629, -0.003823531, 2.547451
HandLeft: -0.5108235, -0.09698062, 2.507138
ShoulderRight: -0.1452871, 0.4852572, 2.832575
ElbowRight: 0.1321666, 0.5422364, 2.820165
WristRight: 0.3771733, 0.5507596, 2.805219
HandRight: 0.4589632, 0.5536361, 2.805051
HipLeft: -0.3631576, 0.06326087, 2.604964
KneeLeft: -0.317828, -0.4288523, 2.534462
AnkleLeft: -0.334805, -0.732362, 2.437662
FootLeft: -0.3024317, -0.7908665, 2.3258
HipRight: -0.2136077, 0.08658119, 2.643145
KneeRight: -0.3105085, -0.4729942, 2.537675
AnkleRight: -0.3040023, -0.7355636, 2.445857
FootRight: -0.3211494, -0.7858133, 2.32318
=========
HipCenter: -0.2971116, 0.1479192, 2.653238
Spine: -0.3174, 0.1978157, 2.725199
ShoulderCenter: -0.3497123, 0.5759636, 2.810926
Head: -0.2963018, 0.8001105, 2.810679
ShoulderLeft: -0.4776969, 0.4335534, 2.731999
ElbowLeft: -0.517255, 0.1965492, 2.679058
WristLeft: -0.5093934, -0.004362562, 2.547128
HandLeft: -0.5107268, -0.09762767, 2.507092
ShoulderRight: -0.1452852, 0.4852701, 2.832531
ElbowRight: 0.1320914, 0.542223, 2.820178
WristRight: 0.431559, 0.5283552, 2.814772
HandRight: 0.5118056, 0.5325709, 2.815199
HipLeft: -0.3630563, 0.06407285, 2.60509
KneeLeft: -0.317822, -0.4288551, 2.53442
AnkleLeft: -0.3347794, -0.7323521, 2.437659
FootLeft: -0.3024122, -0.7908556, 2.325736
HipRight: -0.2134526, 0.08782946, 2.64351
KneeRight: -0.310511, -0.4730086, 2.537612
AnkleRight: -0.3048035, -0.7359539, 2.444868
FootRight: -0.321252, -0.7858283, 2.323204
=========
HipCenter: -0.2971011, 0.1489026, 2.653489
Spine: -0.3174156, 0.1983687, 2.725302
ShoulderCenter: -0.3497275, 0.575965, 2.81089
Head: -0.2969029, 0.8002186, 2.810539
ShoulderLeft: -0.4776659, 0.4335734, 2.731951
ElbowLeft: -0.5170172, 0.1960793, 2.678571
WristLeft: -0.5093364, -0.004855277, 2.546874
HandLeft: -0.5106565, -0.09824526, 2.507107
ShoulderRight: -0.1452832, 0.4852825, 2.832496
ElbowRight: 0.1320335, 0.5422123, 2.820187
WristRight: 0.4365452, 0.5264772, 2.816664
HandRight: 0.5138541, 0.5317485, 2.817211
HipLeft: -0.3630142, 0.06491862, 2.605266
KneeLeft: -0.3178156, -0.4288579, 2.534382
AnkleLeft: -0.3347222, -0.7323451, 2.437644
FootLeft: -0.3023934, -0.790845, 2.325694
HipRight: -0.2134549, 0.08894672, 2.643808
KneeRight: -0.3105124, -0.4730186, 2.537555
AnkleRight: -0.3061001, -0.7364687, 2.443469
FootRight: -0.3214298, -0.7858464, 2.323188
=========
HipCenter: -0.2971622, 0.1497205, 2.653723
Spine: -0.3174833, 0.19889, 2.725412
ShoulderCenter: -0.3497474, 0.5759803, 2.810871
Head: -0.2974578, 0.8003386, 2.810407
ShoulderLeft: -0.4773306, 0.4337935, 2.731864
ElbowLeft: -0.5169199, 0.1959761, 2.678324
WristLeft: -0.5092896, -0.005310809, 2.546665
HandLeft: -0.5105741, -0.09796447, 2.507544
ShoulderRight: -0.1452744, 0.4853006, 2.832465
ElbowRight: 0.1319907, 0.542205, 2.820192
WristRight: 0.4319833, 0.5288026, 2.818056
HandRight: 0.5076867, 0.5348436, 2.819387
HipLeft: -0.3630269, 0.0657153, 2.605466
KneeLeft: -0.3178087, -0.4288597, 2.534351
AnkleLeft: -0.3347024, -0.7323372, 2.437638
FootLeft: -0.3023939, -0.7908236, 2.325699
HipRight: -0.2136065, 0.08986661, 2.644077
KneeRight: -0.3105178, -0.4730334, 2.537502
AnkleRight: -0.3067982, -0.736725, 2.4427
FootRight: -0.3215623, -0.7858602, 2.323301
=========
HipCenter: -0.2973196, 0.1503954, 2.653943
Spine: -0.3176149, 0.1993659, 2.725533
ShoulderCenter: -0.3497662, 0.5759977, 2.810865
Head: -0.2979932, 0.8004086, 2.810239
ShoulderLeft: -0.476842, 0.4340604, 2.731745
ElbowLeft: -0.5169377, 0.196065, 2.678254
WristLeft: -0.5093687, -0.004866833, 2.547036
HandLeft: -0.5104041, -0.09746081, 2.508015
ShoulderRight: -0.1452638, 0.4853188, 2.832439
ElbowRight: 0.1319635, 0.5422037, 2.820199
WristRight: 0.4312351, 0.5311987, 2.820134
HandRight: 0.5122068, 0.5359762, 2.823214
HipLeft: -0.3631494, 0.06645726, 2.605696
KneeLeft: -0.3178035, -0.4288607, 2.534325
AnkleLeft: -0.3346868, -0.7323318, 2.437633
FootLeft: -0.3024099, -0.7907959, 2.325735
HipRight: -0.213969, 0.09067808, 2.644331
KneeRight: -0.3105224, -0.4730475, 2.537455
AnkleRight: -0.307503, -0.7370391, 2.441884
FootRight: -0.3217382, -0.785882, 2.323425
=========
HipCenter: -0.2973485, 0.1509654, 2.654189
Spine: -0.3176698, 0.1997894, 2.725673
ShoulderCenter: -0.3497785, 0.5760065, 2.810859
Head: -0.2983564, 0.8004124, 2.810076
ShoulderLeft: -0.476307, 0.4343286, 2.731605
ElbowLeft: -0.5169428, 0.1960849, 2.678176
WristLeft: -0.5094441, -0.004547159, 2.54739
HandLeft: -0.5102575, -0.09670272, 2.508433
ShoulderRight: -0.1452356, 0.4853456, 2.83242
ElbowRight: 0.1319454, 0.5422047, 2.820203
WristRight: 0.4109303, 0.5412438, 2.818182
HandRight: 0.4872665, 0.5482498, 2.820589
HipLeft: -0.3630964, 0.06708813, 2.605927
KneeLeft: -0.3177958, -0.4288644, 2.534303
AnkleLeft: -0.3346798, -0.7323274, 2.43762
FootLeft: -0.3024321, -0.7907684, 2.325777
HipRight: -0.2140594, 0.09132457, 2.644706
KneeRight: -0.3105265, -0.4730629, 2.53741
AnkleRight: -0.307773, -0.7371708, 2.441501
FootRight: -0.3219095, -0.7859022, 2.323552
=========
HipCenter: -0.2974589, 0.1515579, 2.654465
Spine: -0.3177743, 0.2002586, 2.725839
ShoulderCenter: -0.3497888, 0.5760146, 2.810855
Head: -0.2987564, 0.8003767, 2.809794
ShoulderLeft: -0.4759043, 0.4345384, 2.731487
ElbowLeft: -0.5169283, 0.1960604, 2.678092
WristLeft: -0.5095059, -0.004312372, 2.547719
HandLeft: -0.5101542, -0.0954825, 2.509015
ShoulderRight: -0.1452008, 0.485373, 2.832402
ElbowRight: 0.1319565, 0.5422274, 2.820249
WristRight: 0.3920533, 0.5494729, 2.816637
HandRight: 0.4495853, 0.5678194, 2.787261
HipLeft: -0.363198, 0.0677574, 2.606207
KneeLeft: -0.3177872, -0.4288688, 2.534283
AnkleLeft: -0.3346757, -0.7323219, 2.437606
FootLeft: -0.3024586, -0.7907388, 2.325826
HipRight: -0.2142029, 0.09191898, 2.645072
KneeRight: -0.3105223, -0.4730814, 2.537367
AnkleRight: -0.3080592, -0.7373093, 2.441047
FootRight: -0.322068, -0.7859167, 2.323595
=========
HipCenter: -0.2975526, 0.1520613, 2.654718
Spine: -0.3178635, 0.2006797, 2.725999
ShoulderCenter: -0.3497983, 0.5760223, 2.810854
Head: -0.3006638, 0.7966177, 2.809804
ShoulderLeft: -0.4755954, 0.4346816, 2.731386
ElbowLeft: -0.5169081, 0.1960333, 2.67803
WristLeft: -0.5096264, -0.004218821, 2.548181
HandLeft: -0.510118, -0.09381065, 2.510035
ShoulderRight: -0.1451644, 0.4854008, 2.832385
ElbowRight: 0.1319226, 0.5422505, 2.820278
WristRight: 0.3817215, 0.5543075, 2.815116
HandRight: 0.4345707, 0.5760499, 2.773519
HipLeft: -0.3632849, 0.06886875, 2.606829
KneeLeft: -0.3177769, -0.4288733, 2.534265
AnkleLeft: -0.3346668, -0.7323173, 2.4376
FootLeft: -0.3024864, -0.7907063, 2.325891
HipRight: -0.2142656, 0.09220892, 2.645253
KneeRight: -0.310516, -0.4731019, 2.537325
AnkleRight: -0.308202, -0.7373636, 2.440822
FootRight: -0.3222011, -0.7859288, 2.323626
=========
HipCenter: -0.2976079, 0.1524912, 2.654958
Spine: -0.3179176, 0.2010614, 2.726159
ShoulderCenter: -0.3498056, 0.5760292, 2.810854
Head: -0.3035567, 0.7885498, 2.810872
ShoulderLeft: -0.4753411, 0.4347983, 2.731323
ElbowLeft: -0.51697, 0.1961772, 2.678115
WristLeft: -0.5097449, -0.004206531, 2.548626
HandLeft: -0.5100659, -0.09227391, 2.510973
ShoulderRight: -0.1451223, 0.4854299, 2.832371
ElbowRight: 0.1373384, 0.5453748, 2.821523
WristRight: 0.3759479, 0.5584434, 2.813188
HandRight: 0.4262744, 0.5807076, 2.765887
HipLeft: -0.3632668, 0.07039102, 2.607709
KneeLeft: -0.3177634, -0.4288794, 2.534248
AnkleLeft: -0.3346483, -0.732318, 2.43759
FootLeft: -0.302515, -0.7906751, 2.325957
HipRight: -0.2142673, 0.09234523, 2.645412
KneeRight: -0.3104954, -0.4731182, 2.537286
AnkleRight: -0.3082817, -0.7373948, 2.440662
FootRight: -0.3223228, -0.7859433, 2.323637
=========
HipCenter: -0.2974842, 0.1529649, 2.655272
Spine: -0.3178708, 0.2014697, 2.726369
ShoulderCenter: -0.3498266, 0.576041, 2.810876
Head: -0.3063132, 0.7787381, 2.811841
ShoulderLeft: -0.475104, 0.4349028, 2.731269
ElbowLeft: -0.5171809, 0.1967242, 2.678573
WristLeft: -0.5098227, -0.004245591, 2.549007
HandLeft: -0.5098857, -0.09181866, 2.511117
ShoulderRight: -0.1450538, 0.4855033, 2.832398
ElbowRight: 0.1400225, 0.546792, 2.822224
WristRight: 0.372894, 0.5605646, 2.81233
HandRight: 0.42561, 0.5677743, 2.776263
HipLeft: -0.3625366, 0.07265189, 2.608853
KneeLeft: -0.3177467, -0.4288866, 2.534229
AnkleLeft: -0.3346332, -0.7323185, 2.437584
FootLeft: -0.3025455, -0.7906446, 2.326023
HipRight: -0.2140282, 0.09230456, 2.645632
KneeRight: -0.3104806, -0.4731286, 2.537258
AnkleRight: -0.3082405, -0.7373732, 2.440597
FootRight: -0.3224615, -0.7859692, 2.323608
=========
HipCenter: -0.2971426, 0.1538169, 2.655813
Spine: -0.3176392, 0.202181, 2.726738
ShoulderCenter: -0.3498591, 0.5760499, 2.810898
Head: -0.3086692, 0.7700307, 2.814435
ShoulderLeft: -0.474968, 0.4349733, 2.731272
ElbowLeft: -0.5174373, 0.1972954, 2.679028
WristLeft: -0.5098107, -0.004421775, 2.549202
HandLeft: -0.50968, -0.09186378, 2.511244
ShoulderRight: -0.1448788, 0.4856322, 2.832442
ElbowRight: 0.09945557, 0.5262158, 2.843066
WristRight: 0.3654378, 0.5628903, 2.810015
HandRight: 0.4227943, 0.5686466, 2.774613
HipLeft: -0.3617932, 0.07691506, 2.610596
KneeLeft: -0.3177185, -0.4289158, 2.534203
AnkleLeft: -0.334554, -0.7323504, 2.437584
FootLeft: -0.3025635, -0.7906201, 2.32607
HipRight: -0.2134101, 0.09198613, 2.64586
KneeRight: -0.3104379, -0.473198, 2.537194
AnkleRight: -0.2698801, -0.7229221, 2.470712
FootRight: -0.3117944, -0.7750557, 2.349018
=========
HipCenter: -0.2968138, 0.1545755, 2.6563
Spine: -0.317394, 0.2028377, 2.727083
ShoulderCenter: -0.349893, 0.576058, 2.810922
Head: -0.3099686, 0.7654269, 2.81585
ShoulderLeft: -0.4748715, 0.4350262, 2.731295
ElbowLeft: -0.5175613, 0.1976289, 2.679331
WristLeft: -0.5097932, -0.004615513, 2.549365
HandLeft: -0.5094774, -0.09207747, 2.511302
ShoulderRight: -0.1447106, 0.4857623, 2.832474
ElbowRight: 0.08280705, 0.5220833, 2.846859
WristRight: 0.3605208, 0.5643247, 2.808233
HandRight: 0.4274754, 0.5670081, 2.792043
HipLeft: -0.3612433, 0.08009841, 2.611897
KneeLeft: -0.3176866, -0.428956, 2.534177
AnkleLeft: -0.3344707, -0.732385, 2.437587
FootLeft: -0.3025821, -0.790594, 2.326123
HipRight: -0.2127945, 0.09163111, 2.646053
KneeRight: -0.3103657, -0.4732627, 2.537151
AnkleRight: -0.2486933, -0.7144379, 2.486916
FootRight: -0.3073229, -0.7704909, 2.359565
=========
HipCenter: -0.2965056, 0.1552202, 2.656729
Spine: -0.3171657, 0.2034132, 2.727389
ShoulderCenter: -0.3499271, 0.5760656, 2.810946
Head: -0.3107198, 0.7627288, 2.816638
ShoulderLeft: -0.474772, 0.4350762, 2.731315
ElbowLeft: -0.5176505, 0.1979032, 2.679615
WristLeft: -0.5097633, -0.004828541, 2.549501
HandLeft: -0.509276, -0.09246051, 2.511322
ShoulderRight: -0.1445439, 0.4858927, 2.832509
ElbowRight: 0.07204045, 0.5179774, 2.849985
WristRight: 0.3557638, 0.5651846, 2.806643
HandRight: 0.4273694, 0.5686331, 2.792073
HipLeft: -0.3607961, 0.08246245, 2.612951
KneeLeft: -0.3176567, -0.4289942, 2.534152
AnkleLeft: -0.3344223, -0.7324114, 2.437581
FootLeft: -0.3026055, -0.7905634, 2.326195
HipRight: -0.2122179, 0.09127225, 2.64621
KneeRight: -0.3102714, -0.4733237, 2.537121
AnkleRight: -0.2402647, -0.7109236, 2.493476
FootRight: -0.3047723, -0.7679272, 2.365507
=========
HipCenter: -0.2962753, 0.1557409, 2.657096
Spine: -0.3169807, 0.2039014, 2.727664
ShoulderCenter: -0.3499637, 0.5760719, 2.810976
Head: -0.3112493, 0.760915, 2.817129
ShoulderLeft: -0.4746885, 0.435118, 2.731346
ElbowLeft: -0.5177466, 0.1981778, 2.67989
WristLeft: -0.5097573, -0.005060499, 2.549622
HandLeft: -0.5092115, -0.09239937, 2.511363
ShoulderRight: -0.1443843, 0.4860134, 2.83254
ElbowRight: 0.06502661, 0.5152357, 2.851835
WristRight: 0.3514942, 0.565617, 2.805253
HandRight: 0.427563, 0.5705553, 2.790278
HipLeft: -0.3605407, 0.08416103, 2.613754
KneeLeft: -0.3176214, -0.4290476, 2.534129
AnkleLeft: -0.3343706, -0.7324387, 2.437576
FootLeft: -0.3026302, -0.7905355, 2.326263
HipRight: -0.2118069, 0.09092184, 2.646313
KneeRight: -0.3101969, -0.4733632, 2.537104
AnkleRight: -0.2741935, -0.7244602, 2.466182
FootRight: -0.3137015, -0.776436, 2.346815
=========
HipCenter: -0.2960827, 0.15621, 2.657422
Spine: -0.3168143, 0.2043553, 2.727915
ShoulderCenter: -0.3500101, 0.5760782, 2.811006
Head: -0.3115634, 0.7597704, 2.817618
ShoulderLeft: -0.4746272, 0.4351473, 2.731382
ElbowLeft: -0.5178604, 0.1984766, 2.68018
WristLeft: -0.5097509, -0.00528887, 2.549722
HandLeft: -0.5092968, -0.09173173, 2.511771
ShoulderRight: -0.1442086, 0.4861487, 2.832557
ElbowRight: 0.0963582, 0.5314401, 2.835898
WristRight: 0.350181, 0.5661073, 2.803608
HandRight: 0.4292866, 0.5727382, 2.786047
HipLeft: -0.3603923, 0.08546498, 2.614408
KneeLeft: -0.3175807, -0.4291041, 2.534105
AnkleLeft: -0.3343432, -0.7324593, 2.437567
FootLeft: -0.3026628, -0.7905035, 2.326341
HipRight: -0.211454, 0.09060717, 2.646381
KneeRight: -0.3101366, -0.4733871, 2.537095
AnkleRight: -0.265153, -0.7195718, 2.475837
FootRight: -0.3115079, -0.7739834, 2.352479
=========
HipCenter: -0.2959282, 0.156594, 2.657695
Spine: -0.3166679, 0.2047387, 2.728132
ShoulderCenter: -0.3500841, 0.5761063, 2.811078
Head: -0.3116724, 0.7594563, 2.818114
ShoulderLeft: -0.4745811, 0.4351687, 2.731413
ElbowLeft: -0.5180022, 0.1988183, 2.680453
WristLeft: -0.5097496, -0.00550514, 2.549808
HandLeft: -0.5094192, -0.09093419, 2.512231
ShoulderRight: -0.1440632, 0.4862797, 2.832535
ElbowRight: 0.1110977, 0.5393251, 2.828367
WristRight: 0.3505699, 0.5664973, 2.802569
HandRight: 0.4318161, 0.5746245, 2.782606
HipLeft: -0.3602968, 0.08641858, 2.614899
KneeLeft: -0.3175448, -0.429155, 2.534083
AnkleLeft: -0.3343122, -0.7324786, 2.437558
FootLeft: -0.3026941, -0.7904734, 2.326416
HipRight: -0.2111725, 0.0903157, 2.646412
KneeRight: -0.3100876, -0.4734041, 2.537092
AnkleRight: -0.2610741, -0.7167896, 2.479488
FootRight: -0.3095753, -0.7723593, 2.355988
=========
HipCenter: -0.2958252, 0.1569125, 2.657921
Spine: -0.3165629, 0.2050692, 2.728322
ShoulderCenter: -0.3501921, 0.5761556, 2.811191
Head: -0.3116336, 0.7599298, 2.818567
ShoulderLeft: -0.4745511, 0.4351865, 2.731444
ElbowLeft: -0.5180513, 0.1989416, 2.680563
WristLeft: -0.5097548, -0.005717001, 2.54987
HandLeft: -0.5095666, -0.0900813, 2.512713
ShoulderRight: -0.143941, 0.4864025, 2.832505
ElbowRight: 0.1146255, 0.5415895, 2.826113
WristRight: 0.3504174, 0.5667951, 2.801964
HandRight: 0.4405641, 0.5784024, 2.796334
HipLeft: -0.3602593, 0.08713336, 2.615268
KneeLeft: -0.3175121, -0.4292029, 2.534063
AnkleLeft: -0.3342832, -0.7324971, 2.43755
FootLeft: -0.302729, -0.7904365, 2.326509
HipRight: -0.2109756, 0.09005637, 2.646422
KneeRight: -0.3100497, -0.4734156, 2.537092
AnkleRight: -0.2579731, -0.7145496, 2.482152
FootRight: -0.3079499, -0.7709468, 2.358925
=========
HipCenter: -0.2957087, 0.1572157, 2.658125
Spine: -0.3164458, 0.205386, 2.728495
ShoulderCenter: -0.3503068, 0.5762102, 2.8113
Head: -0.3114686, 0.7609271, 2.818708
ShoulderLeft: -0.4745293, 0.435202, 2.731474
ElbowLeft: -0.5181422, 0.1991123, 2.680683
WristLeft: -0.5097619, -0.005910828, 2.549909
HandLeft: -0.5097438, -0.08917931, 2.513197
ShoulderRight: -0.1438123, 0.4865574, 2.832455
ElbowRight: 0.122029, 0.5476065, 2.82273
WristRight: 0.3514706, 0.5672424, 2.801885
HandRight: 0.4479028, 0.5840958, 2.803137
HipLeft: -0.3602092, 0.08770273, 2.615574
KneeLeft: -0.3174832, -0.429251, 2.534047
AnkleLeft: -0.3342671, -0.7325095, 2.437546
FootLeft: -0.302763, -0.7903986, 2.326597
HipRight: -0.2107612, 0.08983218, 2.646407
KneeRight: -0.3100221, -0.4734264, 2.537093
AnkleRight: -0.2557072, -0.7128781, 2.484067
FootRight: -0.3066814, -0.7697139, 2.361271
=========
HipCenter: -0.2955971, 0.1574809, 2.658303
Spine: -0.3163326, 0.205668, 2.728647
ShoulderCenter: -0.3504176, 0.5762637, 2.811405
Head: -0.3112004, 0.7622629, 2.818794
ShoulderLeft: -0.4745107, 0.435213, 2.731498
ElbowLeft: -0.5181883, 0.1991999, 2.680708
WristLeft: -0.5099406, -0.008302895, 2.549098
HandLeft: -0.5098408, -0.08895204, 2.513338
ShoulderRight: -0.1436865, 0.4867133, 2.8324
ElbowRight: 0.1273386, 0.5519173, 2.820429
WristRight: 0.3528953, 0.5679082, 2.802186
HandRight: 0.4494661, 0.5872705, 2.804969
HipLeft: -0.3601665, 0.08813621, 2.615813
KneeLeft: -0.3174543, -0.4293031, 2.534035
AnkleLeft: -0.334254, -0.7325209, 2.437543
FootLeft: -0.3027966, -0.7903596, 2.326684
HipRight: -0.2105581, 0.08962992, 2.646382
KneeRight: -0.3099976, -0.4734355, 2.537096
AnkleRight: -0.2540491, -0.7116109, 2.485518
FootRight: -0.3056351, -0.7686655, 2.36325
=========
HipCenter: -0.2955027, 0.1577229, 2.658458
Spine: -0.3162339, 0.2059317, 2.728786
ShoulderCenter: -0.3505515, 0.5763479, 2.811564
Head: -0.3110629, 0.7628589, 2.818722
ShoulderLeft: -0.4744991, 0.4352213, 2.731519
ElbowLeft: -0.5182297, 0.199262, 2.680682
WristLeft: -0.5101274, -0.009535156, 2.548701
HandLeft: -0.5100047, -0.0889337, 2.513429
ShoulderRight: -0.1435677, 0.4868635, 2.83235
ElbowRight: 0.1311646, 0.555019, 2.818874
WristRight: 0.3545226, 0.5686681, 2.802698
HandRight: 0.4500363, 0.5899051, 2.805827
HipLeft: -0.3601428, 0.08847518, 2.616001
KneeLeft: -0.3174312, -0.4293521, 2.534023
AnkleLeft: -0.3342425, -0.7325325, 2.437542
FootLeft: -0.3028193, -0.7903321, 2.326741
HipRight: -0.2103838, 0.08945885, 2.646348
KneeRight: -0.3099828, -0.4734406, 2.537097
AnkleRight: -0.2528587, -0.7106043, 2.486547
FootRight: -0.3047409, -0.7677506, 2.36479
=========
HipCenter: -0.2954051, 0.1579728, 2.658607
Spine: -0.31613, 0.2061985, 2.728918
ShoulderCenter: -0.3506749, 0.5764273, 2.811707
Head: -0.3109975, 0.7631382, 2.818612
ShoulderLeft: -0.4744974, 0.4352244, 2.731539
ElbowLeft: -0.5182899, 0.1993427, 2.680659
WristLeft: -0.5103145, -0.01044666, 2.548419
HandLeft: -0.5101239, -0.08881345, 2.513511
ShoulderRight: -0.1434518, 0.4870246, 2.832293
ElbowRight: 0.1339571, 0.5572734, 2.817787
WristRight: 0.3562477, 0.5695404, 2.803374
HandRight: 0.449779, 0.5921617, 2.805795
HipLeft: -0.3601216, 0.08875088, 2.61617
KneeLeft: -0.3174101, -0.429399, 2.534011
AnkleLeft: -0.3342324, -0.7325423, 2.437541
FootLeft: -0.3028517, -0.7902961, 2.32681
HipRight: -0.2102236, 0.08933435, 2.646304
KneeRight: -0.309975, -0.4734452, 2.537097
AnkleRight: -0.2519584, -0.7098126, 2.487191
FootRight: -0.3040451, -0.7670366, 2.365875
=========
HipCenter: -0.2952697, 0.1582115, 2.658741
Spine: -0.3160135, 0.206444, 2.729028
ShoulderCenter: -0.3507698, 0.5764884, 2.811813
Head: -0.3109158, 0.763418, 2.818456
ShoulderLeft: -0.4744457, 0.435236, 2.731524
ElbowLeft: -0.5183462, 0.199369, 2.680576
WristLeft: -0.5106156, -0.009588707, 2.548887
HandLeft: -0.5103531, -0.08852373, 2.513689
ShoulderRight: -0.143318, 0.4871937, 2.832233
ElbowRight: 0.136068, 0.5589083, 2.816976
WristRight: 0.3571228, 0.5700913, 2.803737
HandRight: 0.4488487, 0.5939896, 2.80507
HipLeft: -0.3600602, 0.08898362, 2.616312
KneeLeft: -0.3173913, -0.4294487, 2.534002
AnkleLeft: -0.3342295, -0.7325543, 2.43754
FootLeft: -0.3028772, -0.7902694, 2.326862
HipRight: -0.2100336, 0.08922285, 2.646255
KneeRight: -0.3099577, -0.4734588, 2.537097
AnkleRight: -0.2513133, -0.7092922, 2.487739
FootRight: -0.3034745, -0.7664515, 2.366863
=========
HipCenter: -0.2952659, 0.1583918, 2.658798
Spine: -0.3159793, 0.2066427, 2.729078
ShoulderCenter: -0.3508115, 0.5765191, 2.811859
Head: -0.3108633, 0.7637537, 2.818291
ShoulderLeft: -0.4743687, 0.4352561, 2.731486
ElbowLeft: -0.5183938, 0.19937, 2.680479
WristLeft: -0.5108891, -0.008641441, 2.549344
HandLeft: -0.5106254, -0.08813623, 2.5139
ShoulderRight: -0.1431834, 0.4873589, 2.83215
ElbowRight: 0.1292446, 0.5551166, 2.816735
WristRight: 0.3582483, 0.570565, 2.803904
HandRight: 0.4480095, 0.5951502, 2.803346
HipLeft: -0.3601926, 0.08920562, 2.616421
KneeLeft: -0.3173753, -0.4294962, 2.533994
AnkleLeft: -0.3342209, -0.7325729, 2.437543
FootLeft: -0.3029004, -0.7902413, 2.326914
HipRight: -0.2101328, 0.08908361, 2.646024
KneeRight: -0.3099384, -0.4734752, 2.537095
AnkleRight: -0.2814346, -0.7227947, 2.462728
FootRight: -0.3151381, -0.7791429, 2.338981
=========
HipCenter: -0.2952751, 0.1585529, 2.658836
Spine: -0.3159524, 0.2068223, 2.729111
ShoulderCenter: -0.3508425, 0.5765442, 2.811892
Head: -0.3108291, 0.7641535, 2.818119
ShoulderLeft: -0.4743274, 0.4352612, 2.731459
ElbowLeft: -0.5182769, 0.1905987, 2.675351
WristLeft: -0.5111755, -0.01003583, 2.548405
HandLeft: -0.5109134, -0.08771475, 2.514095
ShoulderRight: -0.143056, 0.487511, 2.832055
ElbowRight: 0.1283657, 0.5543682, 2.816168
WristRight: 0.3586151, 0.5707645, 2.803714
HandRight: 0.4463772, 0.5958414, 2.800168
HipLeft: -0.3603308, 0.08937958, 2.616511
KneeLeft: -0.3173601, -0.4295457, 2.533988
AnkleLeft: -0.3341765, -0.7326076, 2.437547
FootLeft: -0.3029219, -0.7902094, 2.326978
HipRight: -0.2102152, 0.08899737, 2.645769
KneeRight: -0.3077642, -0.4725043, 2.537675
AnkleRight: -0.2754515, -0.7167742, 2.466562
FootRight: -0.3125044, -0.7760972, 2.343523
=========
HipCenter: -0.2954651, 0.1586319, 2.658795
Spine: -0.3159927, 0.2069338, 2.729106
ShoulderCenter: -0.350866, 0.5765633, 2.811915
Head: -0.3107925, 0.7646018, 2.81792
ShoulderLeft: -0.4743241, 0.4352654, 2.731447
ElbowLeft: -0.518385, 0.187636, 2.673529
WristLeft: -0.5113083, -0.0102151, 2.548268
HandLeft: -0.5114556, -0.08903354, 2.513134
ShoulderRight: -0.1429777, 0.487618, 2.831864
ElbowRight: 0.1293727, 0.5542638, 2.815166
WristRight: 0.3588947, 0.5708222, 2.803266
HandRight: 0.4450642, 0.5947205, 2.799434
HipLeft: -0.3606838, 0.08943984, 2.616587
KneeLeft: -0.3173456, -0.4296194, 2.533991
AnkleLeft: -0.3341208, -0.7326517, 2.437554
FootLeft: -0.3029412, -0.7901773, 2.32704
HipRight: -0.2110869, 0.08844451, 2.64488
KneeRight: -0.3078634, -0.4754523, 2.536353
AnkleRight: -0.2951713, -0.727744, 2.450013
FootRight: -0.316077, -0.7806948, 2.333979
=========
HipCenter: -0.2956526, 0.1587158, 2.65873
Spine: -0.3160371, 0.207035, 2.729085
ShoulderCenter: -0.3508842, 0.576579, 2.811932
Head: -0.3107675, 0.7651194, 2.817763
ShoulderLeft: -0.4743403, 0.435263, 2.731439
ElbowLeft: -0.5184701, 0.185621, 2.672276
WristLeft: -0.5114236, -0.01030948, 2.548171
HandLeft: -0.5119388, -0.09007765, 2.512427
ShoulderRight: -0.1429099, 0.4876947, 2.83161
ElbowRight: 0.1015108, 0.5410219, 2.822981
WristRight: 0.358818, 0.5706077, 2.802546
HandRight: 0.4442292, 0.5934916, 2.798027
HipLeft: -0.3610359, 0.089466, 2.616627
KneeLeft: -0.3173327, -0.4296939, 2.533993
AnkleLeft: -0.3340524, -0.7327074, 2.437563
FootLeft: -0.3029788, -0.790122, 2.327188
HipRight: -0.2115792, 0.08825085, 2.644199
KneeRight: -0.3033231, -0.4698496, 2.537529
AnkleRight: -0.303023, -0.7322171, 2.443398
FootRight: -0.3181866, -0.7834379, 2.328361
=========
HipCenter: -0.2957403, 0.158844, 2.658677
Spine: -0.3160549, 0.2071576, 2.729051
ShoulderCenter: -0.3508999, 0.5765926, 2.811938
Head: -0.3106883, 0.7656767, 2.817691
ShoulderLeft: -0.4743625, 0.4352588, 2.731431
ElbowLeft: -0.5185583, 0.1843051, 2.671408
WristLeft: -0.5119841, -0.01402414, 2.546968
HandLeft: -0.5124451, -0.09104892, 2.511899
ShoulderRight: -0.1428563, 0.4877565, 2.831348
ElbowRight: 0.1057829, 0.5370967, 2.816424
WristRight: 0.3585571, 0.5699611, 2.801117
HandRight: 0.4429021, 0.5919636, 2.796268
HipLeft: -0.3612398, 0.08945531, 2.616619
KneeLeft: -0.3173258, -0.4297623, 2.533993
AnkleLeft: -0.3339894, -0.7327567, 2.437573
FootLeft: -0.3030103, -0.7900665, 2.327346
HipRight: -0.211486, 0.08887716, 2.643812
KneeRight: -0.2803305, -0.4236828, 2.550846
AnkleRight: -0.2779849, -0.7189767, 2.467386
FootRight: -0.3100189, -0.7737942, 2.349252
=========
HipCenter: -0.2959243, 0.1590138, 2.65858
Spine: -0.3161286, 0.2073071, 2.728989
ShoulderCenter: -0.3509145, 0.5766091, 2.811941
Head: -0.3104857, 0.7663043, 2.817614
ShoulderLeft: -0.4743904, 0.4352539, 2.731424
ElbowLeft: -0.5186217, 0.1833513, 2.670734
WristLeft: -0.5122579, -0.0145702, 2.546767
HandLeft: -0.5128663, -0.09174681, 2.51166
ShoulderRight: -0.1428161, 0.4877485, 2.831043
ElbowRight: 0.1073507, 0.5351584, 2.813566
WristRight: 0.3581256, 0.5683788, 2.799562
HandRight: 0.4418075, 0.5900109, 2.794548
HipLeft: -0.3616347, 0.0893968, 2.616528
KneeLeft: -0.3173219, -0.4298294, 2.533996
AnkleLeft: -0.3339299, -0.7328013, 2.437589
FootLeft: -0.303038, -0.7900081, 2.327516
HipRight: -0.2116433, 0.08944464, 2.643448
KneeRight: -0.2771174, -0.4134401, 2.553171
AnkleRight: -0.2626736, -0.7109538, 2.48017
FootRight: -0.3063321, -0.7693918, 2.358418
=========
HipCenter: -0.2963767, 0.1591656, 2.658367
Spine: -0.3163545, 0.2074472, 2.728854
ShoulderCenter: -0.3509316, 0.5766217, 2.811938
Head: -0.3102683, 0.766921, 2.817551
ShoulderLeft: -0.4744262, 0.4352439, 2.731417
ElbowLeft: -0.5186729, 0.1826716, 2.670247
WristLeft: -0.5125509, -0.0147371, 2.54668
HandLeft: -0.5132583, -0.0924424, 2.511453
ShoulderRight: -0.1427961, 0.4876846, 2.830698
ElbowRight: 0.1102075, 0.5336816, 2.810852
WristRight: 0.3591093, 0.5639229, 2.796169
HandRight: 0.4411035, 0.5870406, 2.792175
HipLeft: -0.3624349, 0.08922277, 2.616259
KneeLeft: -0.3173244, -0.4298975, 2.533996
AnkleLeft: -0.3338549, -0.7328596, 2.437601
FootLeft: -0.303056, -0.789963, 2.327659
HipRight: -0.2122174, 0.08978351, 2.642983
KneeRight: -0.277539, -0.4087928, 2.553523
AnkleRight: -0.2555042, -0.706879, 2.486124
FootRight: -0.3041178, -0.7664153, 2.363991
=========
HipCenter: -0.2965459, 0.1593052, 2.658251
Spine: -0.3164413, 0.2075704, 2.728771
ShoulderCenter: -0.3509451, 0.5766312, 2.811935
Head: -0.309995, 0.7675499, 2.817504
ShoulderLeft: -0.4744554, 0.4352363, 2.73141
ElbowLeft: -0.5187145, 0.1821824, 2.669884
WristLeft: -0.5128493, -0.01465449, 2.546674
HandLeft: -0.5136119, -0.09311765, 2.511249
ShoulderRight: -0.142766, 0.4875716, 2.830301
ElbowRight: 0.1136414, 0.5325055, 2.808389
WristRight: 0.3593698, 0.5594284, 2.793226
HandRight: 0.4407597, 0.5836791, 2.790254
HipLeft: -0.3627748, 0.08904345, 2.616059
KneeLeft: -0.3173287, -0.4299625, 2.533998
AnkleLeft: -0.333826, -0.7329133, 2.437609
FootLeft: -0.3030733, -0.789921, 2.32779
HipRight: -0.2122837, 0.09037136, 2.642731
KneeRight: -0.2740894, -0.4009134, 2.555858
AnkleRight: -0.229558, -0.6770492, 2.501343
FootRight: -0.2827442, -0.7387407, 2.393615
=========
HipCenter: -0.2967047, 0.159426, 2.658142
Spine: -0.3165209, 0.207678, 2.728695
ShoulderCenter: -0.3509575, 0.5766395, 2.811932
Head: -0.3098578, 0.7678524, 2.817473
ShoulderLeft: -0.4744788, 0.4352272, 2.731401
ElbowLeft: -0.5187503, 0.1818246, 2.669602
WristLeft: -0.5131412, -0.01442663, 2.54672
HandLeft: -0.513897, -0.09370129, 2.511126
ShoulderRight: -0.142795, 0.4872065, 2.82957
ElbowRight: 0.1136122, 0.5280769, 2.805176
WristRight: 0.360766, 0.5418056, 2.786813
HandRight: 0.4243774, 0.5186269, 2.801247
HipLeft: -0.363085, 0.08885159, 2.615846
KneeLeft: -0.3173378, -0.4300183, 2.533998
AnkleLeft: -0.3337993, -0.7329651, 2.437618
FootLeft: -0.3030786, -0.7898862, 2.327894
HipRight: -0.2123937, 0.09081101, 2.642563
KneeRight: -0.2734761, -0.3973926, 2.556707
AnkleRight: -0.2232637, -0.6697596, 2.505775
FootRight: -0.2787234, -0.7331507, 2.400232
=========
HipCenter: -0.2967418, 0.1595735, 2.658073
Spine: -0.316497, 0.2078223, 2.72864
ShoulderCenter: -0.3509248, 0.5766482, 2.811924
Head: -0.3096786, 0.7681529, 2.817418
ShoulderLeft: -0.4744987, 0.4352179, 2.731389
ElbowLeft: -0.5187799, 0.1815668, 2.669389
WristLeft: -0.5134249, -0.01409022, 2.546799
HandLeft: -0.5141652, -0.09420952, 2.51103
ShoulderRight: -0.1428207, 0.4867876, 2.82882
ElbowRight: 0.1145969, 0.5238189, 2.802126
WristRight: 0.3618679, 0.5299984, 2.782838
HandRight: 0.4232302, 0.5120782, 2.771598
HipLeft: -0.3632279, 0.08865064, 2.615624
KneeLeft: -0.3173487, -0.430073, 2.533998
AnkleLeft: -0.3338048, -0.7330152, 2.437626
FootLeft: -0.3030854, -0.7898503, 2.327995
HipRight: -0.212121, 0.09162169, 2.642699
KneeRight: -0.2725568, -0.3931212, 2.557503
AnkleRight: -0.2170053, -0.6592341, 2.509334
FootRight: -0.2742857, -0.7258086, 2.406717
=========
HipCenter: -0.2967398, 0.1597209, 2.658015
Spine: -0.3164426, 0.2079728, 2.728591
ShoulderCenter: -0.3508791, 0.5766647, 2.811915
Head: -0.3094835, 0.7684749, 2.817355
ShoulderLeft: -0.4745146, 0.4352075, 2.731374
ElbowLeft: -0.5189149, 0.1816622, 2.669295
WristLeft: -0.5137022, -0.01366555, 2.546897
HandLeft: -0.5144516, -0.09469842, 2.511028
ShoulderRight: -0.1428657, 0.4863391, 2.828079
ElbowRight: 0.1160583, 0.5197732, 2.799463
WristRight: 0.3628871, 0.518443, 2.777744
HandRight: 0.4242316, 0.5069962, 2.762542
HipLeft: -0.3632976, 0.08843911, 2.615407
KneeLeft: -0.3173637, -0.4301227, 2.533999
AnkleLeft: -0.3338387, -0.7330729, 2.437636
FootLeft: -0.3030897, -0.7898234, 2.328076
HipRight: -0.2117927, 0.09241694, 2.642893
KneeRight: -0.2716857, -0.3900085, 2.558171
AnkleRight: -0.2126454, -0.6522926, 2.511683
FootRight: -0.2713965, -0.7213094, 2.41082
=========
HipCenter: -0.2967072, 0.1598535, 2.657954
Spine: -0.3163778, 0.2081066, 2.728534
ShoulderCenter: -0.3508107, 0.5766807, 2.811899
Head: -0.3092687, 0.7687997, 2.817263
ShoulderLeft: -0.4744279, 0.4351935, 2.731234
ElbowLeft: -0.5190257, 0.1817758, 2.669225
WristLeft: -0.5139784, -0.01315155, 2.547023
HandLeft: -0.5147179, -0.09510517, 2.511058
ShoulderRight: -0.1429123, 0.4856936, 2.827154
ElbowRight: 0.1191505, 0.5146772, 2.796702
WristRight: 0.3638662, 0.5094069, 2.772805
HandRight: 0.4268127, 0.5047134, 2.757025
HipLeft: -0.3632981, 0.08818651, 2.615154
KneeLeft: -0.3173804, -0.4301673, 2.533999
AnkleLeft: -0.3338795, -0.7331337, 2.437649
FootLeft: -0.3030928, -0.7897987, 2.328153
HipRight: -0.2114683, 0.09313491, 2.643083
KneeRight: -0.270997, -0.3878033, 2.558666
AnkleRight: -0.2096784, -0.6477212, 2.513235
FootRight: -0.2694652, -0.7184222, 2.41358
=========
HipCenter: -0.2967097, 0.1599754, 2.657889
Spine: -0.3163483, 0.2082323, 2.728477
ShoulderCenter: -0.3507005, 0.576729, 2.811898
Head: -0.3089724, 0.7692186, 2.817165
ShoulderLeft: -0.4739833, 0.4352419, 2.730797
ElbowLeft: -0.5191362, 0.1819503, 2.669191
WristLeft: -0.5142311, -0.01264657, 2.547142
HandLeft: -0.5150027, -0.0955042, 2.51109
ShoulderRight: -0.1428534, 0.4850641, 2.826269
ElbowRight: 0.1224841, 0.508595, 2.793289
WristRight: 0.3638375, 0.5012314, 2.768169
HandRight: 0.4427367, 0.499988, 2.757743
HipLeft: -0.3633594, 0.08796778, 2.61488
KneeLeft: -0.3174011, -0.4302081, 2.533999
AnkleLeft: -0.3339262, -0.7331961, 2.437664
FootLeft: -0.3031209, -0.7897432, 2.32831
HipRight: -0.2114244, 0.09372108, 2.643209
KneeRight: -0.2704733, -0.3860867, 2.558996
AnkleRight: -0.2076509, -0.6443102, 2.514157
FootRight: -0.2681228, -0.7162997, 2.415417
=========
HipCenter: -0.2967486, 0.1600922, 2.657822
Spine: -0.316345, 0.2083431, 2.728422
ShoulderCenter: -0.3505737, 0.5767666, 2.811903
Head: -0.3088107, 0.7694103, 2.817131
ShoulderLeft: -0.4734766, 0.435307, 2.730356
ElbowLeft: -0.5193794, 0.1825381, 2.669308
WristLeft: -0.5144614, -0.01215725, 2.547257
HandLeft: -0.5153245, -0.09593402, 2.511196
ShoulderRight: -0.1427389, 0.4844205, 2.82545
ElbowRight: 0.124137, 0.503169, 2.789901
WristRight: 0.3631139, 0.4922076, 2.762867
HandRight: 0.4486381, 0.4964565, 2.756623
HipLeft: -0.3635011, 0.0877543, 2.614604
KneeLeft: -0.3174243, -0.4302424, 2.533997
AnkleLeft: -0.3340382, -0.7332705, 2.437687
FootLeft: -0.3031379, -0.7897006, 2.32843
HipRight: -0.2115514, 0.0942763, 2.643305
KneeRight: -0.2472032, -0.3634866, 2.551804
AnkleRight: -0.2299627, -0.6646948, 2.50599
FootRight: -0.2829443, -0.733086, 2.4001
=========
HipCenter: -0.2969699, 0.1602106, 2.657705
Spine: -0.3164175, 0.2084475, 2.728357
ShoulderCenter: -0.3504257, 0.5768161, 2.811945
Head: -0.3086759, 0.769513, 2.81715
ShoulderLeft: -0.4730061, 0.4353685, 2.729953
ElbowLeft: -0.5196114, 0.1831303, 2.669459
WristLeft: -0.5146861, -0.01167264, 2.547393
HandLeft: -0.5156209, -0.09631154, 2.511302
ShoulderRight: -0.1425866, 0.4832583, 2.824263
ElbowRight: 0.1250123, 0.4984977, 2.786562
WristRight: 0.3623883, 0.4837528, 2.758472
HandRight: 0.4515862, 0.4915504, 2.75537
HipLeft: -0.3639939, 0.08745006, 2.61419
KneeLeft: -0.3174528, -0.430275, 2.533995
AnkleLeft: -0.3341696, -0.7333515, 2.437707
FootLeft: -0.3031406, -0.7896759, 2.328506
HipRight: -0.2121907, 0.09478685, 2.64332
KneeRight: -0.2406666, -0.3570021, 2.549941
AnkleRight: -0.2409341, -0.6754165, 2.501584
FootRight: -0.2897619, -0.7416123, 2.392565
=========
HipCenter: -0.2970297, 0.1602976, 2.657619
Spine: -0.3164028, 0.2085436, 2.728291
ShoulderCenter: -0.349751, 0.5769089, 2.811944
Head: -0.3085459, 0.7695453, 2.817202
ShoulderLeft: -0.4725908, 0.4354271, 2.729604
ElbowLeft: -0.5198025, 0.1836261, 2.669565
WristLeft: -0.5148859, -0.01122394, 2.547519
HandLeft: -0.5158859, -0.09664185, 2.51135
ShoulderRight: -0.1423785, 0.4821067, 2.823189
ElbowRight: 0.127684, 0.4919488, 2.782944
WristRight: 0.3620887, 0.4742866, 2.754983
HandRight: 0.4592054, 0.4786432, 2.752673
HipLeft: -0.3642317, 0.08717851, 2.613806
KneeLeft: -0.3175005, -0.4303247, 2.533985
AnkleLeft: -0.3343436, -0.7334341, 2.437722
FootLeft: -0.3031388, -0.7896591, 2.328567
HipRight: -0.2123746, 0.09511091, 2.643349
KneeRight: -0.2357896, -0.3525693, 2.548959
AnkleRight: -0.2466297, -0.6809515, 2.499044
FootRight: -0.2935535, -0.7463661, 2.38824
=========
HipCenter: -0.2970678, 0.1603625, 2.657536
Spine: -0.3163753, 0.208625, 2.728225
ShoulderCenter: -0.3490901, 0.5770003, 2.811949
Head: -0.3084093, 0.7694351, 2.817287
ShoulderLeft: -0.4721685, 0.4355007, 2.729265
ElbowLeft: -0.5199546, 0.1840598, 2.669645
WristLeft: -0.5150362, -0.0108134, 2.547525
HandLeft: -0.5161367, -0.09696626, 2.511383
ShoulderRight: -0.1421398, 0.4805838, 2.821846
ElbowRight: 0.134353, 0.481417, 2.778196
WristRight: 0.3623873, 0.4605397, 2.751684
HandRight: 0.4537319, 0.4648658, 2.747048
HipLeft: -0.3644073, 0.08691077, 2.613455
KneeLeft: -0.3175561, -0.4303739, 2.533972
AnkleLeft: -0.3345487, -0.7334844, 2.437743
FootLeft: -0.3031312, -0.7896476, 2.328619
HipRight: -0.2125111, 0.09536437, 2.643364
KneeRight: -0.232348, -0.3492903, 2.54819
AnkleRight: -0.2500567, -0.6842057, 2.497558
FootRight: -0.2958748, -0.7491774, 2.385689
=========
HipCenter: -0.2970901, 0.1604101, 2.657451
Spine: -0.3163423, 0.2086928, 2.728151
ShoulderCenter: -0.348529, 0.5770523, 2.811871
Head: -0.3080935, 0.7690026, 2.81748
ShoulderLeft: -0.4716143, 0.4356278, 2.728869
ElbowLeft: -0.5200672, 0.1843625, 2.669697
WristLeft: -0.5151687, -0.01042543, 2.547518
HandLeft: -0.5163652, -0.0972262, 2.511381
ShoulderRight: -0.1419251, 0.4792146, 2.820636
ElbowRight: 0.1340256, 0.4715395, 2.774337
WristRight: 0.3622399, 0.4459748, 2.748573
HandRight: 0.4480299, 0.454106, 2.74196
HipLeft: -0.3645231, 0.08665556, 2.613137
KneeLeft: -0.3176136, -0.4304265, 2.533955
AnkleLeft: -0.33475, -0.7335276, 2.437764
FootLeft: -0.3031299, -0.7896348, 2.328675
HipRight: -0.2126185, 0.09556209, 2.643373
KneeRight: -0.2302155, -0.3471363, 2.547681
AnkleRight: -0.2523019, -0.6863173, 2.496558
FootRight: -0.2973297, -0.7510209, 2.383976
=========
HipCenter: -0.297118, 0.1604482, 2.657361
Spine: -0.3163137, 0.2087491, 2.728079
ShoulderCenter: -0.3479659, 0.5770861, 2.81181
Head: -0.3077713, 0.7683247, 2.817766
ShoulderLeft: -0.4711294, 0.4357393, 2.728549
ElbowLeft: -0.5201595, 0.1846303, 2.669745
WristLeft: -0.5153007, -0.01005522, 2.547514
HandLeft: -0.5165707, -0.09744882, 2.511369
ShoulderRight: -0.1417568, 0.477948, 2.819566
ElbowRight: 0.1321246, 0.4627705, 2.771889
WristRight: 0.360907, 0.4310943, 2.744431
HandRight: 0.4406128, 0.4228131, 2.736359
HipLeft: -0.364652, 0.08642059, 2.612815
KneeLeft: -0.317677, -0.4304805, 2.533937
AnkleLeft: -0.3349586, -0.7335601, 2.437778
FootLeft: -0.3031311, -0.7896245, 2.32872
HipRight: -0.2127474, 0.09572463, 2.643373
KneeRight: -0.2286685, -0.3455377, 2.547298
AnkleRight: -0.2539034, -0.6878095, 2.495862
FootRight: -0.2983969, -0.752311, 2.382817
=========
HipCenter: -0.2971555, 0.1604625, 2.65725
Spine: -0.3162901, 0.2087864, 2.728
ShoulderCenter: -0.347293, 0.5770832, 2.81176
Head: -0.3069034, 0.7671186, 2.818379
ShoulderLeft: -0.4705991, 0.4358686, 2.728246
ElbowLeft: -0.5202162, 0.1848907, 2.669757
WristLeft: -0.5154137, -0.009711874, 2.547498
HandLeft: -0.5167629, -0.0976532, 2.511347
ShoulderRight: -0.1416144, 0.4769152, 2.818719
ElbowRight: 0.1292602, 0.4554694, 2.769877
WristRight: 0.3425879, 0.4040822, 2.736729
HandRight: 0.4136621, 0.3860727, 2.728556
HipLeft: -0.3647776, 0.08619014, 2.61251
KneeLeft: -0.3177437, -0.4305249, 2.533912
AnkleLeft: -0.335128, -0.7335874, 2.437788
FootLeft: -0.3031323, -0.7896131, 2.328764
HipRight: -0.2129285, 0.09585221, 2.643336
KneeRight: -0.2278392, -0.3444146, 2.546946
AnkleRight: -0.25501, -0.6888779, 2.495327
FootRight: -0.299182, -0.7532613, 2.38197
=========
HipCenter: -0.2973069, 0.1603588, 2.657014
Spine: -0.3163167, 0.2087591, 2.727851
ShoulderCenter: -0.346665, 0.5770407, 2.811685
Head: -0.3060964, 0.7657478, 2.819016
ShoulderLeft: -0.4700211, 0.435968, 2.727931
ElbowLeft: -0.5202605, 0.1851242, 2.669762
WristLeft: -0.5155054, -0.00941178, 2.547481
HandLeft: -0.5169479, -0.0978406, 2.511277
ShoulderRight: -0.141552, 0.4758853, 2.817946
ElbowRight: 0.1263647, 0.449889, 2.768743
WristRight: 0.3351497, 0.3934577, 2.73385
HandRight: 0.4025828, 0.3718268, 2.725636
HipLeft: -0.3649761, 0.08587252, 2.61213
KneeLeft: -0.3178094, -0.4305661, 2.533888
AnkleLeft: -0.3352714, -0.7336119, 2.437798
FootLeft: -0.3031329, -0.7896028, 2.328805
HipRight: -0.2134555, 0.09585407, 2.643196
KneeRight: -0.2272726, -0.3436767, 2.546704
AnkleRight: -0.2555913, -0.6896008, 2.494468
FootRight: -0.2997616, -0.7539882, 2.381255
=========
HipCenter: -0.2975031, 0.1601977, 2.656732
Spine: -0.3163625, 0.2086972, 2.72767
ShoulderCenter: -0.345717, 0.576892, 2.811532
Head: -0.3054333, 0.7643383, 2.819662
ShoulderLeft: -0.4694575, 0.4360585, 2.727654
ElbowLeft: -0.5202807, 0.1852973, 2.669737
WristLeft: -0.5155886, -0.009116375, 2.547449
HandLeft: -0.5171307, -0.09801207, 2.511201
ShoulderRight: -0.1415298, 0.474877, 2.817266
ElbowRight: 0.1241283, 0.4442623, 2.768021
WristRight: 0.3308785, 0.3855707, 2.732003
HandRight: 0.3968939, 0.3624567, 2.723821
HipLeft: -0.3652094, 0.08553495, 2.611717
KneeLeft: -0.3178878, -0.4306034, 2.533859
AnkleLeft: -0.3353542, -0.7336407, 2.437809
FootLeft: -0.3031303, -0.789597, 2.328831
HipRight: -0.2141353, 0.09576004, 2.643025
KneeRight: -0.2271141, -0.3432368, 2.546453
AnkleRight: -0.2558942, -0.6900821, 2.493906
FootRight: -0.3001515, -0.7545087, 2.380761
=========
HipCenter: -0.2976682, 0.1599629, 2.656403
Spine: -0.3164333, 0.2085745, 2.727443
ShoulderCenter: -0.3449327, 0.576878, 2.811658
Head: -0.3032511, 0.7618647, 2.821916
ShoulderLeft: -0.4684711, 0.4362546, 2.727338
ElbowLeft: -0.520255, 0.1853555, 2.669622
WristLeft: -0.5156469, -0.008940172, 2.547395
HandLeft: -0.5176638, -0.09608424, 2.511457
ShoulderRight: -0.1414878, 0.4726529, 2.816594
ElbowRight: 0.1024467, 0.416542, 2.775061
WristRight: 0.3395553, 0.3454466, 2.725906
HandRight: 0.4193098, 0.3107824, 2.728024
HipLeft: -0.3653281, 0.08519683, 2.611184
KneeLeft: -0.3179693, -0.4306452, 2.53383
AnkleLeft: -0.335571, -0.7337161, 2.437814
FootLeft: -0.3031343, -0.7895907, 2.32887
HipRight: -0.2147349, 0.09556514, 2.642873
KneeRight: -0.2272862, -0.3428897, 2.545954
AnkleRight: -0.2558901, -0.6903498, 2.493424
FootRight: -0.3004031, -0.7548529, 2.380449
=========
HipCenter: -0.2977661, 0.1597804, 2.656163
Spine: -0.3164891, 0.2084679, 2.727275
ShoulderCenter: -0.3441557, 0.5769952, 2.812152
Head: -0.3013734, 0.7598464, 2.823806
ShoulderLeft: -0.4676924, 0.4364247, 2.727132
ElbowLeft: -0.5202216, 0.1854098, 2.669524
WristLeft: -0.5156968, -0.008771734, 2.547345
HandLeft: -0.5181716, -0.09399421, 2.511712
ShoulderRight: -0.1411588, 0.4703215, 2.816648
ElbowRight: 0.1050299, 0.3938005, 2.770942
WristRight: 0.3296618, 0.3090279, 2.724115
HandRight: 0.4011938, 0.294646, 2.710263
HipLeft: -0.3653814, 0.08489766, 2.610665
KneeLeft: -0.318049, -0.4306835, 2.533803
AnkleLeft: -0.3357086, -0.7337849, 2.437831
FootLeft: -0.3031412, -0.7895848, 2.328916
HipRight: -0.2150968, 0.09540191, 2.642839
KneeRight: -0.2279921, -0.3427168, 2.545326
AnkleRight: -0.2558117, -0.690533, 2.493247
FootRight: -0.3001641, -0.7548949, 2.380599
=========
HipCenter: -0.2978286, 0.1596141, 2.655961
Spine: -0.3165516, 0.2083603, 2.727119
ShoulderCenter: -0.3435065, 0.5771169, 2.812644
Head: -0.2996647, 0.7580644, 2.825679
ShoulderLeft: -0.4668007, 0.4366105, 2.726895
ElbowLeft: -0.5201731, 0.1854491, 2.669406
WristLeft: -0.5157387, -0.008630782, 2.547294
HandLeft: -0.5186012, -0.09187013, 2.511976
ShoulderRight: -0.1406896, 0.4680499, 2.817113
ElbowRight: 0.1070405, 0.3822484, 2.768543
WristRight: 0.3264389, 0.2949076, 2.723345
HandRight: 0.4079047, 0.2651195, 2.715377
HipLeft: -0.3653259, 0.08464254, 2.61011
KneeLeft: -0.3181196, -0.4307162, 2.533781
AnkleLeft: -0.3358818, -0.733874, 2.437838
FootLeft: -0.3031506, -0.7895799, 2.328959
HipRight: -0.215376, 0.09521623, 2.642868
KneeRight: -0.2284074, -0.3425566, 2.544981
AnkleRight: -0.2556433, -0.6906226, 2.493206
FootRight: -0.2997644, -0.7547134, 2.380968
=========
HipCenter: -0.2978742, 0.1594618, 2.655788
Spine: -0.3166045, 0.2082577, 2.726987
ShoulderCenter: -0.3429897, 0.5772634, 2.813154
Head: -0.298157, 0.7565458, 2.827232
ShoulderLeft: -0.4661124, 0.4367634, 2.72678
ElbowLeft: -0.5201172, 0.1854782, 2.669286
WristLeft: -0.5157825, -0.008501085, 2.547243
HandLeft: -0.5187835, -0.0910726, 2.511972
ShoulderRight: -0.1402529, 0.4661122, 2.817604
ElbowRight: 0.100775, 0.37282, 2.769811
WristRight: 0.3106353, 0.2877218, 2.724372
HandRight: 0.3799508, 0.2553848, 2.709872
HipLeft: -0.3652518, 0.08442475, 2.609613
KneeLeft: -0.3181837, -0.4307432, 2.533761
AnkleLeft: -0.3360513, -0.7339504, 2.437846
FootLeft: -0.3031584, -0.7895763, 2.329002
HipRight: -0.2155993, 0.0950217, 2.642921
KneeRight: -0.2287765, -0.3424566, 2.544822
AnkleRight: -0.2552684, -0.6906418, 2.493492
FootRight: -0.2989196, -0.7543321, 2.381999
=========
HipCenter: -0.2979083, 0.1593199, 2.655639
Spine: -0.3166571, 0.2081575, 2.726869
ShoulderCenter: -0.3424137, 0.5774853, 2.813775
Head: -0.2970494, 0.7554448, 2.828373
ShoulderLeft: -0.4655005, 0.4369188, 2.726717
ElbowLeft: -0.5200064, 0.1855066, 2.669084
WristLeft: -0.5158163, -0.008376506, 2.547166
HandLeft: -0.5189213, -0.09056135, 2.51195
ShoulderRight: -0.1399033, 0.4643936, 2.818168
ElbowRight: 0.09935785, 0.3662427, 2.769674
WristRight: 0.304603, 0.2788711, 2.723718
HandRight: 0.37859, 0.2413786, 2.70544
HipLeft: -0.3651692, 0.08423887, 2.609151
KneeLeft: -0.3182425, -0.4307669, 2.533743
AnkleLeft: -0.336226, -0.7340178, 2.437855
FootLeft: -0.3031667, -0.7895721, 2.32905
HipRight: -0.2157981, 0.09480996, 2.643
KneeRight: -0.2292909, -0.3424163, 2.544729
AnkleRight: -0.2546328, -0.6905326, 2.493887
FootRight: -0.2982763, -0.7540222, 2.382672
=========
HipCenter: -0.2979305, 0.1591994, 2.655515
Spine: -0.3167002, 0.2080729, 2.726773
ShoulderCenter: -0.3419094, 0.5777112, 2.814347
Head: -0.2961137, 0.7545475, 2.829408
ShoulderLeft: -0.4650618, 0.4370631, 2.726731
ElbowLeft: -0.5197763, 0.1855506, 2.668722
WristLeft: -0.5158154, -0.00824002, 2.547025
HandLeft: -0.5190236, -0.0902164, 2.511885
ShoulderRight: -0.1395507, 0.4628006, 2.81882
ElbowRight: 0.09852874, 0.3612061, 2.769133
WristRight: 0.2998993, 0.271165, 2.72226
HandRight: 0.3787921, 0.2308282, 2.697056
HipLeft: -0.3650859, 0.08408895, 2.60873
KneeLeft: -0.3182977, -0.430788, 2.533727
AnkleLeft: -0.3364016, -0.7340833, 2.437863
FootLeft: -0.303151, -0.7895806, 2.329076
HipRight: -0.2159542, 0.09459702, 2.643102
KneeRight: -0.229474, -0.3423538, 2.544653
AnkleRight: -0.2542502, -0.6904831, 2.494059
FootRight: -0.2977683, -0.7537659, 2.383209
=========
HipCenter: -0.2977174, 0.1588978, 2.655375
Spine: -0.3166074, 0.2078844, 2.726658
ShoulderCenter: -0.3412639, 0.5778351, 2.814703
Head: -0.2952162, 0.7537269, 2.830288
ShoulderLeft: -0.4646829, 0.4371961, 2.726771
ElbowLeft: -0.5195236, 0.1856576, 2.668325
WristLeft: -0.5155209, -0.007997011, 2.546664
HandLeft: -0.5190818, -0.09009184, 2.51154
ShoulderRight: -0.1391151, 0.4607953, 2.81962
ElbowRight: 0.09835739, 0.3564468, 2.768123
WristRight: 0.2956807, 0.2619423, 2.719598
HandRight: 0.3711142, 0.2245438, 2.693476
HipLeft: -0.3646683, 0.08374339, 2.608193
KneeLeft: -0.3185294, -0.430948, 2.533664
AnkleLeft: -0.3365662, -0.7341412, 2.437871
FootLeft: -0.3031378, -0.7895899, 2.329096
HipRight: -0.2158142, 0.09409663, 2.64342
KneeRight: -0.2296054, -0.3423212, 2.54459
AnkleRight: -0.2537353, -0.6904611, 2.494174
FootRight: -0.2974231, -0.7536453, 2.38351
=========
HipCenter: -0.2968877, 0.1583371, 2.655264
Spine: -0.3162248, 0.207569, 2.726553
ShoulderCenter: -0.3406997, 0.5779458, 2.814996
Head: -0.2945268, 0.7531284, 2.830961
ShoulderLeft: -0.4643821, 0.4373134, 2.726823
ElbowLeft: -0.5192633, 0.1858347, 2.667978
WristLeft: -0.5152035, -0.007761737, 2.54629
HandLeft: -0.5191192, -0.09010976, 2.511153
ShoulderRight: -0.1388877, 0.4587253, 2.820302
ElbowRight: 0.09862752, 0.3513696, 2.766721
WristRight: 0.290397, 0.2478828, 2.714005
HandRight: 0.3637114, 0.2175138, 2.691035
HipLeft: -0.3635227, 0.08320983, 2.607562
KneeLeft: -0.3187321, -0.4310964, 2.533612
AnkleLeft: -0.33672, -0.7341894, 2.437877
FootLeft: -0.3031218, -0.7896, 2.329111
HipRight: -0.2146665, 0.09317411, 2.644125
KneeRight: -0.2296769, -0.3423173, 2.544574
AnkleRight: -0.253262, -0.6904874, 2.494266
FootRight: -0.2971599, -0.7535394, 2.383726
=========
HipCenter: -0.2962345, 0.1579049, 2.655197
Spine: -0.3159308, 0.2073178, 2.726481
ShoulderCenter: -0.3403085, 0.5780391, 2.815225
Head: -0.2938066, 0.752685, 2.831516
ShoulderLeft: -0.4641573, 0.4374138, 2.726886
ElbowLeft: -0.5190309, 0.1863199, 2.667675
WristLeft: -0.5149187, -0.00757885, 2.545971
HandLeft: -0.5190966, -0.08965106, 2.511039
ShoulderRight: -0.138734, 0.456859, 2.820979
ElbowRight: 0.09932515, 0.3449626, 2.764832
WristRight: 0.2852943, 0.2311306, 2.708594
HandRight: 0.3675828, 0.1884996, 2.687828
HipLeft: -0.3626291, 0.08285933, 2.606954
KneeLeft: -0.3188545, -0.4311816, 2.533587
AnkleLeft: -0.3368739, -0.7342315, 2.437878
FootLeft: -0.3031027, -0.7896109, 2.329123
HipRight: -0.2137703, 0.09230217, 2.644857
KneeRight: -0.2296951, -0.3423371, 2.544605
AnkleRight: -0.2529675, -0.6905155, 2.494314
FootRight: -0.2969346, -0.7534614, 2.383883
=========
HipCenter: -0.2951694, 0.1574833, 2.655247
Spine: -0.3153767, 0.2070581, 2.726454
ShoulderCenter: -0.3398562, 0.5781087, 2.815358
Head: -0.2932048, 0.7523425, 2.831951
ShoulderLeft: -0.4639766, 0.4375004, 2.726952
ElbowLeft: -0.5188058, 0.1868174, 2.667402
WristLeft: -0.5146641, -0.007441512, 2.545677
HandLeft: -0.5190246, -0.08912263, 2.510943
ShoulderRight: -0.1385336, 0.4550117, 2.821785
ElbowRight: 0.09972239, 0.3359014, 2.762258
WristRight: 0.2821886, 0.2181805, 2.704144
HandRight: 0.3587013, 0.1772185, 2.684729
HipLeft: -0.3613639, 0.08250761, 2.606351
KneeLeft: -0.3189391, -0.4312462, 2.533575
AnkleLeft: -0.3369527, -0.7342682, 2.437873
FootLeft: -0.3030841, -0.7896202, 2.329136
HipRight: -0.2121957, 0.09137368, 2.646037
KneeRight: -0.2296685, -0.3423364, 2.544657
AnkleRight: -0.2526118, -0.6905167, 2.494368
FootRight: -0.2967394, -0.7533748, 2.384026
=========
HipCenter: -0.2939925, 0.1571266, 2.655371
Spine: -0.3148054, 0.2068355, 2.726461
ShoulderCenter: -0.3396332, 0.5781857, 2.815453
Head: -0.2924543, 0.7520502, 2.832251
ShoulderLeft: -0.4638301, 0.4375788, 2.727026
ElbowLeft: -0.5185713, 0.1873623, 2.667133
WristLeft: -0.5143852, -0.007329594, 2.54537
HandLeft: -0.5188003, -0.08807904, 2.51107
ShoulderRight: -0.1384099, 0.4534078, 2.822631
ElbowRight: 0.09544034, 0.3249789, 2.76085
WristRight: 0.275453, 0.2050951, 2.702812
HandRight: 0.3360015, 0.1645323, 2.684517
HipLeft: -0.3598117, 0.08222675, 2.605809
KneeLeft: -0.3190035, -0.4312938, 2.533567
AnkleLeft: -0.337032, -0.7343029, 2.437863
FootLeft: -0.3030252, -0.789642, 2.329135
HipRight: -0.2104185, 0.09058017, 2.647322
KneeRight: -0.2296342, -0.3422984, 2.544795
AnkleRight: -0.2523034, -0.690493, 2.494421
FootRight: -0.2965461, -0.7532708, 2.384157
=========
HipCenter: -0.2932427, 0.1567619, 2.655407
Spine: -0.3143942, 0.2066033, 2.726454
ShoulderCenter: -0.339454, 0.5782543, 2.815541
Head: -0.2917689, 0.7518104, 2.832471
ShoulderLeft: -0.4637102, 0.4376476, 2.727099
ElbowLeft: -0.5183299, 0.1885961, 2.666934
WristLeft: -0.5141449, -0.007259086, 2.545101
HandLeft: -0.5185884, -0.0871352, 2.511198
ShoulderRight: -0.1384624, 0.4519844, 2.823304
ElbowRight: 0.08583004, 0.3140634, 2.760955
WristRight: 0.261286, 0.1905653, 2.701279
HandRight: 0.3188944, 0.1513193, 2.686209
HipLeft: -0.3588217, 0.08197234, 2.605373
KneeLeft: -0.319054, -0.4313328, 2.533563
AnkleLeft: -0.3371016, -0.7343337, 2.437854
FootLeft: -0.3029818, -0.7896573, 2.32914
HipRight: -0.2096381, 0.08998667, 2.647965
KneeRight: -0.2297171, -0.3422848, 2.544835
AnkleRight: -0.2520777, -0.6905223, 2.494407
FootRight: -0.2964318, -0.7532219, 2.384218
=========
HipCenter: -0.2922409, 0.1564026, 2.655529
Spine: -0.3138781, 0.2063695, 2.726488
ShoulderCenter: -0.3393267, 0.5783086, 2.815606
Head: -0.2909688, 0.7516584, 2.832753
ShoulderLeft: -0.4636035, 0.4377202, 2.727173
ElbowLeft: -0.5180971, 0.1896375, 2.666774
WristLeft: -0.5139178, -0.007202935, 2.544849
HandLeft: -0.5183692, -0.08624002, 2.511334
ShoulderRight: -0.1385811, 0.4507677, 2.823872
ElbowRight: 0.0719891, 0.3069237, 2.762084
WristRight: 0.2441956, 0.1781485, 2.700242
HandRight: 0.3068661, 0.1391138, 2.686994
HipLeft: -0.3572983, 0.08175746, 2.604836
KneeLeft: -0.3190949, -0.4313647, 2.533562
AnkleLeft: -0.3371577, -0.7343621, 2.437845
FootLeft: -0.3029423, -0.7896719, 2.329143
HipRight: -0.2082854, 0.08929984, 2.649089
KneeRight: -0.2299447, -0.342204, 2.544857
AnkleRight: -0.251937, -0.6905234, 2.494395
FootRight: -0.2963541, -0.7531773, 2.384261
=========
HipCenter: -0.2915176, 0.1560988, 2.655602
Spine: -0.3134454, 0.2061542, 2.726513
ShoulderCenter: -0.3391145, 0.5783411, 2.81567
Head: -0.2902772, 0.7516198, 2.832984
ShoulderLeft: -0.4635099, 0.437787, 2.727247
ElbowLeft: -0.5178591, 0.1905204, 2.666581
WristLeft: -0.5137029, -0.007162319, 2.544605
HandLeft: -0.5181472, -0.08541747, 2.511451
ShoulderRight: -0.1389068, 0.4495352, 2.824277
ElbowRight: 0.06133936, 0.3023172, 2.762894
WristRight: 0.23492, 0.1670742, 2.697713
HandRight: 0.2986074, 0.1270851, 2.687038
HipLeft: -0.3562793, 0.08158501, 2.604328
KneeLeft: -0.3191267, -0.4313928, 2.533565
AnkleLeft: -0.3372084, -0.7343913, 2.437831
FootLeft: -0.3029051, -0.7896847, 2.329139
HipRight: -0.2076239, 0.08878774, 2.649835
KneeRight: -0.2303001, -0.3420967, 2.544824
AnkleRight: -0.2517999, -0.6905399, 2.494274
FootRight: -0.2963004, -0.7531439, 2.384255
=========
HipCenter: -0.2910294, 0.1557692, 2.655614
Spine: -0.3131312, 0.2059107, 2.726517
ShoulderCenter: -0.3389519, 0.57837, 2.815754
Head: -0.2898834, 0.7515389, 2.833025
ShoulderLeft: -0.4634319, 0.4378454, 2.727318
ElbowLeft: -0.5176223, 0.191278, 2.666335
WristLeft: -0.5135083, -0.007135858, 2.544385
HandLeft: -0.5179358, -0.08466663, 2.51153
ShoulderRight: -0.1393744, 0.4484509, 2.824556
ElbowRight: 0.05423225, 0.2989402, 2.763099
WristRight: 0.2281053, 0.1575903, 2.695117
HandRight: 0.2879742, 0.1122902, 2.682573
HipLeft: -0.3556111, 0.08141252, 2.603992
KneeLeft: -0.3191512, -0.4314168, 2.53357
AnkleLeft: -0.3372347, -0.7344062, 2.437828
FootLeft: -0.3028679, -0.7896979, 2.329134
HipRight: -0.2072988, 0.08841628, 2.650192
KneeRight: -0.2306814, -0.3420379, 2.544872
AnkleRight: -0.2516683, -0.690602, 2.494181
FootRight: -0.2962618, -0.7531312, 2.384234
=========
HipCenter: -0.290634, 0.1554948, 2.655613
Spine: -0.3128819, 0.2057041, 2.726513
ShoulderCenter: -0.3388514, 0.5783874, 2.815795
Head: -0.2894439, 0.7514805, 2.832896
ShoulderLeft: -0.4633608, 0.4378908, 2.727371
ElbowLeft: -0.5173982, 0.1919396, 2.666109
WristLeft: -0.5133321, -0.007117348, 2.544186
HandLeft: -0.5177181, -0.08394805, 2.511614
ShoulderRight: -0.1397869, 0.4475746, 2.824888
ElbowRight: 0.0489235, 0.2962984, 2.762968
WristRight: 0.2172862, 0.1458985, 2.688212
HandRight: 0.2827131, 0.1073116, 2.680813
HipLeft: -0.3550763, 0.0812862, 2.603709
KneeLeft: -0.3191706, -0.4314375, 2.533577
AnkleLeft: -0.3372521, -0.7344197, 2.437827
FootLeft: -0.3028328, -0.7897103, 2.329129
HipRight: -0.2070571, 0.08812577, 2.650457
KneeRight: -0.2311121, -0.3419409, 2.544869
AnkleRight: -0.2515889, -0.6906651, 2.494034
FootRight: -0.2962733, -0.7531409, 2.384127
=========
HipCenter: -0.2899755, 0.1551296, 2.655663
Spine: -0.3125063, 0.2054329, 2.726527
ShoulderCenter: -0.3387671, 0.5783968, 2.815825
Head: -0.2890312, 0.751427, 2.832758
ShoulderLeft: -0.4631288, 0.4379511, 2.727368
ElbowLeft: -0.5171961, 0.1925044, 2.665938
WristLeft: -0.513163, -0.007099997, 2.544003
HandLeft: -0.5175284, -0.08329087, 2.511709
ShoulderRight: -0.1401247, 0.446853, 2.825235
ElbowRight: 0.04350178, 0.2936256, 2.762782
WristRight: 0.2094646, 0.1376048, 2.683689
HandRight: 0.2655272, 0.08420957, 2.676607
HipLeft: -0.3541085, 0.08108518, 2.603439
KneeLeft: -0.3191856, -0.4314556, 2.533587
AnkleLeft: -0.3372657, -0.734431, 2.437827
FootLeft: -0.3028002, -0.7897262, 2.32912
HipRight: -0.2066694, 0.08783109, 2.650793
KneeRight: -0.2316876, -0.3417262, 2.544806
AnkleRight: -0.2515619, -0.6907009, 2.493813
FootRight: -0.2963565, -0.7531552, 2.383945
=========
HipCenter: -0.2892037, 0.1547932, 2.655749
Spine: -0.3120589, 0.2051689, 2.726554
ShoulderCenter: -0.3386901, 0.5783979, 2.815835
Head: -0.2885943, 0.7513601, 2.832565
ShoulderLeft: -0.4628934, 0.4380067, 2.727363
ElbowLeft: -0.5170189, 0.1929711, 2.665786
WristLeft: -0.5129847, -0.007091325, 2.543818
HandLeft: -0.5173602, -0.08271822, 2.511795
ShoulderRight: -0.1404022, 0.4462634, 2.825571
ElbowRight: 0.03763167, 0.290207, 2.761978
WristRight: 0.2020544, 0.1302294, 2.680036
HandRight: 0.25709, 0.07087801, 2.674618
HipLeft: -0.3530808, 0.08089472, 2.603246
KneeLeft: -0.3191966, -0.4314686, 2.533596
AnkleLeft: -0.3372752, -0.7344402, 2.437828
FootLeft: -0.3027628, -0.7897446, 2.329103
HipRight: -0.206102, 0.08758079, 2.651185
KneeRight: -0.2320141, -0.3414658, 2.545021
AnkleRight: -0.2515233, -0.6907446, 2.493618
FootRight: -0.2963941, -0.7531513, 2.383874
=========
HipCenter: -0.2887273, 0.1544506, 2.65575
Spine: -0.3117529, 0.2048862, 2.726536
ShoulderCenter: -0.3386228, 0.5783923, 2.815838
Head: -0.2882231, 0.7512855, 2.832399
ShoulderLeft: -0.4625742, 0.4380758, 2.727311
ElbowLeft: -0.5168831, 0.1934254, 2.665679
WristLeft: -0.5127822, -0.007106073, 2.543608
HandLeft: -0.5172194, -0.08226169, 2.51186
ShoulderRight: -0.1406329, 0.4458011, 2.825842
ElbowRight: 0.0330616, 0.2868175, 2.760735
WristRight: 0.1921896, 0.1222196, 2.676287
HandRight: 0.2506431, 0.05913255, 2.672336
HipLeft: -0.3524963, 0.08071467, 2.60312
KneeLeft: -0.3192043, -0.4314803, 2.533607
AnkleLeft: -0.3372801, -0.7344477, 2.437828
FootLeft: -0.3027368, -0.7897577, 2.329087
HipRight: -0.2058896, 0.0874076, 2.651335
KneeRight: -0.2321989, -0.3413482, 2.545188
AnkleRight: -0.2514699, -0.6908723, 2.493453
FootRight: -0.2964211, -0.753161, 2.383824
=========
HipCenter: -0.2882835, 0.1540487, 2.655722
Spine: -0.3114499, 0.2045432, 2.726489
ShoulderCenter: -0.3384696, 0.578351, 2.8158
Head: -0.2878881, 0.7512144, 2.832289
ShoulderLeft: -0.4621915, 0.438144, 2.727231
ElbowLeft: -0.5167523, 0.1938443, 2.665563
WristLeft: -0.5125905, -0.007129228, 2.543419
HandLeft: -0.5170978, -0.08188289, 2.511917
ShoulderRight: -0.1408399, 0.4453416, 2.826135
ElbowRight: 0.02571247, 0.2774683, 2.757026
WristRight: 0.1614286, 0.09939783, 2.668312
HandRight: 0.2267702, 0.02632188, 2.661721
HipLeft: -0.3520151, 0.08056102, 2.603018
KneeLeft: -0.3192093, -0.4314903, 2.533617
AnkleLeft: -0.3372687, -0.7344533, 2.437828
FootLeft: -0.3027149, -0.789768, 2.329074
HipRight: -0.2057396, 0.08679303, 2.651408
KneeRight: -0.2120176, -0.3720548, 2.54655
AnkleRight: -0.2513964, -0.6925179, 2.493301
FootRight: -0.2965331, -0.7534205, 2.383683
=========
HipCenter: -0.2880274, 0.1534446, 2.655584
Spine: -0.311241, 0.2040313, 2.72637
ShoulderCenter: -0.338294, 0.5782763, 2.815752
Head: -0.2875759, 0.7511562, 2.832182
ShoulderLeft: -0.4618226, 0.4382079, 2.727149
ElbowLeft: -0.5166044, 0.1941852, 2.665419
WristLeft: -0.5123593, -0.007187774, 2.543182
HandLeft: -0.516995, -0.08160762, 2.51195
ShoulderRight: -0.1411992, 0.4448622, 2.826281
ElbowRight: 0.0198394, 0.2700947, 2.754189
WristRight: 0.1480827, 0.08677685, 2.664254
HandRight: 0.2158621, 0.008695012, 2.657108
HipLeft: -0.3517143, 0.08045096, 2.602922
KneeLeft: -0.3192122, -0.4315006, 2.533629
AnkleLeft: -0.337257, -0.7344564, 2.437827
FootLeft: -0.3026956, -0.7897761, 2.329061
HipRight: -0.2062389, 0.08528119, 2.651186
KneeRight: -0.2042507, -0.3858004, 2.546785
AnkleRight: -0.2514017, -0.6939328, 2.493561
FootRight: -0.2966121, -0.7535765, 2.383683
=========
HipCenter: -0.2879947, 0.1526476, 2.655329
Spine: -0.3111696, 0.2033611, 2.726181
ShoulderCenter: -0.3381409, 0.5781826, 2.815717
Head: -0.2872965, 0.7511001, 2.832114
ShoulderLeft: -0.4615203, 0.4382603, 2.727097
ElbowLeft: -0.5164785, 0.1945428, 2.665342
WristLeft: -0.5121863, -0.007237133, 2.543012
HandLeft: -0.5168967, -0.08136331, 2.51197
ShoulderRight: -0.141617, 0.4443823, 2.826319
ElbowRight: 0.01468881, 0.2624993, 2.751614
WristRight: 0.1403443, 0.07952604, 2.661841
HandRight: 0.2088475, -0.001636385, 2.6546
HipLeft: -0.3515293, 0.08036792, 2.602856
KneeLeft: -0.3192139, -0.4315102, 2.53364
AnkleLeft: -0.3372376, -0.7344614, 2.437827
FootLeft: -0.3026843, -0.7897798, 2.329055
HipRight: -0.2072642, 0.08331914, 2.650461
KneeRight: -0.1999477, -0.393773, 2.546801
AnkleRight: -0.2513127, -0.6967466, 2.493431
FootRight: -0.296853, -0.754136, 2.383434
=========
HipCenter: -0.2880196, 0.1518848, 2.655064
Spine: -0.3111326, 0.2027119, 2.725989
ShoulderCenter: -0.3380607, 0.5781334, 2.815711
Head: -0.2870579, 0.7510451, 2.832092
ShoulderLeft: -0.4612988, 0.4383101, 2.727078
ElbowLeft: -0.5163688, 0.1948419, 2.665279
WristLeft: -0.5120274, -0.007285117, 2.542869
HandLeft: -0.5167927, -0.08113768, 2.511967
ShoulderRight: -0.1422665, 0.443984, 2.826286
ElbowRight: 0.01007523, 0.2561755, 2.750075
WristRight: 0.1345375, 0.07277349, 2.659932
HandRight: 0.2024234, -0.01121511, 2.652987
HipLeft: -0.351399, 0.08029548, 2.602805
KneeLeft: -0.3192143, -0.431518, 2.533652
AnkleLeft: -0.3372078, -0.7344668, 2.437824
FootLeft: -0.3026768, -0.7897812, 2.329049
HipRight: -0.2081291, 0.08174748, 2.64975
KneeRight: -0.2106539, -0.3771482, 2.549422
AnkleRight: -0.2576309, -0.6803098, 2.495887
FootRight: -0.2986087, -0.7420816, 2.390181
=========
HipCenter: -0.2880062, 0.1514284, 2.654912
Spine: -0.3111064, 0.2022528, 2.725874
ShoulderCenter: -0.3380373, 0.5780923, 2.815865
Head: -0.2868308, 0.7509871, 2.832083
ShoulderLeft: -0.4611281, 0.4383574, 2.727083
ElbowLeft: -0.5163382, 0.1955966, 2.665533
WristLeft: -0.5118798, -0.007330578, 2.542739
HandLeft: -0.5166888, -0.08093495, 2.511956
ShoulderRight: -0.1428353, 0.4436732, 2.826403
ElbowRight: 0.00593009, 0.2505848, 2.749417
WristRight: 0.1283055, 0.06178351, 2.658266
HandRight: 0.1976154, -0.02005325, 2.65183
HipLeft: -0.3512997, 0.08024815, 2.602762
KneeLeft: -0.3192122, -0.431524, 2.533664
AnkleLeft: -0.3371817, -0.7344692, 2.437822
FootLeft: -0.3026851, -0.7897786, 2.329025
HipRight: -0.208445, 0.08109996, 2.649504
KneeRight: -0.242652, -0.359393, 2.549387
AnkleRight: -0.2609518, -0.6809469, 2.49268
FootRight: -0.3010693, -0.7438353, 2.386625
=========
HipCenter: -0.2880321, 0.1510629, 2.654783
Spine: -0.3111182, 0.20187, 2.725779
ShoulderCenter: -0.3380366, 0.5780548, 2.816056
Head: -0.2866304, 0.750937, 2.832085
ShoulderLeft: -0.4609843, 0.4383956, 2.727103
ElbowLeft: -0.5162706, 0.196096, 2.665736
WristLeft: -0.5117419, -0.007378974, 2.542614
HandLeft: -0.5165809, -0.08075789, 2.511938
ShoulderRight: -0.1434432, 0.4434037, 2.826538
ElbowRight: 0.001997455, 0.2458051, 2.748932
WristRight: 0.1234691, 0.05348242, 2.656758
HandRight: 0.1866519, -0.02843309, 2.647286
HipLeft: -0.351247, 0.08021257, 2.602708
KneeLeft: -0.3192093, -0.4315263, 2.533675
AnkleLeft: -0.3371555, -0.7344725, 2.43782
FootLeft: -0.3026956, -0.7897742, 2.329005
HipRight: -0.2087257, 0.08063276, 2.649328
KneeRight: -0.2662603, -0.3471981, 2.548381
AnkleRight: -0.2634582, -0.6815188, 2.490276
FootRight: -0.302926, -0.7454619, 2.383927
=========
HipCenter: -0.2880974, 0.1507401, 2.654659
Spine: -0.3111632, 0.2015264, 2.725693
ShoulderCenter: -0.3380518, 0.5780206, 2.816272
Head: -0.2865312, 0.7509175, 2.832045
ShoulderLeft: -0.4608618, 0.4384295, 2.727128
ElbowLeft: -0.5161967, 0.1964678, 2.665896
WristLeft: -0.5116185, -0.007413166, 2.542509
HandLeft: -0.5164772, -0.08057801, 2.511932
ShoulderRight: -0.1441501, 0.4431995, 2.826674
ElbowRight: -0.02505479, 0.2233755, 2.752067
WristRight: 0.08769651, 0.02628477, 2.643863
HandRight: 0.1397714, -0.04106683, 2.6337
HipLeft: -0.3512351, 0.08017592, 2.602655
KneeLeft: -0.3192068, -0.4315299, 2.533685
AnkleLeft: -0.3371456, -0.7344826, 2.437812
FootLeft: -0.3027092, -0.7897689, 2.32897
HipRight: -0.2090336, 0.08032352, 2.649154
KneeRight: -0.2774129, -0.3409325, 2.548179
AnkleRight: -0.2638446, -0.6816407, 2.489513
FootRight: -0.3032736, -0.746063, 2.383148
=========
HipCenter: -0.2881764, 0.1504838, 2.654554
Spine: -0.3112356, 0.201239, 2.725618
ShoulderCenter: -0.3380752, 0.5779907, 2.81649
Head: -0.2864684, 0.7509002, 2.831946
ShoulderLeft: -0.460761, 0.4384582, 2.727157
ElbowLeft: -0.5161142, 0.1967349, 2.665999
WristLeft: -0.511506, -0.007442152, 2.542417
HandLeft: -0.5164008, -0.08090568, 2.511832
ShoulderRight: -0.1450521, 0.4432191, 2.827074
ElbowRight: -0.04101507, 0.2150377, 2.754232
WristRight: 0.07060516, 0.01370273, 2.637776
HandRight: 0.1144889, -0.04734076, 2.625317
HipLeft: -0.3512477, 0.08014585, 2.602605
KneeLeft: -0.3192035, -0.4315338, 2.533695
AnkleLeft: -0.337139, -0.7344923, 2.437803
FootLeft: -0.302714, -0.7897645, 2.328938
HipRight: -0.2093502, 0.08016516, 2.649005
KneeRight: -0.2839621, -0.3370389, 2.548066
AnkleRight: -0.2634882, -0.6821017, 2.488909
FootRight: -0.3029454, -0.74685, 2.382482
=========
HipCenter: -0.288306, 0.1502656, 2.654446
Spine: -0.311334, 0.2009937, 2.72555
ShoulderCenter: -0.3381052, 0.5779685, 2.816724
Head: -0.2864275, 0.7508901, 2.831842
ShoulderLeft: -0.4606943, 0.4384877, 2.727216
ElbowLeft: -0.5160425, 0.1969843, 2.666081
WristLeft: -0.5113888, -0.007472202, 2.54232
HandLeft: -0.5161829, -0.08196672, 2.511327
ShoulderRight: -0.1460808, 0.4433472, 2.827478
ElbowRight: -0.04985834, 0.2103222, 2.754805
WristRight: 0.06061535, 0.006518969, 2.634305
HandRight: 0.08290579, -0.05507446, 2.608477
HipLeft: -0.351326, 0.08012196, 2.602561
KneeLeft: -0.3192215, -0.4316034, 2.533718
AnkleLeft: -0.337143, -0.7345029, 2.437791
FootLeft: -0.3027235, -0.7897604, 2.328901
HipRight: -0.2098402, 0.08023109, 2.648763
KneeRight: -0.2883083, -0.3344147, 2.548012
AnkleRight: -0.2624882, -0.6827897, 2.48848
FootRight: -0.3023643, -0.7475846, 2.382072
=========
HipCenter: -0.2884778, 0.1500419, 2.654318
Spine: -0.3114462, 0.2007566, 2.725477
ShoulderCenter: -0.338104, 0.5779436, 2.816933
Head: -0.286429, 0.7508791, 2.831694
ShoulderLeft: -0.4606455, 0.4385029, 2.727257
ElbowLeft: -0.5159768, 0.1971969, 2.666159
WristLeft: -0.5112886, -0.007499323, 2.54224
HandLeft: -0.5159153, -0.08326896, 2.510911
ShoulderRight: -0.1473889, 0.4435491, 2.827703
ElbowRight: -0.05617477, 0.2073804, 2.75545
WristRight: 0.05383395, 0.002022679, 2.632502
HandRight: 0.07072602, -0.05875357, 2.60413
HipLeft: -0.351445, 0.08007896, 2.602521
KneeLeft: -0.3192386, -0.4316727, 2.533739
AnkleLeft: -0.3371498, -0.7345107, 2.437779
FootLeft: -0.3027404, -0.7897541, 2.32887
HipRight: -0.2103921, 0.08040821, 2.648473
KneeRight: -0.2912889, -0.3324512, 2.547975
AnkleRight: -0.2611064, -0.6836309, 2.488212
FootRight: -0.3016233, -0.7482772, 2.381835
=========
HipCenter: -0.2886316, 0.1497279, 2.654154
Spine: -0.3115442, 0.2004368, 2.725375
ShoulderCenter: -0.3380883, 0.5778973, 2.817113
Head: -0.2864333, 0.7508573, 2.831554
ShoulderLeft: -0.4606132, 0.4385174, 2.727309
ElbowLeft: -0.5159202, 0.1973016, 2.666166
WristLeft: -0.5111866, -0.007527445, 2.542153
HandLeft: -0.515584, -0.08479959, 2.510297
ShoulderRight: -0.1486351, 0.4438719, 2.827903
ElbowRight: -0.06048698, 0.2053345, 2.755883
WristRight: 0.04723913, -0.0005688902, 2.632114
HandRight: 0.06217071, -0.06153287, 2.60216
HipLeft: -0.3515371, 0.08003919, 2.602494
KneeLeft: -0.3192523, -0.4317327, 2.533759
AnkleLeft: -0.3371559, -0.7345095, 2.437773
FootLeft: -0.302753, -0.7897482, 2.328846
HipRight: -0.2107628, 0.08025704, 2.64812
KneeRight: -0.2911433, -0.3444139, 2.547169
AnkleRight: -0.254428, -0.6877999, 2.490601
FootRight: -0.2999151, -0.7491661, 2.382813
=========
HipCenter: -0.2892826, 0.1481885, 2.653451
Spine: -0.3119228, 0.1993178, 2.724959
ShoulderCenter: -0.3380345, 0.5778226, 2.81728
Head: -0.2864704, 0.750839, 2.831372
ShoulderLeft: -0.4605234, 0.4385509, 2.72736
ElbowLeft: -0.5158586, 0.197377, 2.666148
WristLeft: -0.5110909, -0.007555057, 2.542066
HandLeft: -0.5152991, -0.08630037, 2.509833
ShoulderRight: -0.1500388, 0.4442231, 2.82803
ElbowRight: -0.06483213, 0.2032364, 2.755452
WristRight: 0.03806319, -0.000970582, 2.63451
HandRight: 0.05638771, -0.06477839, 2.601578
HipLeft: -0.3516383, 0.0799951, 2.602471
KneeLeft: -0.3193087, -0.4318807, 2.533779
AnkleLeft: -0.3371557, -0.7345087, 2.43777
FootLeft: -0.3027675, -0.7897425, 2.32883
HipRight: -0.213189, 0.07743862, 2.646284
KneeRight: -0.2932549, -0.3612001, 2.544495
AnkleRight: -0.2554363, -0.6956632, 2.490573
FootRight: -0.301158, -0.7540912, 2.380316
=========
HipCenter: -0.2899925, 0.1466045, 2.652709
Spine: -0.3123239, 0.1981374, 2.72449
ShoulderCenter: -0.337834, 0.5776642, 2.817389
Head: -0.2865125, 0.7508814, 2.831222
ShoulderLeft: -0.4604439, 0.438576, 2.727407
ElbowLeft: -0.5157931, 0.1974152, 2.666087
WristLeft: -0.5109801, -0.007589838, 2.541962
HandLeft: -0.5150521, -0.08769344, 2.509398
ShoulderRight: -0.1514463, 0.4444584, 2.827909
ElbowRight: -0.06913535, 0.2003946, 2.75378
WristRight: 0.02528937, -0.006345221, 2.634306
HandRight: 0.04973353, -0.0718033, 2.602223
HipLeft: -0.3517756, 0.07994673, 2.602429
KneeLeft: -0.319363, -0.4320169, 2.533799
AnkleLeft: -0.3371551, -0.7345085, 2.437767
FootLeft: -0.3027801, -0.7897366, 2.328822
HipRight: -0.2155794, 0.07447919, 2.644646
KneeRight: -0.2950105, -0.3736493, 2.542226
AnkleRight: -0.2568939, -0.702264, 2.490369
FootRight: -0.3021242, -0.758002, 2.378047
=========
HipCenter: -0.2905643, 0.1450138, 2.652044
Spine: -0.3126766, 0.1969071, 2.724051
ShoulderCenter: -0.337595, 0.5774923, 2.817522
Head: -0.2867451, 0.7509033, 2.830638
ShoulderLeft: -0.4603728, 0.4385954, 2.727449
ElbowLeft: -0.5157283, 0.1974332, 2.666007
WristLeft: -0.5108619, -0.007631763, 2.541843
HandLeft: -0.5148503, -0.08891896, 2.509034
ShoulderRight: -0.1528338, 0.4447828, 2.827899
ElbowRight: -0.07295246, 0.1975202, 2.751287
WristRight: 0.01750953, -0.009481428, 2.634073
HandRight: 0.044288, -0.07763242, 2.603744
HipLeft: -0.3518806, 0.0798914, 2.602403
KneeLeft: -0.3194169, -0.4321533, 2.533817
AnkleLeft: -0.3371596, -0.7345105, 2.437766
FootLeft: -0.3027926, -0.7897327, 2.328807
HipRight: -0.2173066, 0.07200745, 2.643377
KneeRight: -0.2952708, -0.383898, 2.540597
AnkleRight: -0.2570041, -0.7056519, 2.489568
FootRight: -0.3023051, -0.7597795, 2.376838
=========
HipCenter: -0.290991, 0.1436401, 2.651465
Spine: -0.3129773, 0.1958086, 2.72365
ShoulderCenter: -0.3374331, 0.5773672, 2.817627
Head: -0.2869996, 0.7509221, 2.830049
ShoulderLeft: -0.460297, 0.4386136, 2.727486
ElbowLeft: -0.5156164, 0.1973619, 2.665822
WristLeft: -0.5107473, -0.007673516, 2.541727
HandLeft: -0.514722, -0.08998106, 2.508681
ShoulderRight: -0.154265, 0.4451158, 2.827897
ElbowRight: -0.07627273, 0.1950742, 2.749133
WristRight: 0.01081661, -0.01228728, 2.635094
HandRight: 0.03856903, -0.08395141, 2.605107
HipLeft: -0.3519459, 0.07984251, 2.602372
KneeLeft: -0.3194615, -0.4323063, 2.533844
AnkleLeft: -0.3371606, -0.7345143, 2.437766
FootLeft: -0.3027996, -0.7897305, 2.328793
HipRight: -0.2184721, 0.07019795, 2.642491
KneeRight: -0.2951152, -0.3895835, 2.539744
AnkleRight: -0.2564716, -0.7053393, 2.488836
FootRight: -0.3019362, -0.7598634, 2.376522
=========
HipCenter: -0.290987, 0.1424119, 2.651091
Spine: -0.3130713, 0.1947993, 2.723335
ShoulderCenter: -0.3372731, 0.5772405, 2.817701
Head: -0.2872359, 0.7509489, 2.829422
ShoulderLeft: -0.4600079, 0.4386906, 2.727466
ElbowLeft: -0.5155395, 0.1973274, 2.665674
WristLeft: -0.5106379, -0.007712937, 2.541616
HandLeft: -0.5146672, -0.09090395, 2.508342
ShoulderRight: -0.1556103, 0.4454513, 2.828085
ElbowRight: -0.07941976, 0.1930251, 2.746825
WristRight: -0.0001737718, -0.01238474, 2.636693
HandRight: 0.0290168, -0.08969427, 2.607586
HipLeft: -0.3516529, 0.07974854, 2.602366
KneeLeft: -0.3194937, -0.4324619, 2.53388
AnkleLeft: -0.3371567, -0.7345192, 2.437771
FootLeft: -0.3028059, -0.7897291, 2.32878
HipRight: -0.2189192, 0.06886102, 2.642166
KneeRight: -0.2910103, -0.3942481, 2.540296
AnkleRight: -0.2531133, -0.7030072, 2.488672
FootRight: -0.2987759, -0.7575699, 2.37842
=========
HipCenter: -0.2906728, 0.1415115, 2.650967
Spine: -0.3131021, 0.1941024, 2.723165
ShoulderCenter: -0.3371965, 0.5771742, 2.817779
Head: -0.2873447, 0.7509148, 2.828897
ShoulderLeft: -0.4597043, 0.4387636, 2.727433
ElbowLeft: -0.5154352, 0.1972273, 2.665407
WristLeft: -0.510535, -0.007728706, 2.541491
HandLeft: -0.5146394, -0.09171122, 2.507994
ShoulderRight: -0.1566245, 0.4461285, 2.830271
ElbowRight: -0.08316799, 0.1905691, 2.745601
WristRight: -0.01740758, -0.01287422, 2.636373
HandRight: 0.01030028, -0.09400708, 2.610631
HipLeft: -0.3507765, 0.07976347, 2.602385
KneeLeft: -0.3195132, -0.4325939, 2.533914
AnkleLeft: -0.3371502, -0.7345251, 2.437777
FootLeft: -0.3028107, -0.7897285, 2.328768
HipRight: -0.2183669, 0.06746829, 2.642612
KneeRight: -0.2854467, -0.3986897, 2.541123
AnkleRight: -0.2491713, -0.7014416, 2.488512
FootRight: -0.2958524, -0.7560941, 2.379934
=========
HipCenter: -0.2901908, 0.1408136, 2.650984
Spine: -0.3130968, 0.1935835, 2.723058
ShoulderCenter: -0.3371558, 0.5771269, 2.817824
Head: -0.2873964, 0.7508613, 2.82854
ShoulderLeft: -0.4594134, 0.4388414, 2.727401
ElbowLeft: -0.5153372, 0.197088, 2.665078
WristLeft: -0.5103549, -0.007809702, 2.541269
HandLeft: -0.5145586, -0.09249505, 2.50769
ShoulderRight: -0.1574273, 0.4467719, 2.832914
ElbowRight: -0.08726615, 0.1875235, 2.746144
WristRight: -0.02924779, -0.01454019, 2.636147
HandRight: -0.003394925, -0.09633877, 2.612108
HipLeft: -0.3497272, 0.07983246, 2.602433
KneeLeft: -0.3195612, -0.4327835, 2.533942
AnkleLeft: -0.3371251, -0.7345376, 2.437781
FootLeft: -0.3028145, -0.7897279, 2.328755
HipRight: -0.2171521, 0.06633808, 2.643593
KneeRight: -0.280395, -0.4013289, 2.542258
AnkleRight: -0.2451824, -0.6993772, 2.488712
FootRight: -0.2928625, -0.7541168, 2.381928
=========
HipCenter: -0.2900481, 0.1402923, 2.650918
Spine: -0.3131876, 0.193097, 2.722928
ShoulderCenter: -0.337136, 0.57708, 2.817853
Head: -0.2874572, 0.7508025, 2.828226
ShoulderLeft: -0.4592029, 0.4388822, 2.727382
ElbowLeft: -0.5152474, 0.1969453, 2.664741
WristLeft: -0.5101729, -0.00789758, 2.541041
HandLeft: -0.5144841, -0.09254112, 2.507574
ShoulderRight: -0.158289, 0.4468904, 2.834428
ElbowRight: -0.09214522, 0.1840063, 2.744655
WristRight: -0.03847184, -0.01648271, 2.635788
HandRight: -0.01283478, -0.09724481, 2.613466
HipLeft: -0.3493131, 0.07987604, 2.602383
KneeLeft: -0.3196053, -0.4329623, 2.533969
AnkleLeft: -0.3371081, -0.7345437, 2.43778
FootLeft: -0.3028167, -0.7897303, 2.328725
HipRight: -0.2169669, 0.0654362, 2.643969
KneeRight: -0.2793302, -0.4033999, 2.542184
AnkleRight: -0.2436215, -0.6990302, 2.489137
FootRight: -0.2918923, -0.7536507, 2.382691
=========
HipCenter: -0.2896173, 0.1398726, 2.651019
Spine: -0.3131959, 0.1927664, 2.722864
ShoulderCenter: -0.3371357, 0.5770404, 2.817863
Head: -0.2875175, 0.7507743, 2.828005
ShoulderLeft: -0.4590405, 0.4389274, 2.727358
ElbowLeft: -0.5151796, 0.1966975, 2.664385
WristLeft: -0.510052, -0.007917195, 2.540882
HandLeft: -0.514374, -0.09259634, 2.5074
ShoulderRight: -0.1592403, 0.4471379, 2.836792
ElbowRight: -0.09966999, 0.1798001, 2.741211
WristRight: -0.06253758, -0.01911385, 2.633141
HandRight: -0.03279862, -0.09627925, 2.613606
HipLeft: -0.3484742, 0.08000139, 2.602315
KneeLeft: -0.3196392, -0.4330957, 2.533998
AnkleLeft: -0.3370952, -0.7345287, 2.437778
FootLeft: -0.3028208, -0.7897296, 2.328713
HipRight: -0.2159488, 0.0645954, 2.645104
KneeRight: -0.275545, -0.4047709, 2.543312
AnkleRight: -0.2428706, -0.6998258, 2.4893
FootRight: -0.291666, -0.7540445, 2.382877
=========
HipCenter: -0.2892283, 0.1395607, 2.651129
Spine: -0.3131992, 0.1925054, 2.72282
ShoulderCenter: -0.3371669, 0.5770098, 2.817893
Head: -0.2876256, 0.7507172, 2.827753
ShoulderLeft: -0.4589388, 0.4389535, 2.727336
ElbowLeft: -0.5151327, 0.196424, 2.664023
WristLeft: -0.5099396, -0.007946174, 2.540718
HandLeft: -0.5143153, -0.0926996, 2.507286
ShoulderRight: -0.1599635, 0.4472579, 2.838706
ElbowRight: -0.1066628, 0.1747624, 2.736975
WristRight: -0.07610268, -0.02273702, 2.630619
HandRight: -0.0499727, -0.1084302, 2.607953
HipLeft: -0.3478045, 0.08012415, 2.602181
KneeLeft: -0.3196665, -0.4332043, 2.534021
AnkleLeft: -0.3371001, -0.7345081, 2.437772
FootLeft: -0.3028249, -0.789729, 2.328703
HipRight: -0.2150615, 0.06396438, 2.646095
KneeRight: -0.273778, -0.4054745, 2.543713
AnkleRight: -0.2428057, -0.7013547, 2.489564
FootRight: -0.2917355, -0.7545232, 2.382948
=========
HipCenter: -0.2885402, 0.1393979, 2.651533
Spine: -0.3131606, 0.1923163, 2.722852
ShoulderCenter: -0.337212, 0.5769853, 2.817925
Head: -0.2877541, 0.7506946, 2.827661
ShoulderLeft: -0.4588643, 0.438981, 2.727314
ElbowLeft: -0.5150603, 0.1961316, 2.66361
WristLeft: -0.5098364, -0.00797405, 2.540563
HandLeft: -0.5142673, -0.09278464, 2.5072
ShoulderRight: -0.1606005, 0.4476705, 2.841593
ElbowRight: -0.1113235, 0.1722612, 2.734521
WristRight: -0.08468966, -0.02444682, 2.629295
HandRight: -0.0618274, -0.1150255, 2.604485
HipLeft: -0.3469422, 0.08030492, 2.602128
KneeLeft: -0.3196891, -0.4332789, 2.534043
AnkleLeft: -0.3370914, -0.7344884, 2.437774
FootLeft: -0.3028276, -0.7897295, 2.328695
HipRight: -0.2135887, 0.0635023, 2.647806
KneeRight: -0.2713711, -0.4058667, 2.544714
AnkleRight: -0.2413015, -0.7029551, 2.491152
FootRight: -0.2910566, -0.7550243, 2.384538
=========
HipCenter: -0.2874745, 0.1395471, 2.652386
Spine: -0.3130001, 0.1922325, 2.723068
ShoulderCenter: -0.3372606, 0.5769634, 2.817955
Head: -0.2878332, 0.7506629, 2.827594
ShoulderLeft: -0.4588074, 0.4390253, 2.727276
ElbowLeft: -0.5149487, 0.195801, 2.663122
WristLeft: -0.5097266, -0.007997753, 2.540392
HandLeft: -0.5142403, -0.09286622, 2.507151
ShoulderRight: -0.1608672, 0.4480031, 2.844232
ElbowRight: -0.115525, 0.1706339, 2.732
WristRight: -0.09070174, -0.02564049, 2.628191
HandRight: -0.06977145, -0.1191886, 2.601708
HipLeft: -0.3459292, 0.08059027, 2.602124
KneeLeft: -0.3197952, -0.4334154, 2.534057
AnkleLeft: -0.3370698, -0.7344813, 2.437773
FootLeft: -0.3028295, -0.7897298, 2.32869
HipRight: -0.2114923, 0.0631635, 2.650482
KneeRight: -0.2685947, -0.4060016, 2.546219
AnkleRight: -0.239286, -0.7047016, 2.493419
FootRight: -0.2898899, -0.7554997, 2.387043
=========
HipCenter: -0.2863812, 0.1397255, 2.653262
Spine: -0.3127444, 0.192184, 2.723365
ShoulderCenter: -0.3372999, 0.5769347, 2.817971
Head: -0.2879081, 0.7506323, 2.827552
ShoulderLeft: -0.4587966, 0.4390843, 2.727233
ElbowLeft: -0.5148525, 0.1954344, 2.662631
WristLeft: -0.5083152, -0.01056488, 2.538509
HandLeft: -0.5142447, -0.09298308, 2.507086
ShoulderRight: -0.1611067, 0.4480232, 2.845839
ElbowRight: -0.1193238, 0.1692791, 2.729172
WristRight: -0.09545201, -0.02690946, 2.626984
HandRight: -0.07552108, -0.1227528, 2.60073
HipLeft: -0.344894, 0.08082318, 2.602157
KneeLeft: -0.3198869, -0.4335314, 2.534072
AnkleLeft: -0.3370667, -0.7344803, 2.437763
FootLeft: -0.302831, -0.7897299, 2.328687
HipRight: -0.2096343, 0.06291097, 2.652765
KneeRight: -0.2659458, -0.4059907, 2.547812
AnkleRight: -0.2372356, -0.7063219, 2.49576
FootRight: -0.2886645, -0.7558757, 2.389633
=========
HipCenter: -0.2852705, 0.1399869, 2.654184
Spine: -0.3124869, 0.1921972, 2.723694
ShoulderCenter: -0.3373459, 0.5769107, 2.817978
Head: -0.2879747, 0.7506084, 2.827519
ShoulderLeft: -0.4587755, 0.4391923, 2.727099
ElbowLeft: -0.5146686, 0.1946542, 2.66167
WristLeft: -0.5073923, -0.01224493, 2.536969
HandLeft: -0.5142446, -0.09303173, 2.507044
ShoulderRight: -0.1612739, 0.4482186, 2.847801
ElbowRight: -0.1227551, 0.1689744, 2.726712
WristRight: -0.09978841, -0.02752796, 2.625539
HandRight: -0.08113158, -0.1250964, 2.59971
HipLeft: -0.3437791, 0.08108991, 2.602221
KneeLeft: -0.3200235, -0.433704, 2.534087
AnkleLeft: -0.3370664, -0.7344813, 2.437754
FootLeft: -0.3028368, -0.7897279, 2.328686
HipRight: -0.2079025, 0.06279622, 2.654976
KneeRight: -0.2634306, -0.4055764, 2.549638
AnkleRight: -0.2352726, -0.7074171, 2.498223
FootRight: -0.2872954, -0.7558438, 2.39264
=========
HipCenter: -0.2841602, 0.1404133, 2.655183
Spine: -0.3121429, 0.1923228, 2.724147
ShoulderCenter: -0.3373908, 0.5768874, 2.817982
Head: -0.2879874, 0.7505829, 2.827572
ShoulderLeft: -0.4587983, 0.4393282, 2.726943
ElbowLeft: -0.5144511, 0.1936732, 2.660529
WristLeft: -0.5067877, -0.01333656, 2.535822
HandLeft: -0.5142622, -0.09301712, 2.507003
ShoulderRight: -0.1613551, 0.4483756, 2.849297
ElbowRight: -0.1251397, 0.1688787, 2.72491
WristRight: -0.1030998, -0.02801929, 2.624411
HandRight: -0.08518112, -0.126718, 2.599014
HipLeft: -0.3427591, 0.08137865, 2.602294
KneeLeft: -0.3202581, -0.4339454, 2.534111
AnkleLeft: -0.337072, -0.7344839, 2.437742
FootLeft: -0.3028505, -0.7897221, 2.328698
HipRight: -0.2063645, 0.06279685, 2.656972
KneeRight: -0.2612903, -0.4050722, 2.551329
AnkleRight: -0.2356057, -0.7076051, 2.498436
FootRight: -0.287726, -0.7560491, 2.392773
