=========
HipCenter: -0.300294, 0.1662409, 2.648685
Spine: -0.3249398, 0.2135502, 2.717278
ShoulderCenter: -0.361751, 0.5754915, 2.800388
Head: -0.3187025, 0.8015893, 2.807329
ShoulderLeft: -0.4862712, 0.4241296, 2.698775
ElbowLeft: -0.5309058, 0.1872696, 2.630294
WristLeft: -0.5186839, -0.006244806, 2.517293
HandLeft: -0.512118, -0.08597027, 2.480893
ShoulderRight: -0.1537789, 0.4888013, 2.83166
ElbowRight: 0.07251391, 0.5345275, 2.834163
WristRight: 0.2810318, 0.5583844, 2.850041
HandRight: 0.3786263, 0.5403507, 2.849899
HipLeft: -0.3638931, 0.07703009, 2.589991
KneeLeft: -0.3265047, -0.4302729, 2.531607
AnkleLeft: -0.3424043, -0.7322006, 2.435824
FootLeft: -0.3004567, -0.7877872, 2.333718
HipRight: -0.2142716, 0.1061323, 2.646834
KneeRight: -0.3228533, -0.4720224, 2.531975
AnkleRight: -0.315591, -0.7342593, 2.435607
FootRight: -0.3220826, -0.7861839, 2.323923
=========
HipCenter: -0.3002344, 0.1663776, 2.648597
Spine: -0.3248888, 0.2136832, 2.717165
ShoulderCenter: -0.3615788, 0.5755529, 2.800145
Head: -0.3246976, 0.7711068, 2.812774
ShoulderLeft: -0.4865198, 0.4251947, 2.699006
ElbowLeft: -0.5296637, 0.1866371, 2.63007
WristLeft: -0.5116813, -0.02357478, 2.510494
HandLeft: -0.5129196, -0.09438373, 2.476525
ShoulderRight: -0.1535756, 0.4890205, 2.83176
ElbowRight: 0.08957707, 0.5401482, 2.835487
WristRight: 0.2969786, 0.5598036, 2.850414
HandRight: 0.3787445, 0.5428689, 2.848979
HipLeft: -0.3638946, 0.07726815, 2.590041
KneeLeft: -0.3264594, -0.4302268, 2.531536
AnkleLeft: -0.3424202, -0.7322937, 2.435727
FootLeft: -0.3011014, -0.7877918, 2.333864
HipRight: -0.2141975, 0.1061756, 2.646692
KneeRight: -0.3239707, -0.3493993, 2.537178
AnkleRight: -0.2794375, -0.6938996, 2.466516
FootRight: -0.3075307, -0.7598685, 2.360035
=========
HipCenter: -0.3002284, 0.1663936, 2.648586
Spine: -0.3248816, 0.2137025, 2.71715
ShoulderCenter: -0.3615367, 0.5755771, 2.800124
Head: -0.3271151, 0.758806, 2.81512
ShoulderLeft: -0.4865609, 0.4253682, 2.699049
ElbowLeft: -0.5294866, 0.1866339, 2.630053
WristLeft: -0.5104961, -0.02642761, 2.509327
HandLeft: -0.5130385, -0.09564129, 2.475871
ShoulderRight: -0.1535433, 0.4890542, 2.831778
ElbowRight: 0.09521904, 0.5417975, 2.835919
WristRight: 0.3028889, 0.5602894, 2.85059
HandRight: 0.3873455, 0.5437438, 2.853794
HipLeft: -0.3639056, 0.0772982, 2.590056
KneeLeft: -0.326451, -0.4302194, 2.531528
AnkleLeft: -0.3424226, -0.7323083, 2.435713
FootLeft: -0.3012853, -0.7877866, 2.333873
HipRight: -0.2141951, 0.1061685, 2.646665
KneeRight: -0.3239447, -0.3026788, 2.539644
AnkleRight: -0.2779554, -0.6842349, 2.469529
FootRight: -0.307016, -0.7571756, 2.36355
=========
HipCenter: -0.3002451, 0.1663654, 2.648583
Spine: -0.3248833, 0.2137062, 2.717144
ShoulderCenter: -0.3614856, 0.5756184, 2.800135
Head: -0.3283885, 0.7521793, 2.816489
ShoulderLeft: -0.4865959, 0.4255028, 2.69909
ElbowLeft: -0.5293579, 0.1867815, 2.630081
WristLeft: -0.5096831, -0.02823199, 2.508533
HandLeft: -0.5131084, -0.09656247, 2.475405
ShoulderRight: -0.153502, 0.4890821, 2.831829
ElbowRight: 0.09923742, 0.5429409, 2.836267
WristRight: 0.3074163, 0.5606586, 2.850778
HandRight: 0.3951607, 0.5447102, 2.857168
HipLeft: -0.3639837, 0.07724883, 2.590101
KneeLeft: -0.3264433, -0.430213, 2.531526
AnkleLeft: -0.3424163, -0.7323302, 2.435699
FootLeft: -0.3014577, -0.7877826, 2.333874
HipRight: -0.2142292, 0.1060893, 2.646626
KneeRight: -0.3240855, -0.2772734, 2.540903
AnkleRight: -0.2599993, -0.6788969, 2.488037
FootRight: -0.3029245, -0.7521783, 2.374773
=========
HipCenter: -0.300258, 0.1663364, 2.648587
Spine: -0.3248819, 0.2137057, 2.717145
ShoulderCenter: -0.3614012, 0.5756581, 2.800174
Head: -0.3291199, 0.7484255, 2.817217
ShoulderLeft: -0.4866383, 0.4256061, 2.699135
ElbowLeft: -0.5292704, 0.1869697, 2.63012
WristLeft: -0.5091554, -0.0289552, 2.508035
HandLeft: -0.5130988, -0.09731194, 2.475001
ShoulderRight: -0.1534571, 0.4890997, 2.831869
ElbowRight: 0.1018086, 0.5436726, 2.836535
WristRight: 0.3104016, 0.5610696, 2.850878
HandRight: 0.4008684, 0.5451484, 2.860461
HipLeft: -0.3640661, 0.07718974, 2.590167
KneeLeft: -0.3264361, -0.4302083, 2.531527
AnkleLeft: -0.3424093, -0.7323512, 2.435687
FootLeft: -0.3016154, -0.7877778, 2.333871
HipRight: -0.2142498, 0.1060129, 2.646587
KneeRight: -0.3241841, -0.2658897, 2.541469
AnkleRight: -0.2518379, -0.6773511, 2.49638
FootRight: -0.3005175, -0.749474, 2.381269
=========
HipCenter: -0.3001419, 0.1662997, 2.648667
Spine: -0.3248345, 0.2136993, 2.717185
ShoulderCenter: -0.3613652, 0.5756876, 2.8002
Head: -0.3292482, 0.7468678, 2.817853
ShoulderLeft: -0.4866772, 0.4256862, 2.699173
ElbowLeft: -0.529288, 0.1877278, 2.630488
WristLeft: -0.5098308, -0.02108154, 2.510774
HandLeft: -0.5129516, -0.09731819, 2.474891
ShoulderRight: -0.1534119, 0.4891102, 2.831916
ElbowRight: 0.1037539, 0.5442106, 2.836724
WristRight: 0.3128691, 0.5613081, 2.850542
HandRight: 0.3994009, 0.5447807, 2.859555
HipLeft: -0.3637854, 0.07716737, 2.590508
KneeLeft: -0.3264179, -0.4302061, 2.531535
AnkleLeft: -0.3424015, -0.7323762, 2.435676
FootLeft: -0.3017702, -0.7877763, 2.333799
HipRight: -0.2139241, 0.1059197, 2.646641
KneeRight: -0.3242649, -0.2661848, 2.541348
AnkleRight: -0.2774393, -0.6871209, 2.474087
FootRight: -0.3122251, -0.7638376, 2.358711
=========
HipCenter: -0.3000229, 0.1662716, 2.64875
Spine: -0.3247844, 0.2136942, 2.71723
ShoulderCenter: -0.3613589, 0.5757215, 2.800232
Head: -0.3286129, 0.7485881, 2.818113
ShoulderLeft: -0.4867302, 0.4257587, 2.699222
ElbowLeft: -0.5293531, 0.1884992, 2.630892
WristLeft: -0.5107141, -0.01422299, 2.513339
HandLeft: -0.5128236, -0.09730053, 2.474799
ShoulderRight: -0.1533709, 0.4891202, 2.831958
ElbowRight: 0.1050554, 0.5445741, 2.836919
WristRight: 0.3144592, 0.5615796, 2.8503
HandRight: 0.3936939, 0.5445153, 2.857448
HipLeft: -0.363535, 0.07715947, 2.590772
KneeLeft: -0.326395, -0.4301969, 2.531542
AnkleLeft: -0.3423592, -0.7324057, 2.435678
FootLeft: -0.3019135, -0.7877738, 2.333721
HipRight: -0.2135814, 0.1058355, 2.646711
KneeRight: -0.3243187, -0.2698949, 2.541171
AnkleRight: -0.2944588, -0.6963857, 2.458499
FootRight: -0.3190406, -0.7730088, 2.344409
=========
HipCenter: -0.2999114, 0.1662563, 2.648842
Spine: -0.3247339, 0.2136952, 2.71729
ShoulderCenter: -0.3613751, 0.5757765, 2.800303
Head: -0.3273517, 0.7530291, 2.818285
ShoulderLeft: -0.4867802, 0.4258148, 2.69927
ElbowLeft: -0.5293712, 0.1891641, 2.631224
WristLeft: -0.5109025, -0.01146894, 2.51442
HandLeft: -0.5127466, -0.09743149, 2.474684
ShoulderRight: -0.153322, 0.4891283, 2.832002
ElbowRight: 0.1060417, 0.5448487, 2.837078
WristRight: 0.3156286, 0.5617704, 2.850333
HandRight: 0.38952, 0.5502371, 2.854267
HipLeft: -0.3633194, 0.07715968, 2.591005
KneeLeft: -0.3263595, -0.43018, 2.531554
AnkleLeft: -0.3423098, -0.7324364, 2.43568
FootLeft: -0.302044, -0.7877728, 2.333638
HipRight: -0.2132661, 0.1057742, 2.646797
KneeRight: -0.3243409, -0.2800564, 2.540681
AnkleRight: -0.3056132, -0.7026665, 2.448004
FootRight: -0.3233795, -0.7798662, 2.333687
=========
HipCenter: -0.2998016, 0.1662428, 2.648934
Spine: -0.3246813, 0.2136953, 2.717354
ShoulderCenter: -0.3613953, 0.5758181, 2.800369
Head: -0.3259228, 0.7582172, 2.818263
ShoulderLeft: -0.4868603, 0.4259223, 2.699378
ElbowLeft: -0.5293819, 0.1897389, 2.631594
WristLeft: -0.5111987, -0.008485539, 2.515651
HandLeft: -0.5126767, -0.09756206, 2.474602
ShoulderRight: -0.1532615, 0.4891308, 2.832059
ElbowRight: 0.1071705, 0.5451158, 2.837365
WristRight: 0.3170699, 0.5620257, 2.850553
HandRight: 0.3882304, 0.5548186, 2.852293
HipLeft: -0.3631213, 0.07716575, 2.591223
KneeLeft: -0.3263214, -0.4301609, 2.531568
AnkleLeft: -0.3422634, -0.7324705, 2.435688
FootLeft: -0.3021585, -0.7877746, 2.333558
HipRight: -0.2129672, 0.1057153, 2.646882
KneeRight: -0.3385604, -0.2925664, 2.536664
AnkleRight: -0.3115805, -0.7063482, 2.442589
FootRight: -0.3258612, -0.7838122, 2.327342
=========
HipCenter: -0.2990306, 0.1661859, 2.649312
Spine: -0.3242999, 0.2136693, 2.717567
ShoulderCenter: -0.3614143, 0.5758423, 2.800406
Head: -0.324208, 0.7630292, 2.818111
ShoulderLeft: -0.4869403, 0.4260662, 2.699511
ElbowLeft: -0.5293917, 0.1901566, 2.631922
WristLeft: -0.5113164, -0.006587733, 2.516461
HandLeft: -0.5125413, -0.09772183, 2.474557
ShoulderRight: -0.1532007, 0.4891383, 2.832115
ElbowRight: 0.1099071, 0.5455585, 2.838077
WristRight: 0.3205387, 0.562869, 2.851275
HandRight: 0.3868398, 0.557426, 2.850868
HipLeft: -0.3616963, 0.07736576, 2.59239
KneeLeft: -0.3262807, -0.4301397, 2.531583
AnkleLeft: -0.3422201, -0.7325059, 2.435694
FootLeft: -0.302248, -0.7877935, 2.33345
HipRight: -0.2113006, 0.1054556, 2.647178
KneeRight: -0.3409864, -0.2980528, 2.535931
AnkleRight: -0.3153731, -0.7092502, 2.438973
FootRight: -0.3274777, -0.7866815, 2.322734
=========
HipCenter: -0.2982121, 0.1661161, 2.649703
Spine: -0.3238201, 0.213627, 2.717822
ShoulderCenter: -0.3614232, 0.5758606, 2.800439
Head: -0.3227935, 0.7672487, 2.81794
ShoulderLeft: -0.4870116, 0.4262037, 2.699646
ElbowLeft: -0.5294108, 0.1905195, 2.632261
WristLeft: -0.5114768, -0.005218337, 2.517079
HandLeft: -0.5124193, -0.09787491, 2.474601
ShoulderRight: -0.1531495, 0.4891447, 2.832159
ElbowRight: 0.1122562, 0.5459338, 2.838672
WristRight: 0.3239094, 0.5643033, 2.850874
HandRight: 0.3840052, 0.5620156, 2.849395
HipLeft: -0.3603604, 0.07759126, 2.593497
KneeLeft: -0.3262322, -0.4301138, 2.531602
AnkleLeft: -0.34217, -0.7325421, 2.435702
FootLeft: -0.3023109, -0.7878225, 2.33334
HipRight: -0.2097271, 0.1051502, 2.647432
KneeRight: -0.3419128, -0.3017843, 2.535534
AnkleRight: -0.3178729, -0.711003, 2.436595
FootRight: -0.3285092, -0.7884875, 2.319836
=========
HipCenter: -0.2974342, 0.1660455, 2.650062
Spine: -0.3233382, 0.2135806, 2.718068
ShoulderCenter: -0.3614384, 0.5758749, 2.800466
Head: -0.3216746, 0.7707478, 2.817902
ShoulderLeft: -0.4870764, 0.4263291, 2.699779
ElbowLeft: -0.5294232, 0.190841, 2.632577
WristLeft: -0.5115598, -0.00355976, 2.517596
HandLeft: -0.5122767, -0.09797957, 2.474621
ShoulderRight: -0.1531017, 0.4891501, 2.832198
ElbowRight: 0.1141333, 0.54624, 2.839164
WristRight: 0.3267734, 0.5658566, 2.850341
HandRight: 0.3847702, 0.5651254, 2.846168
HipLeft: -0.3592137, 0.07779595, 2.594447
KneeLeft: -0.3261678, -0.4300928, 2.531625
AnkleLeft: -0.342138, -0.7325762, 2.435709
FootLeft: -0.3023599, -0.787858, 2.333223
HipRight: -0.2082852, 0.104847, 2.647621
KneeRight: -0.3422812, -0.3041101, 2.535292
AnkleRight: -0.3195268, -0.712712, 2.434871
FootRight: -0.3292526, -0.7897278, 2.317862
=========
HipCenter: -0.2967358, 0.1659787, 2.650376
Spine: -0.322874, 0.2135357, 2.718295
ShoulderCenter: -0.3614465, 0.5758833, 2.800479
Head: -0.3212081, 0.7721493, 2.81794
ShoulderLeft: -0.4871236, 0.4265025, 2.699965
ElbowLeft: -0.529421, 0.191018, 2.632807
WristLeft: -0.5116276, -0.002331852, 2.517967
HandLeft: -0.5121455, -0.09809083, 2.474603
ShoulderRight: -0.1530589, 0.4891539, 2.832232
ElbowRight: 0.09612466, 0.5436641, 2.840191
WristRight: 0.3206216, 0.5668597, 2.849311
HandRight: 0.3844284, 0.5674194, 2.844341
HipLeft: -0.3582659, 0.07798167, 2.595239
KneeLeft: -0.3261016, -0.4300711, 2.531645
AnkleLeft: -0.3421142, -0.7326072, 2.435713
FootLeft: -0.3024027, -0.7878966, 2.333113
HipRight: -0.207087, 0.1045755, 2.647767
KneeRight: -0.341301, -0.3062646, 2.535332
AnkleRight: -0.3205034, -0.7141398, 2.433734
FootRight: -0.3297768, -0.790618, 2.316445
=========
HipCenter: -0.2961067, 0.1659243, 2.650651
Spine: -0.3224264, 0.2134998, 2.718507
ShoulderCenter: -0.3614549, 0.5758907, 2.800488
Head: -0.3209036, 0.7732289, 2.817971
ShoulderLeft: -0.4871691, 0.4266449, 2.700135
ElbowLeft: -0.5293821, 0.1911616, 2.633079
WristLeft: -0.5115722, -0.001541495, 2.518268
HandLeft: -0.5120292, -0.09817645, 2.474609
ShoulderRight: -0.1530198, 0.4891582, 2.832265
ElbowRight: 0.08235799, 0.541603, 2.840729
WristRight: 0.3140666, 0.5673916, 2.849374
HandRight: 0.3844618, 0.5693071, 2.843188
HipLeft: -0.3574677, 0.07817523, 2.595936
KneeLeft: -0.3260359, -0.430051, 2.531662
AnkleLeft: -0.342099, -0.7326543, 2.435711
FootLeft: -0.3024437, -0.7879473, 2.332978
HipRight: -0.2060723, 0.1043407, 2.647859
KneeRight: -0.3398209, -0.3077734, 2.535522
AnkleRight: -0.3211768, -0.7151405, 2.432942
FootRight: -0.3300529, -0.7911811, 2.315535
=========
HipCenter: -0.2955697, 0.1658769, 2.650879
Spine: -0.322023, 0.2134665, 2.718692
ShoulderCenter: -0.3614841, 0.5759048, 2.800495
Head: -0.3206962, 0.7740787, 2.817999
ShoulderLeft: -0.4872125, 0.426774, 2.700302
ElbowLeft: -0.52935, 0.1914508, 2.633527
WristLeft: -0.5114794, -0.0008758762, 2.518532
HandLeft: -0.5117942, -0.09831809, 2.474594
ShoulderRight: -0.1529932, 0.4891602, 2.832287
ElbowRight: 0.0870683, 0.5427486, 2.841444
WristRight: 0.3151796, 0.5685271, 2.850631
HandRight: 0.4078058, 0.5739381, 2.845233
HipLeft: -0.3568336, 0.07833868, 2.59649
KneeLeft: -0.3260017, -0.4304347, 2.531654
AnkleLeft: -0.3421897, -0.7329048, 2.435649
FootLeft: -0.3026365, -0.7879384, 2.332861
HipRight: -0.2052524, 0.1041433, 2.647914
KneeRight: -0.3374586, -0.3087437, 2.535936
AnkleRight: -0.3204378, -0.716346, 2.433015
FootRight: -0.3301118, -0.791447, 2.315079
=========
HipCenter: -0.295109, 0.1658335, 2.651069
Spine: -0.3216563, 0.2134341, 2.718854
ShoulderCenter: -0.3615247, 0.5759113, 2.800489
Head: -0.3206881, 0.7743583, 2.818077
ShoulderLeft: -0.4872501, 0.4268787, 2.700458
ElbowLeft: -0.5292485, 0.1915768, 2.633771
WristLeft: -0.5113565, -0.0001213651, 2.518878
HandLeft: -0.5114949, -0.09831109, 2.474674
ShoulderRight: -0.1529746, 0.4891628, 2.832302
ElbowRight: 0.07787923, 0.5422786, 2.841192
WristRight: 0.3082175, 0.5687423, 2.851161
HandRight: 0.410825, 0.5751762, 2.845065
HipLeft: -0.3563238, 0.07848196, 2.596945
KneeLeft: -0.3259629, -0.4307837, 2.531654
AnkleLeft: -0.3423581, -0.7333475, 2.435548
FootLeft: -0.3028071, -0.7879297, 2.332777
HipRight: -0.2045807, 0.1039656, 2.647938
KneeRight: -0.3353213, -0.3093227, 2.536345
AnkleRight: -0.3196065, -0.7173726, 2.433327
FootRight: -0.3298142, -0.7913254, 2.315318
=========
HipCenter: -0.2947274, 0.1658173, 2.651217
Spine: -0.3213404, 0.2134186, 2.718987
ShoulderCenter: -0.3616059, 0.57592, 2.800474
Head: -0.3210638, 0.7735833, 2.818357
ShoulderLeft: -0.4872883, 0.4270561, 2.70068
ElbowLeft: -0.5291095, 0.1917131, 2.633994
WristLeft: -0.5112324, 0.0006805069, 2.519243
HandLeft: -0.5111579, -0.09817006, 2.474855
ShoulderRight: -0.1529591, 0.4891652, 2.832315
ElbowRight: 0.07140507, 0.5418732, 2.840936
WristRight: 0.3026628, 0.5688985, 2.851376
HandRight: 0.4123244, 0.5759598, 2.844817
HipLeft: -0.3559196, 0.07869549, 2.597311
KneeLeft: -0.3258831, -0.4313404, 2.531665
AnkleLeft: -0.3425168, -0.7337719, 2.435454
FootLeft: -0.3029874, -0.7879361, 2.332655
HipRight: -0.2040426, 0.1038248, 2.647939
KneeRight: -0.3336465, -0.3094949, 2.536519
AnkleRight: -0.3194988, -0.7179143, 2.433217
FootRight: -0.3295053, -0.7910967, 2.315712
=========
HipCenter: -0.2944013, 0.1658083, 2.651336
Spine: -0.321059, 0.2134065, 2.719098
ShoulderCenter: -0.3616947, 0.575921, 2.800455
Head: -0.3215006, 0.7728711, 2.818376
ShoulderLeft: -0.4873083, 0.4272648, 2.700927
ElbowLeft: -0.5289746, 0.1918276, 2.634187
WristLeft: -0.5111378, 0.001100571, 2.519429
HandLeft: -0.510803, -0.09815408, 2.474967
ShoulderRight: -0.1529467, 0.4891672, 2.832324
ElbowRight: 0.08161895, 0.5439472, 2.841225
WristRight: 0.3045125, 0.5694242, 2.852005
HandRight: 0.419161, 0.5770398, 2.845126
HipLeft: -0.3555925, 0.07890253, 2.597608
KneeLeft: -0.3258044, -0.431711, 2.531681
AnkleLeft: -0.3426296, -0.7340754, 2.435379
FootLeft: -0.3030939, -0.7879441, 2.332571
HipRight: -0.203602, 0.1037106, 2.647923
KneeRight: -0.3327053, -0.3093561, 2.536428
AnkleRight: -0.3195032, -0.7182234, 2.433056
FootRight: -0.3291612, -0.7908235, 2.316124
=========
HipCenter: -0.294116, 0.1658004, 2.651433
Spine: -0.3208061, 0.2133946, 2.719193
ShoulderCenter: -0.3618139, 0.5759151, 2.800424
Head: -0.3217438, 0.7723134, 2.818433
ShoulderLeft: -0.4872759, 0.427584, 2.701271
ElbowLeft: -0.5288238, 0.1919477, 2.634405
WristLeft: -0.5110294, 0.001764095, 2.519753
HandLeft: -0.5103688, -0.09781626, 2.475224
ShoulderRight: -0.1529355, 0.4891702, 2.832332
ElbowRight: 0.07723267, 0.5425658, 2.840423
WristRight: 0.3012567, 0.5694155, 2.851468
HandRight: 0.4183393, 0.5772536, 2.844422
HipLeft: -0.355312, 0.07910401, 2.597868
KneeLeft: -0.3257382, -0.4320113, 2.531694
AnkleLeft: -0.3427306, -0.7343401, 2.435315
FootLeft: -0.3031887, -0.7879755, 2.332393
HipRight: -0.2032338, 0.1036122, 2.647891
KneeRight: -0.3319246, -0.3090837, 2.536301
AnkleRight: -0.319502, -0.7184317, 2.432925
FootRight: -0.3287192, -0.7904746, 2.316703
=========
HipCenter: -0.2939729, 0.1657911, 2.65149
Spine: -0.3206718, 0.2133851, 2.719251
ShoulderCenter: -0.3619656, 0.5759156, 2.800381
Head: -0.3219194, 0.7719501, 2.818512
ShoulderLeft: -0.48724, 0.4278697, 2.701599
ElbowLeft: -0.5285106, 0.1919677, 2.634582
WristLeft: -0.5108784, 0.001970839, 2.519809
HandLeft: -0.5099749, -0.09797657, 2.475249
ShoulderRight: -0.1529232, 0.4891806, 2.832342
ElbowRight: 0.08908139, 0.5440952, 2.83969
WristRight: 0.305364, 0.5699484, 2.852473
HandRight: 0.4231218, 0.5776551, 2.844725
HipLeft: -0.3552053, 0.07928053, 2.598093
KneeLeft: -0.3256897, -0.4321966, 2.531704
AnkleLeft: -0.3428133, -0.734567, 2.435255
FootLeft: -0.3032681, -0.7880054, 2.332228
HipRight: -0.2030943, 0.1034864, 2.647792
KneeRight: -0.3312673, -0.3087141, 2.536137
AnkleRight: -0.319496, -0.718564, 2.432816
FootRight: -0.3278724, -0.7901236, 2.31719
=========
HipCenter: -0.2938621, 0.1657846, 2.651535
Spine: -0.320557, 0.2133765, 2.719305
ShoulderCenter: -0.3621294, 0.5759065, 2.80037
Head: -0.3220283, 0.7716802, 2.818626
ShoulderLeft: -0.4872143, 0.4280853, 2.701885
ElbowLeft: -0.5282652, 0.192022, 2.634738
WristLeft: -0.5099869, -0.0003015668, 2.518738
HandLeft: -0.509579, -0.09825237, 2.475226
ShoulderRight: -0.1529074, 0.4891951, 2.832349
ElbowRight: 0.09159975, 0.5440214, 2.83954
WristRight: 0.3055598, 0.5700269, 2.852543
HandRight: 0.4244555, 0.5772143, 2.8446
HipLeft: -0.3551416, 0.07944427, 2.598285
KneeLeft: -0.3256435, -0.4323154, 2.531713
AnkleLeft: -0.3428689, -0.7347503, 2.435207
FootLeft: -0.3033282, -0.7880314, 2.332088
HipRight: -0.2029909, 0.1033776, 2.647695
KneeRight: -0.3307202, -0.3083018, 2.535956
AnkleRight: -0.3194873, -0.7186471, 2.432723
FootRight: -0.3272919, -0.7898501, 2.31761
=========
HipCenter: -0.2937759, 0.1657797, 2.65157
Spine: -0.3204578, 0.2133692, 2.719349
ShoulderCenter: -0.3622857, 0.5758935, 2.800353
Head: -0.3220249, 0.7709179, 2.819141
ShoulderLeft: -0.4871648, 0.4283338, 2.702216
ElbowLeft: -0.5280039, 0.1920557, 2.634886
WristLeft: -0.5092325, -0.002241029, 2.517808
HandLeft: -0.5092219, -0.0985466, 2.475201
ShoulderRight: -0.1528876, 0.4892059, 2.83235
ElbowRight: 0.09400504, 0.5438764, 2.839353
WristRight: 0.3062145, 0.5696922, 2.852181
HandRight: 0.3980382, 0.5537269, 2.83898
HipLeft: -0.3551064, 0.07960573, 2.598452
KneeLeft: -0.3255984, -0.4324059, 2.531723
AnkleLeft: -0.3429172, -0.7349425, 2.435146
FootLeft: -0.3033813, -0.7880638, 2.33194
HipRight: -0.20292, 0.1032737, 2.647587
KneeRight: -0.3302576, -0.3078912, 2.535775
AnkleRight: -0.3194759, -0.7187029, 2.432647
FootRight: -0.3268097, -0.7896134, 2.31797
=========
HipCenter: -0.2937063, 0.1657758, 2.651597
Spine: -0.3203683, 0.2133626, 2.719388
ShoulderCenter: -0.362473, 0.5759033, 2.800354
Head: -0.3220055, 0.7704225, 2.819538
ShoulderLeft: -0.4870995, 0.4286216, 2.702576
ElbowLeft: -0.5276262, 0.191986, 2.634981
WristLeft: -0.5085781, -0.003985398, 2.516962
HandLeft: -0.5088966, -0.09886009, 2.47518
ShoulderRight: -0.1528695, 0.4892143, 2.832337
ElbowRight: 0.0964321, 0.5436942, 2.839004
WristRight: 0.3073493, 0.5691025, 2.851605
HandRight: 0.3992165, 0.5523497, 2.839738
HipLeft: -0.3550816, 0.07977119, 2.598605
KneeLeft: -0.3255547, -0.4324696, 2.531731
AnkleLeft: -0.3429522, -0.735097, 2.435092
FootLeft: -0.303432, -0.7880884, 2.331826
HipRight: -0.2028699, 0.1031807, 2.647475
KneeRight: -0.3298918, -0.3073799, 2.535541
AnkleRight: -0.3194834, -0.7186901, 2.43255
FootRight: -0.3264073, -0.7893874, 2.318331
=========
HipCenter: -0.2936561, 0.1657725, 2.651617
Spine: -0.3202886, 0.2133573, 2.719424
ShoulderCenter: -0.3625787, 0.5759043, 2.800349
Head: -0.3221042, 0.7696201, 2.820101
ShoulderLeft: -0.4870424, 0.4288512, 2.702932
ElbowLeft: -0.5272095, 0.1918696, 2.635057
WristLeft: -0.5081077, -0.00521743, 2.516345
HandLeft: -0.5085555, -0.09921065, 2.475205
ShoulderRight: -0.1528435, 0.4892205, 2.832303
ElbowRight: 0.09886894, 0.5432284, 2.838495
WristRight: 0.3108146, 0.5628362, 2.848332
HandRight: 0.3961903, 0.5384444, 2.840834
HipLeft: -0.3551045, 0.07994064, 2.59875
KneeLeft: -0.3255132, -0.4325169, 2.53174
AnkleLeft: -0.3429907, -0.7352337, 2.435047
FootLeft: -0.3034866, -0.7881097, 2.33173
HipRight: -0.2028818, 0.1030617, 2.647317
KneeRight: -0.3295931, -0.3068907, 2.535309
AnkleRight: -0.3194917, -0.7186644, 2.43246
FootRight: -0.3260703, -0.789193, 2.318648
=========
HipCenter: -0.2936152, 0.1657693, 2.651632
Spine: -0.3202041, 0.2133506, 2.719459
ShoulderCenter: -0.3626364, 0.5759062, 2.80035
Head: -0.3223338, 0.7685331, 2.820906
ShoulderLeft: -0.4869889, 0.4290437, 2.703264
ElbowLeft: -0.5267868, 0.1917289, 2.635101
WristLeft: -0.5077316, -0.006221783, 2.515843
HandLeft: -0.5082834, -0.09952364, 2.475252
ShoulderRight: -0.1528141, 0.4892251, 2.832255
ElbowRight: 0.1012467, 0.5425259, 2.837954
WristRight: 0.3142335, 0.5571908, 2.845285
HandRight: 0.3952094, 0.5315676, 2.841257
HipLeft: -0.355138, 0.08009482, 2.598881
KneeLeft: -0.3254762, -0.4325456, 2.531747
AnkleLeft: -0.3430229, -0.7353453, 2.435009
FootLeft: -0.3035315, -0.7881339, 2.331645
HipRight: -0.2029042, 0.1029522, 2.647141
KneeRight: -0.329352, -0.3064232, 2.535072
AnkleRight: -0.3195039, -0.7186263, 2.432366
FootRight: -0.325831, -0.78898, 2.319069
=========
HipCenter: -0.2935739, 0.1657557, 2.651646
Spine: -0.320116, 0.2133304, 2.719497
ShoulderCenter: -0.3626968, 0.5759111, 2.800374
Head: -0.3224858, 0.7677596, 2.82143
ShoulderLeft: -0.4868841, 0.4292379, 2.703576
ElbowLeft: -0.5264558, 0.191836, 2.63526
WristLeft: -0.5074782, -0.006809554, 2.515551
HandLeft: -0.5080433, -0.09981982, 2.4753
ShoulderRight: -0.1527746, 0.4892231, 2.832185
ElbowRight: 0.1039405, 0.5410666, 2.837236
WristRight: 0.3174602, 0.5525075, 2.843011
HandRight: 0.3893151, 0.525628, 2.840047
HipLeft: -0.3551606, 0.08021159, 2.598996
KneeLeft: -0.3254393, -0.4325643, 2.531754
AnkleLeft: -0.3429359, -0.7354956, 2.434975
FootLeft: -0.3035767, -0.7881662, 2.331551
HipRight: -0.2029299, 0.102841, 2.646975
KneeRight: -0.3291645, -0.3060127, 2.534851
AnkleRight: -0.3195208, -0.7185926, 2.432277
FootRight: -0.3257086, -0.7888146, 2.319526
=========
HipCenter: -0.2935395, 0.1657405, 2.651657
Spine: -0.3200313, 0.213306, 2.719533
ShoulderCenter: -0.3627912, 0.5759416, 2.800452
Head: -0.3225889, 0.7672508, 2.821854
ShoulderLeft: -0.486757, 0.4294, 2.703867
ElbowLeft: -0.5261369, 0.1920756, 2.635557
WristLeft: -0.5073228, -0.00717289, 2.515373
HandLeft: -0.5078504, -0.1001033, 2.475388
ShoulderRight: -0.1527077, 0.4891894, 2.832057
ElbowRight: 0.109162, 0.537151, 2.835746
WristRight: 0.3220194, 0.5484338, 2.840955
HandRight: 0.3760225, 0.5283358, 2.830177
HipLeft: -0.3551887, 0.08031468, 2.599097
KneeLeft: -0.325397, -0.432567, 2.531762
AnkleLeft: -0.3428257, -0.7356356, 2.434947
FootLeft: -0.3036161, -0.7881968, 2.331466
HipRight: -0.2029637, 0.1027353, 2.646812
KneeRight: -0.3290804, -0.30559, 2.534546
AnkleRight: -0.319611, -0.718528, 2.4321
FootRight: -0.3255517, -0.7886935, 2.319838
=========
HipCenter: -0.2935077, 0.1657225, 2.651666
Spine: -0.3199331, 0.2132756, 2.719571
ShoulderCenter: -0.3628175, 0.5759598, 2.800524
Head: -0.322544, 0.7665309, 2.822421
ShoulderLeft: -0.4864987, 0.4296509, 2.704236
ElbowLeft: -0.5258509, 0.1923513, 2.635899
WristLeft: -0.5072489, -0.007822051, 2.515173
HandLeft: -0.5077084, -0.1003528, 2.4755
ShoulderRight: -0.1524584, 0.4889161, 2.831618
ElbowRight: 0.113214, 0.5333689, 2.834296
WristRight: 0.3266726, 0.5426034, 2.8372
HandRight: 0.4004054, 0.5277666, 2.830341
HipLeft: -0.3552186, 0.08040555, 2.599184
KneeLeft: -0.325355, -0.4325599, 2.531768
AnkleLeft: -0.3427293, -0.7357431, 2.434923
FootLeft: -0.3036506, -0.7882237, 2.331388
HipRight: -0.2030011, 0.1026341, 2.646656
KneeRight: -0.3290714, -0.3051465, 2.534181
AnkleRight: -0.3197622, -0.7184352, 2.431852
FootRight: -0.325423, -0.7885919, 2.320107
=========
HipCenter: -0.2934694, 0.1656847, 2.65167
Spine: -0.3198211, 0.2132269, 2.719608
ShoulderCenter: -0.362823, 0.5759776, 2.8006
Head: -0.3224847, 0.7656459, 2.822984
ShoulderLeft: -0.4859726, 0.4299473, 2.704659
ElbowLeft: -0.5255642, 0.192596, 2.636205
WristLeft: -0.5064165, -0.0122493, 2.514244
HandLeft: -0.5075997, -0.1006913, 2.475617
ShoulderRight: -0.1521353, 0.4885398, 2.831037
ElbowRight: 0.1168595, 0.5290455, 2.832539
WristRight: 0.3309399, 0.5352262, 2.834201
HandRight: 0.4036099, 0.5344105, 2.822213
HipLeft: -0.3552455, 0.0804796, 2.599259
KneeLeft: -0.3253037, -0.4325472, 2.531774
AnkleLeft: -0.3425705, -0.7358273, 2.43493
FootLeft: -0.3036814, -0.7882444, 2.331332
HipRight: -0.203044, 0.1025241, 2.646504
KneeRight: -0.3290629, -0.3047584, 2.533851
AnkleRight: -0.3198941, -0.7183588, 2.431621
FootRight: -0.3253415, -0.7885086, 2.320347
=========
HipCenter: -0.2934352, 0.1656378, 2.651668
Spine: -0.3197053, 0.2131702, 2.719643
ShoulderCenter: -0.3627535, 0.5760179, 2.800767
Head: -0.3224421, 0.7646686, 2.823497
ShoulderLeft: -0.485378, 0.4302718, 2.705156
ElbowLeft: -0.5253019, 0.1927991, 2.636493
WristLeft: -0.5062701, -0.01343951, 2.514177
HandLeft: -0.507521, -0.1009032, 2.475744
ShoulderRight: -0.1516246, 0.4875348, 2.830046
ElbowRight: 0.1202721, 0.5197277, 2.828835
WristRight: 0.3357624, 0.5114364, 2.824015
HandRight: 0.4075559, 0.5166499, 2.819217
HipLeft: -0.3552833, 0.08055287, 2.599315
KneeLeft: -0.3252487, -0.4325299, 2.53178
AnkleLeft: -0.342431, -0.7358993, 2.434934
FootLeft: -0.3037092, -0.7882625, 2.331284
HipRight: -0.2031267, 0.1023638, 2.64631
KneeRight: -0.3290781, -0.3043622, 2.533517
AnkleRight: -0.3200356, -0.7182645, 2.431379
FootRight: -0.3252998, -0.7884466, 2.320477
=========
HipCenter: -0.2936601, 0.1654081, 2.651538
Spine: -0.3196824, 0.2130817, 2.71964
ShoulderCenter: -0.362659, 0.5760593, 2.800933
Head: -0.3223919, 0.76355, 2.824026
ShoulderLeft: -0.4847204, 0.4305977, 2.705645
ElbowLeft: -0.524887, 0.1927252, 2.636823
WristLeft: -0.5062069, -0.01419716, 2.514215
HandLeft: -0.5074657, -0.1010919, 2.47587
ShoulderRight: -0.1510751, 0.486148, 2.828926
ElbowRight: 0.1222619, 0.5111241, 2.825244
WristRight: 0.3377575, 0.4996466, 2.81926
HandRight: 0.4093405, 0.5055096, 2.818078
HipLeft: -0.3557549, 0.08073294, 2.599334
KneeLeft: -0.3251939, -0.4325079, 2.531786
AnkleLeft: -0.3422801, -0.7359684, 2.43495
FootLeft: -0.3037326, -0.7882825, 2.331239
HipRight: -0.2048149, 0.1013247, 2.645308
KneeRight: -0.3290676, -0.3040333, 2.533213
AnkleRight: -0.320142, -0.7181987, 2.431153
FootRight: -0.3252053, -0.7883734, 2.320644
=========
HipCenter: -0.293874, 0.1651669, 2.651397
Spine: -0.3196551, 0.2129848, 2.71963
ShoulderCenter: -0.3623268, 0.5761311, 2.801195
Head: -0.322129, 0.7623298, 2.824497
ShoulderLeft: -0.4841058, 0.4309135, 2.706215
ElbowLeft: -0.5245062, 0.1925786, 2.637196
WristLeft: -0.5061882, -0.01474852, 2.514303
HandLeft: -0.5074516, -0.1012603, 2.476018
ShoulderRight: -0.1506251, 0.4848065, 2.827925
ElbowRight: 0.1221355, 0.4994723, 2.820854
WristRight: 0.3366201, 0.4780814, 2.813158
HandRight: 0.407274, 0.4757229, 2.815351
HipLeft: -0.3562149, 0.08089481, 2.59935
KneeLeft: -0.3251411, -0.4324842, 2.531791
AnkleLeft: -0.3421482, -0.7360293, 2.434961
FootLeft: -0.3037533, -0.7883008, 2.331202
HipRight: -0.2061703, 0.1004767, 2.644411
KneeRight: -0.3290756, -0.3036924, 2.532891
AnkleRight: -0.3202601, -0.7181166, 2.430901
FootRight: -0.3251873, -0.7883257, 2.320739
=========
HipCenter: -0.2940685, 0.1648987, 2.651232
Spine: -0.3196264, 0.2128618, 2.719603
ShoulderCenter: -0.3620777, 0.5762311, 2.801439
Head: -0.3205492, 0.760272, 2.82584
ShoulderLeft: -0.4833914, 0.4312336, 2.706837
ElbowLeft: -0.5242084, 0.1930355, 2.638566
WristLeft: -0.5059609, -0.01655279, 2.514318
HandLeft: -0.5074466, -0.10144, 2.476271
ShoulderRight: -0.1502296, 0.4834917, 2.827046
ElbowRight: 0.1263087, 0.4758368, 2.81123
WristRight: 0.3405446, 0.4578079, 2.799821
HandRight: 0.411473, 0.4542359, 2.802339
HipLeft: -0.3566258, 0.08102524, 2.599354
KneeLeft: -0.3250794, -0.4324528, 2.531799
AnkleLeft: -0.3420384, -0.736083, 2.434978
FootLeft: -0.3037734, -0.7883163, 2.331171
HipRight: -0.2071652, 0.09978356, 2.643627
KneeRight: -0.3290673, -0.3033898, 2.532603
AnkleRight: -0.3203526, -0.7180527, 2.430673
FootRight: -0.3252456, -0.7882736, 2.320798
=========
HipCenter: -0.2944005, 0.1633402, 2.650562
Spine: -0.3196212, 0.2119619, 2.719378
ShoulderCenter: -0.3613403, 0.5765721, 2.802168
Head: -0.3173032, 0.7578976, 2.827036
ShoulderLeft: -0.4817981, 0.4324717, 2.70807
ElbowLeft: -0.5236177, 0.1924135, 2.638663
WristLeft: -0.5059432, -0.01703781, 2.514319
HandLeft: -0.5076708, -0.1010337, 2.476571
ShoulderRight: -0.1511461, 0.4757404, 2.822875
ElbowRight: 0.08872715, 0.4085331, 2.791311
WristRight: 0.2897602, 0.3317453, 2.752809
HandRight: 0.3767273, 0.2988799, 2.747034
HipLeft: -0.3568959, 0.08096489, 2.599209
KneeLeft: -0.3250042, -0.4323954, 2.531835
AnkleLeft: -0.3419562, -0.7361339, 2.434988
FootLeft: -0.3037726, -0.7883595, 2.33113
HipRight: -0.2084474, 0.09813839, 2.642711
KneeRight: -0.3290792, -0.3031495, 2.53231
AnkleRight: -0.3204732, -0.7180705, 2.430383
FootRight: -0.3252448, -0.7882207, 2.320904
=========
HipCenter: -0.2946644, 0.1619612, 2.649962
Spine: -0.3196164, 0.2110946, 2.719155
ShoulderCenter: -0.3606458, 0.5768834, 2.802851
Head: -0.3147202, 0.75609, 2.827935
ShoulderLeft: -0.4804025, 0.433602, 2.709149
ElbowLeft: -0.5233621, 0.1921343, 2.638791
WristLeft: -0.5059655, -0.01737897, 2.514333
HandLeft: -0.5079194, -0.1006044, 2.47687
ShoulderRight: -0.1517237, 0.4702933, 2.820179
ElbowRight: 0.06307283, 0.3645202, 2.778548
WristRight: 0.2707302, 0.2730885, 2.731665
HandRight: 0.3664369, 0.2361365, 2.722998
HipLeft: -0.3571186, 0.08089315, 2.599
KneeLeft: -0.3249297, -0.4323359, 2.531873
AnkleLeft: -0.3418925, -0.7361791, 2.434999
FootLeft: -0.3037681, -0.7884096, 2.331085
HipRight: -0.2094244, 0.09679063, 2.642027
KneeRight: -0.3291267, -0.3028978, 2.531978
AnkleRight: -0.3206314, -0.7180865, 2.43004
FootRight: -0.3252448, -0.7881718, 2.321013
=========
HipCenter: -0.2948708, 0.160748, 2.649431
Spine: -0.3196094, 0.2102731, 2.71894
ShoulderCenter: -0.3600219, 0.5771641, 2.803478
Head: -0.3126461, 0.7547391, 2.82863
ShoulderLeft: -0.4793022, 0.4344127, 2.709944
ElbowLeft: -0.5231391, 0.191847, 2.638836
WristLeft: -0.5060154, -0.01758618, 2.51436
HandLeft: -0.5083636, -0.09968098, 2.47742
ShoulderRight: -0.1522582, 0.4661936, 2.818222
ElbowRight: 0.05335907, 0.3466365, 2.772794
WristRight: 0.2611219, 0.2501349, 2.724249
HandRight: 0.3410313, 0.2125361, 2.711358
HipLeft: -0.3573054, 0.08078706, 2.598715
KneeLeft: -0.3248615, -0.4322814, 2.531915
AnkleLeft: -0.3418476, -0.7362186, 2.435004
FootLeft: -0.3037542, -0.7884655, 2.331043
HipRight: -0.2101723, 0.09567576, 2.64151
KneeRight: -0.3291736, -0.3026859, 2.531675
AnkleRight: -0.3207823, -0.7181229, 2.429709
FootRight: -0.3252639, -0.788142, 2.321079
=========
HipCenter: -0.2950226, 0.1597661, 2.648993
Spine: -0.3195984, 0.2095649, 2.718752
ShoulderCenter: -0.3594687, 0.5774245, 2.804035
Head: -0.3110104, 0.7537655, 2.829204
ShoulderLeft: -0.4784008, 0.4351399, 2.710617
ElbowLeft: -0.5229341, 0.1914878, 2.638775
WristLeft: -0.5060797, -0.01764839, 2.514393
HandLeft: -0.5088762, -0.09840553, 2.477921
ShoulderRight: -0.1527606, 0.4632529, 2.816858
ElbowRight: 0.04755903, 0.3353803, 2.769294
WristRight: 0.2559536, 0.2337089, 2.718406
HandRight: 0.3400665, 0.183405, 2.70171
HipLeft: -0.3574387, 0.08071036, 2.598341
KneeLeft: -0.3247923, -0.4322197, 2.531966
AnkleLeft: -0.3418242, -0.7362458, 2.435003
FootLeft: -0.3037322, -0.7885084, 2.331015
HipRight: -0.2107368, 0.09479371, 2.641162
KneeRight: -0.3292109, -0.3025154, 2.531408
AnkleRight: -0.3209153, -0.7181796, 2.429402
FootRight: -0.3252869, -0.78811, 2.321152
=========
HipCenter: -0.2951853, 0.1589231, 2.648602
Spine: -0.3196259, 0.2089177, 2.718568
ShoulderCenter: -0.3590368, 0.5776396, 2.804507
Head: -0.309937, 0.75308, 2.829603
ShoulderLeft: -0.4776874, 0.4357126, 2.711129
ElbowLeft: -0.522749, 0.1911565, 2.638685
WristLeft: -0.5061536, -0.01761024, 2.514439
HandLeft: -0.509444, -0.09693138, 2.478399
ShoulderRight: -0.1531429, 0.4611821, 2.815946
ElbowRight: 0.04371474, 0.3293891, 2.767241
WristRight: 0.2438612, 0.2260268, 2.715476
HandRight: 0.3305519, 0.1799322, 2.701492
HipLeft: -0.3575673, 0.08063702, 2.597974
KneeLeft: -0.3247256, -0.4321555, 2.53202
AnkleLeft: -0.3418102, -0.7362691, 2.434996
FootLeft: -0.3037033, -0.7885528, 2.330986
HipRight: -0.2112502, 0.09403702, 2.640866
KneeRight: -0.3292518, -0.3023587, 2.531167
AnkleRight: -0.321043, -0.7182321, 2.429121
FootRight: -0.3252874, -0.7880823, 2.321209
=========
HipCenter: -0.2951834, 0.1583105, 2.648351
Spine: -0.3195564, 0.2083865, 2.718447
ShoulderCenter: -0.3586695, 0.5778079, 2.804908
Head: -0.3090126, 0.7525081, 2.82995
ShoulderLeft: -0.4771153, 0.4362099, 2.711553
ElbowLeft: -0.5226361, 0.1909405, 2.638698
WristLeft: -0.5062484, -0.01749074, 2.514484
HandLeft: -0.5100122, -0.09529532, 2.478806
ShoulderRight: -0.1533888, 0.4597173, 2.815355
ElbowRight: 0.03620008, 0.3287196, 2.76872
WristRight: 0.2307203, 0.2242212, 2.715043
HandRight: 0.3183589, 0.1773647, 2.701189
HipLeft: -0.3575374, 0.08060202, 2.597622
KneeLeft: -0.3246659, -0.4320978, 2.532071
AnkleLeft: -0.3418031, -0.7362928, 2.434984
FootLeft: -0.3036803, -0.7885882, 2.330962
HipRight: -0.2114433, 0.09339425, 2.640781
KneeRight: -0.3293008, -0.3022663, 2.53094
AnkleRight: -0.3211884, -0.7183556, 2.428818
FootRight: -0.3252819, -0.7880532, 2.321267
=========
HipCenter: -0.2949984, 0.1576895, 2.648137
Spine: -0.3194189, 0.2078582, 2.718346
ShoulderCenter: -0.3583655, 0.5779983, 2.805334
Head: -0.3083873, 0.7521175, 2.830195
ShoulderLeft: -0.4764147, 0.436765, 2.711843
ElbowLeft: -0.5225438, 0.1908225, 2.638699
WristLeft: -0.5063484, -0.01732904, 2.514527
HandLeft: -0.5105661, -0.09361221, 2.479162
ShoulderRight: -0.1535471, 0.4584825, 2.814995
ElbowRight: 0.03294213, 0.327092, 2.768537
WristRight: 0.2255881, 0.2190491, 2.712607
HandRight: 0.3134566, 0.1644719, 2.695758
HipLeft: -0.3572646, 0.08053672, 2.597204
KneeLeft: -0.3246115, -0.4320505, 2.532116
AnkleLeft: -0.3418027, -0.7363214, 2.434968
FootLeft: -0.3036569, -0.7886225, 2.330939
HipRight: -0.2113798, 0.09273765, 2.640821
KneeRight: -0.3293459, -0.3021907, 2.530739
AnkleRight: -0.321321, -0.7184786, 2.428543
FootRight: -0.3252755, -0.7880251, 2.321322
=========
HipCenter: -0.2949069, 0.1571884, 2.647948
Spine: -0.3193609, 0.2073991, 2.718242
ShoulderCenter: -0.3581384, 0.5781522, 2.805687
Head: -0.3078055, 0.7518039, 2.830404
ShoulderLeft: -0.4758247, 0.4372573, 2.712049
ElbowLeft: -0.5224538, 0.1907119, 2.63868
WristLeft: -0.5064571, -0.01711254, 2.514558
HandLeft: -0.5111462, -0.09176972, 2.479531
ShoulderRight: -0.1536013, 0.4573328, 2.81488
ElbowRight: 0.03110212, 0.3254268, 2.767996
WristRight: 0.220154, 0.2160248, 2.710685
HandRight: 0.3083076, 0.1606584, 2.694078
HipLeft: -0.3571201, 0.08048875, 2.596833
KneeLeft: -0.3245609, -0.4320067, 2.53216
AnkleLeft: -0.3418073, -0.7363504, 2.434951
FootLeft: -0.3036301, -0.7886542, 2.33092
HipRight: -0.2114176, 0.09215052, 2.640839
KneeRight: -0.3293861, -0.3021336, 2.530565
AnkleRight: -0.3214413, -0.7186062, 2.428294
FootRight: -0.3252946, -0.787986, 2.321429
=========
HipCenter: -0.2948134, 0.1567925, 2.647797
Spine: -0.3193169, 0.2070193, 2.718151
ShoulderCenter: -0.3579569, 0.5782831, 2.805988
Head: -0.3073286, 0.7515644, 2.830561
ShoulderLeft: -0.4753633, 0.4376356, 2.712181
ElbowLeft: -0.5223625, 0.190542, 2.63862
WristLeft: -0.5065618, -0.01683762, 2.514581
HandLeft: -0.5116629, -0.0899507, 2.479822
ShoulderRight: -0.1536005, 0.4562458, 2.815002
ElbowRight: 0.02925425, 0.3241609, 2.767676
WristRight: 0.2140417, 0.2141652, 2.709012
HandRight: 0.3012277, 0.1577067, 2.693608
HipLeft: -0.3569576, 0.08046465, 2.59645
KneeLeft: -0.3245383, -0.4319989, 2.532186
AnkleLeft: -0.3418306, -0.7364759, 2.434898
FootLeft: -0.3036008, -0.7886868, 2.330904
HipRight: -0.2114104, 0.09165225, 2.640887
KneeRight: -0.3294207, -0.3020895, 2.53041
AnkleRight: -0.3215474, -0.7187327, 2.428069
FootRight: -0.3253213, -0.7879468, 2.321532
=========
HipCenter: -0.2946666, 0.1564528, 2.647678
Spine: -0.319244, 0.2066862, 2.718084
ShoulderCenter: -0.357817, 0.5784048, 2.806293
Head: -0.3068778, 0.7513595, 2.830709
ShoulderLeft: -0.4750062, 0.4379008, 2.712259
ElbowLeft: -0.5222814, 0.190377, 2.638547
WristLeft: -0.5066906, -0.01649767, 2.514616
HandLeft: -0.5120986, -0.08835987, 2.480069
ShoulderRight: -0.1535743, 0.4551622, 2.815123
ElbowRight: 0.02794326, 0.3221593, 2.766556
WristRight: 0.2044467, 0.1908711, 2.697632
HandRight: 0.2897782, 0.1310385, 2.687891
HipLeft: -0.3566966, 0.08044756, 2.596042
KneeLeft: -0.3245222, -0.4319924, 2.532205
AnkleLeft: -0.3418541, -0.7365925, 2.43485
FootLeft: -0.3035728, -0.7887172, 2.330887
HipRight: -0.211254, 0.09117069, 2.641014
KneeRight: -0.329453, -0.3020552, 2.53027
AnkleRight: -0.3216448, -0.718857, 2.427862
FootRight: -0.3253337, -0.7879117, 2.321611
=========
HipCenter: -0.2945843, 0.1561196, 2.647541
Spine: -0.319205, 0.2063444, 2.718
ShoulderCenter: -0.3576784, 0.5784965, 2.806572
Head: -0.3061957, 0.7510581, 2.83084
ShoulderLeft: -0.4747425, 0.4380628, 2.712294
ElbowLeft: -0.5221597, 0.1900828, 2.638299
WristLeft: -0.5068109, -0.01606794, 2.514647
HandLeft: -0.5124462, -0.08691986, 2.480312
ShoulderRight: -0.1535472, 0.4542727, 2.815277
ElbowRight: 0.02663918, 0.3201637, 2.765133
WristRight: 0.2022465, 0.1705713, 2.688734
HandRight: 0.2859488, 0.1079302, 2.680315
HipLeft: -0.3565747, 0.08040841, 2.595708
KneeLeft: -0.3245109, -0.4319923, 2.532224
AnkleLeft: -0.3418736, -0.7367188, 2.434803
FootLeft: -0.3035487, -0.788744, 2.330882
HipRight: -0.2112636, 0.0906817, 2.641005
KneeRight: -0.3294772, -0.3020523, 2.530148
AnkleRight: -0.3217307, -0.7190257, 2.427666
FootRight: -0.3253459, -0.7878783, 2.32169
=========
HipCenter: -0.2945126, 0.1558373, 2.647428
Spine: -0.3191808, 0.2060391, 2.717928
ShoulderCenter: -0.3575669, 0.5786039, 2.806905
Head: -0.305447, 0.7508469, 2.830929
ShoulderLeft: -0.4745272, 0.4381818, 2.712305
ElbowLeft: -0.5220423, 0.1897947, 2.638048
WristLeft: -0.5069355, -0.01564599, 2.514678
HandLeft: -0.512714, -0.08569468, 2.480511
ShoulderRight: -0.1535285, 0.4534491, 2.815532
ElbowRight: 0.02415426, 0.3169122, 2.762593
WristRight: 0.1957109, 0.1491682, 2.679416
HandRight: 0.2656176, 0.08167586, 2.670602
HipLeft: -0.3564665, 0.08037061, 2.595408
KneeLeft: -0.3245023, -0.4319959, 2.532242
AnkleLeft: -0.3418939, -0.7368443, 2.43477
FootLeft: -0.3035307, -0.788767, 2.330884
HipRight: -0.2112779, 0.09024601, 2.641026
KneeRight: -0.3294955, -0.3020563, 2.530044
AnkleRight: -0.3218029, -0.7191902, 2.427493
FootRight: -0.3253663, -0.7878441, 2.32179
=========
HipCenter: -0.2944531, 0.1555654, 2.647323
Spine: -0.3191738, 0.2057294, 2.717861
ShoulderCenter: -0.3575531, 0.5787491, 2.807423
Head: -0.3048066, 0.7506923, 2.831021
ShoulderLeft: -0.4743499, 0.4382912, 2.712313
ElbowLeft: -0.5217795, 0.1892652, 2.637572
WristLeft: -0.5070545, -0.01524158, 2.514704
HandLeft: -0.5128279, -0.0846549, 2.480658
ShoulderRight: -0.153533, 0.4527293, 2.815811
ElbowRight: 0.02044867, 0.298685, 2.749062
WristRight: 0.1831875, 0.1255033, 2.665799
HandRight: 0.2505864, 0.06761367, 2.663887
HipLeft: -0.3563763, 0.08033366, 2.595154
KneeLeft: -0.3244939, -0.4319988, 2.532258
AnkleLeft: -0.3419145, -0.7369553, 2.434744
FootLeft: -0.3035138, -0.7887884, 2.330892
HipRight: -0.2113034, 0.08984859, 2.64103
KneeRight: -0.3295113, -0.3020672, 2.529952
AnkleRight: -0.3218674, -0.7193538, 2.427338
FootRight: -0.3253975, -0.787811, 2.321881
=========
HipCenter: -0.2944191, 0.1552996, 2.647192
Spine: -0.3191871, 0.2054322, 2.717766
ShoulderCenter: -0.3574568, 0.5788215, 2.807696
Head: -0.3041246, 0.7506179, 2.831128
ShoulderLeft: -0.4741981, 0.4383776, 2.712306
ElbowLeft: -0.5216277, 0.1889227, 2.637285
WristLeft: -0.5068746, -0.01532025, 2.514396
HandLeft: -0.512884, -0.08427525, 2.480681
ShoulderRight: -0.1535322, 0.4520903, 2.816102
ElbowRight: 0.01870656, 0.2870024, 2.740308
WristRight: 0.1752645, 0.1111579, 2.65823
HandRight: 0.2358003, 0.04130904, 2.656006
HipLeft: -0.3563191, 0.08029749, 2.594931
KneeLeft: -0.324485, -0.4320072, 2.532278
AnkleLeft: -0.3419524, -0.73707, 2.434714
FootLeft: -0.3034994, -0.7888057, 2.330896
HipRight: -0.2113866, 0.08946949, 2.640953
KneeRight: -0.3295252, -0.3020817, 2.52987
AnkleRight: -0.3219252, -0.7195115, 2.427198
FootRight: -0.3254302, -0.7877809, 2.321971
=========
HipCenter: -0.2941475, 0.1549904, 2.647099
Spine: -0.3190541, 0.2051308, 2.717716
ShoulderCenter: -0.3573319, 0.578915, 2.808025
Head: -0.303592, 0.7506309, 2.831281
ShoulderLeft: -0.4740628, 0.4384622, 2.712298
ElbowLeft: -0.5214003, 0.1884556, 2.636878
WristLeft: -0.506722, -0.01531534, 2.514182
HandLeft: -0.5128852, -0.08397232, 2.480711
ShoulderRight: -0.1535328, 0.4515717, 2.816371
ElbowRight: 0.01660134, 0.2781844, 2.734133
WristRight: 0.1621049, 0.09432746, 2.649675
HandRight: 0.2224388, 0.01879687, 2.647116
HipLeft: -0.3559283, 0.08017597, 2.594703
KneeLeft: -0.3244655, -0.4320152, 2.532304
AnkleLeft: -0.3419618, -0.7371646, 2.434695
FootLeft: -0.3034855, -0.7888186, 2.330905
HipRight: -0.2111882, 0.08918665, 2.640962
KneeRight: -0.3295333, -0.3020806, 2.529816
AnkleRight: -0.3218027, -0.7197009, 2.427166
FootRight: -0.325466, -0.7877513, 2.32206
=========
HipCenter: -0.2939418, 0.1546162, 2.646929
Spine: -0.3189235, 0.2047843, 2.717625
ShoulderCenter: -0.3571594, 0.5790034, 2.808327
Head: -0.3030903, 0.7507398, 2.83146
ShoulderLeft: -0.4739321, 0.4385258, 2.712272
ElbowLeft: -0.5211819, 0.1880126, 2.636496
WristLeft: -0.5062943, -0.01575394, 2.513795
HandLeft: -0.5127993, -0.08407094, 2.480632
ShoulderRight: -0.1537402, 0.4510631, 2.816439
ElbowRight: 0.01375596, 0.2716075, 2.730145
WristRight: 0.1526397, 0.08390534, 2.644311
HandRight: 0.2123719, 0.004525943, 2.640624
HipLeft: -0.3556405, 0.08003248, 2.594476
KneeLeft: -0.3244431, -0.4320231, 2.532328
AnkleLeft: -0.3419613, -0.7372553, 2.434673
FootLeft: -0.3034742, -0.7888287, 2.330915
HipRight: -0.2111513, 0.08894416, 2.6409
KneeRight: -0.3295376, -0.302079, 2.529774
AnkleRight: -0.321556, -0.7198775, 2.427223
FootRight: -0.3255121, -0.7877256, 2.322147
=========
HipCenter: -0.2937932, 0.154157, 2.646665
Spine: -0.318827, 0.2043881, 2.717485
ShoulderCenter: -0.3569869, 0.5790915, 2.808628
Head: -0.3026897, 0.7508574, 2.831538
ShoulderLeft: -0.4737716, 0.4385937, 2.71223
ElbowLeft: -0.5209233, 0.1874802, 2.636109
WristLeft: -0.5061051, -0.01577605, 2.513659
HandLeft: -0.5126895, -0.08423048, 2.480575
ShoulderRight: -0.1540848, 0.4506011, 2.816453
ElbowRight: 0.009037094, 0.2634293, 2.725995
WristRight: 0.1434191, 0.07611739, 2.640703
HandRight: 0.2034385, -0.00551814, 2.636349
HipLeft: -0.3554017, 0.07988338, 2.594251
KneeLeft: -0.3244197, -0.4320307, 2.532352
AnkleLeft: -0.3419612, -0.7373423, 2.434654
FootLeft: -0.3034281, -0.7888542, 2.330921
HipRight: -0.2112282, 0.08867679, 2.640721
KneeRight: -0.3295378, -0.3020774, 2.529744
AnkleRight: -0.3211243, -0.7200882, 2.4274
FootRight: -0.3255716, -0.787703, 2.32223
=========
HipCenter: -0.2937232, 0.1536321, 2.646323
Spine: -0.318772, 0.2039577, 2.717299
ShoulderCenter: -0.3568152, 0.5791814, 2.808907
Head: -0.3023483, 0.750987, 2.831592
ShoulderLeft: -0.4735774, 0.4386981, 2.712198
ElbowLeft: -0.5206677, 0.1869133, 2.635718
WristLeft: -0.5059333, -0.01574758, 2.513542
HandLeft: -0.5125052, -0.08468438, 2.48066
ShoulderRight: -0.1547142, 0.4499808, 2.81629
ElbowRight: 0.00533848, 0.2573067, 2.723047
WristRight: 0.1352008, 0.06719453, 2.636281
HandRight: 0.1965869, -0.01415962, 2.632466
HipLeft: -0.3552206, 0.0797313, 2.594023
KneeLeft: -0.3243935, -0.4320394, 2.532376
AnkleLeft: -0.3419605, -0.7374303, 2.434637
FootLeft: -0.3033712, -0.7888893, 2.330907
HipRight: -0.2114837, 0.08835613, 2.640418
KneeRight: -0.3294989, -0.302057, 2.529736
AnkleRight: -0.3204037, -0.7202769, 2.427756
FootRight: -0.3257352, -0.7876902, 2.322399
=========
HipCenter: -0.2936217, 0.1531582, 2.645987
Spine: -0.3187031, 0.2035518, 2.717101
ShoulderCenter: -0.3566526, 0.5792602, 2.809149
Head: -0.3015912, 0.7511676, 2.831895
ShoulderLeft: -0.4733193, 0.4388539, 2.712176
ElbowLeft: -0.5202958, 0.1861661, 2.635166
WristLeft: -0.5056348, -0.0160053, 2.513348
HandLeft: -0.5123007, -0.08525455, 2.480761
ShoulderRight: -0.1552988, 0.449471, 2.816204
ElbowRight: 0.001282517, 0.2507414, 2.719906
WristRight: 0.1271257, 0.06020851, 2.632155
HandRight: 0.1776184, -0.02132839, 2.618751
HipLeft: -0.3550194, 0.07959294, 2.593801
KneeLeft: -0.324364, -0.4320438, 2.532399
AnkleLeft: -0.3419575, -0.737507, 2.434622
FootLeft: -0.3033221, -0.7889205, 2.330897
HipRight: -0.2116573, 0.08811459, 2.640145
KneeRight: -0.3294397, -0.3020393, 2.529738
AnkleRight: -0.3195415, -0.7204987, 2.42818
FootRight: -0.3259582, -0.7876877, 2.322597
=========
HipCenter: -0.2935628, 0.1527089, 2.645645
Spine: -0.3186497, 0.2031646, 2.716892
ShoulderCenter: -0.3563384, 0.5793058, 2.809363
Head: -0.300963, 0.7513601, 2.832192
ShoulderLeft: -0.4730632, 0.4390303, 2.712168
ElbowLeft: -0.5199431, 0.1854857, 2.634673
WristLeft: -0.5038183, -0.01881003, 2.512586
HandLeft: -0.5121471, -0.08722476, 2.480488
ShoulderRight: -0.155817, 0.4490423, 2.816101
ElbowRight: -0.002387682, 0.2449379, 2.71757
WristRight: 0.1188486, 0.05443026, 2.628096
HandRight: 0.1661027, -0.02463185, 2.611204
HipLeft: -0.3548945, 0.0794508, 2.593581
KneeLeft: -0.3243379, -0.4320451, 2.532418
AnkleLeft: -0.3419552, -0.7375786, 2.43461
FootLeft: -0.3032866, -0.7889396, 2.330897
HipRight: -0.2118856, 0.08787642, 2.639825
KneeRight: -0.3293749, -0.3019911, 2.529735
AnkleRight: -0.3187494, -0.7206225, 2.428558
FootRight: -0.3260461, -0.7876866, 2.322714
=========
HipCenter: -0.2935171, 0.1522394, 2.645279
Spine: -0.3185927, 0.2027539, 2.716655
ShoulderCenter: -0.3559121, 0.5793401, 2.809571
Head: -0.3002845, 0.7515656, 2.832558
ShoulderLeft: -0.4727903, 0.4391973, 2.712152
ElbowLeft: -0.5195825, 0.1848267, 2.634166
WristLeft: -0.5033084, -0.01932837, 2.512323
HandLeft: -0.5119253, -0.08798254, 2.480506
ShoulderRight: -0.1563047, 0.4486835, 2.815977
ElbowRight: -0.01247623, 0.2376073, 2.716343
WristRight: 0.09141636, 0.03850956, 2.611331
HandRight: 0.1335913, -0.02852197, 2.592206
HipLeft: -0.3547936, 0.07931862, 2.593384
KneeLeft: -0.3243383, -0.4321779, 2.532453
AnkleLeft: -0.3418654, -0.7379442, 2.434538
FootLeft: -0.3032545, -0.7889577, 2.330897
HipRight: -0.2121512, 0.08761076, 2.639435
KneeRight: -0.3293101, -0.301986, 2.529733
AnkleRight: -0.3179507, -0.7208822, 2.428922
FootRight: -0.3261239, -0.7876869, 2.322827
=========
HipCenter: -0.2934979, 0.1517359, 2.64489
Spine: -0.3185246, 0.2023312, 2.716414
ShoulderCenter: -0.3554918, 0.5793855, 2.809769
Head: -0.2996199, 0.75174, 2.832824
ShoulderLeft: -0.4725352, 0.4393227, 2.712126
ElbowLeft: -0.519252, 0.184238, 2.633711
WristLeft: -0.5029075, -0.0196512, 2.512084
HandLeft: -0.5116864, -0.08834228, 2.480526
ShoulderRight: -0.1572345, 0.4481422, 2.815317
ElbowRight: -0.02379101, 0.230019, 2.714885
WristRight: 0.07658488, 0.03082938, 2.603647
HandRight: 0.1049541, -0.03462091, 2.580929
HipLeft: -0.354714, 0.07916657, 2.593175
KneeLeft: -0.3243358, -0.4323097, 2.532486
AnkleLeft: -0.3417741, -0.7383046, 2.43445
FootLeft: -0.3032247, -0.7889739, 2.330899
HipRight: -0.2124368, 0.08733885, 2.639043
KneeRight: -0.3292675, -0.3019744, 2.529722
AnkleRight: -0.317319, -0.7210779, 2.429189
FootRight: -0.3261953, -0.7876863, 2.322936
=========
HipCenter: -0.2931009, 0.1510356, 2.644446
Spine: -0.3182122, 0.2017488, 2.71612
ShoulderCenter: -0.3551053, 0.579424, 2.809941
Head: -0.299103, 0.7518393, 2.832848
ShoulderLeft: -0.4722701, 0.4394561, 2.712097
ElbowLeft: -0.5189533, 0.1837039, 2.633281
WristLeft: -0.5024959, -0.02001392, 2.511767
HandLeft: -0.5114173, -0.08872112, 2.480532
ShoulderRight: -0.1580905, 0.4476821, 2.814702
ElbowRight: -0.03432207, 0.2245251, 2.713645
WristRight: 0.06582208, 0.02520425, 2.598546
HandRight: 0.09140304, -0.03841649, 2.576121
HipLeft: -0.3540859, 0.07874771, 2.592897
KneeLeft: -0.3243266, -0.4324225, 2.532513
AnkleLeft: -0.3416846, -0.7386305, 2.434361
FootLeft: -0.3031645, -0.7890077, 2.330856
HipRight: -0.2124329, 0.08711343, 2.63874
KneeRight: -0.3292274, -0.3019481, 2.529709
AnkleRight: -0.3167906, -0.7212064, 2.429406
FootRight: -0.3262626, -0.7876861, 2.323039
=========
HipCenter: -0.2927, 0.1504432, 2.644055
Spine: -0.3179415, 0.2012512, 2.715839
ShoulderCenter: -0.3547099, 0.5794599, 2.810078
Head: -0.2983059, 0.7518293, 2.832758
ShoulderLeft: -0.4719932, 0.4395981, 2.71207
ElbowLeft: -0.5186963, 0.1832829, 2.632952
WristLeft: -0.5022504, -0.02010304, 2.511607
HandLeft: -0.5111572, -0.08901624, 2.480552
ShoulderRight: -0.1585265, 0.4475457, 2.814667
ElbowRight: -0.04208809, 0.2205763, 2.712451
WristRight: 0.05343587, 0.02100641, 2.594978
HandRight: 0.07897001, -0.04148243, 2.573864
HipLeft: -0.3534806, 0.07838146, 2.592656
KneeLeft: -0.3243078, -0.4325117, 2.53253
AnkleLeft: -0.3415925, -0.7389128, 2.434268
FootLeft: -0.3030865, -0.7890486, 2.33079
HipRight: -0.2123739, 0.08692604, 2.638457
KneeRight: -0.3291988, -0.3019401, 2.529696
AnkleRight: -0.3163413, -0.7213741, 2.429581
FootRight: -0.3262928, -0.7876862, 2.323083
=========
HipCenter: -0.2924145, 0.1499228, 2.643701
Spine: -0.3177345, 0.2008004, 2.715569
ShoulderCenter: -0.3543506, 0.5794944, 2.810187
Head: -0.2976024, 0.7518031, 2.832652
ShoulderLeft: -0.4717247, 0.4397354, 2.71204
ElbowLeft: -0.5184677, 0.1829155, 2.632654
WristLeft: -0.5021729, -0.01971093, 2.511643
HandLeft: -0.5105332, -0.09082741, 2.479926
ShoulderRight: -0.1589926, 0.4474462, 2.814664
ElbowRight: -0.05095898, 0.2147251, 2.709928
WristRight: 0.0309286, 0.01668628, 2.592011
HandRight: 0.06263551, -0.04710365, 2.570951
HipLeft: -0.3530175, 0.07807728, 2.592425
KneeLeft: -0.3242821, -0.4325859, 2.532543
AnkleLeft: -0.3415307, -0.7391488, 2.43419
FootLeft: -0.3030051, -0.7890902, 2.330721
HipRight: -0.2124195, 0.08673959, 2.638213
KneeRight: -0.3291722, -0.3019409, 2.529681
AnkleRight: -0.3159416, -0.7215639, 2.429729
FootRight: -0.326315, -0.7876867, 2.323116
=========
HipCenter: -0.2913462, 0.1491554, 2.643264
Spine: -0.3170291, 0.2001111, 2.715182
ShoulderCenter: -0.353862, 0.579528, 2.810249
Head: -0.2970086, 0.7516004, 2.831978
ShoulderLeft: -0.4713267, 0.4399686, 2.711982
ElbowLeft: -0.5182011, 0.1825992, 2.632244
WristLeft: -0.5020211, -0.01937747, 2.511614
HandLeft: -0.5097911, -0.09174017, 2.479713
ShoulderRight: -0.1597427, 0.4474173, 2.815054
ElbowRight: -0.09030726, 0.1899708, 2.696483
WristRight: -0.04307069, -0.005533049, 2.584285
HandRight: -0.005003519, -0.08594121, 2.562546
HipLeft: -0.3514121, 0.07752747, 2.59198
KneeLeft: -0.3242509, -0.4326455, 2.532556
AnkleLeft: -0.3413641, -0.7394297, 2.434137
FootLeft: -0.3029544, -0.7891328, 2.330651
HipRight: -0.2118591, 0.08651213, 2.638041
KneeRight: -0.3291385, -0.3019737, 2.52962
AnkleRight: -0.3155673, -0.7218397, 2.429776
FootRight: -0.326332, -0.7876854, 2.323176
=========
HipCenter: -0.2900317, 0.1486047, 2.64298
Spine: -0.3162084, 0.199568, 2.714873
ShoulderCenter: -0.3534128, 0.5795574, 2.81027
Head: -0.2965117, 0.7514178, 2.831327
ShoulderLeft: -0.4709774, 0.4401993, 2.711944
ElbowLeft: -0.5179472, 0.1823331, 2.631837
WristLeft: -0.5018807, -0.01931657, 2.511545
HandLeft: -0.5090935, -0.09254999, 2.479402
ShoulderRight: -0.1605313, 0.4475077, 2.815664
ElbowRight: -0.1110006, 0.1772229, 2.689324
WristRight: -0.09481038, -0.02217071, 2.582464
HandRight: -0.05565645, -0.1132871, 2.554984
HipLeft: -0.3493627, 0.07717675, 2.591521
KneeLeft: -0.3242216, -0.4326987, 2.532565
AnkleLeft: -0.341106, -0.7397343, 2.434096
FootLeft: -0.3029162, -0.7891731, 2.33058
HipRight: -0.2107859, 0.08630775, 2.63814
KneeRight: -0.3291159, -0.3020121, 2.529539
AnkleRight: -0.3152635, -0.722101, 2.42978
FootRight: -0.3263389, -0.7876824, 2.32322
=========
HipCenter: -0.2888179, 0.1481649, 2.642754
Spine: -0.3153759, 0.1991049, 2.714601
ShoulderCenter: -0.3529095, 0.5795791, 2.81023
Head: -0.2961946, 0.7512407, 2.830653
ShoulderLeft: -0.4706556, 0.4404267, 2.711911
ElbowLeft: -0.5177894, 0.1822155, 2.631559
WristLeft: -0.5016199, -0.01947546, 2.511388
HandLeft: -0.5084791, -0.09323762, 2.479118
ShoulderRight: -0.1613009, 0.4476377, 2.81611
ElbowRight: -0.1219045, 0.1711355, 2.68551
WristRight: -0.1146595, -0.02860536, 2.581478
HandRight: -0.07596274, -0.124207, 2.55251
HipLeft: -0.3475973, 0.07692038, 2.591137
KneeLeft: -0.3241946, -0.4327415, 2.532572
AnkleLeft: -0.3409184, -0.739983, 2.434059
FootLeft: -0.3028933, -0.7892006, 2.330528
HipRight: -0.2097359, 0.08614033, 2.638274
KneeRight: -0.3290944, -0.3020561, 2.529452
AnkleRight: -0.3149952, -0.722362, 2.429762
FootRight: -0.326339, -0.7876766, 2.323275
=========
HipCenter: -0.287727, 0.1478871, 2.642615
Spine: -0.3146136, 0.1987785, 2.714405
ShoulderCenter: -0.3524549, 0.5796151, 2.810192
Head: -0.2959214, 0.7511006, 2.829989
ShoulderLeft: -0.4703695, 0.4406426, 2.711881
ElbowLeft: -0.5176507, 0.1820811, 2.631267
WristLeft: -0.5013335, -0.01974045, 2.511201
HandLeft: -0.5079495, -0.09381304, 2.478859
ShoulderRight: -0.1619647, 0.4477812, 2.816544
ElbowRight: -0.1287308, 0.1673764, 2.683203
WristRight: -0.1274158, -0.03266615, 2.580631
HandRight: -0.08896194, -0.1306855, 2.550224
HipLeft: -0.3461064, 0.07677833, 2.590814
KneeLeft: -0.3241751, -0.4327641, 2.532572
AnkleLeft: -0.3407759, -0.7401548, 2.434026
FootLeft: -0.3028743, -0.7892178, 2.330497
HipRight: -0.20869, 0.08604569, 2.638495
KneeRight: -0.3290765, -0.3020975, 2.529363
AnkleRight: -0.3147656, -0.7226038, 2.42973
FootRight: -0.3263649, -0.7876652, 2.32332
=========
HipCenter: -0.2867371, 0.1477391, 2.642551
Spine: -0.3138999, 0.1985593, 2.714263
ShoulderCenter: -0.3519212, 0.5796353, 2.810081
Head: -0.2956616, 0.7509356, 2.829221
ShoulderLeft: -0.4701293, 0.4408308, 2.711853
ElbowLeft: -0.5174467, 0.181904, 2.630846
WristLeft: -0.5007547, -0.02073722, 2.510712
HandLeft: -0.5072995, -0.09450717, 2.478423
ShoulderRight: -0.1625762, 0.4479223, 2.816966
ElbowRight: -0.1336132, 0.1649336, 2.681505
WristRight: -0.1336626, -0.03444084, 2.580235
HandRight: -0.09848986, -0.1340062, 2.547053
HipLeft: -0.3447957, 0.07673226, 2.590457
KneeLeft: -0.324156, -0.4327809, 2.53257
AnkleLeft: -0.3406483, -0.7403041, 2.433999
FootLeft: -0.3028598, -0.7892318, 2.33047
HipRight: -0.2075866, 0.08596863, 2.638972
KneeRight: -0.3290701, -0.30214, 2.529251
AnkleRight: -0.314582, -0.7228273, 2.429671
FootRight: -0.3264631, -0.7876495, 2.32338
=========
HipCenter: -0.2856873, 0.1477143, 2.642586
Spine: -0.3131879, 0.1984218, 2.714173
ShoulderCenter: -0.3514557, 0.5796164, 2.809912
Head: -0.2954623, 0.7507585, 2.828494
ShoulderLeft: -0.4699207, 0.4409988, 2.711827
ElbowLeft: -0.5172562, 0.1817969, 2.630471
WristLeft: -0.5000938, -0.02192146, 2.510056
HandLeft: -0.5066718, -0.09524167, 2.477911
ShoulderRight: -0.1631579, 0.4480738, 2.817435
ElbowRight: -0.1364926, 0.1640068, 2.68058
WristRight: -0.1380838, -0.03449579, 2.578976
HandRight: -0.1042048, -0.1337319, 2.543874
HipLeft: -0.3433925, 0.07678062, 2.590052
KneeLeft: -0.3241362, -0.4327829, 2.532562
AnkleLeft: -0.340585, -0.7403971, 2.433988
FootLeft: -0.3028556, -0.7892375, 2.330458
HipRight: -0.2061234, 0.08591414, 2.639893
KneeRight: -0.3290642, -0.3021871, 2.529133
AnkleRight: -0.3144182, -0.7230506, 2.429597
FootRight: -0.3265691, -0.7876184, 2.323491
=========
HipCenter: -0.2845354, 0.1478603, 2.64277
Spine: -0.3125026, 0.1984028, 2.71414
ShoulderCenter: -0.3507676, 0.5795574, 2.809579
Head: -0.2952827, 0.7506049, 2.827852
ShoulderLeft: -0.4697369, 0.4411535, 2.711794
ElbowLeft: -0.5170535, 0.1816135, 2.629985
WristLeft: -0.4994392, -0.02328779, 2.50925
HandLeft: -0.5062668, -0.09597376, 2.477347
ShoulderRight: -0.1637703, 0.4483076, 2.819171
ElbowRight: -0.1377265, 0.1637854, 2.681116
WristRight: -0.1418909, -0.03839275, 2.573844
HandRight: -0.1107654, -0.1341305, 2.542603
HipLeft: -0.3420998, 0.0769027, 2.589673
KneeLeft: -0.3241202, -0.4327824, 2.53255
AnkleLeft: -0.340538, -0.7404755, 2.433979
FootLeft: -0.3028524, -0.7892426, 2.330451
HipRight: -0.2044448, 0.08586862, 2.641243
KneeRight: -0.3290635, -0.3022427, 2.529009
AnkleRight: -0.314277, -0.7232796, 2.429512
FootRight: -0.3265754, -0.787601, 2.323639
=========
HipCenter: -0.2835054, 0.1480924, 2.643012
Spine: -0.3118708, 0.1984607, 2.714159
ShoulderCenter: -0.3501463, 0.5795056, 2.809265
Head: -0.2951338, 0.7504795, 2.827257
ShoulderLeft: -0.4695863, 0.4412996, 2.711761
ElbowLeft: -0.5168548, 0.1814207, 2.629447
WristLeft: -0.4989007, -0.02448904, 2.50851
HandLeft: -0.5061497, -0.09654719, 2.476869
ShoulderRight: -0.1642315, 0.4484969, 2.820731
ElbowRight: -0.1369596, 0.1652656, 2.683072
WristRight: -0.1442133, -0.03963766, 2.571052
HandRight: -0.1151955, -0.1348286, 2.541532
HipLeft: -0.3410338, 0.07705789, 2.589344
KneeLeft: -0.3241069, -0.4327811, 2.532536
AnkleLeft: -0.3405026, -0.7405473, 2.433971
FootLeft: -0.3028523, -0.7892469, 2.330444
HipRight: -0.2029956, 0.08582576, 2.642538
KneeRight: -0.3290363, -0.3023504, 2.528825
AnkleRight: -0.3140968, -0.7235944, 2.429361
FootRight: -0.3265877, -0.787581, 2.323816
=========
HipCenter: -0.2826433, 0.1483261, 2.643254
Spine: -0.3113237, 0.1985423, 2.714201
ShoulderCenter: -0.3496549, 0.5794673, 2.809005
Head: -0.2950887, 0.7501716, 2.826432
ShoulderLeft: -0.4694608, 0.4414249, 2.711721
ElbowLeft: -0.5166364, 0.1811784, 2.628845
WristLeft: -0.4987013, -0.02483218, 2.508126
HandLeft: -0.5060525, -0.09665838, 2.476631
ShoulderRight: -0.1645761, 0.4486141, 2.821953
ElbowRight: -0.1373089, 0.1657281, 2.683588
WristRight: -0.1448786, -0.03961695, 2.56895
HandRight: -0.1182429, -0.1354331, 2.540782
HipLeft: -0.3401808, 0.07720447, 2.589074
KneeLeft: -0.3240958, -0.4327778, 2.532519
AnkleLeft: -0.3404751, -0.7406113, 2.433964
FootLeft: -0.3028567, -0.7892449, 2.33045
HipRight: -0.2018266, 0.08578551, 2.64365
KneeRight: -0.2997896, -0.3539416, 2.533905
AnkleRight: -0.2842066, -0.7759944, 2.435117
FootRight: -0.3265962, -0.7875615, 2.323958
=========
HipCenter: -0.2819455, 0.1485794, 2.643504
Spine: -0.3108903, 0.1986517, 2.714269
ShoulderCenter: -0.3493733, 0.5794646, 2.808859
Head: -0.2950335, 0.7499114, 2.825684
ShoulderLeft: -0.4693644, 0.4415322, 2.711681
ElbowLeft: -0.516396, 0.1809638, 2.628252
WristLeft: -0.4986735, -0.02487652, 2.507797
HandLeft: -0.5061118, -0.09637893, 2.476426
ShoulderRight: -0.164744, 0.4486963, 2.82322
ElbowRight: -0.1373667, 0.1663158, 2.684117
WristRight: -0.1443522, -0.0381911, 2.567415
HandRight: -0.1299433, -0.1228451, 2.537194
HipLeft: -0.3395375, 0.07735299, 2.588877
KneeLeft: -0.3240886, -0.4327736, 2.532501
AnkleLeft: -0.3404654, -0.7406705, 2.433952
FootLeft: -0.302862, -0.7892438, 2.330449
HipRight: -0.2009163, 0.08576048, 2.644548
KneeRight: -0.2880665, -0.3743496, 2.536105
AnkleRight: -0.2716202, -0.7978105, 2.437704
FootRight: -0.3266621, -0.7875475, 2.323954
=========
HipCenter: -0.281388, 0.1488141, 2.643734
Spine: -0.3105338, 0.1987657, 2.714344
ShoulderCenter: -0.3491474, 0.5794646, 2.808741
Head: -0.2949754, 0.7496197, 2.824985
ShoulderLeft: -0.4692881, 0.4416435, 2.711641
ElbowLeft: -0.5161271, 0.1807512, 2.627627
WristLeft: -0.49874, -0.02471158, 2.507459
HandLeft: -0.5062762, -0.09586719, 2.476192
ShoulderRight: -0.1648598, 0.4487161, 2.824267
ElbowRight: -0.1372423, 0.166872, 2.684639
WristRight: -0.14447, -0.0376448, 2.564798
HandRight: -0.1365384, -0.119685, 2.533112
HipLeft: -0.3390484, 0.07748747, 2.588717
KneeLeft: -0.3240835, -0.4327699, 2.532485
AnkleLeft: -0.3404759, -0.7407312, 2.433936
FootLeft: -0.3028719, -0.7892397, 2.330451
HipRight: -0.2002252, 0.08573504, 2.645285
KneeRight: -0.2819424, -0.3852462, 2.537199
AnkleRight: -0.265151, -0.8092808, 2.438976
FootRight: -0.3267326, -0.7875351, 2.323914
=========
HipCenter: -0.2810581, 0.1490649, 2.643965
Spine: -0.3103134, 0.1989009, 2.714427
ShoulderCenter: -0.3489667, 0.5794691, 2.808643
Head: -0.2949115, 0.74935, 2.824382
ShoulderLeft: -0.4692135, 0.4417675, 2.71159
ElbowLeft: -0.5158883, 0.1812445, 2.627303
WristLeft: -0.4989005, -0.02434353, 2.507132
HandLeft: -0.5064987, -0.09518413, 2.475996
ShoulderRight: -0.1649068, 0.4487699, 2.825402
ElbowRight: -0.1362751, 0.1680104, 2.68622
WristRight: -0.1438067, -0.03504185, 2.563638
HandRight: -0.1407888, -0.116345, 2.531144
HipLeft: -0.3387512, 0.07764578, 2.588579
KneeLeft: -0.3240806, -0.4327636, 2.532469
AnkleLeft: -0.3405065, -0.7407854, 2.433906
FootLeft: -0.3028776, -0.7892401, 2.330446
HipRight: -0.1999229, 0.08568867, 2.645979
KneeRight: -0.2781322, -0.3920299, 2.537887
AnkleRight: -0.2611526, -0.8163751, 2.439769
FootRight: -0.3267994, -0.7875255, 2.323858
=========
HipCenter: -0.2807653, 0.149459, 2.644332
Spine: -0.3101287, 0.199149, 2.714612
ShoulderCenter: -0.34885, 0.5794828, 2.808596
Head: -0.2948093, 0.7491232, 2.823903
ShoulderLeft: -0.4691469, 0.4418871, 2.711534
ElbowLeft: -0.515687, 0.1815935, 2.626855
WristLeft: -0.499097, -0.02388348, 2.506845
HandLeft: -0.5067368, -0.09441645, 2.475807
ShoulderRight: -0.1647657, 0.4488235, 2.826818
ElbowRight: -0.1358002, 0.1686613, 2.687102
WristRight: -0.1438294, -0.03442878, 2.562151
HandRight: -0.1441156, -0.1147705, 2.529023
HipLeft: -0.338516, 0.07785807, 2.588456
KneeLeft: -0.3241158, -0.4327814, 2.532443
AnkleLeft: -0.3405693, -0.7409028, 2.43385
FootLeft: -0.3028826, -0.7892395, 2.330446
HipRight: -0.1996628, 0.08567642, 2.646799
KneeRight: -0.2754304, -0.396805, 2.538367
AnkleRight: -0.2583172, -0.8213601, 2.440326
FootRight: -0.3268081, -0.7875201, 2.323847
=========
HipCenter: -0.2805799, 0.1500257, 2.644797
Spine: -0.3100623, 0.1995347, 2.714865
ShoulderCenter: -0.3487633, 0.5795048, 2.808568
Head: -0.294686, 0.7489396, 2.823521
ShoulderLeft: -0.4690899, 0.4420003, 2.711478
ElbowLeft: -0.5154924, 0.1818903, 2.626391
WristLeft: -0.4995247, -0.02258086, 2.506575
HandLeft: -0.5069503, -0.0927536, 2.475815
ShoulderRight: -0.1639933, 0.4494233, 2.830252
ElbowRight: -0.1352293, 0.1697327, 2.688259
WristRight: -0.1426971, -0.03068106, 2.562287
HandRight: -0.1462192, -0.1123692, 2.528146
HipLeft: -0.3383728, 0.07817176, 2.588329
KneeLeft: -0.3241524, -0.4327914, 2.532417
AnkleLeft: -0.3406254, -0.7410008, 2.4338
FootLeft: -0.3028876, -0.7892405, 2.330443
HipRight: -0.1995042, 0.08569547, 2.647566
KneeRight: -0.2735661, -0.4001128, 2.53874
AnkleRight: -0.2563774, -0.8248062, 2.440745
FootRight: -0.3267787, -0.7875163, 2.323761
=========
HipCenter: -0.2804847, 0.1506034, 2.64525
Spine: -0.310059, 0.1999488, 2.715131
ShoulderCenter: -0.3486986, 0.5795293, 2.808554
Head: -0.2945693, 0.7487792, 2.823205
ShoulderLeft: -0.4690417, 0.4421377, 2.711419
ElbowLeft: -0.5152585, 0.1820534, 2.625833
WristLeft: -0.4996787, -0.02224611, 2.506118
HandLeft: -0.5068549, -0.092237, 2.475433
ShoulderRight: -0.1633422, 0.4499057, 2.832973
ElbowRight: -0.1346894, 0.1706486, 2.689345
WristRight: -0.1417329, -0.027703, 2.562595
HandRight: -0.1476356, -0.1104535, 2.527584
HipLeft: -0.3383221, 0.07854345, 2.588202
KneeLeft: -0.324195, -0.4327956, 2.532392
AnkleLeft: -0.340684, -0.7410848, 2.43375
FootLeft: -0.3028919, -0.7892404, 2.330441
HipRight: -0.1994237, 0.08572521, 2.648228
KneeRight: -0.27253, -0.4019666, 2.539014
AnkleRight: -0.2553267, -0.8267236, 2.441035
FootRight: -0.3267065, -0.7875172, 2.323626
=========
HipCenter: -0.2804002, 0.1511517, 2.645704
Spine: -0.3100708, 0.2003573, 2.715417
ShoulderCenter: -0.348669, 0.5795789, 2.808582
Head: -0.29444, 0.7486392, 2.822947
ShoulderLeft: -0.4689846, 0.4423172, 2.71136
ElbowLeft: -0.5150143, 0.1822405, 2.625278
WristLeft: -0.4998172, -0.02192118, 2.505696
HandLeft: -0.5068052, -0.0917955, 2.475134
ShoulderRight: -0.1628574, 0.4502842, 2.835057
ElbowRight: -0.1340038, 0.1929857, 2.715957
WristRight: -0.1409107, -0.02532626, 2.562993
HandRight: -0.1485416, -0.1088607, 2.527263
HipLeft: -0.338257, 0.07893994, 2.588103
KneeLeft: -0.3242348, -0.432791, 2.532372
AnkleLeft: -0.3407375, -0.7411488, 2.433709
FootLeft: -0.3029072, -0.7892332, 2.330451
HipRight: -0.1993547, 0.08575966, 2.648876
KneeRight: -0.2715458, -0.403115, 2.539427
AnkleRight: -0.2543366, -0.8279167, 2.441453
FootRight: -0.3266044, -0.7875335, 2.323571
=========
HipCenter: -0.2803271, 0.15165, 2.646126
Spine: -0.3100814, 0.2007366, 2.715695
ShoulderCenter: -0.348632, 0.5795999, 2.8086
Head: -0.2943254, 0.7485223, 2.822734
ShoulderLeft: -0.4689317, 0.4424733, 2.711302
ElbowLeft: -0.5148216, 0.1823914, 2.624689
WristLeft: -0.4999617, -0.02161161, 2.50532
HandLeft: -0.5067888, -0.09141523, 2.474894
ShoulderRight: -0.1624849, 0.450576, 2.836627
ElbowRight: -0.1341262, 0.1937913, 2.716302
WristRight: -0.1402438, -0.02352967, 2.563407
HandRight: -0.1490729, -0.1075549, 2.527122
HipLeft: -0.3382072, 0.07930218, 2.588018
KneeLeft: -0.324351, -0.4328378, 2.532355
AnkleLeft: -0.3408151, -0.7412874, 2.433638
FootLeft: -0.3029223, -0.7892261, 2.330463
HipRight: -0.1992908, 0.0858044, 2.649494
KneeRight: -0.2712767, -0.4028575, 2.539756
AnkleRight: -0.2541114, -0.8276452, 2.44176
FootRight: -0.3265554, -0.787533, 2.323475
=========
HipCenter: -0.2802376, 0.1520607, 2.646526
Spine: -0.3100846, 0.2010652, 2.715964
ShoulderCenter: -0.3486019, 0.5796201, 2.808624
Head: -0.2940637, 0.748404, 2.82262
ShoulderLeft: -0.4688824, 0.4426217, 2.711247
ElbowLeft: -0.5146815, 0.1825214, 2.624188
WristLeft: -0.500029, -0.02154454, 2.504999
HandLeft: -0.5067202, -0.09127353, 2.474711
ShoulderRight: -0.1622697, 0.4506489, 2.8378
ElbowRight: -0.1326908, 0.1909141, 2.716039
WristRight: -0.139723, -0.02219557, 2.563777
HandRight: -0.1487856, -0.1063691, 2.527251
HipLeft: -0.3381273, 0.07960879, 2.58794
KneeLeft: -0.3244703, -0.4328801, 2.532341
AnkleLeft: -0.3408962, -0.7414175, 2.433571
FootLeft: -0.3029407, -0.7892194, 2.330472
HipRight: -0.1991932, 0.085745, 2.650249
KneeRight: -0.2714106, -0.4021576, 2.539976
AnkleRight: -0.2543074, -0.8269165, 2.441945
FootRight: -0.3265249, -0.7875363, 2.323403
=========
HipCenter: -0.2801667, 0.1523653, 2.64685
Spine: -0.3100758, 0.2013326, 2.716209
ShoulderCenter: -0.3485819, 0.5796445, 2.808661
Head: -0.2938828, 0.7483181, 2.82251
ShoulderLeft: -0.4688428, 0.4427585, 2.711199
ElbowLeft: -0.514585, 0.1826382, 2.623763
WristLeft: -0.5000893, -0.02143624, 2.50478
HandLeft: -0.5067098, -0.09112619, 2.474614
ShoulderRight: -0.1621912, 0.4506622, 2.838438
ElbowRight: -0.1316257, 0.1887176, 2.715934
WristRight: -0.1393128, -0.02121414, 2.564095
HandRight: -0.1481532, -0.1054511, 2.527538
HipLeft: -0.3380622, 0.07985562, 2.587883
KneeLeft: -0.3245895, -0.4329214, 2.532329
AnkleLeft: -0.3409471, -0.7415373, 2.433513
FootLeft: -0.3029603, -0.7892127, 2.330483
HipRight: -0.1991173, 0.08567879, 2.650869
KneeRight: -0.2718542, -0.401176, 2.540103
AnkleRight: -0.254821, -0.8259045, 2.442031
FootRight: -0.3264983, -0.7875394, 2.323334
=========
HipCenter: -0.2801111, 0.1526105, 2.647123
Spine: -0.3100704, 0.2015606, 2.716425
ShoulderCenter: -0.3485664, 0.5796707, 2.808703
Head: -0.2938052, 0.7482657, 2.822423
ShoulderLeft: -0.4688071, 0.442885, 2.711156
ElbowLeft: -0.5145116, 0.1827418, 2.623391
WristLeft: -0.499557, -0.02284375, 2.503645
HandLeft: -0.5067914, -0.09218004, 2.47387
ShoulderRight: -0.1621629, 0.4506394, 2.838896
ElbowRight: -0.1305285, 0.186, 2.715372
WristRight: -0.1389837, -0.02046205, 2.564408
HandRight: -0.147756, -0.1048412, 2.527776
HipLeft: -0.3380086, 0.0800644, 2.587834
KneeLeft: -0.3247059, -0.4329605, 2.532318
AnkleLeft: -0.3409915, -0.7416512, 2.433461
FootLeft: -0.3029796, -0.7892067, 2.330494
HipRight: -0.1990628, 0.08561513, 2.651392
KneeRight: -0.2724211, -0.4000169, 2.54019
AnkleRight: -0.2554534, -0.8247245, 2.442073
FootRight: -0.3264531, -0.7875419, 2.323281
=========
HipCenter: -0.2799877, 0.1529042, 2.647532
Spine: -0.3100995, 0.2017999, 2.716707
ShoulderCenter: -0.3486323, 0.5796796, 2.808933
Head: -0.2937401, 0.7482305, 2.822363
ShoulderLeft: -0.4687746, 0.4430147, 2.711125
ElbowLeft: -0.5139112, 0.1810741, 2.621531
WristLeft: -0.4994241, -0.02368415, 2.502814
HandLeft: -0.5066693, -0.09288005, 2.473182
ShoulderRight: -0.161635, 0.4505475, 2.841193
ElbowRight: -0.129706, 0.1840336, 2.715105
WristRight: -0.1386397, -0.01992037, 2.564757
HandRight: -0.1464836, -0.1041387, 2.528423
HipLeft: -0.3378901, 0.08029781, 2.587849
KneeLeft: -0.324896, -0.4329977, 2.532312
AnkleLeft: -0.341009, -0.7417568, 2.433413
FootLeft: -0.3029918, -0.7892058, 2.330495
HipRight: -0.1989097, 0.08556272, 2.652006
KneeRight: -0.2734631, -0.3984355, 2.540158
AnkleRight: -0.2565544, -0.8231647, 2.441986
FootRight: -0.3264477, -0.7875341, 2.32325
=========
HipCenter: -0.2798705, 0.1530968, 2.647868
Spine: -0.3101007, 0.2019564, 2.716939
ShoulderCenter: -0.3486298, 0.5796205, 2.809062
Head: -0.2936842, 0.7482116, 2.822325
ShoulderLeft: -0.4687458, 0.4431213, 2.711096
ElbowLeft: -0.513397, 0.179594, 2.619961
WristLeft: -0.4993178, -0.02442109, 2.502128
HandLeft: -0.5065504, -0.0935104, 2.472617
ShoulderRight: -0.1615323, 0.450329, 2.842208
ElbowRight: -0.1289158, 0.181418, 2.71455
WristRight: -0.1383193, -0.01952251, 2.565131
HandRight: -0.1458288, -0.1036514, 2.528854
HipLeft: -0.3377823, 0.08047329, 2.58787
KneeLeft: -0.3250742, -0.4330225, 2.53231
AnkleLeft: -0.3410223, -0.7418457, 2.433374
FootLeft: -0.3030005, -0.7892072, 2.330495
HipRight: -0.1987695, 0.08549148, 2.652528
KneeRight: -0.2744235, -0.3970766, 2.5401
AnkleRight: -0.2575614, -0.8218361, 2.44188
FootRight: -0.326447, -0.7875242, 2.323233
