=========
HipCenter: -0.304322, 0.1585867, 2.643533
Spine: -0.3279302, 0.2065332, 2.714782
ShoulderCenter: -0.3673256, 0.5774659, 2.805791
Head: -0.3171057, 0.7479236, 2.797411
ShoulderLeft: -0.4780147, 0.4306647, 2.716833
ElbowLeft: -0.5225706, 0.1958591, 2.656299
WristLeft: -0.5067953, -0.007468379, 2.523967
HandLeft: -0.5060429, -0.1006861, 2.484533
ShoulderRight: -0.1514218, 0.4825483, 2.831676
ElbowRight: 0.1229538, 0.5254449, 2.841546
WristRight: 0.3428693, 0.5393948, 2.850776
HandRight: 0.4161745, 0.5440447, 2.858677
HipLeft: -0.3672264, 0.07657789, 2.59377
KneeLeft: -0.320048, -0.4288113, 2.529821
AnkleLeft: -0.3408872, -0.7359549, 2.435053
FootLeft: -0.3029005, -0.7890251, 2.334946
HipRight: -0.2202595, 0.0999255, 2.633944
KneeRight: -0.3203538, -0.4710069, 2.529171
AnkleRight: -0.3158383, -0.7372456, 2.434745
FootRight: -0.3199356, -0.7875308, 2.321059
=========
HipCenter: -0.3048462, 0.1580831, 2.643599
Spine: -0.3282329, 0.2061199, 2.714815
ShoulderCenter: -0.3663552, 0.5763279, 2.805212
Head: -0.3171732, 0.7477109, 2.798017
ShoulderLeft: -0.4779184, 0.4305636, 2.716878
ElbowLeft: -0.5229309, 0.1966817, 2.656675
WristLeft: -0.5071656, -0.007518033, 2.524448
HandLeft: -0.5059037, -0.1005746, 2.484663
ShoulderRight: -0.1514089, 0.4827031, 2.831745
ElbowRight: 0.1209551, 0.5248692, 2.840909
WristRight: 0.34018, 0.5370712, 2.851427
HandRight: 0.413255, 0.5411385, 2.85976
HipLeft: -0.3680917, 0.07577341, 2.594052
KneeLeft: -0.3199516, -0.4289727, 2.529905
AnkleLeft: -0.3404776, -0.7358912, 2.435379
FootLeft: -0.3030331, -0.7889741, 2.335004
HipRight: -0.2211455, 0.09949173, 2.633942
KneeRight: -0.3202583, -0.4710481, 2.529236
AnkleRight: -0.3130521, -0.7367265, 2.437035
FootRight: -0.3200123, -0.787521, 2.321141
=========
HipCenter: -0.3046454, 0.1579414, 2.643668
Spine: -0.3280101, 0.2059918, 2.714865
ShoulderCenter: -0.3659691, 0.5760415, 2.805087
Head: -0.3171848, 0.747672, 2.798107
ShoulderLeft: -0.4779033, 0.4305479, 2.716885
ElbowLeft: -0.5229849, 0.1968034, 2.65673
WristLeft: -0.5072272, -0.007516942, 2.52453
HandLeft: -0.5058476, -0.1005333, 2.484679
ShoulderRight: -0.1514045, 0.4827354, 2.831756
ElbowRight: 0.1206376, 0.5247805, 2.840814
WristRight: 0.3397387, 0.536705, 2.851511
HandRight: 0.4127699, 0.5406771, 2.859903
HipLeft: -0.3678784, 0.07551676, 2.594171
KneeLeft: -0.3199375, -0.4289992, 2.529918
AnkleLeft: -0.340417, -0.7358826, 2.435429
FootLeft: -0.3030532, -0.7889674, 2.335009
HipRight: -0.2209766, 0.09938574, 2.63402
KneeRight: -0.3202436, -0.4710549, 2.529246
AnkleRight: -0.3125796, -0.7366645, 2.437393
FootRight: -0.3200302, -0.7875222, 2.321154
=========
HipCenter: -0.3044127, 0.157826, 2.643728
Spine: -0.3277557, 0.2058815, 2.714906
ShoulderCenter: -0.3656183, 0.5757987, 2.804981
Head: -0.3172006, 0.7476324, 2.798165
ShoulderLeft: -0.4778897, 0.4305335, 2.716887
ElbowLeft: -0.5230278, 0.1968914, 2.656768
WristLeft: -0.5072955, -0.007504062, 2.524624
HandLeft: -0.5058246, -0.1004514, 2.484697
ShoulderRight: -0.1514011, 0.4827682, 2.831753
ElbowRight: 0.09225578, 0.5194353, 2.844033
WristRight: 0.3089565, 0.5343822, 2.848322
HandRight: 0.3807609, 0.5393972, 2.85441
HipLeft: -0.3676195, 0.07530494, 2.594273
KneeLeft: -0.3199267, -0.4290204, 2.529927
AnkleLeft: -0.3403696, -0.7358755, 2.435468
FootLeft: -0.3030688, -0.7889629, 2.335002
HipRight: -0.2207708, 0.09931225, 2.63409
KneeRight: -0.3202322, -0.4710617, 2.529253
AnkleRight: -0.3122392, -0.7366158, 2.437648
FootRight: -0.3201903, -0.7875075, 2.32125
=========
HipCenter: -0.3041565, 0.1577483, 2.643782
Spine: -0.3274884, 0.205791, 2.714938
ShoulderCenter: -0.3652934, 0.5755524, 2.804893
Head: -0.3172164, 0.7475675, 2.798179
ShoulderLeft: -0.4778677, 0.4305256, 2.716881
ElbowLeft: -0.5230464, 0.1968512, 2.656713
WristLeft: -0.5073512, -0.007482775, 2.524708
HandLeft: -0.5057915, -0.1003594, 2.484694
ShoulderRight: -0.1513931, 0.4828033, 2.831737
ElbowRight: 0.08801555, 0.518764, 2.844447
WristRight: 0.3041444, 0.5338781, 2.847883
HandRight: 0.3757124, 0.5389876, 2.853652
HipLeft: -0.3673237, 0.075165, 2.594356
KneeLeft: -0.319918, -0.42905, 2.529932
AnkleLeft: -0.3403356, -0.7358693, 2.435498
FootLeft: -0.3031102, -0.7889555, 2.334949
HipRight: -0.220525, 0.09927291, 2.634158
KneeRight: -0.3201067, -0.4709873, 2.529295
AnkleRight: -0.3115414, -0.736456, 2.43799
FootRight: -0.3204071, -0.7874869, 2.321336
=========
HipCenter: -0.3038432, 0.1577294, 2.643864
Spine: -0.3271763, 0.2057362, 2.71499
ShoulderCenter: -0.3649791, 0.5753142, 2.804834
Head: -0.3172333, 0.7473321, 2.79803
ShoulderLeft: -0.4778527, 0.4305139, 2.716875
ElbowLeft: -0.523047, 0.1967466, 2.656633
WristLeft: -0.5074039, -0.007447794, 2.524796
HandLeft: -0.5057536, -0.1002461, 2.484684
ShoulderRight: -0.1513829, 0.4828566, 2.831719
ElbowRight: 0.08627298, 0.5188733, 2.844712
WristRight: 0.3013029, 0.5336067, 2.847551
HandRight: 0.3725913, 0.5386733, 2.853103
HipLeft: -0.3669643, 0.0750838, 2.594488
KneeLeft: -0.3199017, -0.4290922, 2.529934
AnkleLeft: -0.3402961, -0.7358652, 2.435521
FootLeft: -0.3031421, -0.7889642, 2.334867
HipRight: -0.2201822, 0.09931953, 2.634231
KneeRight: -0.3199185, -0.4709173, 2.529367
AnkleRight: -0.3111111, -0.7363974, 2.43813
FootRight: -0.3206637, -0.787466, 2.321427
=========
HipCenter: -0.3036009, 0.1576784, 2.643925
Spine: -0.3268992, 0.2056627, 2.715034
ShoulderCenter: -0.3644806, 0.5750083, 2.804825
Head: -0.3172618, 0.7471204, 2.79791
ShoulderLeft: -0.477799, 0.4305099, 2.716856
ElbowLeft: -0.5230017, 0.1965276, 2.656454
WristLeft: -0.5074518, -0.007411197, 2.524881
HandLeft: -0.5057215, -0.1001369, 2.484674
ShoulderRight: -0.1513615, 0.4829297, 2.831697
ElbowRight: 0.08716542, 0.5199808, 2.84466
WristRight: 0.3009791, 0.5334692, 2.847498
HandRight: 0.3720711, 0.5382159, 2.853034
HipLeft: -0.366704, 0.07498814, 2.594584
KneeLeft: -0.3198799, -0.4291491, 2.529942
AnkleLeft: -0.3401993, -0.7358546, 2.43556
FootLeft: -0.3031778, -0.7889797, 2.334776
HipRight: -0.2199931, 0.09931296, 2.634271
KneeRight: -0.3196879, -0.4708552, 2.529461
AnkleRight: -0.3107656, -0.7363399, 2.438233
FootRight: -0.3210168, -0.7874569, 2.321495
=========
HipCenter: -0.3033212, 0.1576867, 2.643993
Spine: -0.3266024, 0.205628, 2.715074
ShoulderCenter: -0.3640079, 0.5747196, 2.804791
Head: -0.3173035, 0.7469468, 2.797839
ShoulderLeft: -0.4777416, 0.430508, 2.716835
ElbowLeft: -0.5229871, 0.1964255, 2.656368
WristLeft: -0.5074852, -0.00736542, 2.524981
HandLeft: -0.5056865, -0.1000134, 2.484663
ShoulderRight: -0.1513343, 0.4830151, 2.831663
ElbowRight: 0.088196, 0.5209579, 2.844796
WristRight: 0.3012751, 0.5334831, 2.847475
HandRight: 0.3722503, 0.53795, 2.852967
HipLeft: -0.3663954, 0.07496636, 2.594703
KneeLeft: -0.3198585, -0.4292137, 2.529945
AnkleLeft: -0.3401347, -0.7358408, 2.435593
FootLeft: -0.3032153, -0.7890055, 2.334662
HipRight: -0.2197445, 0.09937162, 2.634312
KneeRight: -0.3187677, -0.4705477, 2.52983
AnkleRight: -0.3103414, -0.7362704, 2.438357
FootRight: -0.3212931, -0.7874441, 2.321613
=========
HipCenter: -0.3030804, 0.1577016, 2.644058
Spine: -0.3263388, 0.2056033, 2.715113
ShoulderCenter: -0.363582, 0.5744724, 2.804783
Head: -0.3173493, 0.7467954, 2.797787
ShoulderLeft: -0.4776829, 0.4305072, 2.716817
ElbowLeft: -0.5229458, 0.1962612, 2.65625
WristLeft: -0.5079472, -0.00621435, 2.526372
HandLeft: -0.5056805, -0.09856541, 2.485231
ShoulderRight: -0.1512945, 0.4831194, 2.831634
ElbowRight: 0.09033573, 0.5222607, 2.844776
WristRight: 0.3029627, 0.5335879, 2.847478
HandRight: 0.3739173, 0.537665, 2.852996
HipLeft: -0.3661453, 0.07495336, 2.594808
KneeLeft: -0.3198304, -0.4292869, 2.529951
AnkleLeft: -0.3400853, -0.7358152, 2.435624
FootLeft: -0.3032689, -0.7890249, 2.334533
HipRight: -0.2195309, 0.09943111, 2.63435
KneeRight: -0.3181149, -0.4703137, 2.530095
AnkleRight: -0.3101286, -0.73623, 2.438426
FootRight: -0.3216002, -0.7874324, 2.321753
=========
HipCenter: -0.3028523, 0.1577227, 2.644127
Spine: -0.3260839, 0.2055873, 2.715158
ShoulderCenter: -0.3631983, 0.5742581, 2.80478
Head: -0.3173828, 0.746625, 2.797675
ShoulderLeft: -0.477637, 0.4305043, 2.716811
ElbowLeft: -0.5228816, 0.19602, 2.656087
WristLeft: -0.5082328, -0.005305432, 2.527397
HandLeft: -0.5056328, -0.09739782, 2.485654
ShoulderRight: -0.1512521, 0.483225, 2.831605
ElbowRight: 0.09828406, 0.5256804, 2.844206
WristRight: 0.3111597, 0.5351114, 2.847266
HandRight: 0.3779266, 0.5380035, 2.85293
HipLeft: -0.3657939, 0.07525707, 2.595114
KneeLeft: -0.3198024, -0.4293597, 2.529957
AnkleLeft: -0.3400417, -0.7357874, 2.435653
FootLeft: -0.3033559, -0.7890507, 2.334269
HipRight: -0.2192179, 0.09923771, 2.634355
KneeRight: -0.3175707, -0.4701643, 2.530316
AnkleRight: -0.3097768, -0.7361182, 2.43857
FootRight: -0.3218706, -0.7874251, 2.321866
=========
HipCenter: -0.3026191, 0.1577345, 2.644193
Spine: -0.3258282, 0.2055625, 2.715199
ShoulderCenter: -0.3628311, 0.5740492, 2.804777
Head: -0.3174312, 0.7464603, 2.797601
ShoulderLeft: -0.4775212, 0.4305118, 2.716799
ElbowLeft: -0.5227994, 0.1957712, 2.655955
WristLeft: -0.5084448, -0.004616529, 2.528183
HandLeft: -0.505531, -0.09647646, 2.485963
ShoulderRight: -0.1511966, 0.4833342, 2.831577
ElbowRight: 0.1005262, 0.5267401, 2.844108
WristRight: 0.3135991, 0.5358254, 2.847021
HandRight: 0.3805316, 0.5386624, 2.852605
HipLeft: -0.3653695, 0.07574548, 2.595521
KneeLeft: -0.3197739, -0.429433, 2.529963
AnkleLeft: -0.3399547, -0.7357498, 2.435692
FootLeft: -0.3034419, -0.7890757, 2.334009
HipRight: -0.2187636, 0.09873581, 2.634259
KneeRight: -0.3171812, -0.4701049, 2.53045
AnkleRight: -0.3094652, -0.7360061, 2.438715
FootRight: -0.3219542, -0.7874292, 2.321962
=========
HipCenter: -0.3024001, 0.1577564, 2.644256
Spine: -0.325556, 0.2055489, 2.715242
ShoulderCenter: -0.3624102, 0.5737997, 2.804721
Head: -0.317467, 0.7462928, 2.797523
ShoulderLeft: -0.4774708, 0.4305089, 2.716835
ElbowLeft: -0.5226834, 0.1954446, 2.655798
WristLeft: -0.5086217, -0.00406495, 2.528845
HandLeft: -0.5054156, -0.09573451, 2.486237
ShoulderRight: -0.1511298, 0.4834526, 2.831537
ElbowRight: 0.102538, 0.5276966, 2.84388
WristRight: 0.3158605, 0.5365166, 2.846779
HandRight: 0.3832651, 0.5393583, 2.852342
HipLeft: -0.364965, 0.07654662, 2.596205
KneeLeft: -0.3197468, -0.429502, 2.529965
AnkleLeft: -0.3398465, -0.7357032, 2.435735
FootLeft: -0.3035249, -0.7890974, 2.333753
HipRight: -0.2182999, 0.09818165, 2.634094
KneeRight: -0.3166979, -0.4701825, 2.530576
AnkleRight: -0.3090769, -0.7358445, 2.438914
FootRight: -0.3220028, -0.7874352, 2.322052
=========
HipCenter: -0.3021907, 0.1577683, 2.644322
Spine: -0.3252848, 0.2055247, 2.715292
ShoulderCenter: -0.3620076, 0.5735647, 2.804712
Head: -0.3175007, 0.7461444, 2.797461
ShoulderLeft: -0.4774239, 0.4305092, 2.71688
ElbowLeft: -0.5225698, 0.1951307, 2.65565
WristLeft: -0.5086892, -0.003804427, 2.529153
HandLeft: -0.5053168, -0.09534644, 2.486342
ShoulderRight: -0.1510616, 0.4835709, 2.83149
ElbowRight: 0.1048277, 0.5288, 2.843503
WristRight: 0.3186796, 0.5376468, 2.846557
HandRight: 0.385708, 0.5401351, 2.852227
HipLeft: -0.3645915, 0.07736766, 2.596912
KneeLeft: -0.319719, -0.4295711, 2.529968
AnkleLeft: -0.3397454, -0.7356611, 2.435774
FootLeft: -0.303601, -0.7891147, 2.333514
HipRight: -0.2178154, 0.0974465, 2.633851
KneeRight: -0.3161161, -0.4704858, 2.530714
AnkleRight: -0.3086991, -0.7356801, 2.439112
FootRight: -0.3220415, -0.7874454, 2.322104
=========
HipCenter: -0.3020226, 0.1577688, 2.644377
Spine: -0.3250507, 0.2054969, 2.715336
ShoulderCenter: -0.3616505, 0.5733579, 2.804698
Head: -0.3175882, 0.7459818, 2.7974
ShoulderLeft: -0.4773796, 0.4305079, 2.716938
ElbowLeft: -0.5224088, 0.1947433, 2.655472
WristLeft: -0.5087398, -0.003600738, 2.529398
HandLeft: -0.5052219, -0.09503162, 2.486421
ShoulderRight: -0.1509968, 0.4836852, 2.831445
ElbowRight: 0.1064057, 0.5295427, 2.84326
WristRight: 0.3205255, 0.5378535, 2.846473
HandRight: 0.3882381, 0.5400364, 2.852243
HipLeft: -0.3643158, 0.07813451, 2.597597
KneeLeft: -0.3196915, -0.4296368, 2.529972
AnkleLeft: -0.3396556, -0.735616, 2.435802
FootLeft: -0.3036713, -0.7891455, 2.333198
HipRight: -0.2174573, 0.09659486, 2.633503
KneeRight: -0.3155901, -0.470949, 2.530828
AnkleRight: -0.3082187, -0.7353181, 2.439458
FootRight: -0.3220773, -0.7874538, 2.322139
=========
HipCenter: -0.3018748, 0.157768, 2.644423
Spine: -0.3248414, 0.2054711, 2.715372
ShoulderCenter: -0.3613459, 0.5731636, 2.804676
Head: -0.3177381, 0.7458056, 2.79735
ShoulderLeft: -0.477344, 0.4305019, 2.717005
ElbowLeft: -0.5222117, 0.1942904, 2.655261
WristLeft: -0.5087751, -0.003448338, 2.529579
HandLeft: -0.5051385, -0.09478275, 2.486466
ShoulderRight: -0.1509308, 0.4838283, 2.83142
ElbowRight: 0.1077728, 0.5302015, 2.843031
WristRight: 0.3221323, 0.5381143, 2.846529
HandRight: 0.390553, 0.5401374, 2.852497
HipLeft: -0.3641021, 0.07884197, 2.598187
KneeLeft: -0.3196652, -0.4296991, 2.529973
AnkleLeft: -0.3395132, -0.7355634, 2.435833
FootLeft: -0.3037241, -0.7891834, 2.33286
HipRight: -0.2171361, 0.0957737, 2.633151
KneeRight: -0.3150935, -0.4715137, 2.530928
AnkleRight: -0.307773, -0.7350007, 2.439786
FootRight: -0.3221181, -0.7874668, 2.322189
=========
HipCenter: -0.3015594, 0.1577761, 2.644522
Spine: -0.3245278, 0.2054432, 2.715439
ShoulderCenter: -0.3610926, 0.5729859, 2.804665
Head: -0.3178588, 0.745645, 2.797268
ShoulderLeft: -0.4772919, 0.4305151, 2.717087
ElbowLeft: -0.5221252, 0.1940819, 2.655169
WristLeft: -0.5087993, -0.003332536, 2.529717
HandLeft: -0.5050622, -0.09458525, 2.486493
ShoulderRight: -0.150866, 0.4839738, 2.831403
ElbowRight: 0.1088525, 0.5307199, 2.842841
WristRight: 0.3234681, 0.538534, 2.846686
HandRight: 0.3925422, 0.5406241, 2.85291
HipLeft: -0.3636409, 0.07965431, 2.598836
KneeLeft: -0.3196395, -0.4297578, 2.529973
AnkleLeft: -0.3394111, -0.7355105, 2.435846
FootLeft: -0.3037722, -0.7892166, 2.332548
HipRight: -0.2165648, 0.09504611, 2.632891
KneeRight: -0.3134138, -0.4717869, 2.531568
AnkleRight: -0.3074992, -0.7348123, 2.439983
FootRight: -0.3221648, -0.7874795, 2.322239
=========
HipCenter: -0.3012555, 0.1577891, 2.644623
Spine: -0.3242184, 0.2054204, 2.715507
ShoulderCenter: -0.3608411, 0.572792, 2.804638
Head: -0.3180094, 0.7453922, 2.797107
ShoulderLeft: -0.4772575, 0.4305241, 2.717194
ElbowLeft: -0.5220073, 0.1938251, 2.655009
WristLeft: -0.5088097, -0.003257277, 2.529818
HandLeft: -0.5049742, -0.09445603, 2.486501
ShoulderRight: -0.150783, 0.4841492, 2.831393
ElbowRight: 0.1097715, 0.5311613, 2.84268
WristRight: 0.3246169, 0.5386015, 2.846779
HandRight: 0.3942962, 0.5405179, 2.853172
HipLeft: -0.363255, 0.0804288, 2.59944
KneeLeft: -0.3196147, -0.429819, 2.529972
AnkleLeft: -0.339276, -0.7354507, 2.435863
FootLeft: -0.3038079, -0.7892545, 2.332236
HipRight: -0.2160384, 0.09438696, 2.63266
KneeRight: -0.3118835, -0.4722152, 2.532121
AnkleRight: -0.3072642, -0.7346444, 2.440159
FootRight: -0.3222084, -0.7874904, 2.322278
=========
HipCenter: -0.3009674, 0.1577956, 2.644723
Spine: -0.3239295, 0.2053922, 2.715576
ShoulderCenter: -0.3606657, 0.5726135, 2.804621
Head: -0.3181051, 0.7452127, 2.79706
ShoulderLeft: -0.4772157, 0.4305383, 2.71731
ElbowLeft: -0.5218518, 0.1934386, 2.654774
WristLeft: -0.5087954, -0.003245073, 2.529896
HandLeft: -0.5048624, -0.09440105, 2.486485
ShoulderRight: -0.1506965, 0.4843209, 2.831383
ElbowRight: 0.1106349, 0.5315377, 2.842515
WristRight: 0.3257394, 0.5388641, 2.846757
HandRight: 0.3959785, 0.5408074, 2.853215
HipLeft: -0.3628885, 0.08113477, 2.60004
KneeLeft: -0.3195924, -0.4298742, 2.529971
AnkleLeft: -0.3391833, -0.7353944, 2.435882
FootLeft: -0.3038298, -0.7892985, 2.331919
HipRight: -0.2155762, 0.09380571, 2.632451
KneeRight: -0.310327, -0.4731646, 2.532626
AnkleRight: -0.3069736, -0.7344251, 2.440397
FootRight: -0.3222796, -0.7874939, 2.322343
=========
HipCenter: -0.3006806, 0.1578164, 2.644827
Spine: -0.3236381, 0.2053676, 2.715651
ShoulderCenter: -0.3605294, 0.5724227, 2.804659
Head: -0.3183236, 0.7449942, 2.797148
ShoulderLeft: -0.4771916, 0.4305484, 2.717436
ElbowLeft: -0.5217348, 0.1931407, 2.6546
WristLeft: -0.5087729, -0.003266118, 2.529967
HandLeft: -0.5047585, -0.09437716, 2.486466
ShoulderRight: -0.1506211, 0.4844903, 2.831369
ElbowRight: 0.1114968, 0.5319146, 2.842328
WristRight: 0.3268763, 0.5392798, 2.846849
HandRight: 0.3976378, 0.541348, 2.853448
HipLeft: -0.3625652, 0.08179062, 2.600569
KneeLeft: -0.3195697, -0.4299285, 2.529968
AnkleLeft: -0.3391325, -0.7353579, 2.435894
FootLeft: -0.3038487, -0.7893453, 2.331636
HipRight: -0.215137, 0.09332862, 2.632262
KneeRight: -0.3089936, -0.4738446, 2.533096
AnkleRight: -0.3067007, -0.7342449, 2.44059
FootRight: -0.322341, -0.7874991, 2.322407
=========
HipCenter: -0.3003295, 0.1578459, 2.644959
Spine: -0.3233008, 0.2053472, 2.715747
ShoulderCenter: -0.360417, 0.5722475, 2.804702
Head: -0.318533, 0.744781, 2.797272
ShoulderLeft: -0.4771668, 0.4305641, 2.71756
ElbowLeft: -0.5216269, 0.1928549, 2.65444
WristLeft: -0.5087405, -0.003317936, 2.530024
HandLeft: -0.5046505, -0.09438635, 2.486437
ShoulderRight: -0.1505513, 0.4846441, 2.831351
ElbowRight: 0.1122827, 0.5322671, 2.84216
WristRight: 0.327895, 0.5394508, 2.84688
HandRight: 0.3990841, 0.5414993, 2.853559
HipLeft: -0.3621951, 0.08241467, 2.601068
KneeLeft: -0.3195447, -0.4299804, 2.529967
AnkleLeft: -0.3390607, -0.735312, 2.435909
FootLeft: -0.303857, -0.7893847, 2.33144
HipRight: -0.2146711, 0.09290811, 2.632119
KneeRight: -0.3074764, -0.4743804, 2.533648
AnkleRight: -0.306519, -0.7341304, 2.440715
FootRight: -0.3224319, -0.7875126, 2.322474
=========
HipCenter: -0.300016, 0.1578663, 2.645081
Spine: -0.3229946, 0.2053316, 2.715836
ShoulderCenter: -0.3602969, 0.5720802, 2.804705
Head: -0.3187757, 0.7444499, 2.79731
ShoulderLeft: -0.4771432, 0.4305946, 2.7177
ElbowLeft: -0.5214988, 0.1924641, 2.654202
WristLeft: -0.5086902, -0.003396633, 2.530059
HandLeft: -0.5045567, -0.09442991, 2.486409
ShoulderRight: -0.1504866, 0.4847876, 2.831334
ElbowRight: 0.1129646, 0.5325704, 2.842032
WristRight: 0.3288411, 0.5393594, 2.847007
HandRight: 0.4004303, 0.5412384, 2.853806
HipLeft: -0.3618969, 0.08292978, 2.601484
KneeLeft: -0.3195225, -0.4300264, 2.529965
AnkleLeft: -0.3389813, -0.7352642, 2.435927
FootLeft: -0.3038393, -0.7894329, 2.331235
HipRight: -0.2142885, 0.09250789, 2.632001
KneeRight: -0.3064692, -0.4750055, 2.534008
AnkleRight: -0.3063595, -0.7340289, 2.440824
FootRight: -0.3225224, -0.7875255, 2.322548
=========
HipCenter: -0.2996919, 0.1579109, 2.645222
Spine: -0.3226807, 0.2053284, 2.715945
ShoulderCenter: -0.3602413, 0.5719376, 2.804768
Head: -0.3189739, 0.7442169, 2.797378
ShoulderLeft: -0.4771467, 0.4306215, 2.717872
ElbowLeft: -0.5214095, 0.1922035, 2.654054
WristLeft: -0.5086473, -0.003468398, 2.530102
HandLeft: -0.5044873, -0.09452674, 2.486472
ShoulderRight: -0.1504297, 0.4849181, 2.831322
ElbowRight: 0.1135446, 0.5328181, 2.841928
WristRight: 0.329662, 0.5392869, 2.847115
HandRight: 0.4015628, 0.5410436, 2.854002
HipLeft: -0.3615978, 0.08341669, 2.601886
KneeLeft: -0.3194993, -0.4300758, 2.529961
AnkleLeft: -0.3389144, -0.7352208, 2.435942
FootLeft: -0.3038216, -0.789466, 2.331083
HipRight: -0.2139241, 0.09220594, 2.631904
KneeRight: -0.3055005, -0.4755302, 2.534348
AnkleRight: -0.3061883, -0.7339456, 2.440927
FootRight: -0.3226029, -0.7875353, 2.322595
=========
HipCenter: -0.2994449, 0.1579316, 2.645343
Spine: -0.3224339, 0.2053177, 2.716042
ShoulderCenter: -0.3602144, 0.571821, 2.804833
Head: -0.3192237, 0.7439756, 2.797518
ShoulderLeft: -0.4771403, 0.4306587, 2.718051
ElbowLeft: -0.5213763, 0.1920805, 2.653993
WristLeft: -0.5086054, -0.003537942, 2.530155
HandLeft: -0.5044537, -0.09467968, 2.486636
ShoulderRight: -0.1503785, 0.4850371, 2.831312
ElbowRight: 0.1141193, 0.5330415, 2.841838
WristRight: 0.3304829, 0.5391709, 2.847231
HandRight: 0.4026453, 0.5408021, 2.854194
HipLeft: -0.3613674, 0.08382732, 2.602235
KneeLeft: -0.319478, -0.4301222, 2.529959
AnkleLeft: -0.3388539, -0.7351782, 2.435961
FootLeft: -0.3038119, -0.7894855, 2.330974
HipRight: -0.2136706, 0.09191192, 2.631814
KneeRight: -0.3048716, -0.4760544, 2.53456
AnkleRight: -0.3060921, -0.7339169, 2.440991
FootRight: -0.322707, -0.7875459, 2.322664
=========
HipCenter: -0.2992335, 0.157956, 2.645455
Spine: -0.3222191, 0.2053141, 2.716133
ShoulderCenter: -0.3601989, 0.5717216, 2.804895
Head: -0.3194856, 0.7437924, 2.797727
ShoulderLeft: -0.4771324, 0.430691, 2.71824
ElbowLeft: -0.5213536, 0.1919863, 2.65395
WristLeft: -0.5085583, -0.003617235, 2.530209
HandLeft: -0.5044403, -0.09486271, 2.486833
ShoulderRight: -0.1503286, 0.4851582, 2.831312
ElbowRight: 0.1146786, 0.533253, 2.841741
WristRight: 0.3312851, 0.5389897, 2.847368
HandRight: 0.4036717, 0.5404701, 2.854417
HipLeft: -0.3611802, 0.08420579, 2.602543
KneeLeft: -0.3194571, -0.430164, 2.529957
AnkleLeft: -0.3388095, -0.7351459, 2.43598
FootLeft: -0.3038, -0.7895021, 2.330873
HipRight: -0.2134686, 0.09166696, 2.631742
KneeRight: -0.3044024, -0.4765393, 2.534712
AnkleRight: -0.3060198, -0.7339064, 2.441046
FootRight: -0.3227658, -0.7875494, 2.32277
=========
HipCenter: -0.2990384, 0.1580053, 2.645576
Spine: -0.322014, 0.2053332, 2.716236
ShoulderCenter: -0.3602042, 0.5716376, 2.80497
Head: -0.3197162, 0.7436549, 2.797919
ShoulderLeft: -0.4771817, 0.4307039, 2.718491
ElbowLeft: -0.5213394, 0.1919135, 2.65392
WristLeft: -0.5085148, -0.003688787, 2.530255
HandLeft: -0.5044242, -0.09503533, 2.48702
ShoulderRight: -0.1502836, 0.4852749, 2.831318
ElbowRight: 0.115265, 0.5334221, 2.841627
WristRight: 0.332135, 0.5387037, 2.847536
HandRight: 0.4047177, 0.5400064, 2.854688
HipLeft: -0.3610316, 0.08454785, 2.602811
KneeLeft: -0.3194363, -0.4302027, 2.529954
AnkleLeft: -0.3387546, -0.7350983, 2.436011
FootLeft: -0.3037884, -0.7895147, 2.330789
HipRight: -0.2132912, 0.09148936, 2.631691
KneeRight: -0.3040667, -0.4767413, 2.534862
AnkleRight: -0.305979, -0.7339061, 2.441086
FootRight: -0.3229089, -0.7875581, 2.322836
=========
HipCenter: -0.2988481, 0.1580717, 2.645704
Spine: -0.3218172, 0.2053642, 2.716339
ShoulderCenter: -0.3602147, 0.5715608, 2.805037
Head: -0.31985, 0.7435788, 2.798023
ShoulderLeft: -0.4772567, 0.4307025, 2.71877
ElbowLeft: -0.5213536, 0.1918787, 2.653924
WristLeft: -0.5084656, -0.003763128, 2.530293
HandLeft: -0.5044076, -0.09521165, 2.487197
ShoulderRight: -0.1502441, 0.4853679, 2.831328
ElbowRight: 0.1158013, 0.5335494, 2.841519
WristRight: 0.332977, 0.5382471, 2.847619
HandRight: 0.4057429, 0.5392982, 2.85483
HipLeft: -0.3609001, 0.08486462, 2.603066
KneeLeft: -0.3194166, -0.4302351, 2.529952
AnkleLeft: -0.338702, -0.7350543, 2.436049
FootLeft: -0.303777, -0.7895244, 2.33072
HipRight: -0.2131279, 0.09135792, 2.63165
KneeRight: -0.3037299, -0.4768614, 2.535024
AnkleRight: -0.3059759, -0.73393, 2.441133
FootRight: -0.3230945, -0.7875741, 2.322919
=========
HipCenter: -0.2987179, 0.1581049, 2.645813
Spine: -0.3216556, 0.2053798, 2.716443
ShoulderCenter: -0.3602242, 0.5714904, 2.805123
Head: -0.3199534, 0.7435482, 2.798099
ShoulderLeft: -0.4773591, 0.4306847, 2.719139
ElbowLeft: -0.521378, 0.1918132, 2.653934
WristLeft: -0.5084363, -0.003686852, 2.530422
HandLeft: -0.5043979, -0.09516907, 2.487405
ShoulderRight: -0.1502108, 0.4854495, 2.83134
ElbowRight: 0.1163655, 0.5334827, 2.841354
WristRight: 0.3338731, 0.5380278, 2.847223
HandRight: 0.4068011, 0.53906, 2.854285
HipLeft: -0.3608402, 0.08508859, 2.603297
KneeLeft: -0.3193985, -0.4302649, 2.529949
AnkleLeft: -0.3386693, -0.7350139, 2.436087
FootLeft: -0.3037675, -0.789533, 2.33066
HipRight: -0.2130256, 0.0912402, 2.631611
KneeRight: -0.3035304, -0.4769568, 2.535116
AnkleRight: -0.3060167, -0.7339997, 2.441172
FootRight: -0.3232965, -0.7875968, 2.323015
=========
HipCenter: -0.2986148, 0.1581221, 2.645911
Spine: -0.3215233, 0.2053858, 2.716537
ShoulderCenter: -0.3602327, 0.5714279, 2.805223
Head: -0.3200146, 0.7435468, 2.798139
ShoulderLeft: -0.4774047, 0.4306989, 2.719433
ElbowLeft: -0.5214027, 0.1917445, 2.653949
WristLeft: -0.5084049, -0.003624355, 2.530543
HandLeft: -0.5043854, -0.09513636, 2.487559
ShoulderRight: -0.1501842, 0.4855113, 2.831345
ElbowRight: 0.1172133, 0.5330932, 2.841145
WristRight: 0.3354792, 0.5361066, 2.846403
HandRight: 0.408671, 0.5364991, 2.853114
HipLeft: -0.3608015, 0.08526427, 2.603479
KneeLeft: -0.3193651, -0.4303257, 2.529945
AnkleLeft: -0.3386411, -0.734976, 2.436125
FootLeft: -0.3037629, -0.7895422, 2.330606
HipRight: -0.2129584, 0.0910995, 2.63159
KneeRight: -0.303394, -0.4770396, 2.535175
AnkleRight: -0.3060228, -0.7340646, 2.441242
FootRight: -0.3234814, -0.7876208, 2.323107
=========
HipCenter: -0.2985516, 0.1581334, 2.645987
Spine: -0.3214232, 0.205389, 2.716617
ShoulderCenter: -0.3602311, 0.5713695, 2.805322
Head: -0.3200563, 0.743619, 2.798161
ShoulderLeft: -0.4774652, 0.4306977, 2.719761
ElbowLeft: -0.5214399, 0.1916402, 2.653972
WristLeft: -0.5083558, -0.00359192, 2.530654
HandLeft: -0.5043805, -0.09513372, 2.487702
ShoulderRight: -0.1501617, 0.485552, 2.831349
ElbowRight: 0.1185353, 0.531449, 2.840624
WristRight: 0.338936, 0.5277442, 2.839404
HandRight: 0.4110135, 0.5305128, 2.847608
HipLeft: -0.3608354, 0.08542775, 2.603619
KneeLeft: -0.3193292, -0.4303919, 2.529941
AnkleLeft: -0.3385841, -0.7349525, 2.436169
FootLeft: -0.3037596, -0.7895481, 2.330572
HipRight: -0.2129581, 0.09090884, 2.631564
KneeRight: -0.303359, -0.4771086, 2.535199
AnkleRight: -0.30598, -0.7341015, 2.441333
FootRight: -0.3237312, -0.7876761, 2.32314
=========
HipCenter: -0.2985044, 0.1581407, 2.646055
Spine: -0.3213393, 0.2053911, 2.716691
ShoulderCenter: -0.3602185, 0.5713198, 2.805413
Head: -0.3201198, 0.7438925, 2.798266
ShoulderLeft: -0.4775327, 0.4306785, 2.720109
ElbowLeft: -0.5214701, 0.1915357, 2.653991
WristLeft: -0.5083141, -0.003572236, 2.530755
HandLeft: -0.5043801, -0.0951425, 2.487836
ShoulderRight: -0.1501396, 0.4855689, 2.831354
ElbowRight: 0.1220904, 0.5255047, 2.839115
WristRight: 0.3435315, 0.5177625, 2.834636
HandRight: 0.4142038, 0.523159, 2.843386
HipLeft: -0.3608909, 0.0855693, 2.60373
KneeLeft: -0.3192925, -0.4304571, 2.529938
AnkleLeft: -0.3385608, -0.7349218, 2.43621
FootLeft: -0.3037564, -0.7895544, 2.330543
HipRight: -0.2129857, 0.0906987, 2.63155
KneeRight: -0.3033659, -0.477164, 2.535207
AnkleRight: -0.3059971, -0.7342556, 2.44135
FootRight: -0.3239855, -0.7877297, 2.323178
=========
HipCenter: -0.2985284, 0.1581207, 2.646122
Spine: -0.3213048, 0.2053814, 2.716749
ShoulderCenter: -0.3602171, 0.5712777, 2.80551
Head: -0.3201684, 0.7442757, 2.798359
ShoulderLeft: -0.4776291, 0.4306415, 2.720523
ElbowLeft: -0.5215108, 0.1913847, 2.654017
WristLeft: -0.5082747, -0.003570671, 2.530836
HandLeft: -0.5043901, -0.09518825, 2.487992
ShoulderRight: -0.1501535, 0.4854582, 2.831322
ElbowRight: 0.1250594, 0.5188187, 2.836932
WristRight: 0.3464679, 0.5105293, 2.831141
HandRight: 0.4167082, 0.5168836, 2.839802
HipLeft: -0.3611399, 0.08572724, 2.603848
KneeLeft: -0.3192511, -0.4305261, 2.529938
AnkleLeft: -0.3385567, -0.7349057, 2.436231
FootLeft: -0.3037192, -0.7896103, 2.330372
HipRight: -0.2132046, 0.09035599, 2.631487
KneeRight: -0.3034856, -0.4771847, 2.535169
AnkleRight: -0.306065, -0.7345364, 2.441248
FootRight: -0.324223, -0.7877828, 2.323208
=========
HipCenter: -0.2985665, 0.1580937, 2.646183
Spine: -0.3212821, 0.2053692, 2.716802
ShoulderCenter: -0.3602154, 0.5712439, 2.805601
Head: -0.3202271, 0.7445255, 2.798465
ShoulderLeft: -0.4777245, 0.4306073, 2.720934
ElbowLeft: -0.5215488, 0.1912346, 2.654059
WristLeft: -0.5082405, -0.003570575, 2.530914
HandLeft: -0.5043797, -0.09523079, 2.488143
ShoulderRight: -0.1502416, 0.4850005, 2.831135
ElbowRight: 0.1263422, 0.5092226, 2.831485
WristRight: 0.3474076, 0.4987246, 2.826497
HandRight: 0.4185695, 0.4979392, 2.832397
HipLeft: -0.3613728, 0.08586006, 2.603913
KneeLeft: -0.3192071, -0.4305997, 2.52994
AnkleLeft: -0.3385542, -0.734899, 2.436247
FootLeft: -0.3036702, -0.7896667, 2.330196
HipRight: -0.2134367, 0.0899983, 2.63145
KneeRight: -0.3038642, -0.4770457, 2.535004
AnkleRight: -0.3060246, -0.734641, 2.441259
FootRight: -0.3244356, -0.7878326, 2.323223
=========
HipCenter: -0.2985836, 0.1580754, 2.646252
Spine: -0.3212511, 0.2053573, 2.716875
ShoulderCenter: -0.3602109, 0.5712171, 2.80574
Head: -0.3201997, 0.7446542, 2.798561
ShoulderLeft: -0.4778376, 0.4305857, 2.72151
ElbowLeft: -0.5215852, 0.1910832, 2.654104
WristLeft: -0.5082101, -0.003576311, 2.530987
HandLeft: -0.5043777, -0.09528278, 2.488299
ShoulderRight: -0.1503545, 0.4843344, 2.830905
ElbowRight: 0.126932, 0.4998343, 2.826752
WristRight: 0.3468462, 0.4763526, 2.818818
HandRight: 0.4187433, 0.4650813, 2.820899
HipLeft: -0.3614924, 0.08598427, 2.603935
KneeLeft: -0.3191543, -0.4306825, 2.529947
AnkleLeft: -0.3385573, -0.7348955, 2.436259
FootLeft: -0.3036274, -0.7897243, 2.330016
HipRight: -0.2135655, 0.08965814, 2.631566
KneeRight: -0.3042597, -0.4768797, 2.534857
AnkleRight: -0.3059644, -0.7347385, 2.441275
FootRight: -0.3246539, -0.7878913, 2.323237
=========
HipCenter: -0.2986299, 0.1580344, 2.646318
Spine: -0.3212313, 0.2053384, 2.71694
ShoulderCenter: -0.360079, 0.5711793, 2.805883
Head: -0.3200842, 0.7447529, 2.798788
ShoulderLeft: -0.4779486, 0.4305638, 2.722078
ElbowLeft: -0.5216174, 0.1909262, 2.654155
WristLeft: -0.5081871, -0.003588917, 2.531051
HandLeft: -0.5045829, -0.09462357, 2.488938
ShoulderRight: -0.1505013, 0.4830197, 2.830414
ElbowRight: 0.1237238, 0.4793542, 2.815878
WristRight: 0.342235, 0.4481744, 2.801192
HandRight: 0.4148768, 0.4346691, 2.80018
HipLeft: -0.3616755, 0.08609701, 2.603922
KneeLeft: -0.3190974, -0.4307821, 2.52996
AnkleLeft: -0.3385661, -0.7348946, 2.436269
FootLeft: -0.3035857, -0.7897797, 2.329847
HipRight: -0.2138385, 0.08917723, 2.631693
KneeRight: -0.3044993, -0.4767931, 2.534776
AnkleRight: -0.3059241, -0.7348015, 2.441287
FootRight: -0.3248489, -0.7879419, 2.323248
=========
HipCenter: -0.2987123, 0.1579797, 2.646373
Spine: -0.3212269, 0.2053165, 2.716996
ShoulderCenter: -0.3599267, 0.5711582, 2.806053
Head: -0.3199724, 0.7448108, 2.79901
ShoulderLeft: -0.4779932, 0.4305777, 2.722569
ElbowLeft: -0.5216654, 0.1906756, 2.654252
WristLeft: -0.5081653, -0.003614062, 2.531107
HandLeft: -0.5051187, -0.09297925, 2.490561
ShoulderRight: -0.1507515, 0.4813381, 2.829713
ElbowRight: 0.1213823, 0.4662368, 2.809095
WristRight: 0.3385317, 0.4277503, 2.788986
HandRight: 0.411387, 0.4126657, 2.786079
HipLeft: -0.3619696, 0.08630603, 2.603787
KneeLeft: -0.3190401, -0.430887, 2.529979
AnkleLeft: -0.3385915, -0.7348949, 2.436285
FootLeft: -0.3035772, -0.7898024, 2.329764
HipRight: -0.2143195, 0.08855119, 2.631841
KneeRight: -0.3047562, -0.4767258, 2.534719
AnkleRight: -0.3058622, -0.7348617, 2.441305
FootRight: -0.3250163, -0.7879899, 2.323251
=========
HipCenter: -0.2987854, 0.157937, 2.646422
Spine: -0.3212233, 0.2052978, 2.717047
ShoulderCenter: -0.3597979, 0.5711486, 2.806221
Head: -0.3198411, 0.7448683, 2.799264
ShoulderLeft: -0.4780131, 0.4305975, 2.722999
ElbowLeft: -0.5216995, 0.1903876, 2.654295
WristLeft: -0.5081391, -0.003676671, 2.531153
HandLeft: -0.5054144, -0.09281974, 2.491177
ShoulderRight: -0.1509865, 0.4793625, 2.828753
ElbowRight: 0.1200769, 0.4575526, 2.80444
WristRight: 0.3356197, 0.4103233, 2.780734
HandRight: 0.4081801, 0.392855, 2.776725
HipLeft: -0.3622468, 0.08663582, 2.603526
KneeLeft: -0.3189888, -0.4309788, 2.529997
AnkleLeft: -0.3386422, -0.7348818, 2.436315
FootLeft: -0.3035815, -0.789822, 2.329689
HipRight: -0.2146982, 0.08797283, 2.632078
KneeRight: -0.3049915, -0.4766668, 2.534676
AnkleRight: -0.3057479, -0.7349336, 2.441345
FootRight: -0.3251539, -0.7880304, 2.323247
=========
HipCenter: -0.298862, 0.1578947, 2.646469
Spine: -0.3212224, 0.2052775, 2.717099
ShoulderCenter: -0.3596288, 0.571161, 2.806463
Head: -0.3196936, 0.7449239, 2.799558
ShoulderLeft: -0.4780318, 0.4306356, 2.723419
ElbowLeft: -0.5217441, 0.1901738, 2.654352
WristLeft: -0.5081473, -0.003749168, 2.531246
HandLeft: -0.5057581, -0.09300467, 2.491726
ShoulderRight: -0.1512223, 0.4776428, 2.827889
ElbowRight: 0.1199666, 0.4497101, 2.800338
WristRight: 0.3343275, 0.3937236, 2.770623
HandRight: 0.4063677, 0.3738484, 2.764544
HipLeft: -0.3625093, 0.08695895, 2.60326
KneeLeft: -0.3189363, -0.4310735, 2.530016
AnkleLeft: -0.338699, -0.7348706, 2.436346
FootLeft: -0.3035872, -0.7898365, 2.329632
HipRight: -0.2150525, 0.0874458, 2.632315
KneeRight: -0.305182, -0.4766249, 2.53466
AnkleRight: -0.3056767, -0.7349811, 2.44137
FootRight: -0.3252624, -0.7880728, 2.323197
=========
HipCenter: -0.2989657, 0.1578397, 2.646519
Spine: -0.3212268, 0.2052534, 2.717154
ShoulderCenter: -0.3594261, 0.5711941, 2.806744
Head: -0.3195483, 0.7449682, 2.799836
ShoulderLeft: -0.4780402, 0.4306746, 2.723812
ElbowLeft: -0.5217857, 0.1900301, 2.654447
WristLeft: -0.5081573, -0.003804242, 2.53136
HandLeft: -0.5060718, -0.09322695, 2.492221
ShoulderRight: -0.1516059, 0.4749185, 2.826362
ElbowRight: 0.120519, 0.442383, 2.796871
WristRight: 0.3335522, 0.3776692, 2.763393
HandRight: 0.4048765, 0.3552647, 2.756259
HipLeft: -0.3628109, 0.08728135, 2.602956
KneeLeft: -0.31889, -0.4311593, 2.530036
AnkleLeft: -0.3387448, -0.7348602, 2.436369
FootLeft: -0.3035896, -0.7898437, 2.329603
HipRight: -0.2155095, 0.08684351, 2.632622
KneeRight: -0.3052802, -0.4766012, 2.534658
AnkleRight: -0.3056328, -0.7350653, 2.441362
FootRight: -0.3253587, -0.7881066, 2.323143
=========
HipCenter: -0.2991451, 0.1577745, 2.646564
Spine: -0.3212509, 0.2052294, 2.717206
ShoulderCenter: -0.3592122, 0.5712475, 2.80703
Head: -0.3194099, 0.7450107, 2.800093
ShoulderLeft: -0.4780416, 0.4307209, 2.724181
ElbowLeft: -0.5218216, 0.1898794, 2.654558
WristLeft: -0.5081915, -0.003872493, 2.531492
HandLeft: -0.5064765, -0.0933849, 2.492845
ShoulderRight: -0.151938, 0.4728595, 2.825235
ElbowRight: 0.1108916, 0.4297639, 2.794742
WristRight: 0.3242145, 0.365455, 2.758409
HandRight: 0.3955413, 0.3434319, 2.750598
HipLeft: -0.3632472, 0.08764809, 2.602544
KneeLeft: -0.3188477, -0.431239, 2.530055
AnkleLeft: -0.3388199, -0.7348486, 2.436402
FootLeft: -0.3035985, -0.7898449, 2.329587
HipRight: -0.2161563, 0.08622659, 2.632951
KneeRight: -0.3053149, -0.4765958, 2.534689
AnkleRight: -0.3056405, -0.735143, 2.441326
FootRight: -0.3254389, -0.7881348, 2.323095
=========
HipCenter: -0.2992986, 0.1577253, 2.646601
Spine: -0.3212765, 0.2052093, 2.717253
ShoulderCenter: -0.3590109, 0.5713086, 2.807313
Head: -0.3190053, 0.7451674, 2.800598
ShoulderLeft: -0.4780016, 0.430772, 2.72454
ElbowLeft: -0.5218531, 0.1896934, 2.654694
WristLeft: -0.5082391, -0.003946886, 2.531633
HandLeft: -0.50691, -0.09366036, 2.493377
ShoulderRight: -0.1522217, 0.4707564, 2.824286
ElbowRight: 0.1100249, 0.4193467, 2.791903
WristRight: 0.3219037, 0.351449, 2.753155
HandRight: 0.406168, 0.3144098, 2.74959
HipLeft: -0.363618, 0.08801089, 2.602108
KneeLeft: -0.3188088, -0.4313125, 2.530071
AnkleLeft: -0.3388934, -0.7348347, 2.436424
FootLeft: -0.3036082, -0.7898444, 2.329575
HipRight: -0.2166131, 0.08579663, 2.633263
KneeRight: -0.2970613, -0.4706782, 2.539237
AnkleRight: -0.3057981, -0.7352726, 2.441174
FootRight: -0.3253939, -0.7881748, 2.322956
=========
HipCenter: -0.2994412, 0.1576728, 2.646636
Spine: -0.3213115, 0.2051829, 2.717301
ShoulderCenter: -0.3586619, 0.5714062, 2.807735
Head: -0.3185671, 0.7453506, 2.801303
ShoulderLeft: -0.477798, 0.4308775, 2.724842
ElbowLeft: -0.521858, 0.1894567, 2.654807
WristLeft: -0.5082794, -0.004078045, 2.531774
HandLeft: -0.5074127, -0.09422752, 2.493834
ShoulderRight: -0.1524179, 0.4688229, 2.823555
ElbowRight: 0.110075, 0.4070885, 2.787032
WristRight: 0.3174936, 0.32277, 2.748999
HandRight: 0.411292, 0.2828564, 2.75096
HipLeft: -0.3639291, 0.08832959, 2.6017
KneeLeft: -0.3187741, -0.4313797, 2.53009
AnkleLeft: -0.3389648, -0.734822, 2.436435
FootLeft: -0.3036164, -0.7898449, 2.329565
HipRight: -0.2170328, 0.08540584, 2.63358
KneeRight: -0.2916764, -0.4677253, 2.542148
AnkleRight: -0.3059122, -0.7353544, 2.441063
FootRight: -0.3253428, -0.7882113, 2.322818
=========
HipCenter: -0.2996073, 0.157559, 2.646669
Spine: -0.3213663, 0.2051229, 2.717358
ShoulderCenter: -0.3582777, 0.571519, 2.808226
Head: -0.3179855, 0.7454482, 2.802494
ShoulderLeft: -0.4775255, 0.4309883, 2.725084
ElbowLeft: -0.5218645, 0.1892188, 2.654927
WristLeft: -0.5083814, -0.00426946, 2.532003
HandLeft: -0.5078695, -0.09475832, 2.494197
ShoulderRight: -0.1525772, 0.4673249, 2.823067
ElbowRight: 0.08995582, 0.3894352, 2.784382
WristRight: 0.30294, 0.3089475, 2.747095
HandRight: 0.4040054, 0.2703657, 2.752038
HipLeft: -0.3641837, 0.08858271, 2.601351
KneeLeft: -0.31874, -0.4314422, 2.530112
AnkleLeft: -0.3390138, -0.7348129, 2.43644
FootLeft: -0.3036248, -0.7898469, 2.329542
HipRight: -0.2175371, 0.08489154, 2.633904
KneeRight: -0.2882645, -0.467869, 2.543385
AnkleRight: -0.3060019, -0.7354201, 2.44098
FootRight: -0.3252822, -0.7882453, 2.322675
=========
HipCenter: -0.2995887, 0.157442, 2.646729
Spine: -0.3213396, 0.2050472, 2.717433
ShoulderCenter: -0.3579201, 0.5716239, 2.808682
Head: -0.3172573, 0.7455844, 2.803801
ShoulderLeft: -0.4770854, 0.4311449, 2.725288
ElbowLeft: -0.5218589, 0.188942, 2.655048
WristLeft: -0.5084889, -0.004487119, 2.532232
HandLeft: -0.5083048, -0.09532218, 2.494529
ShoulderRight: -0.1525908, 0.4660371, 2.822972
ElbowRight: 0.08086716, 0.3815441, 2.783188
WristRight: 0.2941769, 0.2996165, 2.745535
HandRight: 0.395138, 0.25908, 2.748266
HipLeft: -0.3639365, 0.08874327, 2.600927
KneeLeft: -0.3187067, -0.4315031, 2.530137
AnkleLeft: -0.3390868, -0.7348001, 2.436443
FootLeft: -0.3036338, -0.7898478, 2.32952
HipRight: -0.2175525, 0.08451186, 2.634389
KneeRight: -0.2825461, -0.4668182, 2.54547
AnkleRight: -0.3011186, -0.7289739, 2.444212
FootRight: -0.324503, -0.7871318, 2.324493
=========
HipCenter: -0.2995631, 0.157334, 2.646789
Spine: -0.3213204, 0.2049748, 2.717504
ShoulderCenter: -0.3575104, 0.5717241, 2.809131
Head: -0.3164838, 0.7455417, 2.805049
ShoulderLeft: -0.476734, 0.4312641, 2.725455
ElbowLeft: -0.5218427, 0.1886838, 2.655149
WristLeft: -0.5086031, -0.004710018, 2.532464
HandLeft: -0.508759, -0.09590963, 2.494813
ShoulderRight: -0.1523442, 0.4645584, 2.823328
ElbowRight: 0.07737505, 0.37525, 2.781295
WristRight: 0.2890194, 0.291706, 2.743767
HandRight: 0.389616, 0.2499038, 2.743908
HipLeft: -0.3637479, 0.0888802, 2.600512
KneeLeft: -0.3186755, -0.4315603, 2.530163
AnkleLeft: -0.3391363, -0.7347906, 2.436449
FootLeft: -0.3036436, -0.7898455, 2.329504
HipRight: -0.2175537, 0.08409745, 2.634886
KneeRight: -0.2795467, -0.4670816, 2.546332
AnkleRight: -0.3000847, -0.7275484, 2.444924
FootRight: -0.3242418, -0.7870515, 2.324515
=========
HipCenter: -0.2991714, 0.1571245, 2.646999
Spine: -0.3210652, 0.2048203, 2.717692
ShoulderCenter: -0.3570367, 0.5717689, 2.809542
Head: -0.3154397, 0.7455379, 2.806423
ShoulderLeft: -0.4764098, 0.4313727, 2.725603
ElbowLeft: -0.5218475, 0.188488, 2.655258
WristLeft: -0.5087148, -0.004880444, 2.532708
HandLeft: -0.5091574, -0.09639488, 2.495074
ShoulderRight: -0.152051, 0.4632657, 2.823779
ElbowRight: 0.07821549, 0.3684157, 2.77837
WristRight: 0.2868225, 0.2821971, 2.741483
HandRight: 0.3764434, 0.2412041, 2.736989
HipLeft: -0.3631157, 0.08889693, 2.600167
KneeLeft: -0.3186463, -0.4316136, 2.530189
AnkleLeft: -0.3391606, -0.7347875, 2.436454
FootLeft: -0.3036556, -0.7898425, 2.329485
HipRight: -0.2168854, 0.08366683, 2.63572
KneeRight: -0.2663687, -0.4662437, 2.55086
AnkleRight: -0.2894912, -0.7220923, 2.450186
FootRight: -0.3213758, -0.7841526, 2.32932
=========
HipCenter: -0.2987542, 0.1568819, 2.647196
Spine: -0.3207791, 0.204641, 2.71788
ShoulderCenter: -0.3565459, 0.5718099, 2.809919
Head: -0.3142695, 0.7454439, 2.807504
ShoulderLeft: -0.4761167, 0.43147, 2.725742
ElbowLeft: -0.5218162, 0.1882758, 2.655346
WristLeft: -0.5088213, -0.005083742, 2.532935
HandLeft: -0.5095384, -0.09694959, 2.49528
ShoulderRight: -0.1517862, 0.461879, 2.824153
ElbowRight: 0.08428825, 0.3586068, 2.773223
WristRight: 0.2885463, 0.2699082, 2.738842
HandRight: 0.377875, 0.2230285, 2.72877
HipLeft: -0.3624547, 0.08882488, 2.599811
KneeLeft: -0.3186162, -0.4316688, 2.530219
AnkleLeft: -0.3391798, -0.7347853, 2.436459
FootLeft: -0.3036669, -0.7898388, 2.329468
HipRight: -0.2162604, 0.08323813, 2.636461
KneeRight: -0.263252, -0.4662899, 2.551853
AnkleRight: -0.2875101, -0.7206599, 2.451282
FootRight: -0.3209532, -0.7837369, 2.329966
=========
HipCenter: -0.2978749, 0.1566178, 2.647515
Spine: -0.3201867, 0.2044426, 2.718148
ShoulderCenter: -0.3560086, 0.5718464, 2.810228
Head: -0.312219, 0.7453187, 2.809233
ShoulderLeft: -0.4757837, 0.4315838, 2.725915
ElbowLeft: -0.5217578, 0.1880613, 2.655414
WristLeft: -0.5089197, -0.005302177, 2.533139
HandLeft: -0.5097682, -0.09714505, 2.495517
ShoulderRight: -0.1513101, 0.4602239, 2.824757
ElbowRight: 0.0937503, 0.3444397, 2.767261
WristRight: 0.2846319, 0.2256726, 2.729704
HandRight: 0.3741659, 0.1783083, 2.71604
HipLeft: -0.3611166, 0.08866075, 2.599328
KneeLeft: -0.3185865, -0.4317237, 2.530251
AnkleLeft: -0.3391815, -0.7347846, 2.43647
FootLeft: -0.3036773, -0.7898348, 2.329454
HipRight: -0.214887, 0.0827947, 2.637664
KneeRight: -0.2575762, -0.4664118, 2.55338
AnkleRight: -0.2828693, -0.7185733, 2.453244
FootRight: -0.320192, -0.7828574, 2.331502
=========
HipCenter: -0.2964795, 0.1563646, 2.647945
Spine: -0.3192699, 0.2042413, 2.718502
ShoulderCenter: -0.3555202, 0.5718807, 2.810499
Head: -0.3105038, 0.7451889, 2.810648
ShoulderLeft: -0.4754682, 0.4316955, 2.726091
ElbowLeft: -0.5216892, 0.1878653, 2.655467
WristLeft: -0.5090238, -0.005496489, 2.533301
HandLeft: -0.5098838, -0.09657349, 2.496174
ShoulderRight: -0.150915, 0.4587755, 2.825353
ElbowRight: 0.09665985, 0.3333741, 2.763151
WristRight: 0.2788632, 0.1996311, 2.721102
HandRight: 0.3659697, 0.1449149, 2.705377
HipLeft: -0.3589848, 0.08850669, 2.598748
KneeLeft: -0.3185585, -0.4317756, 2.530284
AnkleLeft: -0.3391325, -0.7347925, 2.436495
FootLeft: -0.3036798, -0.7898323, 2.329412
HipRight: -0.2128455, 0.08242202, 2.639137
KneeRight: -0.2527443, -0.4665098, 2.554729
AnkleRight: -0.2786582, -0.716897, 2.45502
FootRight: -0.3193667, -0.7819348, 2.333207
=========
HipCenter: -0.2957229, 0.1560644, 2.648171
Spine: -0.3186961, 0.2040233, 2.718737
ShoulderCenter: -0.3550889, 0.5719197, 2.81074
Head: -0.3091498, 0.7451155, 2.811792
ShoulderLeft: -0.4751503, 0.4318109, 2.72627
ElbowLeft: -0.5215907, 0.1876912, 2.655516
WristLeft: -0.5091115, -0.005657566, 2.533441
HandLeft: -0.5099854, -0.09621736, 2.49663
ShoulderRight: -0.1506446, 0.457418, 2.825871
ElbowRight: 0.09141494, 0.3237278, 2.760817
WristRight: 0.2708211, 0.1882923, 2.715996
HandRight: 0.3556105, 0.1301729, 2.70052
HipLeft: -0.357768, 0.08836251, 2.598247
KneeLeft: -0.3185349, -0.4318238, 2.530315
AnkleLeft: -0.3390932, -0.7347976, 2.436508
FootLeft: -0.3036815, -0.7898299, 2.32937
HipRight: -0.2121247, 0.08192505, 2.639909
KneeRight: -0.2517816, -0.4675048, 2.554804
AnkleRight: -0.2685936, -0.7158173, 2.461603
FootRight: -0.3175263, -0.7800628, 2.337966
=========
HipCenter: -0.2950659, 0.1557686, 2.648362
Spine: -0.3182618, 0.2038174, 2.718918
ShoulderCenter: -0.354482, 0.5719447, 2.81102
Head: -0.3078572, 0.7451156, 2.812855
ShoulderLeft: -0.4745585, 0.4320161, 2.726432
ElbowLeft: -0.5214698, 0.1875498, 2.655561
WristLeft: -0.5091749, -0.005774436, 2.533557
HandLeft: -0.5100201, -0.09614054, 2.496829
ShoulderRight: -0.1502932, 0.4558127, 2.827058
ElbowRight: 0.08010319, 0.3156751, 2.759818
WristRight: 0.2528443, 0.1772303, 2.712887
HandRight: 0.3394162, 0.1191982, 2.7009
HipLeft: -0.3567779, 0.08824419, 2.597834
KneeLeft: -0.3185532, -0.4319621, 2.530366
AnkleLeft: -0.3390603, -0.7347979, 2.436523
FootLeft: -0.3036827, -0.7898288, 2.329329
HipRight: -0.2115764, 0.08139162, 2.640566
KneeRight: -0.2514332, -0.4691637, 2.554579
AnkleRight: -0.261335, -0.7167711, 2.467583
FootRight: -0.3157975, -0.7785066, 2.342696
=========
HipCenter: -0.2940663, 0.1554212, 2.64861
Spine: -0.3176806, 0.2035809, 2.71914
ShoulderCenter: -0.3539806, 0.5720235, 2.81137
Head: -0.3067795, 0.7451502, 2.813764
ShoulderLeft: -0.4740066, 0.4322244, 2.72662
ElbowLeft: -0.5213141, 0.187475, 2.655609
WristLeft: -0.5092047, -0.005843346, 2.533634
HandLeft: -0.510033, -0.09609574, 2.49698
ShoulderRight: -0.1501358, 0.454475, 2.828207
ElbowRight: 0.0647691, 0.3098556, 2.762091
WristRight: 0.2410601, 0.1699389, 2.70956
HandRight: 0.3182561, 0.1106562, 2.695447
HipLeft: -0.3552336, 0.08813623, 2.597387
KneeLeft: -0.3185663, -0.4320845, 2.530415
AnkleLeft: -0.3390055, -0.734798, 2.43654
FootLeft: -0.3036831, -0.7898285, 2.329291
HipRight: -0.2106346, 0.08087876, 2.641334
KneeRight: -0.2495579, -0.4697524, 2.554965
AnkleRight: -0.250354, -0.7156739, 2.47625
FootRight: -0.3057097, -0.771834, 2.359882
=========
HipCenter: -0.292671, 0.1551586, 2.648953
Spine: -0.3168022, 0.2033806, 2.71946
ShoulderCenter: -0.353465, 0.572174, 2.811821
Head: -0.3057942, 0.7452112, 2.814564
ShoulderLeft: -0.4735079, 0.4324447, 2.726852
ElbowLeft: -0.5211518, 0.1874165, 2.655651
WristLeft: -0.5092156, -0.005912155, 2.533694
HandLeft: -0.510031, -0.09607561, 2.497081
ShoulderRight: -0.1501496, 0.4532835, 2.829105
ElbowRight: 0.05485102, 0.3069727, 2.76335
WristRight: 0.2317612, 0.1639179, 2.7068
HandRight: 0.2907618, 0.1085431, 2.68955
HipLeft: -0.3533333, 0.08793027, 2.596999
KneeLeft: -0.318581, -0.4322044, 2.530464
AnkleLeft: -0.3388715, -0.7347872, 2.436564
FootLeft: -0.3036821, -0.7898288, 2.329253
HipRight: -0.2088396, 0.08110005, 2.642458
KneeRight: -0.2543678, -0.4362389, 2.560144
AnkleRight: -0.2421972, -0.7058565, 2.485391
FootRight: -0.301183, -0.7658342, 2.369786
=========
HipCenter: -0.2913944, 0.154973, 2.649272
Spine: -0.3159092, 0.2032281, 2.719782
ShoulderCenter: -0.3529197, 0.5723352, 2.812252
Head: -0.3050029, 0.7452774, 2.815223
ShoulderLeft: -0.4730717, 0.4326473, 2.72708
ElbowLeft: -0.5209835, 0.1873742, 2.655696
WristLeft: -0.5091952, -0.006008562, 2.53372
HandLeft: -0.5100138, -0.09607531, 2.497158
ShoulderRight: -0.1502571, 0.4521301, 2.829722
ElbowRight: 0.04642497, 0.3053124, 2.763413
WristRight: 0.2221724, 0.1570369, 2.702688
HandRight: 0.2723573, 0.1028821, 2.68369
HipLeft: -0.3517402, 0.08772284, 2.596684
KneeLeft: -0.3185952, -0.4323149, 2.530512
AnkleLeft: -0.3385429, -0.7347487, 2.436594
FootLeft: -0.3036321, -0.789832, 2.329167
HipRight: -0.2071806, 0.08151984, 2.643524
KneeRight: -0.2571565, -0.4178033, 2.56299
AnkleRight: -0.2388362, -0.7027161, 2.488956
FootRight: -0.2990321, -0.7629021, 2.374704
=========
HipCenter: -0.2902494, 0.1548371, 2.649558
Spine: -0.3150542, 0.2031049, 2.720091
ShoulderCenter: -0.3523448, 0.572543, 2.812762
Head: -0.3038771, 0.745784, 2.816646
ShoulderLeft: -0.4726879, 0.4328293, 2.727289
ElbowLeft: -0.5208048, 0.1873476, 2.655752
WristLeft: -0.5091558, -0.006119734, 2.53373
HandLeft: -0.5099795, -0.09609992, 2.497208
ShoulderRight: -0.1504725, 0.4508976, 2.830179
ElbowRight: 0.03813414, 0.300293, 2.76139
WristRight: 0.2020313, 0.1415738, 2.68994
HandRight: 0.2566819, 0.08939113, 2.680127
HipLeft: -0.3503852, 0.08750878, 2.596429
KneeLeft: -0.3186124, -0.4324117, 2.530558
AnkleLeft: -0.3382102, -0.7347101, 2.436635
FootLeft: -0.303596, -0.7898308, 2.32909
HipRight: -0.2057396, 0.08203361, 2.644443
KneeRight: -0.2589276, -0.4066316, 2.564621
AnkleRight: -0.2367599, -0.7004247, 2.491266
FootRight: -0.2977231, -0.7611926, 2.377649
=========
HipCenter: -0.2897291, 0.1546742, 2.649642
Spine: -0.314601, 0.2029549, 2.720228
ShoulderCenter: -0.3518424, 0.5727255, 2.813212
Head: -0.3030597, 0.7461345, 2.817555
ShoulderLeft: -0.4721403, 0.4330297, 2.727468
ElbowLeft: -0.5206207, 0.1876099, 2.655963
WristLeft: -0.5091199, -0.006219989, 2.533738
HandLeft: -0.5099149, -0.09615861, 2.497229
ShoulderRight: -0.1513314, 0.4489824, 2.829834
ElbowRight: 0.03238102, 0.2959852, 2.759489
WristRight: 0.1897017, 0.1318082, 2.681786
HandRight: 0.2471103, 0.07796705, 2.676604
HipLeft: -0.3496798, 0.08725055, 2.59616
KneeLeft: -0.3186308, -0.4324911, 2.530604
AnkleLeft: -0.3378272, -0.7346723, 2.436691
FootLeft: -0.3035552, -0.7898313, 2.329021
HipRight: -0.2054714, 0.08242316, 2.644832
KneeRight: -0.2602274, -0.3986331, 2.565533
AnkleRight: -0.2358472, -0.698155, 2.492596
FootRight: -0.2969739, -0.759858, 2.37956
=========
HipCenter: -0.2893401, 0.1545347, 2.649699
Spine: -0.3142546, 0.2028261, 2.720332
ShoulderCenter: -0.3513754, 0.5729191, 2.813653
Head: -0.3021592, 0.7464576, 2.818421
ShoulderLeft: -0.4716248, 0.4332121, 2.727621
ElbowLeft: -0.5204374, 0.1878287, 2.656154
WristLeft: -0.5090753, -0.006322419, 2.533734
HandLeft: -0.5098261, -0.09624118, 2.497222
ShoulderRight: -0.1519836, 0.4476797, 2.829706
ElbowRight: 0.02770957, 0.2912229, 2.757227
WristRight: 0.1782142, 0.1185165, 2.673881
HandRight: 0.2371186, 0.04343429, 2.668972
HipLeft: -0.3491621, 0.08699357, 2.595954
KneeLeft: -0.3186478, -0.4325497, 2.530643
AnkleLeft: -0.3373785, -0.7346493, 2.436758
FootLeft: -0.3035144, -0.7898303, 2.328969
HipRight: -0.2054227, 0.0828253, 2.645103
KneeRight: -0.2610829, -0.3933996, 2.566133
AnkleRight: -0.2356938, -0.6962563, 2.493261
FootRight: -0.2967459, -0.7588564, 2.380545
=========
HipCenter: -0.2888404, 0.1544235, 2.649774
Spine: -0.3137918, 0.2027234, 2.720459
ShoulderCenter: -0.3509061, 0.5731356, 2.814049
Head: -0.3007717, 0.7468467, 2.819183
ShoulderLeft: -0.4711683, 0.4333823, 2.727757
ElbowLeft: -0.520277, 0.1882592, 2.656454
WristLeft: -0.5090231, -0.006428516, 2.533717
HandLeft: -0.5096918, -0.09638855, 2.497104
ShoulderRight: -0.1523933, 0.4466728, 2.829666
ElbowRight: 0.02393191, 0.2867295, 2.754839
WristRight: 0.167556, 0.1084502, 2.668204
HandRight: 0.2313577, 0.03028846, 2.665496
HipLeft: -0.3486593, 0.08671122, 2.595798
KneeLeft: -0.318665, -0.4325989, 2.53068
AnkleLeft: -0.3369043, -0.7346443, 2.436836
FootLeft: -0.3034713, -0.7898313, 2.328922
HipRight: -0.2049751, 0.08340557, 2.645459
KneeRight: -0.2616577, -0.3898165, 2.566554
AnkleRight: -0.2369015, -0.6955752, 2.493298
FootRight: -0.297144, -0.7585893, 2.380567
=========
HipCenter: -0.2882751, 0.1543142, 2.649865
Spine: -0.313289, 0.2026259, 2.720596
ShoulderCenter: -0.3505033, 0.5733306, 2.814389
Head: -0.299592, 0.7471104, 2.819707
ShoulderLeft: -0.4707673, 0.4335317, 2.727865
ElbowLeft: -0.5201306, 0.1887739, 2.656811
WristLeft: -0.5089735, -0.006526214, 2.5337
HandLeft: -0.5095322, -0.09656972, 2.496968
ShoulderRight: -0.1527248, 0.4458847, 2.829621
ElbowRight: 0.0206692, 0.2820127, 2.75257
WristRight: 0.1591246, 0.1002446, 2.664425
HandRight: 0.2258096, 0.01936064, 2.662921
HipLeft: -0.3480985, 0.08635285, 2.595682
KneeLeft: -0.3186795, -0.4326415, 2.530715
AnkleLeft: -0.3364688, -0.7346479, 2.436924
FootLeft: -0.3034445, -0.7898306, 2.328894
HipRight: -0.2044354, 0.08403498, 2.64583
KneeRight: -0.2620559, -0.3872566, 2.566869
AnkleRight: -0.237703, -0.6956569, 2.493381
FootRight: -0.2980628, -0.758991, 2.379744
=========
HipCenter: -0.2876948, 0.1541619, 2.649957
Spine: -0.3128236, 0.2025066, 2.720714
ShoulderCenter: -0.3501723, 0.5734856, 2.814636
Head: -0.2985156, 0.7473453, 2.820095
ShoulderLeft: -0.4700785, 0.4337351, 2.72786
ElbowLeft: -0.5199786, 0.1892661, 2.657146
WristLeft: -0.5089232, -0.006616924, 2.533684
HandLeft: -0.5093696, -0.09677219, 2.496798
ShoulderRight: -0.1529945, 0.4452618, 2.829579
ElbowRight: 0.01578528, 0.2743455, 2.749089
WristRight: 0.1525081, 0.09354341, 2.661335
HandRight: 0.2197973, 0.009430433, 2.659272
HipLeft: -0.3474864, 0.08591004, 2.595648
KneeLeft: -0.3186931, -0.43268, 2.530752
AnkleLeft: -0.3361515, -0.7346381, 2.436996
FootLeft: -0.3034211, -0.7898296, 2.328871
HipRight: -0.203968, 0.08457655, 2.646142
KneeRight: -0.2623647, -0.3854065, 2.567082
AnkleRight: -0.2397758, -0.6967011, 2.493279
FootRight: -0.2988114, -0.7592689, 2.379097
=========
HipCenter: -0.2872179, 0.1540211, 2.650045
Spine: -0.3124222, 0.2023954, 2.720823
ShoulderCenter: -0.3498567, 0.5736179, 2.814851
Head: -0.2976392, 0.7475218, 2.820377
ShoulderLeft: -0.4695387, 0.4339117, 2.727865
ElbowLeft: -0.5198259, 0.1897744, 2.657439
WristLeft: -0.5088741, -0.006706537, 2.533667
HandLeft: -0.5091939, -0.09700388, 2.49662
ShoulderRight: -0.1532202, 0.4447653, 2.829541
ElbowRight: 0.01214929, 0.2654846, 2.74471
WristRight: 0.1464378, 0.08489349, 2.657882
HandRight: 0.2127543, -0.00275781, 2.655965
HipLeft: -0.3469995, 0.08549203, 2.595652
KneeLeft: -0.318705, -0.4327151, 2.5308
AnkleLeft: -0.3358668, -0.7346279, 2.437062
FootLeft: -0.3034064, -0.7898295, 2.328854
HipRight: -0.203647, 0.08499129, 2.646389
KneeRight: -0.2626128, -0.3841663, 2.567192
AnkleRight: -0.2408775, -0.6971443, 2.493362
FootRight: -0.2994667, -0.7595281, 2.378607
=========
HipCenter: -0.2867422, 0.1538749, 2.650153
Spine: -0.3120118, 0.2022799, 2.720953
ShoulderCenter: -0.3495492, 0.5737598, 2.815079
Head: -0.296929, 0.7476578, 2.82059
ShoulderLeft: -0.4690806, 0.4340726, 2.727861
ElbowLeft: -0.5197061, 0.1900106, 2.657586
WristLeft: -0.5088278, -0.006782676, 2.533652
HandLeft: -0.509026, -0.0972342, 2.496439
ShoulderRight: -0.1534374, 0.4443601, 2.829483
ElbowRight: 0.008334219, 0.2583403, 2.740753
WristRight: 0.1395082, 0.07408639, 2.653354
HandRight: 0.2066137, -0.01338942, 2.652498
HipLeft: -0.3465317, 0.08507099, 2.595693
KneeLeft: -0.3187148, -0.4327489, 2.530851
AnkleLeft: -0.3356157, -0.7346189, 2.437121
FootLeft: -0.303393, -0.7898298, 2.328839
HipRight: -0.2033366, 0.08536599, 2.646636
KneeRight: -0.262834, -0.3833949, 2.567219
AnkleRight: -0.2425755, -0.6980821, 2.493284
FootRight: -0.3000602, -0.7598026, 2.378109
=========
HipCenter: -0.2862687, 0.1537062, 2.650271
Spine: -0.3116105, 0.2021526, 2.72109
ShoulderCenter: -0.3492827, 0.5738911, 2.815287
Head: -0.2963136, 0.7477401, 2.820737
ShoulderLeft: -0.4686864, 0.4342291, 2.727841
ElbowLeft: -0.5195985, 0.1901697, 2.657692
WristLeft: -0.5087879, -0.006850156, 2.533643
HandLeft: -0.5088786, -0.09745792, 2.496275
ShoulderRight: -0.1536653, 0.4439915, 2.829382
ElbowRight: 0.004249766, 0.2525405, 2.737366
WristRight: 0.1332629, 0.06331253, 2.64798
HandRight: 0.2016925, -0.02231835, 2.64941
HipLeft: -0.346074, 0.08463385, 2.595766
KneeLeft: -0.3187228, -0.4327798, 2.530905
AnkleLeft: -0.3353905, -0.7346151, 2.437175
FootLeft: -0.3033839, -0.7898297, 2.328829
HipRight: -0.2030441, 0.08567511, 2.646864
KneeRight: -0.2630374, -0.3830472, 2.567195
AnkleRight: -0.2435566, -0.6986824, 2.493281
FootRight: -0.3006054, -0.7601051, 2.377652
=========
HipCenter: -0.2858011, 0.1535321, 2.650418
Spine: -0.3112186, 0.2020213, 2.721251
ShoulderCenter: -0.3490593, 0.5740239, 2.815506
Head: -0.2955842, 0.7477849, 2.820924
ShoulderLeft: -0.4683498, 0.4343666, 2.727817
ElbowLeft: -0.5194935, 0.190292, 2.657776
WristLeft: -0.5087524, -0.006904065, 2.533642
HandLeft: -0.5087529, -0.09767184, 2.496121
ShoulderRight: -0.1538833, 0.4436976, 2.829285
ElbowRight: 0.0002099213, 0.2473746, 2.734789
WristRight: 0.1269782, 0.05171539, 2.643167
HandRight: 0.1759091, -0.03145619, 2.630975
HipLeft: -0.3456125, 0.08419992, 2.595874
KneeLeft: -0.3187297, -0.4328065, 2.530959
AnkleLeft: -0.3352596, -0.7346186, 2.437198
FootLeft: -0.303378, -0.7898291, 2.328821
HipRight: -0.2027494, 0.08595165, 2.647119
KneeRight: -0.2631638, -0.3829862, 2.567177
AnkleRight: -0.2442679, -0.6992401, 2.493313
FootRight: -0.3009642, -0.7603138, 2.377352
=========
HipCenter: -0.2853721, 0.1533643, 2.650562
Spine: -0.310855, 0.2018941, 2.721408
ShoulderCenter: -0.3488553, 0.5741484, 2.815705
Head: -0.2949314, 0.7478026, 2.821083
ShoulderLeft: -0.468062, 0.4345438, 2.727805
ElbowLeft: -0.5193891, 0.1904247, 2.657837
WristLeft: -0.5087165, -0.006944767, 2.533635
HandLeft: -0.5086449, -0.09787039, 2.49598
ShoulderRight: -0.1541255, 0.4434884, 2.829196
ElbowRight: -0.005837242, 0.2413997, 2.732602
WristRight: 0.1181389, 0.04147601, 2.637586
HandRight: 0.1614088, -0.03435658, 2.621952
HipLeft: -0.3451781, 0.08377322, 2.596033
KneeLeft: -0.3187353, -0.4328313, 2.531013
AnkleLeft: -0.3351713, -0.7346179, 2.437216
FootLeft: -0.3033741, -0.7898274, 2.328818
HipRight: -0.202485, 0.08619513, 2.647346
KneeRight: -0.2632563, -0.3829388, 2.567171
AnkleRight: -0.2448086, -0.6996581, 2.493341
FootRight: -0.3011899, -0.7604639, 2.37714
=========
HipCenter: -0.2849358, 0.1531685, 2.650728
Spine: -0.3104883, 0.2017393, 2.721588
ShoulderCenter: -0.3487956, 0.5745037, 2.816275
Head: -0.2942101, 0.7477958, 2.821256
ShoulderLeft: -0.4678196, 0.434712, 2.727796
ElbowLeft: -0.519259, 0.1905185, 2.65782
WristLeft: -0.5085206, -0.006636552, 2.533733
HandLeft: -0.508569, -0.09795858, 2.495901
ShoulderRight: -0.1545271, 0.443349, 2.829028
ElbowRight: -0.01113604, 0.2363301, 2.730969
WristRight: 0.1072951, 0.02922696, 2.628757
HandRight: 0.151356, -0.03765561, 2.613488
HipLeft: -0.3446983, 0.08331551, 2.596255
KneeLeft: -0.3187365, -0.4328527, 2.531074
AnkleLeft: -0.3351071, -0.7346184, 2.437229
FootLeft: -0.3033749, -0.7898257, 2.328807
HipRight: -0.2022325, 0.08640737, 2.647559
KneeRight: -0.2632886, -0.3830059, 2.567212
AnkleRight: -0.2451924, -0.7000164, 2.49341
FootRight: -0.3013326, -0.760552, 2.377027
=========
HipCenter: -0.2844757, 0.1529752, 2.650913
Spine: -0.3101152, 0.2015845, 2.72178
ShoulderCenter: -0.3487268, 0.5748245, 2.816818
Head: -0.2935247, 0.7477988, 2.821471
ShoulderLeft: -0.4674871, 0.4349916, 2.727751
ElbowLeft: -0.519141, 0.1906513, 2.657862
WristLeft: -0.5083044, -0.006253254, 2.533863
HandLeft: -0.5085092, -0.0980195, 2.495847
ShoulderRight: -0.1548897, 0.4432789, 2.828887
ElbowRight: -0.02552063, 0.2273711, 2.728392
WristRight: 0.08410165, 0.01565165, 2.616209
HandRight: 0.1127702, -0.05239831, 2.601015
HipLeft: -0.3441379, 0.08288874, 2.596527
KneeLeft: -0.3187354, -0.4328707, 2.531134
AnkleLeft: -0.3350603, -0.7346172, 2.437239
FootLeft: -0.3033772, -0.7898249, 2.328799
HipRight: -0.201984, 0.08660337, 2.647768
KneeRight: -0.2632859, -0.3831667, 2.567272
AnkleRight: -0.2454792, -0.7003379, 2.49349
FootRight: -0.3014339, -0.7606221, 2.376951
=========
HipCenter: -0.2840212, 0.152782, 2.651099
Spine: -0.309738, 0.2014372, 2.721971
ShoulderCenter: -0.3481889, 0.5748728, 2.817027
Head: -0.292757, 0.7477877, 2.821587
ShoulderLeft: -0.4671292, 0.4352685, 2.727686
ElbowLeft: -0.5189996, 0.1907801, 2.657885
WristLeft: -0.5081104, -0.005892741, 2.53399
HandLeft: -0.5084603, -0.09807421, 2.49582
ShoulderRight: -0.155273, 0.4433422, 2.828881
ElbowRight: -0.03793465, 0.2174372, 2.725373
WristRight: 0.06695011, 0.005882279, 2.607672
HandRight: 0.0948124, -0.06047548, 2.594507
HipLeft: -0.3435895, 0.0824959, 2.59679
KneeLeft: -0.3187285, -0.4328919, 2.531201
AnkleLeft: -0.3350144, -0.7346082, 2.437253
FootLeft: -0.3033779, -0.7898237, 2.328795
HipRight: -0.201757, 0.0867677, 2.647976
KneeRight: -0.2633004, -0.3833186, 2.567295
AnkleRight: -0.2457111, -0.700591, 2.493536
FootRight: -0.3015122, -0.7606782, 2.37689
=========
HipCenter: -0.2835609, 0.1525904, 2.651278
Spine: -0.3093461, 0.2012855, 2.722148
ShoulderCenter: -0.3475326, 0.5748268, 2.817107
Head: -0.29204, 0.7477642, 2.821642
ShoulderLeft: -0.4668046, 0.435519, 2.727624
ElbowLeft: -0.5188504, 0.1908983, 2.657897
WristLeft: -0.5079516, -0.005706584, 2.533989
HandLeft: -0.5083805, -0.09823481, 2.49574
ShoulderRight: -0.1557794, 0.443594, 2.828991
ElbowRight: -0.05225357, 0.1998565, 2.719152
WristRight: 0.03602136, -0.00540246, 2.600783
HandRight: 0.0565506, -0.07975614, 2.582818
HipLeft: -0.3430381, 0.08212361, 2.597059
KneeLeft: -0.3187207, -0.4329117, 2.531266
AnkleLeft: -0.3349792, -0.7345933, 2.437267
FootLeft: -0.3033808, -0.7898226, 2.328792
HipRight: -0.2015349, 0.08691943, 2.648173
KneeRight: -0.2632998, -0.3834684, 2.567312
AnkleRight: -0.2458822, -0.7007895, 2.493572
FootRight: -0.3015685, -0.760719, 2.376847
=========
HipCenter: -0.2831349, 0.152395, 2.651436
Spine: -0.3089773, 0.2011268, 2.722311
ShoulderCenter: -0.3469239, 0.574798, 2.817247
Head: -0.2914111, 0.747703, 2.821681
ShoulderLeft: -0.4665069, 0.4357395, 2.727577
ElbowLeft: -0.5186848, 0.1909846, 2.657859
WristLeft: -0.5078357, -0.005587657, 2.533986
HandLeft: -0.5083007, -0.09845533, 2.495672
ShoulderRight: -0.1562988, 0.4438659, 2.829118
ElbowRight: -0.05899703, 0.1909776, 2.716692
WristRight: 0.01990095, -0.0137633, 2.597505
HandRight: 0.03994825, -0.08795986, 2.579309
HipLeft: -0.3425373, 0.0817916, 2.597301
KneeLeft: -0.3187122, -0.4329305, 2.531331
AnkleLeft: -0.3349595, -0.7345877, 2.437274
FootLeft: -0.3033797, -0.7898217, 2.328791
HipRight: -0.2013457, 0.08704407, 2.648338
KneeRight: -0.2632859, -0.3837036, 2.567331
AnkleRight: -0.2460421, -0.7010006, 2.493609
FootRight: -0.3015535, -0.7607929, 2.376817
=========
HipCenter: -0.2827575, 0.1522211, 2.651573
Spine: -0.308642, 0.2009821, 2.722454
ShoulderCenter: -0.3463086, 0.5747477, 2.817351
Head: -0.2907688, 0.7476327, 2.821799
ShoulderLeft: -0.4662848, 0.4359045, 2.72756
ElbowLeft: -0.5184891, 0.1910576, 2.657799
WristLeft: -0.5077276, -0.005489438, 2.533975
HandLeft: -0.5082294, -0.09869394, 2.495623
ShoulderRight: -0.1569201, 0.4442224, 2.829355
ElbowRight: -0.06699491, 0.1849612, 2.714568
WristRight: 0.007465145, -0.01901125, 2.595457
HandRight: 0.02777756, -0.09324855, 2.577592
HipLeft: -0.342104, 0.08151165, 2.597513
KneeLeft: -0.3187118, -0.4329266, 2.531385
AnkleLeft: -0.3349558, -0.7345814, 2.437279
FootLeft: -0.3033776, -0.7898202, 2.328791
HipRight: -0.2011812, 0.08715089, 2.648481
KneeRight: -0.2632583, -0.3839655, 2.567347
AnkleRight: -0.2461474, -0.7011148, 2.493627
FootRight: -0.3015523, -0.7608315, 2.376798
=========
HipCenter: -0.2823654, 0.1520189, 2.651688
Spine: -0.3083177, 0.2008248, 2.722572
ShoulderCenter: -0.3456922, 0.5747184, 2.817442
Head: -0.2896957, 0.7477864, 2.822247
ShoulderLeft: -0.4660194, 0.4360759, 2.727563
ElbowLeft: -0.5182892, 0.1911344, 2.657733
WristLeft: -0.5075921, -0.00548927, 2.533923
HandLeft: -0.5081471, -0.09894522, 2.495557
ShoulderRight: -0.1575288, 0.4446374, 2.829831
ElbowRight: -0.07638144, 0.1794299, 2.712702
WristRight: -0.02153051, -0.02345748, 2.595929
HandRight: 0.00233143, -0.104449, 2.575744
HipLeft: -0.3416562, 0.08123321, 2.597726
KneeLeft: -0.3187135, -0.4329157, 2.531438
AnkleLeft: -0.3349481, -0.7345759, 2.437289
FootLeft: -0.3033758, -0.7898189, 2.328791
HipRight: -0.2010386, 0.0872349, 2.648592
KneeRight: -0.2632187, -0.3842405, 2.56736
AnkleRight: -0.2462255, -0.7011936, 2.493639
FootRight: -0.3015519, -0.7608538, 2.376791
=========
HipCenter: -0.2818839, 0.1518242, 2.65185
Spine: -0.3079989, 0.2006869, 2.722698
ShoulderCenter: -0.3451281, 0.5747005, 2.817525
Head: -0.2883765, 0.7479637, 2.822762
ShoulderLeft: -0.4657692, 0.4362257, 2.727577
ElbowLeft: -0.5180718, 0.1911933, 2.657634
WristLeft: -0.5074379, -0.005580215, 2.533843
HandLeft: -0.5080608, -0.09918833, 2.495497
ShoulderRight: -0.157979, 0.4456147, 2.831733
ElbowRight: -0.08674455, 0.1756506, 2.712325
WristRight: -0.0484231, -0.02287968, 2.599391
HandRight: -0.02760211, -0.1086917, 2.580506
HipLeft: -0.3410917, 0.08096673, 2.597935
KneeLeft: -0.3187172, -0.4328983, 2.531486
AnkleLeft: -0.3350242, -0.7345594, 2.437303
FootLeft: -0.3033731, -0.7898182, 2.32879
HipRight: -0.2007883, 0.08729744, 2.648805
KneeRight: -0.2631541, -0.3845699, 2.567373
AnkleRight: -0.2463002, -0.7012449, 2.493637
FootRight: -0.3015509, -0.7608653, 2.376787
=========
HipCenter: -0.2812667, 0.1516532, 2.652066
Spine: -0.3075777, 0.2005578, 2.722865
ShoulderCenter: -0.3444512, 0.5746836, 2.817642
Head: -0.2840999, 0.7488163, 2.825311
ShoulderLeft: -0.4655412, 0.4363578, 2.727595
ElbowLeft: -0.5178421, 0.1912499, 2.657522
WristLeft: -0.5062928, -0.008241498, 2.532962
HandLeft: -0.5079905, -0.09938452, 2.495426
ShoulderRight: -0.1582824, 0.4464482, 2.83369
ElbowRight: -0.09612255, 0.1729609, 2.711569
WristRight: -0.06324417, -0.02303119, 2.600566
HandRight: -0.04186665, -0.1106517, 2.581603
HipLeft: -0.340396, 0.08073919, 2.598083
KneeLeft: -0.3187184, -0.4328773, 2.531532
AnkleLeft: -0.3350846, -0.7345452, 2.437311
FootLeft: -0.3033583, -0.7898145, 2.328792
HipRight: -0.2003535, 0.08731739, 2.64919
KneeRight: -0.2630915, -0.3848897, 2.567381
AnkleRight: -0.2464431, -0.7012485, 2.493535
FootRight: -0.3015556, -0.7608735, 2.37677
=========
HipCenter: -0.2806666, 0.151516, 2.652271
Spine: -0.3071769, 0.2004534, 2.723016
ShoulderCenter: -0.3437999, 0.5746496, 2.817678
Head: -0.2808963, 0.7495035, 2.827327
ShoulderLeft: -0.4653207, 0.4364752, 2.727609
ElbowLeft: -0.5175716, 0.1913486, 2.657379
WristLeft: -0.5057206, -0.009669879, 2.532593
HandLeft: -0.5079116, -0.09957083, 2.495362
ShoulderRight: -0.1584808, 0.4472889, 2.835636
ElbowRight: -0.1022191, 0.1711613, 2.71139
WristRight: -0.07390843, -0.02342585, 2.601254
HandRight: -0.05091801, -0.1117631, 2.582038
HipLeft: -0.3396924, 0.08056308, 2.598173
KneeLeft: -0.3187313, -0.4328883, 2.53158
AnkleLeft: -0.3351232, -0.7345366, 2.437328
FootLeft: -0.3033494, -0.7898126, 2.328792
HipRight: -0.1998943, 0.08730786, 2.649611
KneeRight: -0.2630271, -0.3853227, 2.567369
AnkleRight: -0.246585, -0.7012959, 2.493397
FootRight: -0.301585, -0.7609066, 2.376678
=========
HipCenter: -0.2799338, 0.151355, 2.652538
Spine: -0.3067131, 0.2003406, 2.723193
ShoulderCenter: -0.3432437, 0.5746232, 2.817689
Head: -0.2783292, 0.7501091, 2.829111
ShoulderLeft: -0.4651157, 0.4365739, 2.727629
ElbowLeft: -0.5172535, 0.1913578, 2.657145
WristLeft: -0.5047064, -0.01228885, 2.531784
HandLeft: -0.5078061, -0.09976803, 2.495301
ShoulderRight: -0.1586157, 0.4478332, 2.837139
ElbowRight: -0.1066439, 0.1698988, 2.711277
WristRight: -0.0810001, -0.02390675, 2.601584
HandRight: -0.05910648, -0.1157819, 2.579928
HipLeft: -0.3387947, 0.08034576, 2.598236
KneeLeft: -0.3187426, -0.432898, 2.531626
AnkleLeft: -0.3351589, -0.7345288, 2.437347
FootLeft: -0.3033327, -0.7898145, 2.328786
HipRight: -0.1991241, 0.08716784, 2.650347
KneeRight: -0.2629749, -0.3857021, 2.567342
AnkleRight: -0.2468968, -0.701313, 2.492965
FootRight: -0.3016475, -0.7609493, 2.376529
=========
HipCenter: -0.2792109, 0.1512493, 2.652873
Spine: -0.3062591, 0.2002559, 2.723401
ShoulderCenter: -0.3427121, 0.574569, 2.817675
Head: -0.2763145, 0.750504, 2.830407
ShoulderLeft: -0.4649319, 0.4366593, 2.727648
ElbowLeft: -0.5169458, 0.1913576, 2.656891
WristLeft: -0.5040736, -0.01365212, 2.531344
HandLeft: -0.507716, -0.09994363, 2.495267
ShoulderRight: -0.1586738, 0.4482243, 2.8385
ElbowRight: -0.1098305, 0.1690119, 2.711372
WristRight: -0.08775596, -0.02414746, 2.601302
HandRight: -0.06633554, -0.1189884, 2.576957
HipLeft: -0.3379845, 0.08017577, 2.598266
KneeLeft: -0.3187511, -0.4329084, 2.53167
AnkleLeft: -0.335198, -0.7345216, 2.437366
FootLeft: -0.3033224, -0.7898166, 2.328792
HipRight: -0.1981593, 0.08684632, 2.651631
KneeRight: -0.2629191, -0.3860774, 2.567309
AnkleRight: -0.2470878, -0.7013418, 2.492681
FootRight: -0.3016984, -0.7610048, 2.376336
=========
HipCenter: -0.2785013, 0.1512203, 2.653254
Spine: -0.3058308, 0.2002213, 2.72362
ShoulderCenter: -0.3421443, 0.5745103, 2.817593
Head: -0.2747658, 0.7508085, 2.831357
ShoulderLeft: -0.4647227, 0.4367492, 2.72764
ElbowLeft: -0.5166262, 0.191365, 2.656606
WristLeft: -0.50372, -0.01433646, 2.531093
HandLeft: -0.5076158, -0.1001111, 2.495243
ShoulderRight: -0.1586059, 0.4484493, 2.839785
ElbowRight: -0.1125438, 0.1683991, 2.711462
WristRight: -0.09535026, -0.02423169, 2.5999
HandRight: -0.08037292, -0.1201857, 2.561575
HipLeft: -0.3372586, 0.08007964, 2.598256
KneeLeft: -0.3187591, -0.4329191, 2.531711
AnkleLeft: -0.3352416, -0.7345153, 2.437383
FootLeft: -0.3033101, -0.7898185, 2.328796
HipRight: -0.1971395, 0.08645508, 2.653198
KneeRight: -0.2629313, -0.3863563, 2.567251
AnkleRight: -0.2474097, -0.7014597, 2.49212
FootRight: -0.3017675, -0.7610961, 2.376076
=========
HipCenter: -0.2778584, 0.1512116, 2.653634
Spine: -0.3054745, 0.2001985, 2.723823
ShoulderCenter: -0.3417168, 0.5744498, 2.817511
Head: -0.2734972, 0.7510497, 2.83213
ShoulderLeft: -0.4644779, 0.4368421, 2.72757
ElbowLeft: -0.5161052, 0.1913095, 2.655864
WristLeft: -0.5028942, -0.01593817, 2.529978
HandLeft: -0.507525, -0.1002469, 2.495233
ShoulderRight: -0.1584311, 0.4485565, 2.841041
ElbowRight: -0.1148655, 0.1680084, 2.711548
WristRight: -0.1046125, -0.02358185, 2.596365
HandRight: -0.09370156, -0.1095503, 2.55528
HipLeft: -0.336619, 0.08000686, 2.598233
KneeLeft: -0.3187686, -0.4329333, 2.531747
AnkleLeft: -0.3352787, -0.7345116, 2.437398
FootLeft: -0.3033021, -0.7898209, 2.328799
HipRight: -0.1962107, 0.08605719, 2.6547
KneeRight: -0.2629536, -0.3866365, 2.567178
AnkleRight: -0.2475452, -0.7017829, 2.491667
FootRight: -0.3018454, -0.7613516, 2.375653
=========
HipCenter: -0.2771469, 0.1513095, 2.654103
Spine: -0.3050771, 0.2002421, 2.724085
ShoulderCenter: -0.3413037, 0.5744024, 2.817449
Head: -0.2723813, 0.7513384, 2.832781
ShoulderLeft: -0.4641858, 0.4370044, 2.727436
ElbowLeft: -0.5155187, 0.1911734, 2.654994
WristLeft: -0.5023542, -0.01690924, 2.529062
HandLeft: -0.5074372, -0.1003697, 2.495221
ShoulderRight: -0.158132, 0.4486292, 2.842358
ElbowRight: -0.1165631, 0.1678105, 2.711648
WristRight: -0.1103776, -0.02302515, 2.593968
HandRight: -0.103779, -0.1013181, 2.552113
HipLeft: -0.3359848, 0.08001592, 2.598172
KneeLeft: -0.3188129, -0.4330217, 2.531797
AnkleLeft: -0.3353545, -0.7344996, 2.437417
FootLeft: -0.3032898, -0.7898268, 2.32881
HipRight: -0.1952319, 0.08569826, 2.656266
KneeRight: -0.26302, -0.3868198, 2.567057
AnkleRight: -0.2476657, -0.7021129, 2.491221
FootRight: -0.301926, -0.7616039, 2.375232
=========
HipCenter: -0.2764674, 0.1514487, 2.65458
Spine: -0.3046763, 0.2003141, 2.724368
ShoulderCenter: -0.3408812, 0.5743402, 2.817389
Head: -0.2715122, 0.7515288, 2.833259
ShoulderLeft: -0.4638913, 0.4371838, 2.727277
ElbowLeft: -0.5148055, 0.1908973, 2.653862
WristLeft: -0.501969, -0.01746126, 2.528338
HandLeft: -0.5072156, -0.1005019, 2.495053
ShoulderRight: -0.1578573, 0.4486673, 2.843442
ElbowRight: -0.1188999, 0.169086, 2.712113
WristRight: -0.1145818, -0.02138525, 2.592276
HandRight: -0.1139491, -0.1015172, 2.546914
HipLeft: -0.3353536, 0.08006628, 2.598054
KneeLeft: -0.3188656, -0.4331223, 2.531846
AnkleLeft: -0.3354717, -0.734484, 2.437433
FootLeft: -0.3032786, -0.7898326, 2.328814
HipRight: -0.1943548, 0.08535827, 2.657768
KneeRight: -0.2629713, -0.3870246, 2.566936
AnkleRight: -0.2478095, -0.7024855, 2.490613
FootRight: -0.3020252, -0.7617576, 2.37492
=========
HipCenter: -0.2758283, 0.1515908, 2.655018
Spine: -0.304314, 0.2003879, 2.724627
ShoulderCenter: -0.3406571, 0.5743079, 2.817338
Head: -0.2708216, 0.7516369, 2.833597
ShoulderLeft: -0.463596, 0.437374, 2.727093
ElbowLeft: -0.5139105, 0.1905011, 2.652411
WristLeft: -0.5015918, -0.01782387, 2.527498
HandLeft: -0.506551, -0.1009076, 2.494577
ShoulderRight: -0.1576311, 0.4486002, 2.844253
ElbowRight: -0.1200639, 0.1691698, 2.712075
WristRight: -0.1174396, -0.02104311, 2.590359
HandRight: -0.1193714, -0.1025698, 2.54354
HipLeft: -0.3345837, 0.08016934, 2.597836
KneeLeft: -0.3189946, -0.433315, 2.5319
AnkleLeft: -0.3356731, -0.7344899, 2.43743
FootLeft: -0.3032737, -0.7898398, 2.32883
HipRight: -0.1935239, 0.08502086, 2.659095
KneeRight: -0.2628288, -0.3872587, 2.566781
AnkleRight: -0.2479076, -0.7026573, 2.490238
FootRight: -0.3021331, -0.7618763, 2.374677
=========
HipCenter: -0.2752795, 0.1517232, 2.655399
Spine: -0.3039861, 0.2004611, 2.724865
ShoulderCenter: -0.3404025, 0.5742502, 2.817269
Head: -0.2701097, 0.7517196, 2.833995
ShoulderLeft: -0.463315, 0.4375904, 2.726916
ElbowLeft: -0.5129648, 0.1900801, 2.650729
WristLeft: -0.5012993, -0.01801223, 2.526769
HandLeft: -0.5058523, -0.1012995, 2.494051
ShoulderRight: -0.1574257, 0.4484858, 2.844907
ElbowRight: -0.1208297, 0.1692006, 2.71211
WristRight: -0.1194302, -0.02083552, 2.588676
HandRight: -0.1231058, -0.1039307, 2.541019
HipLeft: -0.3339002, 0.0802721, 2.597612
KneeLeft: -0.3191339, -0.4335042, 2.531952
AnkleLeft: -0.3359075, -0.7345195, 2.437398
FootLeft: -0.3032729, -0.7898467, 2.328831
HipRight: -0.1928663, 0.08474221, 2.660154
KneeRight: -0.2620448, -0.3876421, 2.566522
AnkleRight: -0.2479092, -0.7027397, 2.489899
FootRight: -0.3021782, -0.7619278, 2.374532
=========
HipCenter: -0.2748018, 0.1518415, 2.655727
Spine: -0.3036961, 0.2005274, 2.725074
ShoulderCenter: -0.3401507, 0.5741715, 2.817179
Head: -0.2694496, 0.7515427, 2.834235
ShoulderLeft: -0.463027, 0.4378324, 2.726731
ElbowLeft: -0.511958, 0.1897327, 2.648989
WristLeft: -0.5009822, -0.01801047, 2.525968
HandLeft: -0.5044146, -0.1017189, 2.492145
ShoulderRight: -0.1572214, 0.4482588, 2.84546
ElbowRight: -0.1260125, 0.18416, 2.723134
WristRight: -0.1207621, -0.01877515, 2.587995
HandRight: -0.1256375, -0.103926, 2.539711
HipLeft: -0.3332759, 0.08037253, 2.597368
KneeLeft: -0.3192708, -0.4336852, 2.532002
AnkleLeft: -0.3361771, -0.7345483, 2.437357
FootLeft: -0.3032749, -0.7898564, 2.328826
HipRight: -0.1923227, 0.08449419, 2.661024
KneeRight: -0.261353, -0.3879177, 2.566209
AnkleRight: -0.2479126, -0.7028096, 2.489465
FootRight: -0.3022543, -0.7619746, 2.374416
=========
HipCenter: -0.2743637, 0.1519525, 2.656022
Spine: -0.3034352, 0.2005906, 2.725261
ShoulderCenter: -0.3399357, 0.574093, 2.817077
Head: -0.2689164, 0.7513549, 2.834412
ShoulderLeft: -0.462737, 0.438097, 2.726535
ElbowLeft: -0.5109543, 0.189431, 2.647191
WristLeft: -0.5006666, -0.01790421, 2.525132
HandLeft: -0.5027728, -0.1021038, 2.48979
ShoulderRight: -0.1570789, 0.4480042, 2.845898
ElbowRight: -0.1271281, 0.183092, 2.721878
WristRight: -0.1216136, -0.01889464, 2.586492
HandRight: -0.1271965, -0.1060697, 2.538223
HipLeft: -0.3325839, 0.08048905, 2.597035
KneeLeft: -0.3193777, -0.4337841, 2.532049
AnkleLeft: -0.336458, -0.7345815, 2.437307
FootLeft: -0.3032772, -0.789868, 2.328814
HipRight: -0.1918131, 0.08422744, 2.661865
KneeRight: -0.2607495, -0.3881641, 2.565909
AnkleRight: -0.2479526, -0.702861, 2.489288
FootRight: -0.3023298, -0.7619926, 2.374382
=========
HipCenter: -0.2740028, 0.1520493, 2.656268
Spine: -0.3032123, 0.2006483, 2.725422
ShoulderCenter: -0.3397507, 0.574019, 2.816974
Head: -0.2685105, 0.7511928, 2.834511
ShoulderLeft: -0.4624704, 0.4383586, 2.726323
ElbowLeft: -0.5099488, 0.1890521, 2.645285
WristLeft: -0.5003677, -0.01771011, 2.524181
HandLeft: -0.5008353, -0.1024036, 2.4867
ShoulderRight: -0.1569786, 0.4477649, 2.8462
ElbowRight: -0.1290483, 0.1861706, 2.72395
WristRight: -0.1221137, -0.01741577, 2.586198
HandRight: -0.1286108, -0.1063916, 2.537525
HipLeft: -0.3320161, 0.08059867, 2.596726
KneeLeft: -0.3194783, -0.4338666, 2.532096
AnkleLeft: -0.3366036, -0.7346013, 2.437285
FootLeft: -0.3032783, -0.7898726, 2.328812
HipRight: -0.1914256, 0.08400792, 2.662531
KneeRight: -0.2604445, -0.3882846, 2.565621
AnkleRight: -0.2479798, -0.7029172, 2.489184
FootRight: -0.3024051, -0.7619899, 2.374447
=========
HipCenter: -0.2736967, 0.1521359, 2.656481
Spine: -0.3030281, 0.2007008, 2.725561
ShoulderCenter: -0.3395902, 0.5739512, 2.816878
Head: -0.2681986, 0.7510484, 2.834628
ShoulderLeft: -0.462209, 0.4386359, 2.726099
ElbowLeft: -0.5089756, 0.1887065, 2.643478
WristLeft: -0.4999434, -0.01734568, 2.522496
HandLeft: -0.4998111, -0.1002939, 2.484223
ShoulderRight: -0.1568869, 0.4475678, 2.846494
ElbowRight: -0.1284699, 0.182519, 2.720155
WristRight: -0.1223392, -0.01774378, 2.585107
HandRight: -0.1296643, -0.1066038, 2.536956
HipLeft: -0.3315367, 0.08069751, 2.596451
KneeLeft: -0.3195802, -0.4339475, 2.532138
AnkleLeft: -0.3367378, -0.7346219, 2.437261
FootLeft: -0.3032799, -0.7898784, 2.328801
HipRight: -0.1911173, 0.08381765, 2.663084
KneeRight: -0.2603372, -0.3883543, 2.565276
AnkleRight: -0.2480434, -0.7030466, 2.48919
FootRight: -0.3024636, -0.7619584, 2.374531
=========
HipCenter: -0.2734322, 0.1522081, 2.656668
Spine: -0.3028587, 0.2007468, 2.725692
ShoulderCenter: -0.3394203, 0.5738925, 2.816801
Head: -0.2680302, 0.7508065, 2.834535
ShoulderLeft: -0.4619736, 0.4389166, 2.725889
ElbowLeft: -0.5080419, 0.1882173, 2.641622
WristLeft: -0.4995714, -0.01699206, 2.520965
HandLeft: -0.4990832, -0.09832048, 2.482221
ShoulderRight: -0.1568173, 0.4473961, 2.846726
ElbowRight: -0.1277038, 0.178989, 2.716712
WristRight: -0.1223495, -0.01830724, 2.584093
HandRight: -0.130452, -0.1066827, 2.5366
HipLeft: -0.3311362, 0.08078312, 2.59621
KneeLeft: -0.3197713, -0.4340967, 2.53217
AnkleLeft: -0.3368566, -0.7346413, 2.437238
FootLeft: -0.3032799, -0.789885, 2.328787
HipRight: -0.1908717, 0.08364887, 2.663539
KneeRight: -0.260312, -0.3883719, 2.564909
AnkleRight: -0.248077, -0.7031407, 2.489204
FootRight: -0.3025059, -0.7619054, 2.374676
=========
HipCenter: -0.2732137, 0.1522707, 2.656824
Spine: -0.3027256, 0.2007862, 2.7258
ShoulderCenter: -0.3393548, 0.5738814, 2.816767
Head: -0.267909, 0.7505772, 2.834429
ShoulderLeft: -0.4617402, 0.4392395, 2.725666
ElbowLeft: -0.507313, 0.187829, 2.640094
WristLeft: -0.4993078, -0.0165919, 2.519726
HandLeft: -0.4987053, -0.09642019, 2.480729
ShoulderRight: -0.1567642, 0.4472455, 2.846915
ElbowRight: -0.1269135, 0.1760544, 2.713958
WristRight: -0.1222537, -0.0189858, 2.583193
HandRight: -0.1309751, -0.1063772, 2.536633
HipLeft: -0.3307968, 0.08086916, 2.59598
KneeLeft: -0.3199334, -0.4341955, 2.532185
AnkleLeft: -0.336976, -0.7346469, 2.437231
FootLeft: -0.3032813, -0.7898926, 2.328773
HipRight: -0.1906821, 0.0835079, 2.663904
KneeRight: -0.2603566, -0.3884045, 2.564537
AnkleRight: -0.2481103, -0.7032484, 2.489254
FootRight: -0.3025399, -0.7618479, 2.374848
=========
HipCenter: -0.2730205, 0.1523339, 2.656965
Spine: -0.3026096, 0.2008265, 2.725899
ShoulderCenter: -0.3393096, 0.5738795, 2.81674
Head: -0.2678146, 0.750357, 2.83432
ShoulderLeft: -0.4615346, 0.4395516, 2.725456
ElbowLeft: -0.5067673, 0.1875893, 2.638952
WristLeft: -0.4991122, -0.01620507, 2.518686
HandLeft: -0.4985429, -0.09467694, 2.47956
ShoulderRight: -0.1567207, 0.4471063, 2.847085
ElbowRight: -0.1261649, 0.1737475, 2.711896
WristRight: -0.122082, -0.01968269, 2.582364
HandRight: -0.1313116, -0.1060822, 2.536632
HipLeft: -0.3305036, 0.08095261, 2.595769
KneeLeft: -0.3201149, -0.4343149, 2.532201
AnkleLeft: -0.3371048, -0.7346482, 2.437236
FootLeft: -0.3032865, -0.7898968, 2.328768
HipRight: -0.1905269, 0.08338848, 2.664213
KneeRight: -0.2604371, -0.3884324, 2.564188
AnkleRight: -0.2481404, -0.7033616, 2.489337
FootRight: -0.3025624, -0.7617783, 2.375057
=========
HipCenter: -0.2728548, 0.1523902, 2.657089
Spine: -0.3025079, 0.2008615, 2.725988
ShoulderCenter: -0.3392715, 0.5738701, 2.816722
Head: -0.2677289, 0.7501113, 2.834219
ShoulderLeft: -0.4613608, 0.4398358, 2.72527
ElbowLeft: -0.5063639, 0.1874085, 2.638078
WristLeft: -0.4989706, -0.01584856, 2.517777
HandLeft: -0.4985108, -0.0931372, 2.478607
ShoulderRight: -0.1566777, 0.4469827, 2.847238
ElbowRight: -0.1289515, 0.1805345, 2.718163
WristRight: -0.1217223, -0.01807586, 2.582911
HandRight: -0.1314665, -0.1056718, 2.536709
HipLeft: -0.3302585, 0.08102484, 2.595582
KneeLeft: -0.3202669, -0.4344147, 2.532212
AnkleLeft: -0.3372663, -0.7346701, 2.437245
FootLeft: -0.3032906, -0.7899007, 2.328762
HipRight: -0.1904024, 0.08328641, 2.664466
KneeRight: -0.2605712, -0.3884657, 2.563837
AnkleRight: -0.2481726, -0.7034763, 2.489438
FootRight: -0.3025838, -0.761703, 2.375276
=========
HipCenter: -0.2727048, 0.1524352, 2.657192
Spine: -0.3024033, 0.2008924, 2.72607
ShoulderCenter: -0.3391508, 0.5738736, 2.81672
Head: -0.2676469, 0.7498752, 2.834101
ShoulderLeft: -0.461204, 0.4400937, 2.725095
ElbowLeft: -0.5060517, 0.187265, 2.637382
WristLeft: -0.4985978, -0.01692191, 2.516556
HandLeft: -0.4985888, -0.09281909, 2.477793
ShoulderRight: -0.1566716, 0.4468011, 2.847333
ElbowRight: -0.1268672, 0.177815, 2.714559
WristRight: -0.1213705, -0.01904993, 2.582076
HandRight: -0.1314635, -0.1051703, 2.536839
HipLeft: -0.33003, 0.08108736, 2.595372
KneeLeft: -0.3204021, -0.4345148, 2.532223
AnkleLeft: -0.3374318, -0.7347006, 2.437249
FootLeft: -0.3032899, -0.7899092, 2.328752
HipRight: -0.1903021, 0.08319238, 2.664675
KneeRight: -0.2607351, -0.3884713, 2.563483
AnkleRight: -0.2482088, -0.703615, 2.489552
FootRight: -0.3025747, -0.7616591, 2.375457
=========
HipCenter: -0.2725748, 0.1524713, 2.657274
Spine: -0.302315, 0.2009182, 2.726134
ShoulderCenter: -0.3390237, 0.5738819, 2.81671
Head: -0.2676172, 0.7496966, 2.833972
ShoulderLeft: -0.4610115, 0.4403516, 2.724886
ElbowLeft: -0.505807, 0.1871545, 2.636821
WristLeft: -0.4984629, -0.01722596, 2.515913
HandLeft: -0.4985922, -0.09244373, 2.477407
ShoulderRight: -0.1566762, 0.4466261, 2.847408
ElbowRight: -0.1250837, 0.1753152, 2.711445
WristRight: -0.1210191, -0.02014945, 2.581227
HandRight: -0.1313456, -0.1045905, 2.537016
HipLeft: -0.3298297, 0.08114577, 2.59517
KneeLeft: -0.3205236, -0.4346012, 2.53223
AnkleLeft: -0.3376277, -0.7347368, 2.437256
FootLeft: -0.303293, -0.7899128, 2.328754
HipRight: -0.1902242, 0.08311103, 2.664841
KneeRight: -0.2609972, -0.3883955, 2.563071
AnkleRight: -0.2482529, -0.7037755, 2.489679
FootRight: -0.3025253, -0.7616443, 2.375614
=========
HipCenter: -0.2724608, 0.1525071, 2.657345
Spine: -0.3022399, 0.200946, 2.726189
ShoulderCenter: -0.3389031, 0.5739026, 2.816692
Head: -0.267584, 0.7496088, 2.833929
ShoulderLeft: -0.4608343, 0.4405954, 2.724675
ElbowLeft: -0.5056196, 0.1870655, 2.636367
WristLeft: -0.49843, -0.01724112, 2.515572
HandLeft: -0.4985922, -0.09218998, 2.477144
ShoulderRight: -0.1566829, 0.4465586, 2.847506
ElbowRight: -0.1274074, 0.1871927, 2.718658
WristRight: -0.1205043, -0.01804657, 2.582239
HandRight: -0.1310854, -0.1038868, 2.537268
HipLeft: -0.3296577, 0.08120121, 2.59498
KneeLeft: -0.3206297, -0.4346654, 2.532236
AnkleLeft: -0.3377942, -0.7347678, 2.437263
FootLeft: -0.3032973, -0.789915, 2.328759
HipRight: -0.1901628, 0.0830428, 2.664979
KneeRight: -0.2612719, -0.3883025, 2.562659
AnkleRight: -0.2483032, -0.7039469, 2.489819
FootRight: -0.302457, -0.7616307, 2.375761
