=========
HipCenter: -0.2973768, 0.1489885, 2.628759
Spine: -0.3205843, 0.1962358, 2.702567
ShoulderCenter: -0.3534531, 0.5721041, 2.805773
Head: -0.3145053, 0.7489501, 2.818569
ShoulderLeft: -0.4608707, 0.4358729, 2.707797
ElbowLeft: -0.5122058, 0.1931707, 2.650187
WristLeft: -0.5015861, -0.004846086, 2.521352
HandLeft: -0.5030126, -0.0951172, 2.476352
ShoulderRight: -0.1347127, 0.4781801, 2.824187
ElbowRight: 0.09062994, 0.5281996, 2.82476
WristRight: 0.3661213, 0.5241325, 2.842242
HandRight: 0.4579518, 0.5227768, 2.852976
HipLeft: -0.3615109, 0.06966415, 2.575153
KneeLeft: -0.314509, -0.4268301, 2.523348
AnkleLeft: -0.3394918, -0.7327189, 2.435792
FootLeft: -0.3048934, -0.7892331, 2.328791
HipRight: -0.2147399, 0.08870238, 2.619102
KneeRight: -0.3065106, -0.4743793, 2.526809
AnkleRight: -0.3138423, -0.738036, 2.43776
FootRight: -0.3205904, -0.7882123, 2.33174
=========
HipCenter: -0.2934, 0.1519515, 2.629828
Spine: -0.3173539, 0.1983869, 2.703103
ShoulderCenter: -0.3535047, 0.5720448, 2.804895
Head: -0.3114966, 0.7476239, 2.816624
ShoulderLeft: -0.4631253, 0.4346643, 2.708208
ElbowLeft: -0.5135039, 0.195781, 2.649285
WristLeft: -0.5015067, -0.005051163, 2.520584
HandLeft: -0.5024813, -0.09720958, 2.474572
ShoulderRight: -0.1346736, 0.4781683, 2.823833
ElbowRight: 0.09298063, 0.5273022, 2.823019
WristRight: 0.3466644, 0.5267186, 2.832264
HandRight: 0.4312257, 0.5265241, 2.84022
HipLeft: -0.3572941, 0.0718709, 2.576651
KneeLeft: -0.3140912, -0.4274199, 2.522969
AnkleLeft: -0.3382702, -0.7330703, 2.435582
FootLeft: -0.3045716, -0.7890784, 2.329067
HipRight: -0.2086533, 0.09172627, 2.619799
KneeRight: -0.3254649, -0.3497723, 2.520921
AnkleRight: -0.3111975, -0.7204906, 2.440738
FootRight: -0.3217098, -0.7881055, 2.330825
=========
HipCenter: -0.2926329, 0.1525566, 2.63002
Spine: -0.3167533, 0.1988155, 2.703188
ShoulderCenter: -0.3535039, 0.5720419, 2.804738
Head: -0.3108698, 0.7473506, 2.816194
ShoulderLeft: -0.4634993, 0.4344629, 2.708265
ElbowLeft: -0.5136991, 0.1961593, 2.649122
WristLeft: -0.5014877, -0.005093027, 2.520434
HandLeft: -0.5023888, -0.09755443, 2.474273
ShoulderRight: -0.1346609, 0.4781606, 2.823775
ElbowRight: 0.09335552, 0.5271609, 2.822742
WristRight: 0.340491, 0.5304381, 2.827462
HandRight: 0.421256, 0.5330835, 2.832488
HipLeft: -0.3564911, 0.07234457, 2.576939
KneeLeft: -0.3140243, -0.4275132, 2.522908
AnkleLeft: -0.3380442, -0.7331362, 2.435554
FootLeft: -0.3045197, -0.7890536, 2.329114
HipRight: -0.2074208, 0.0923752, 2.619909
KneeRight: -0.3307351, -0.3036177, 2.519923
AnkleRight: -0.3097221, -0.715775, 2.442006
FootRight: -0.3219191, -0.7880883, 2.330656
=========
HipCenter: -0.2918977, 0.1534402, 2.630161
Spine: -0.3161769, 0.1993671, 2.703232
ShoulderCenter: -0.3534961, 0.5720379, 2.804606
Head: -0.3103829, 0.7471346, 2.815845
ShoulderLeft: -0.4638442, 0.4342858, 2.708319
ElbowLeft: -0.5138503, 0.1964275, 2.648982
WristLeft: -0.501471, -0.005130072, 2.520302
HandLeft: -0.502268, -0.09781121, 2.474048
ShoulderRight: -0.1346478, 0.4781496, 2.823723
ElbowRight: 0.09840851, 0.5268666, 2.822725
WristRight: 0.3358728, 0.532334, 2.824767
HandRight: 0.4115087, 0.5366371, 2.827985
HipLeft: -0.3557815, 0.07301775, 2.577116
KneeLeft: -0.3139663, -0.4275912, 2.522855
AnkleLeft: -0.3378153, -0.7331856, 2.435531
FootLeft: -0.3044808, -0.7890351, 2.329148
HipRight: -0.206309, 0.09322239, 2.619951
KneeRight: -0.3334734, -0.2779689, 2.519368
AnkleRight: -0.3092354, -0.7132775, 2.442436
FootRight: -0.3220794, -0.7880759, 2.330526
=========
HipCenter: -0.2913339, 0.1541585, 2.630243
Spine: -0.3157139, 0.1998467, 2.703241
ShoulderCenter: -0.3534605, 0.5720521, 2.804451
Head: -0.310003, 0.7469933, 2.815624
ShoulderLeft: -0.4640992, 0.4341565, 2.708357
ElbowLeft: -0.513961, 0.1965448, 2.648793
WristLeft: -0.5014586, -0.00517042, 2.520176
HandLeft: -0.5021626, -0.09799757, 2.473881
ShoulderRight: -0.1346316, 0.4781375, 2.823682
ElbowRight: 0.1029848, 0.5266284, 2.822708
WristRight: 0.3329134, 0.5336156, 2.822954
HandRight: 0.4057426, 0.5388214, 2.825228
HipLeft: -0.3552412, 0.0735776, 2.577222
KneeLeft: -0.3139096, -0.4276659, 2.522808
AnkleLeft: -0.3375052, -0.7332649, 2.435499
FootLeft: -0.3044507, -0.7890208, 2.329175
HipRight: -0.2054875, 0.09388309, 2.619966
KneeRight: -0.3340431, -0.2677501, 2.519484
AnkleRight: -0.3089462, -0.7115675, 2.442686
FootRight: -0.322204, -0.7880687, 2.330419
=========
HipCenter: -0.2909122, 0.1547204, 2.63027
Spine: -0.3153407, 0.2002447, 2.703222
ShoulderCenter: -0.353436, 0.5720721, 2.804313
Head: -0.3097147, 0.7468697, 2.815449
ShoulderLeft: -0.4643467, 0.4340457, 2.708391
ElbowLeft: -0.5140361, 0.1965824, 2.648596
WristLeft: -0.5014204, -0.005284106, 2.519856
HandLeft: -0.502044, -0.09819239, 2.473717
ShoulderRight: -0.1346374, 0.4781105, 2.823587
ElbowRight: 0.107368, 0.5265543, 2.822794
WristRight: 0.3314899, 0.5346177, 2.821636
HandRight: 0.4028268, 0.5401955, 2.823439
HipLeft: -0.354836, 0.07403424, 2.577281
KneeLeft: -0.3138611, -0.4277295, 2.522768
AnkleLeft: -0.3371915, -0.7333215, 2.435481
FootLeft: -0.3044248, -0.789012, 2.329195
HipRight: -0.2048765, 0.0943966, 2.61991
KneeRight: -0.3329132, -0.2674629, 2.520277
AnkleRight: -0.3089277, -0.7106931, 2.44263
FootRight: -0.322309, -0.7880604, 2.330328
=========
HipCenter: -0.2906031, 0.1551549, 2.63027
Spine: -0.3150581, 0.200565, 2.70319
ShoulderCenter: -0.3534123, 0.5720922, 2.804194
Head: -0.3094922, 0.7467756, 2.815321
ShoulderLeft: -0.4645137, 0.4339651, 2.708402
ElbowLeft: -0.5140779, 0.1965374, 2.648378
WristLeft: -0.501375, -0.005491874, 2.519442
HandLeft: -0.5019329, -0.09835388, 2.473587
ShoulderRight: -0.1346485, 0.4780833, 2.823491
ElbowRight: 0.1112606, 0.5266002, 2.822799
WristRight: 0.3304324, 0.5363147, 2.820313
HandRight: 0.4005297, 0.5424164, 2.821749
HipLeft: -0.3545321, 0.07440352, 2.577286
KneeLeft: -0.313804, -0.4278097, 2.522729
AnkleLeft: -0.3369336, -0.7333711, 2.435463
FootLeft: -0.3044003, -0.7890082, 2.329206
HipRight: -0.2044427, 0.09478845, 2.619854
KneeRight: -0.3321913, -0.2728791, 2.520086
AnkleRight: -0.309377, -0.7113469, 2.441912
FootRight: -0.3223965, -0.7880535, 2.33025
=========
HipCenter: -0.2903447, 0.1555285, 2.630251
Spine: -0.3148043, 0.2008603, 2.70315
ShoulderCenter: -0.3533882, 0.5721205, 2.804108
Head: -0.3093318, 0.7467053, 2.81522
ShoulderLeft: -0.4646661, 0.4338928, 2.708399
ElbowLeft: -0.5141003, 0.1963896, 2.648071
WristLeft: -0.5012905, -0.005772721, 2.518926
HandLeft: -0.5017599, -0.09858759, 2.473401
ShoulderRight: -0.134662, 0.4780553, 2.82339
ElbowRight: 0.114397, 0.5266534, 2.822791
WristRight: 0.3370743, 0.5375842, 2.819683
HandRight: 0.4108052, 0.5436023, 2.821553
HipLeft: -0.3542824, 0.0747433, 2.577268
KneeLeft: -0.3137525, -0.4278839, 2.522692
AnkleLeft: -0.3366514, -0.7334214, 2.435443
FootLeft: -0.3043631, -0.7890148, 2.329197
HipRight: -0.204075, 0.09511692, 2.619767
KneeRight: -0.3305363, -0.283213, 2.52047
AnkleRight: -0.3099009, -0.7125087, 2.441073
FootRight: -0.3224753, -0.7880471, 2.330192
=========
HipCenter: -0.2901272, 0.1558475, 2.630215
Spine: -0.314563, 0.2011372, 2.703094
ShoulderCenter: -0.3533605, 0.5721602, 2.804004
Head: -0.3092108, 0.746649, 2.815142
ShoulderLeft: -0.4648379, 0.4338088, 2.708383
ElbowLeft: -0.5141062, 0.1962072, 2.647768
WristLeft: -0.5012107, -0.006046907, 2.518435
HandLeft: -0.5015826, -0.09879319, 2.473227
ShoulderRight: -0.1347079, 0.4780432, 2.823206
ElbowRight: 0.1173019, 0.5267637, 2.822595
WristRight: 0.33783, 0.5395555, 2.818972
HandRight: 0.4113255, 0.5461125, 2.82092
HipLeft: -0.3540708, 0.0750561, 2.577255
KneeLeft: -0.3137068, -0.4279523, 2.522659
AnkleLeft: -0.3363704, -0.7334679, 2.435436
FootLeft: -0.3043264, -0.7890222, 2.329187
HipRight: -0.2037389, 0.09540591, 2.619612
KneeRight: -0.3291642, -0.2907645, 2.521088
AnkleRight: -0.3102133, -0.7131224, 2.440557
FootRight: -0.3225701, -0.7880418, 2.330134
=========
HipCenter: -0.2899459, 0.1561323, 2.630156
Spine: -0.3143441, 0.2014045, 2.703017
ShoulderCenter: -0.3533763, 0.5722122, 2.803817
Head: -0.3091123, 0.7465981, 2.815065
ShoulderLeft: -0.4650175, 0.4337251, 2.708362
ElbowLeft: -0.5141908, 0.1963649, 2.647616
WristLeft: -0.5011324, -0.006273545, 2.517975
HandLeft: -0.5014203, -0.09895654, 2.47308
ShoulderRight: -0.1347806, 0.4780331, 2.822941
ElbowRight: 0.1195475, 0.5268403, 2.822367
WristRight: 0.3425797, 0.5401363, 2.819398
HandRight: 0.4180625, 0.5463119, 2.822347
HipLeft: -0.3538938, 0.07535812, 2.577226
KneeLeft: -0.3136662, -0.4280155, 2.522629
AnkleLeft: -0.3360188, -0.7335442, 2.435424
FootLeft: -0.3042751, -0.7890364, 2.32915
HipRight: -0.2034449, 0.09565702, 2.61942
KneeRight: -0.3284329, -0.2939298, 2.521482
AnkleRight: -0.3105037, -0.713806, 2.440053
FootRight: -0.3226703, -0.7880345, 2.330064
=========
HipCenter: -0.2897758, 0.1563977, 2.630077
Spine: -0.3141251, 0.2016725, 2.702921
ShoulderCenter: -0.3534007, 0.5722813, 2.803618
Head: -0.309036, 0.7465606, 2.814999
ShoulderLeft: -0.4651854, 0.433649, 2.708335
ElbowLeft: -0.5142447, 0.1964198, 2.647353
WristLeft: -0.5010893, -0.006433448, 2.517599
HandLeft: -0.5012827, -0.09905814, 2.472946
ShoulderRight: -0.1348661, 0.4780132, 2.82262
ElbowRight: 0.1213326, 0.5269191, 2.822151
WristRight: 0.3468474, 0.5405396, 2.819855
HandRight: 0.4238386, 0.5463555, 2.823622
HipLeft: -0.3537231, 0.07567011, 2.577175
KneeLeft: -0.313626, -0.4280757, 2.522595
AnkleLeft: -0.3356364, -0.7336065, 2.435407
FootLeft: -0.3042237, -0.7890525, 2.329108
HipRight: -0.2031675, 0.09587306, 2.619214
KneeRight: -0.327829, -0.296488, 2.521827
AnkleRight: -0.3108437, -0.7146, 2.439495
FootRight: -0.3227504, -0.7880404, 2.329887
=========
HipCenter: -0.2896246, 0.1566305, 2.629991
Spine: -0.3139255, 0.2019194, 2.702819
ShoulderCenter: -0.3534251, 0.5723647, 2.803433
Head: -0.3089709, 0.7465323, 2.814911
ShoulderLeft: -0.4652996, 0.4336196, 2.708302
ElbowLeft: -0.5143484, 0.1965463, 2.647134
WristLeft: -0.5010883, -0.006502948, 2.517335
HandLeft: -0.5012261, -0.09911697, 2.47289
ShoulderRight: -0.1349728, 0.4780088, 2.822242
ElbowRight: 0.1230843, 0.5270531, 2.821857
WristRight: 0.3506033, 0.5405764, 2.819463
HandRight: 0.4284445, 0.5459593, 2.823484
HipLeft: -0.353549, 0.07598599, 2.577142
KneeLeft: -0.3135965, -0.4281217, 2.522557
AnkleLeft: -0.3353112, -0.7336664, 2.435385
FootLeft: -0.3041781, -0.7890669, 2.329074
HipRight: -0.2029179, 0.09608164, 2.618967
KneeRight: -0.3273684, -0.2985131, 2.522109
AnkleRight: -0.3113746, -0.7155072, 2.438793
FootRight: -0.3228713, -0.7880875, 2.329486
=========
HipCenter: -0.2894889, 0.1568378, 2.629904
Spine: -0.3137408, 0.2021559, 2.702714
ShoulderCenter: -0.353454, 0.5724834, 2.803235
Head: -0.3089154, 0.746516, 2.814803
ShoulderLeft: -0.4653882, 0.4335994, 2.708258
ElbowLeft: -0.5144163, 0.1964541, 2.646763
WristLeft: -0.5011125, -0.006560304, 2.517119
HandLeft: -0.5011843, -0.09916051, 2.47285
ShoulderRight: -0.1350699, 0.4780234, 2.821879
ElbowRight: 0.1028247, 0.5220336, 2.819018
WristRight: 0.3553478, 0.5402696, 2.818895
HandRight: 0.4371992, 0.5458553, 2.823325
HipLeft: -0.3533741, 0.07629495, 2.577127
KneeLeft: -0.313569, -0.4281562, 2.52252
AnkleLeft: -0.3350127, -0.7337178, 2.435354
FootLeft: -0.3041339, -0.7890798, 2.329041
HipRight: -0.2027009, 0.09627213, 2.618717
KneeRight: -0.3270107, -0.3000955, 2.522339
AnkleRight: -0.3119374, -0.7164226, 2.438061
FootRight: -0.3229761, -0.7881288, 2.329096
=========
HipCenter: -0.2893646, 0.1570075, 2.629812
Spine: -0.3135795, 0.2023656, 2.702599
ShoulderCenter: -0.3534872, 0.5726183, 2.802866
Head: -0.3088808, 0.7465149, 2.814648
ShoulderLeft: -0.4654205, 0.4335941, 2.708148
ElbowLeft: -0.5144945, 0.1962207, 2.646328
WristLeft: -0.5011598, -0.006610915, 2.516942
HandLeft: -0.5011553, -0.09919202, 2.472821
ShoulderRight: -0.1351703, 0.4780382, 2.821519
ElbowRight: 0.105445, 0.522495, 2.816866
WristRight: 0.3572437, 0.5403625, 2.818657
HandRight: 0.4395746, 0.5458791, 2.82336
HipLeft: -0.3531913, 0.07658486, 2.577088
KneeLeft: -0.3135439, -0.4281874, 2.522484
AnkleLeft: -0.3346597, -0.7337967, 2.435328
FootLeft: -0.3040795, -0.7890955, 2.329006
HipRight: -0.2025294, 0.09639067, 2.618528
KneeRight: -0.326469, -0.3017003, 2.522679
AnkleRight: -0.3127832, -0.7177349, 2.437029
FootRight: -0.3230541, -0.78816, 2.328731
=========
HipCenter: -0.2892566, 0.1571559, 2.629717
Spine: -0.3134295, 0.2025611, 2.702483
ShoulderCenter: -0.3535793, 0.5728673, 2.802551
Head: -0.3090088, 0.7465073, 2.814289
ShoulderLeft: -0.4654436, 0.433597, 2.70804
ElbowLeft: -0.5145782, 0.1959408, 2.645828
WristLeft: -0.5012282, -0.006647466, 2.516792
HandLeft: -0.5011436, -0.09920934, 2.472802
ShoulderRight: -0.1353343, 0.478103, 2.821024
ElbowRight: 0.1091027, 0.5233188, 2.815121
WristRight: 0.3583528, 0.5410465, 2.818255
HandRight: 0.4405176, 0.5468665, 2.823111
HipLeft: -0.3530263, 0.07685151, 2.577061
KneeLeft: -0.3135219, -0.428212, 2.522448
AnkleLeft: -0.3343521, -0.733878, 2.435305
FootLeft: -0.304032, -0.7891065, 2.328983
HipRight: -0.2023848, 0.0965205, 2.618256
KneeRight: -0.3261241, -0.3026731, 2.522896
AnkleRight: -0.3132741, -0.7184938, 2.436435
FootRight: -0.3231468, -0.7881842, 2.328384
=========
HipCenter: -0.2891476, 0.157286, 2.629611
Spine: -0.3132741, 0.2027466, 2.702351
ShoulderCenter: -0.353665, 0.5731161, 2.802139
Head: -0.3091119, 0.7464975, 2.813844
ShoulderLeft: -0.4654637, 0.4336035, 2.707932
ElbowLeft: -0.514644, 0.1955269, 2.64524
WristLeft: -0.5012895, -0.006676055, 2.516643
HandLeft: -0.5011503, -0.09921241, 2.472775
ShoulderRight: -0.1354921, 0.4781873, 2.820509
ElbowRight: 0.1126602, 0.5241976, 2.813979
WristRight: 0.3592447, 0.5415515, 2.817729
HandRight: 0.4412326, 0.5474941, 2.82258
HipLeft: -0.3528727, 0.07708116, 2.57703
KneeLeft: -0.3135025, -0.4282329, 2.522408
AnkleLeft: -0.3341079, -0.7339591, 2.435277
FootLeft: -0.3039944, -0.7891115, 2.328989
HipRight: -0.2022428, 0.09662366, 2.617985
KneeRight: -0.3257805, -0.3034074, 2.523102
AnkleRight: -0.3136793, -0.7191056, 2.435947
FootRight: -0.3232492, -0.7882139, 2.328046
=========
HipCenter: -0.2890398, 0.157398, 2.629499
Spine: -0.3131233, 0.2029146, 2.702215
ShoulderCenter: -0.3537515, 0.5733566, 2.80174
Head: -0.3091639, 0.7465014, 2.812925
ShoulderLeft: -0.4654819, 0.4336115, 2.707818
ElbowLeft: -0.5147263, 0.1953383, 2.64492
WristLeft: -0.501366, -0.00669602, 2.516538
HandLeft: -0.5011762, -0.09919145, 2.472747
ShoulderRight: -0.1356467, 0.4782814, 2.819988
ElbowRight: 0.1160128, 0.5250536, 2.813194
WristRight: 0.3592919, 0.5426025, 2.816796
HandRight: 0.4399644, 0.5491607, 2.821197
HipLeft: -0.352733, 0.0772782, 2.577001
KneeLeft: -0.3134846, -0.4282519, 2.522367
AnkleLeft: -0.3338834, -0.7340513, 2.435246
FootLeft: -0.3039661, -0.7891162, 2.328995
HipRight: -0.2021006, 0.09670857, 2.61771
KneeRight: -0.3254622, -0.3039659, 2.523301
AnkleRight: -0.3141658, -0.7198332, 2.435381
FootRight: -0.3233788, -0.7882522, 2.327749
=========
HipCenter: -0.2889437, 0.1574965, 2.629383
Spine: -0.3129852, 0.2030703, 2.702077
ShoulderCenter: -0.3538272, 0.5735955, 2.80136
Head: -0.3092076, 0.7465099, 2.812055
ShoulderLeft: -0.4655061, 0.4336213, 2.707702
ElbowLeft: -0.5148167, 0.1951353, 2.644599
WristLeft: -0.5014794, -0.006730444, 2.516418
HandLeft: -0.5012114, -0.09920546, 2.472775
ShoulderRight: -0.1357895, 0.4783619, 2.819479
ElbowRight: 0.1188245, 0.5257979, 2.812678
WristRight: 0.3589033, 0.5438838, 2.815964
HandRight: 0.4380145, 0.5511928, 2.82002
HipLeft: -0.3526195, 0.07744758, 2.576972
KneeLeft: -0.3134678, -0.4282673, 2.522323
AnkleLeft: -0.3337381, -0.7341305, 2.435229
FootLeft: -0.3039416, -0.7891194, 2.329005
HipRight: -0.2019773, 0.09677771, 2.617438
KneeRight: -0.3250583, -0.3043984, 2.523529
AnkleRight: -0.3144758, -0.7202777, 2.435041
FootRight: -0.3235154, -0.7882969, 2.327451
=========
HipCenter: -0.2888681, 0.1575967, 2.629258
Spine: -0.3128668, 0.2032334, 2.701926
ShoulderCenter: -0.3539315, 0.5738329, 2.800876
Head: -0.3092505, 0.746531, 2.811254
ShoulderLeft: -0.4655527, 0.4336406, 2.707596
ElbowLeft: -0.5149592, 0.1950751, 2.644364
WristLeft: -0.5016139, -0.006777634, 2.516309
HandLeft: -0.5012975, -0.09922863, 2.472817
ShoulderRight: -0.1359527, 0.4784432, 2.818928
ElbowRight: 0.1208887, 0.5263866, 2.812347
WristRight: 0.3575845, 0.5454784, 2.815272
HandRight: 0.4345278, 0.5536624, 2.819153
HipLeft: -0.3525338, 0.07760343, 2.576949
KneeLeft: -0.3134503, -0.42828, 2.522276
AnkleLeft: -0.3336293, -0.7342072, 2.435215
FootLeft: -0.3039174, -0.7891216, 2.329022
HipRight: -0.201891, 0.09685725, 2.617151
KneeRight: -0.3246679, -0.3047208, 2.523738
AnkleRight: -0.3147373, -0.7206514, 2.434764
FootRight: -0.3236245, -0.7883182, 2.327234
=========
HipCenter: -0.2887866, 0.1576832, 2.629108
Spine: -0.3127388, 0.2033814, 2.701749
ShoulderCenter: -0.3540185, 0.5740359, 2.800384
Head: -0.3092952, 0.7465617, 2.81052
ShoulderLeft: -0.4656058, 0.4336622, 2.707487
ElbowLeft: -0.5151169, 0.1950913, 2.644161
WristLeft: -0.501752, -0.006824921, 2.516208
HandLeft: -0.5014077, -0.09925316, 2.472865
ShoulderRight: -0.1361489, 0.4785336, 2.8183
ElbowRight: 0.1224831, 0.5268935, 2.812091
WristRight: 0.3563553, 0.5464563, 2.814481
HandRight: 0.4316773, 0.5549316, 2.818108
HipLeft: -0.3524577, 0.07773674, 2.576926
KneeLeft: -0.3134341, -0.4282912, 2.522227
AnkleLeft: -0.3335471, -0.7342864, 2.435196
FootLeft: -0.3038913, -0.7891221, 2.329045
HipRight: -0.2018005, 0.09692087, 2.616832
KneeRight: -0.32431, -0.3049144, 2.523876
AnkleRight: -0.3149528, -0.7209387, 2.434546
FootRight: -0.3237225, -0.7883331, 2.327057
=========
HipCenter: -0.2887014, 0.1577687, 2.628948
Spine: -0.3126121, 0.2035245, 2.701565
ShoulderCenter: -0.3541126, 0.5742047, 2.799885
Head: -0.3092687, 0.7466049, 2.809959
ShoulderLeft: -0.4656616, 0.4336852, 2.707379
ElbowLeft: -0.5154209, 0.1954602, 2.64404
WristLeft: -0.5019062, -0.006871694, 2.516118
HandLeft: -0.5015123, -0.09925345, 2.472867
ShoulderRight: -0.1363234, 0.4786239, 2.817739
ElbowRight: 0.1236903, 0.5272971, 2.811968
WristRight: 0.3553009, 0.5471589, 2.813912
HandRight: 0.4294723, 0.555738, 2.817404
HipLeft: -0.3523853, 0.07786329, 2.576901
KneeLeft: -0.313422, -0.4282986, 2.522165
AnkleLeft: -0.333481, -0.7343699, 2.435176
FootLeft: -0.3038591, -0.7891185, 2.329081
HipRight: -0.2016976, 0.0969826, 2.616512
KneeRight: -0.3241764, -0.3049797, 2.523854
AnkleRight: -0.3151581, -0.7211801, 2.434352
FootRight: -0.3237497, -0.7883436, 2.326924
=========
HipCenter: -0.2886139, 0.1578477, 2.628771
Spine: -0.3124883, 0.2036627, 2.701364
ShoulderCenter: -0.3542087, 0.5743797, 2.799377
Head: -0.3092446, 0.7467044, 2.809474
ShoulderLeft: -0.4657229, 0.4337049, 2.707253
ElbowLeft: -0.5157188, 0.1958536, 2.64395
WristLeft: -0.5020978, -0.006899484, 2.516068
HandLeft: -0.5016164, -0.09921871, 2.472862
ShoulderRight: -0.1364842, 0.4787044, 2.817227
ElbowRight: 0.1245922, 0.5276397, 2.81187
WristRight: 0.3550385, 0.5475457, 2.813484
HandRight: 0.4287558, 0.556155, 2.816889
HipLeft: -0.3523195, 0.07797654, 2.576877
KneeLeft: -0.3134135, -0.4283093, 2.522091
AnkleLeft: -0.3334162, -0.7344741, 2.435152
FootLeft: -0.3038261, -0.7891212, 2.329102
HipRight: -0.2015951, 0.09703764, 2.616188
KneeRight: -0.324074, -0.3049732, 2.523822
AnkleRight: -0.3145831, -0.7214965, 2.434564
FootRight: -0.3237749, -0.7883491, 2.32685
=========
HipCenter: -0.2885577, 0.1579193, 2.62856
Spine: -0.3123874, 0.2037988, 2.701138
ShoulderCenter: -0.3543305, 0.5745858, 2.79887
Head: -0.309283, 0.7468269, 2.809049
ShoulderLeft: -0.4657898, 0.4337326, 2.707131
ElbowLeft: -0.5160419, 0.1964211, 2.643897
WristLeft: -0.5022974, -0.006912352, 2.51603
HandLeft: -0.5017523, -0.09917206, 2.472876
ShoulderRight: -0.1368041, 0.4789465, 2.816521
ElbowRight: 0.1252636, 0.5279408, 2.811798
WristRight: 0.3550037, 0.5478142, 2.813145
HandRight: 0.4286295, 0.5563217, 2.816466
HipLeft: -0.3522769, 0.07807678, 2.576853
KneeLeft: -0.3134068, -0.4283204, 2.522008
AnkleLeft: -0.3333805, -0.7345812, 2.435115
FootLeft: -0.3037943, -0.7891243, 2.329119
HipRight: -0.2015605, 0.09710074, 2.615769
KneeRight: -0.3240007, -0.3049864, 2.523808
AnkleRight: -0.3135547, -0.7218792, 2.435095
FootRight: -0.3237931, -0.7883517, 2.326796
=========
HipCenter: -0.2885475, 0.1580015, 2.62823
Spine: -0.3123186, 0.2039782, 2.700772
ShoulderCenter: -0.3545264, 0.5748818, 2.797865
Head: -0.3093397, 0.7471627, 2.808098
ShoulderLeft: -0.4658774, 0.4337706, 2.706967
ElbowLeft: -0.5163917, 0.1970862, 2.643827
WristLeft: -0.5025342, -0.006862107, 2.516016
HandLeft: -0.5019209, -0.09906363, 2.472939
ShoulderRight: -0.1372505, 0.4792683, 2.81549
ElbowRight: 0.1257494, 0.5282001, 2.811688
WristRight: 0.3551224, 0.5479574, 2.812824
HandRight: 0.4289573, 0.5562068, 2.816105
HipLeft: -0.3522488, 0.07820737, 2.576793
KneeLeft: -0.3134058, -0.4283309, 2.521885
AnkleLeft: -0.3333833, -0.7346708, 2.435084
FootLeft: -0.3037634, -0.7891216, 2.329147
HipRight: -0.201633, 0.09711995, 2.615273
KneeRight: -0.3239524, -0.3048971, 2.523736
AnkleRight: -0.3116463, -0.722353, 2.436137
FootRight: -0.3238184, -0.7883493, 2.326729
=========
HipCenter: -0.2885479, 0.1580764, 2.627904
Spine: -0.3122661, 0.2041482, 2.700412
ShoulderCenter: -0.3548137, 0.5752062, 2.796905
Head: -0.3093652, 0.7475804, 2.807108
ShoulderLeft: -0.46597, 0.4338256, 2.706794
ElbowLeft: -0.5167459, 0.19788, 2.643806
WristLeft: -0.5027593, -0.006801871, 2.516005
HandLeft: -0.5020871, -0.09896683, 2.472994
ShoulderRight: -0.1377052, 0.4795786, 2.814494
ElbowRight: 0.1261271, 0.5284047, 2.811591
WristRight: 0.355409, 0.5479512, 2.812348
HandRight: 0.4296255, 0.5558151, 2.815489
HipLeft: -0.3522256, 0.07832617, 2.576738
KneeLeft: -0.3134059, -0.4283402, 2.521758
AnkleLeft: -0.3333981, -0.7348076, 2.435036
FootLeft: -0.303734, -0.7891185, 2.329175
HipRight: -0.2017241, 0.09716041, 2.614783
KneeRight: -0.3238956, -0.3047956, 2.523695
AnkleRight: -0.3103735, -0.7225465, 2.436773
FootRight: -0.3238345, -0.7883449, 2.326677
=========
HipCenter: -0.2885629, 0.1581338, 2.627544
Spine: -0.3122607, 0.2043132, 2.699992
ShoulderCenter: -0.3551138, 0.5755383, 2.795704
Head: -0.3094472, 0.7480332, 2.806128
ShoulderLeft: -0.4659413, 0.4339797, 2.706374
ElbowLeft: -0.5171847, 0.198943, 2.643896
WristLeft: -0.5029829, -0.006732024, 2.516006
HandLeft: -0.5022753, -0.09887083, 2.473097
ShoulderRight: -0.1381309, 0.4798588, 2.813596
ElbowRight: 0.1264557, 0.5285821, 2.8115
WristRight: 0.3559136, 0.547558, 2.811223
HandRight: 0.4306515, 0.5547244, 2.813872
HipLeft: -0.3522082, 0.07844102, 2.576673
KneeLeft: -0.3134131, -0.4283403, 2.521621
AnkleLeft: -0.3334183, -0.7349344, 2.434992
FootLeft: -0.3036999, -0.7891158, 2.329205
HipRight: -0.2018305, 0.09719126, 2.614327
KneeRight: -0.3238321, -0.3046418, 2.523656
AnkleRight: -0.3091008, -0.7226428, 2.437386
FootRight: -0.3238421, -0.788344, 2.326644
=========
HipCenter: -0.2886291, 0.1581979, 2.627187
Spine: -0.3122992, 0.2044837, 2.699593
ShoulderCenter: -0.3554734, 0.5759349, 2.794804
Head: -0.3097462, 0.7485018, 2.804739
ShoulderLeft: -0.4661004, 0.4341288, 2.706036
ElbowLeft: -0.5175362, 0.1995256, 2.643815
WristLeft: -0.5032027, -0.006678614, 2.515984
HandLeft: -0.5025194, -0.09884384, 2.473286
ShoulderRight: -0.1386273, 0.4800494, 2.81271
ElbowRight: 0.1230396, 0.5269578, 2.810628
WristRight: 0.3464079, 0.5437902, 2.807366
HandRight: 0.4196239, 0.5498682, 2.809392
HipLeft: -0.3522411, 0.07857563, 2.576592
KneeLeft: -0.3134293, -0.4283168, 2.521473
AnkleLeft: -0.333463, -0.735043, 2.434942
FootLeft: -0.3036634, -0.7891135, 2.329239
HipRight: -0.2019695, 0.09721842, 2.613899
KneeRight: -0.3247414, -0.3043173, 2.523324
AnkleRight: -0.307076, -0.7228275, 2.438049
FootRight: -0.3238648, -0.7883348, 2.326591
=========
HipCenter: -0.2887669, 0.1582567, 2.626814
Spine: -0.3123868, 0.2046518, 2.6992
ShoulderCenter: -0.3557661, 0.5763208, 2.794035
Head: -0.3100238, 0.748914, 2.80356
ShoulderLeft: -0.4662828, 0.4342689, 2.705726
ElbowLeft: -0.517841, 0.1999853, 2.643735
WristLeft: -0.5034252, -0.00663, 2.515952
HandLeft: -0.5028975, -0.09887163, 2.473617
ShoulderRight: -0.1390637, 0.4801887, 2.811974
ElbowRight: 0.1193827, 0.5250552, 2.809756
WristRight: 0.3383097, 0.5400329, 2.804713
HandRight: 0.4105414, 0.5452592, 2.806571
HipLeft: -0.352344, 0.07872746, 2.576487
KneeLeft: -0.3134632, -0.4283099, 2.521317
AnkleLeft: -0.333587, -0.7351967, 2.434855
FootLeft: -0.3036401, -0.7891144, 2.32926
HipRight: -0.2022608, 0.09720664, 2.613444
KneeRight: -0.3252067, -0.3041396, 2.52313
AnkleRight: -0.3049432, -0.7229891, 2.438652
FootRight: -0.3238824, -0.7883264, 2.326547
=========
HipCenter: -0.2889134, 0.1583211, 2.62647
Spine: -0.3124837, 0.2048162, 2.698841
ShoulderCenter: -0.3560149, 0.5766554, 2.793402
Head: -0.3103993, 0.7492563, 2.802509
ShoulderLeft: -0.4665206, 0.4344164, 2.705427
ElbowLeft: -0.5181263, 0.2004259, 2.643652
WristLeft: -0.5036628, -0.006573314, 2.515922
HandLeft: -0.5032969, -0.0988848, 2.473939
ShoulderRight: -0.1394622, 0.480319, 2.811351
ElbowRight: 0.1150971, 0.5225642, 2.808743
WristRight: 0.3304832, 0.5357428, 2.800977
HandRight: 0.4019538, 0.5402051, 2.80223
HipLeft: -0.3524687, 0.07888748, 2.576375
KneeLeft: -0.3135087, -0.4283049, 2.521143
AnkleLeft: -0.3337351, -0.7353584, 2.434762
FootLeft: -0.3036202, -0.789116, 2.329276
HipRight: -0.2025404, 0.09719726, 2.613048
KneeRight: -0.3264528, -0.3034118, 2.522481
AnkleRight: -0.3032171, -0.7228804, 2.439043
FootRight: -0.3239021, -0.7883158, 2.326504
=========
HipCenter: -0.2892231, 0.1584072, 2.626104
Spine: -0.312713, 0.204998, 2.698485
ShoulderCenter: -0.3562824, 0.5769488, 2.792916
Head: -0.310734, 0.7495738, 2.801703
ShoulderLeft: -0.4667783, 0.4345624, 2.705159
ElbowLeft: -0.5183783, 0.2007913, 2.64356
WristLeft: -0.503901, -0.006517658, 2.515893
HandLeft: -0.5036814, -0.09889051, 2.474223
ShoulderRight: -0.1398672, 0.4804267, 2.810798
ElbowRight: 0.1128064, 0.5207985, 2.807506
WristRight: 0.3261336, 0.5320891, 2.79775
HandRight: 0.394003, 0.5389969, 2.788884
HipLeft: -0.352798, 0.07914743, 2.576185
KneeLeft: -0.3135738, -0.4282902, 2.520937
AnkleLeft: -0.333889, -0.735509, 2.434673
FootLeft: -0.3036027, -0.7891182, 2.329289
HipRight: -0.2030469, 0.09715676, 2.612677
KneeRight: -0.3272778, -0.3028603, 2.522008
AnkleRight: -0.3017799, -0.722652, 2.439296
FootRight: -0.3239095, -0.7883059, 2.32646
=========
HipCenter: -0.2895243, 0.1584866, 2.625778
Spine: -0.3129377, 0.205162, 2.698172
ShoulderCenter: -0.35651, 0.577192, 2.792524
Head: -0.310971, 0.749828, 2.801194
ShoulderLeft: -0.4671302, 0.4347033, 2.704895
ElbowLeft: -0.5186431, 0.2011246, 2.643462
WristLeft: -0.5041925, -0.006475727, 2.515839
HandLeft: -0.504034, -0.09892014, 2.474398
ShoulderRight: -0.1402714, 0.480478, 2.810306
ElbowRight: 0.1114263, 0.519382, 2.806345
WristRight: 0.3236053, 0.5293412, 2.795379
HandRight: 0.3963962, 0.5371538, 2.783379
HipLeft: -0.353126, 0.07939259, 2.575998
KneeLeft: -0.3136465, -0.4282768, 2.520734
AnkleLeft: -0.3340374, -0.7356539, 2.434589
FootLeft: -0.3035868, -0.7891187, 2.329315
HipRight: -0.2035002, 0.09711553, 2.612379
KneeRight: -0.3277804, -0.3024009, 2.521544
AnkleRight: -0.2997553, -0.722462, 2.439574
FootRight: -0.3238977, -0.7882888, 2.326363
=========
HipCenter: -0.2898175, 0.1585517, 2.625479
Spine: -0.3131442, 0.205303, 2.697898
ShoulderCenter: -0.3566804, 0.5773914, 2.792227
Head: -0.3120766, 0.7508312, 2.801242
ShoulderLeft: -0.4675745, 0.4347759, 2.704633
ElbowLeft: -0.51886, 0.2012961, 2.643334
WristLeft: -0.5045024, -0.006480595, 2.515762
HandLeft: -0.5043809, -0.09901301, 2.4745
ShoulderRight: -0.140749, 0.480453, 2.809782
ElbowRight: 0.1107737, 0.5180919, 2.805087
WristRight: 0.3223774, 0.526801, 2.793209
HandRight: 0.4050237, 0.5139326, 2.78949
HipLeft: -0.3534726, 0.07959283, 2.575805
KneeLeft: -0.3137198, -0.4282907, 2.520527
AnkleLeft: -0.3341374, -0.7358182, 2.434518
FootLeft: -0.303568, -0.7891179, 2.329327
HipRight: -0.2039182, 0.09707546, 2.612123
KneeRight: -0.3280625, -0.3021068, 2.521261
AnkleRight: -0.2977497, -0.7222347, 2.439801
FootRight: -0.3238873, -0.7882687, 2.326255
=========
HipCenter: -0.2900862, 0.1586059, 2.625219
Spine: -0.3133391, 0.2054218, 2.697659
ShoulderCenter: -0.3568221, 0.577543, 2.792007
Head: -0.3130351, 0.751608, 2.801343
ShoulderLeft: -0.4679701, 0.4348612, 2.704393
ElbowLeft: -0.5190869, 0.2014645, 2.643203
WristLeft: -0.5049409, -0.00657807, 2.515638
HandLeft: -0.5047642, -0.09919544, 2.474546
ShoulderRight: -0.1412363, 0.4803742, 2.809287
ElbowRight: 0.1105954, 0.5167724, 2.803834
WristRight: 0.3220972, 0.5241569, 2.790965
HandRight: 0.405477, 0.5097873, 2.78866
HipLeft: -0.3537932, 0.07976959, 2.575625
KneeLeft: -0.3137978, -0.4282994, 2.520332
AnkleLeft: -0.3342141, -0.7359613, 2.434455
FootLeft: -0.3035542, -0.7891173, 2.329344
HipRight: -0.204289, 0.09703782, 2.611918
KneeRight: -0.3282762, -0.3017752, 2.520932
AnkleRight: -0.2959889, -0.7220421, 2.439988
FootRight: -0.3238773, -0.7882473, 2.326159
=========
HipCenter: -0.2905742, 0.1586295, 2.624886
Spine: -0.3136794, 0.2055234, 2.697371
ShoulderCenter: -0.3569494, 0.5776659, 2.791826
Head: -0.3140683, 0.752308, 2.801428
ShoulderLeft: -0.4683549, 0.4349349, 2.704173
ElbowLeft: -0.5193055, 0.201578, 2.643072
WristLeft: -0.5053664, -0.006685139, 2.51552
HandLeft: -0.5051448, -0.09938935, 2.474569
ShoulderRight: -0.1417633, 0.480241, 2.808795
ElbowRight: 0.1115007, 0.5145873, 2.801513
WristRight: 0.3243757, 0.5180264, 2.786087
HandRight: 0.4058452, 0.5063426, 2.787386
HipLeft: -0.3543513, 0.07994783, 2.575353
KneeLeft: -0.3138746, -0.4283113, 2.52015
AnkleLeft: -0.3343004, -0.7361041, 2.434411
FootLeft: -0.3035422, -0.7891171, 2.329359
HipRight: -0.2050349, 0.09691441, 2.611668
KneeRight: -0.3283397, -0.301545, 2.520649
AnkleRight: -0.2942301, -0.7219424, 2.440139
FootRight: -0.3238698, -0.7882268, 2.326077
=========
HipCenter: -0.2913317, 0.1585699, 2.624516
Spine: -0.3142151, 0.2055757, 2.697063
ShoulderCenter: -0.357069, 0.577766, 2.791685
Head: -0.3151021, 0.7529488, 2.801692
ShoulderLeft: -0.4687168, 0.4349942, 2.703972
ElbowLeft: -0.5195673, 0.2015705, 2.642875
WristLeft: -0.5058244, -0.006788162, 2.515432
HandLeft: -0.5055169, -0.0995677, 2.474591
ShoulderRight: -0.1423656, 0.4800331, 2.808306
ElbowRight: 0.1135245, 0.5099874, 2.7974
WristRight: 0.327356, 0.5114766, 2.780793
HandRight: 0.406228, 0.5035156, 2.785635
HipLeft: -0.3551167, 0.08009218, 2.575065
KneeLeft: -0.3139647, -0.428322, 2.519968
AnkleLeft: -0.3343779, -0.7362368, 2.434376
FootLeft: -0.3035334, -0.7891173, 2.329367
HipRight: -0.2062878, 0.09664377, 2.611393
KneeRight: -0.3283276, -0.3013628, 2.520408
AnkleRight: -0.2926645, -0.7218837, 2.440274
FootRight: -0.3238709, -0.7882047, 2.325998
=========
HipCenter: -0.2916635, 0.1585309, 2.624338
Spine: -0.3145036, 0.2056085, 2.69688
ShoulderCenter: -0.3571713, 0.5778463, 2.791569
Head: -0.3159966, 0.7536697, 2.802269
ShoulderLeft: -0.4692676, 0.4349203, 2.703692
ElbowLeft: -0.519843, 0.2014046, 2.642599
WristLeft: -0.5062981, -0.006910681, 2.515346
HandLeft: -0.5059282, -0.09980019, 2.474588
ShoulderRight: -0.1430429, 0.4796807, 2.807847
ElbowRight: 0.1148675, 0.5055956, 2.793285
WristRight: 0.3298796, 0.5010083, 2.774642
HandRight: 0.4060414, 0.4956945, 2.779692
HipLeft: -0.3554504, 0.08014946, 2.574888
KneeLeft: -0.3140485, -0.4283392, 2.519802
AnkleLeft: -0.3344715, -0.7363732, 2.434328
FootLeft: -0.3035253, -0.7891164, 2.329378
HipRight: -0.2066847, 0.09647781, 2.61142
KneeRight: -0.3282758, -0.3012199, 2.520184
AnkleRight: -0.2913554, -0.7218571, 2.440368
FootRight: -0.323903, -0.788188, 2.325949
=========
HipCenter: -0.2921098, 0.1584673, 2.624157
Spine: -0.3148704, 0.2056265, 2.696688
ShoulderCenter: -0.3572668, 0.5778821, 2.791398
Head: -0.3167044, 0.7542502, 2.802793
ShoulderLeft: -0.4702911, 0.4345271, 2.703227
ElbowLeft: -0.5201725, 0.200871, 2.642057
WristLeft: -0.5067357, -0.007028867, 2.51527
HandLeft: -0.5063564, -0.1000644, 2.474572
ShoulderRight: -0.1437633, 0.4791661, 2.80742
ElbowRight: 0.1161282, 0.5000596, 2.787915
WristRight: 0.3316505, 0.4910089, 2.77045
HandRight: 0.4057355, 0.4872437, 2.775476
HipLeft: -0.3560388, 0.08014111, 2.574573
KneeLeft: -0.3141305, -0.4283561, 2.519658
AnkleLeft: -0.334603, -0.7365093, 2.434265
FootLeft: -0.3035166, -0.7891146, 2.329393
HipRight: -0.2072514, 0.09618477, 2.61156
KneeRight: -0.3282549, -0.3011209, 2.520036
AnkleRight: -0.2902864, -0.7218407, 2.440436
FootRight: -0.3239186, -0.7881727, 2.325891
=========
HipCenter: -0.2925379, 0.1584076, 2.624005
Spine: -0.3152722, 0.2056453, 2.696512
ShoulderCenter: -0.3574581, 0.5779593, 2.79122
Head: -0.3171344, 0.7546145, 2.803154
ShoulderLeft: -0.4712267, 0.4342856, 2.702826
ElbowLeft: -0.5205833, 0.2006305, 2.641641
WristLeft: -0.5071533, -0.007145408, 2.515198
HandLeft: -0.5069654, -0.1005281, 2.474771
ShoulderRight: -0.1445823, 0.4785121, 2.807032
ElbowRight: 0.1164285, 0.4944397, 2.7828
WristRight: 0.3320339, 0.4807629, 2.767158
HandRight: 0.4044249, 0.4768378, 2.771659
HipLeft: -0.3565977, 0.08015039, 2.574275
KneeLeft: -0.31422, -0.4283696, 2.519528
AnkleLeft: -0.3347938, -0.7366455, 2.434203
FootLeft: -0.3035086, -0.7891114, 2.32941
HipRight: -0.20777, 0.09590354, 2.611735
KneeRight: -0.3282424, -0.3010497, 2.519909
AnkleRight: -0.2894784, -0.7218469, 2.440474
FootRight: -0.3239823, -0.7881442, 2.325831
=========
HipCenter: -0.2929442, 0.1583418, 2.623886
Spine: -0.315675, 0.2056494, 2.696368
ShoulderCenter: -0.3577658, 0.5780796, 2.791096
Head: -0.3176181, 0.7547699, 2.803437
ShoulderLeft: -0.4722219, 0.4341656, 2.702511
ElbowLeft: -0.5210466, 0.2005288, 2.641326
WristLeft: -0.5082257, -0.006158941, 2.515595
HandLeft: -0.5077388, -0.1000597, 2.475439
ShoulderRight: -0.145791, 0.4775428, 2.806505
ElbowRight: 0.1163442, 0.4889565, 2.778882
WristRight: 0.3311597, 0.4649007, 2.762726
HandRight: 0.4017603, 0.4568458, 2.765
HipLeft: -0.3571025, 0.08014672, 2.574014
KneeLeft: -0.3143173, -0.4283702, 2.519412
AnkleLeft: -0.3350199, -0.7367597, 2.434148
FootLeft: -0.3035012, -0.7891081, 2.329426
HipRight: -0.2082357, 0.09564703, 2.611931
KneeRight: -0.3283318, -0.3010259, 2.519593
AnkleRight: -0.2889683, -0.7218732, 2.440452
FootRight: -0.3241046, -0.7881116, 2.325757
=========
HipCenter: -0.2934205, 0.1582544, 2.623789
Spine: -0.3161399, 0.2056457, 2.696237
ShoulderCenter: -0.3580878, 0.5782075, 2.790943
Head: -0.318002, 0.7548679, 2.803665
ShoulderLeft: -0.4732964, 0.4339772, 2.70217
ElbowLeft: -0.5215324, 0.2004672, 2.641066
WristLeft: -0.5088578, -0.005877133, 2.515722
HandLeft: -0.5082561, -0.1000445, 2.475746
ShoulderRight: -0.1470112, 0.4765234, 2.806026
ElbowRight: 0.1161766, 0.4839035, 2.77567
WristRight: 0.3304575, 0.4539413, 2.759723
HandRight: 0.4002372, 0.4441008, 2.76089
HipLeft: -0.3576692, 0.0801259, 2.573778
KneeLeft: -0.3144918, -0.4284108, 2.51928
AnkleLeft: -0.3353059, -0.7369309, 2.434071
FootLeft: -0.3034903, -0.7891055, 2.329442
HipRight: -0.2088066, 0.09532883, 2.612188
KneeRight: -0.3284729, -0.3010594, 2.519332
AnkleRight: -0.2886183, -0.7219372, 2.440403
FootRight: -0.3242234, -0.7880802, 2.325691
=========
HipCenter: -0.2942545, 0.1580909, 2.623734
Spine: -0.3169217, 0.205606, 2.696115
ShoulderCenter: -0.3584867, 0.5782684, 2.790646
Head: -0.3185144, 0.7549406, 2.804013
ShoulderLeft: -0.4743622, 0.4338802, 2.701863
ElbowLeft: -0.5221546, 0.2004282, 2.640819
WristLeft: -0.5094715, -0.005695671, 2.515869
HandLeft: -0.5087788, -0.1001232, 2.476022
ShoulderRight: -0.1486161, 0.4752787, 2.805572
ElbowRight: 0.114401, 0.4699011, 2.771175
WristRight: 0.3266727, 0.4279543, 2.750203
HandRight: 0.3957104, 0.4135836, 2.747545
HipLeft: -0.3584491, 0.08008468, 2.57355
KneeLeft: -0.314736, -0.4284645, 2.519167
AnkleLeft: -0.3356851, -0.7371179, 2.43399
FootLeft: -0.3034849, -0.7891043, 2.329455
HipRight: -0.2101855, 0.09475151, 2.612791
KneeRight: -0.3288972, -0.3011355, 2.518948
AnkleRight: -0.288491, -0.7220368, 2.440284
FootRight: -0.324334, -0.7880473, 2.325645
=========
HipCenter: -0.2950995, 0.1578847, 2.62377
Spine: -0.31774, 0.2055457, 2.696049
ShoulderCenter: -0.3588708, 0.5783218, 2.790336
Head: -0.3190108, 0.7550285, 2.80428
ShoulderLeft: -0.4756356, 0.4337615, 2.701581
ElbowLeft: -0.5228156, 0.2003495, 2.640657
WristLeft: -0.5100551, -0.005543427, 2.516026
HandLeft: -0.5094035, -0.1002787, 2.476518
ShoulderRight: -0.1505332, 0.4737588, 2.80533
ElbowRight: 0.1145224, 0.4508732, 2.765716
WristRight: 0.3218848, 0.3829291, 2.73808
HandRight: 0.3897727, 0.3623039, 2.733076
HipLeft: -0.3592003, 0.08000134, 2.573418
KneeLeft: -0.31503, -0.4285287, 2.519084
AnkleLeft: -0.3360817, -0.7373, 2.433903
FootLeft: -0.3034835, -0.789102, 2.329475
HipRight: -0.2115831, 0.09409066, 2.613569
KneeRight: -0.3293724, -0.301292, 2.518605
AnkleRight: -0.2884886, -0.7222055, 2.440161
FootRight: -0.3244273, -0.7880233, 2.325597
=========
HipCenter: -0.29585, 0.1576697, 2.623848
Spine: -0.3185179, 0.2054651, 2.696018
ShoulderCenter: -0.3594433, 0.5783098, 2.789904
Head: -0.3194322, 0.7551116, 2.804509
ShoulderLeft: -0.4767198, 0.4336637, 2.70135
ElbowLeft: -0.5234993, 0.2003233, 2.640508
WristLeft: -0.5106617, -0.005432949, 2.516196
HandLeft: -0.5099771, -0.1004286, 2.476976
ShoulderRight: -0.1524904, 0.4723071, 2.80521
ElbowRight: 0.1140261, 0.4304605, 2.759291
WristRight: 0.320849, 0.3646498, 2.733554
HandRight: 0.3887136, 0.3436616, 2.728485
HipLeft: -0.3598197, 0.079897, 2.573376
KneeLeft: -0.3153273, -0.4285796, 2.519028
AnkleLeft: -0.336466, -0.7374519, 2.43383
FootLeft: -0.3035142, -0.7890844, 2.329558
HipRight: -0.2127211, 0.09354906, 2.614293
KneeRight: -0.329843, -0.3014712, 2.518301
AnkleRight: -0.2885611, -0.7224005, 2.440041
FootRight: -0.3245069, -0.7880044, 2.325557
=========
HipCenter: -0.2966113, 0.1574483, 2.62399
Spine: -0.3193123, 0.2053719, 2.696045
ShoulderCenter: -0.3599729, 0.5782737, 2.78951
Head: -0.3197806, 0.755165, 2.80471
ShoulderLeft: -0.4776928, 0.4335412, 2.701163
ElbowLeft: -0.5242296, 0.2001956, 2.640352
WristLeft: -0.5113981, -0.005395103, 2.516425
HandLeft: -0.5105672, -0.1006303, 2.477472
ShoulderRight: -0.1541316, 0.4710713, 2.805209
ElbowRight: 0.08237804, 0.405767, 2.7685
WristRight: 0.2896067, 0.3521925, 2.72672
HandRight: 0.3773466, 0.3243503, 2.713469
HipLeft: -0.3604203, 0.07978492, 2.573375
KneeLeft: -0.3156213, -0.4286194, 2.518995
AnkleLeft: -0.3368033, -0.7375729, 2.433759
FootLeft: -0.3035377, -0.7890663, 2.329635
HipRight: -0.2138269, 0.09302634, 2.615077
KneeRight: -0.3304928, -0.3019221, 2.517879
AnkleRight: -0.2886514, -0.7226728, 2.439916
FootRight: -0.3245775, -0.7879998, 2.325387
=========
HipCenter: -0.2972745, 0.1572524, 2.62418
Spine: -0.3200479, 0.2052836, 2.696129
ShoulderCenter: -0.360464, 0.5782298, 2.789191
Head: -0.320067, 0.7551851, 2.804859
ShoulderLeft: -0.4785564, 0.4334478, 2.70102
ElbowLeft: -0.524915, 0.2000642, 2.640237
WristLeft: -0.5121123, -0.005374696, 2.516655
HandLeft: -0.5111433, -0.1008603, 2.47796
ShoulderRight: -0.1557641, 0.4699622, 2.805362
ElbowRight: 0.06765156, 0.3955027, 2.77256
WristRight: 0.2722777, 0.3339546, 2.722957
HandRight: 0.3721001, 0.312622, 2.704573
HipLeft: -0.3609253, 0.0796967, 2.573419
KneeLeft: -0.3159269, -0.4286538, 2.518992
AnkleLeft: -0.3371319, -0.7376752, 2.433696
FootLeft: -0.3035696, -0.7890427, 2.329737
HipRight: -0.2147272, 0.09260796, 2.615856
KneeRight: -0.3308553, -0.3022997, 2.517611
AnkleRight: -0.2887495, -0.7230924, 2.439779
FootRight: -0.3246066, -0.7880054, 2.325286
=========
HipCenter: -0.2979263, 0.1570581, 2.624414
Spine: -0.3207674, 0.2051906, 2.696256
ShoulderCenter: -0.360873, 0.5781807, 2.788936
Head: -0.3204085, 0.755215, 2.805214
ShoulderLeft: -0.4793236, 0.4333245, 2.700902
ElbowLeft: -0.5255411, 0.1999268, 2.640152
WristLeft: -0.5129337, -0.005814232, 2.516728
HandLeft: -0.5117514, -0.1015372, 2.478232
ShoulderRight: -0.1571176, 0.4690431, 2.80562
ElbowRight: 0.06054021, 0.3892268, 2.773873
WristRight: 0.2647651, 0.3249983, 2.720556
HandRight: 0.3508213, 0.3011641, 2.688448
HipLeft: -0.3613923, 0.07960898, 2.573486
KneeLeft: -0.3163038, -0.4286488, 2.519061
AnkleLeft: -0.3374592, -0.7377288, 2.433656
FootLeft: -0.3036013, -0.7890195, 2.329839
HipRight: -0.2156433, 0.09219899, 2.616668
KneeRight: -0.3311634, -0.3027419, 2.517382
AnkleRight: -0.2888521, -0.7236145, 2.439651
FootRight: -0.3246155, -0.7880111, 2.325204
=========
HipCenter: -0.2985923, 0.1568065, 2.624722
Spine: -0.3215553, 0.2050277, 2.696467
ShoulderCenter: -0.361354, 0.5780998, 2.788759
Head: -0.3206344, 0.7551645, 2.805456
ShoulderLeft: -0.4800578, 0.4331746, 2.700818
ElbowLeft: -0.5261654, 0.1998105, 2.640136
WristLeft: -0.513769, -0.006233573, 2.516812
HandLeft: -0.5122973, -0.1021572, 2.47847
ShoulderRight: -0.1588412, 0.4674786, 2.80589
ElbowRight: 0.05085107, 0.3825494, 2.773869
WristRight: 0.2600298, 0.2958495, 2.713001
HandRight: 0.3511921, 0.2606017, 2.682421
HipLeft: -0.3618241, 0.07951177, 2.573584
KneeLeft: -0.3166935, -0.4286384, 2.51915
AnkleLeft: -0.3377704, -0.7377697, 2.433623
FootLeft: -0.3036367, -0.7889958, 2.329949
HipRight: -0.2165111, 0.09175131, 2.617514
KneeRight: -0.331449, -0.3032154, 2.517177
AnkleRight: -0.2889784, -0.7241867, 2.439525
FootRight: -0.3246372, -0.7880192, 2.32514
=========
HipCenter: -0.2995623, 0.1564646, 2.625137
Spine: -0.3226406, 0.2047767, 2.696788
ShoulderCenter: -0.3618437, 0.577984, 2.788684
Head: -0.3208925, 0.7550272, 2.805674
ShoulderLeft: -0.48072, 0.4331409, 2.700814
ElbowLeft: -0.5267934, 0.1996901, 2.640162
WristLeft: -0.5145976, -0.006628638, 2.516957
HandLeft: -0.5127794, -0.1027026, 2.478687
ShoulderRight: -0.1604262, 0.4658182, 2.806163
ElbowRight: 0.03882812, 0.3750636, 2.773614
WristRight: 0.2568276, 0.2811061, 2.70852
HandRight: 0.3477376, 0.2427834, 2.675745
HipLeft: -0.3624987, 0.07941526, 2.573728
KneeLeft: -0.3170572, -0.4286247, 2.519253
AnkleLeft: -0.338053, -0.7377991, 2.433597
FootLeft: -0.3036732, -0.7889725, 2.330045
HipRight: -0.2178148, 0.091175, 2.618474
KneeRight: -0.3317444, -0.303695, 2.516979
AnkleRight: -0.2891527, -0.7247699, 2.439389
FootRight: -0.3247017, -0.7880408, 2.325006
=========
HipCenter: -0.3003986, 0.1561473, 2.625556
Spine: -0.3236347, 0.2045102, 2.697127
ShoulderCenter: -0.36272, 0.5777565, 2.788761
Head: -0.3211076, 0.7548334, 2.805959
ShoulderLeft: -0.4812697, 0.433108, 2.700813
ElbowLeft: -0.5273695, 0.1995798, 2.640204
WristLeft: -0.5154483, -0.007007631, 2.517138
HandLeft: -0.513198, -0.1031874, 2.4789
ShoulderRight: -0.1618073, 0.4642935, 2.806452
ElbowRight: 0.03082608, 0.3676733, 2.77137
WristRight: 0.2439798, 0.249823, 2.696156
HandRight: 0.321271, 0.2068133, 2.671444
HipLeft: -0.3630665, 0.07933631, 2.573881
KneeLeft: -0.3173972, -0.4286062, 2.519379
AnkleLeft: -0.3383355, -0.7378142, 2.433573
FootLeft: -0.3037003, -0.7889616, 2.330111
HipRight: -0.2188123, 0.09069, 2.619389
KneeRight: -0.3320213, -0.3041709, 2.516806
AnkleRight: -0.2893386, -0.7253537, 2.439264
FootRight: -0.324693, -0.7880596, 2.324935
=========
HipCenter: -0.3011925, 0.1558899, 2.626064
Spine: -0.3245351, 0.2042825, 2.697552
ShoulderCenter: -0.3633229, 0.5775102, 2.788965
Head: -0.3212768, 0.7546288, 2.806227
ShoulderLeft: -0.4819284, 0.4330964, 2.700924
ElbowLeft: -0.5279287, 0.19933, 2.640166
WristLeft: -0.5164065, -0.007745583, 2.517199
HandLeft: -0.5137348, -0.103896, 2.479138
ShoulderRight: -0.1630083, 0.4627877, 2.806792
ElbowRight: 0.01784069, 0.3448937, 2.76288
WristRight: 0.2035719, 0.2174553, 2.679789
HandRight: 0.2765433, 0.1614514, 2.664337
HipLeft: -0.3635831, 0.0792818, 2.574021
KneeLeft: -0.3177172, -0.4286045, 2.519516
AnkleLeft: -0.3385963, -0.7378357, 2.433547
FootLeft: -0.3037255, -0.7889557, 2.330168
HipRight: -0.2198785, 0.09009796, 2.620692
KneeRight: -0.3322862, -0.3046793, 2.516662
AnkleRight: -0.2895355, -0.7259763, 2.439158
FootRight: -0.3246792, -0.7880794, 2.32486
=========
HipCenter: -0.3019623, 0.155651, 2.626613
Spine: -0.3254145, 0.2040686, 2.698035
ShoulderCenter: -0.3638922, 0.5772921, 2.78925
Head: -0.3213689, 0.7544079, 2.806464
ShoulderLeft: -0.48265, 0.4333915, 2.701259
ElbowLeft: -0.5284958, 0.1991094, 2.640134
WristLeft: -0.5174374, -0.008159391, 2.517376
HandLeft: -0.5143082, -0.1044545, 2.479434
ShoulderRight: -0.1640462, 0.4613866, 2.807144
ElbowRight: 0.0103343, 0.3316986, 2.757572
WristRight: 0.1867862, 0.1775441, 2.667586
HandRight: 0.2590688, 0.1369583, 2.661
HipLeft: -0.364046, 0.07924518, 2.574153
KneeLeft: -0.3180781, -0.4285938, 2.519732
AnkleLeft: -0.3388264, -0.7378417, 2.433528
FootLeft: -0.3037478, -0.7889532, 2.330214
HipRight: -0.2209973, 0.08944981, 2.622125
KneeRight: -0.3326419, -0.3053671, 2.51653
AnkleRight: -0.2898414, -0.7267926, 2.439059
FootRight: -0.3246688, -0.7881092, 2.324768
=========
HipCenter: -0.3025961, 0.15544, 2.627143
Spine: -0.3261588, 0.2038683, 2.698513
ShoulderCenter: -0.3647434, 0.5770947, 2.789774
Head: -0.3214259, 0.7541749, 2.806626
ShoulderLeft: -0.4835278, 0.4338229, 2.701772
ElbowLeft: -0.5291067, 0.1988748, 2.640115
WristLeft: -0.5183672, -0.008517768, 2.51754
HandLeft: -0.5149038, -0.1049711, 2.479741
ShoulderRight: -0.1651568, 0.4600229, 2.807434
ElbowRight: 0.005725661, 0.3241742, 2.753997
WristRight: 0.1810367, 0.1561463, 2.66272
HandRight: 0.2503084, 0.1193763, 2.658872
HipLeft: -0.3644127, 0.07921512, 2.574274
KneeLeft: -0.318497, -0.4285785, 2.519987
AnkleLeft: -0.3390443, -0.7378417, 2.433512
FootLeft: -0.3037594, -0.7889539, 2.330246
HipRight: -0.2217999, 0.088924, 2.623423
KneeRight: -0.3329851, -0.3060349, 2.516422
AnkleRight: -0.2901488, -0.7275807, 2.438977
FootRight: -0.3246394, -0.7881481, 2.324615
=========
HipCenter: -0.3032007, 0.1551774, 2.627656
Spine: -0.3268482, 0.2036404, 2.698984
ShoulderCenter: -0.3654906, 0.5769539, 2.790342
Head: -0.3214601, 0.7539672, 2.806765
ShoulderLeft: -0.4842074, 0.4340564, 2.702132
ElbowLeft: -0.5297169, 0.1986267, 2.640101
WristLeft: -0.5191938, -0.008792992, 2.517685
HandLeft: -0.5155428, -0.1054248, 2.480009
ShoulderRight: -0.1661271, 0.4588473, 2.807647
ElbowRight: 0.003644162, 0.3005593, 2.737743
WristRight: 0.1721908, 0.1274864, 2.654808
HandRight: 0.2358661, 0.07064383, 2.65473
HipLeft: -0.3647833, 0.07915796, 2.574415
KneeLeft: -0.3189221, -0.4285649, 2.520262
AnkleLeft: -0.3392623, -0.7378404, 2.43351
FootLeft: -0.3037684, -0.788956, 2.330273
HipRight: -0.222484, 0.08846085, 2.624467
KneeRight: -0.3333208, -0.3066389, 2.51635
AnkleRight: -0.2904598, -0.7282912, 2.438926
FootRight: -0.3242888, -0.78817, 2.324597
=========
HipCenter: -0.3038077, 0.1549136, 2.628148
Spine: -0.3275814, 0.2034075, 2.699466
ShoulderCenter: -0.3664204, 0.5769656, 2.791121
Head: -0.3214632, 0.7537562, 2.806932
ShoulderLeft: -0.4848433, 0.4342748, 2.702472
ElbowLeft: -0.5303141, 0.1983736, 2.640064
WristLeft: -0.5199124, -0.009020047, 2.517813
HandLeft: -0.516177, -0.1058539, 2.48027
ShoulderRight: -0.1670488, 0.4578427, 2.807929
ElbowRight: 0.002309163, 0.2892041, 2.730326
WristRight: 0.1667119, 0.1138988, 2.650591
HandRight: 0.2291656, 0.04975133, 2.652206
HipLeft: -0.3652124, 0.07910019, 2.5746
KneeLeft: -0.3193746, -0.4285261, 2.520571
AnkleLeft: -0.3394669, -0.7378228, 2.433518
FootLeft: -0.3037721, -0.78896, 2.330288
HipRight: -0.2230783, 0.08809087, 2.625284
KneeRight: -0.3336621, -0.3071948, 2.516326
AnkleRight: -0.2907844, -0.7289416, 2.438921
FootRight: -0.3239741, -0.7881904, 2.324588
=========
HipCenter: -0.3043633, 0.1546465, 2.628605
Spine: -0.3282489, 0.203179, 2.699923
ShoulderCenter: -0.3672561, 0.5770553, 2.791931
Head: -0.3214594, 0.7535619, 2.807091
ShoulderLeft: -0.4853874, 0.434465, 2.702775
ElbowLeft: -0.5308604, 0.1981319, 2.640022
WristLeft: -0.5205553, -0.00920881, 2.517941
HandLeft: -0.5168079, -0.1062699, 2.480524
ShoulderRight: -0.1678197, 0.4570292, 2.80818
ElbowRight: 0.001055491, 0.28292, 2.72645
WristRight: 0.1605776, 0.1032545, 2.647959
HandRight: 0.223323, 0.02946739, 2.64911
HipLeft: -0.3656358, 0.07902872, 2.574805
KneeLeft: -0.319813, -0.4284944, 2.520882
AnkleLeft: -0.3396735, -0.7378054, 2.433529
FootLeft: -0.3037742, -0.7889626, 2.330309
HipRight: -0.2235694, 0.0877865, 2.625934
KneeRight: -0.3339752, -0.3076981, 2.516324
AnkleRight: -0.2910857, -0.7295282, 2.438934
FootRight: -0.3237384, -0.7882212, 2.324516
=========
HipCenter: -0.3048768, 0.1543906, 2.62903
Spine: -0.3288411, 0.2029733, 2.700342
ShoulderCenter: -0.3678907, 0.5771613, 2.792624
Head: -0.32145, 0.7533904, 2.807228
ShoulderLeft: -0.4858745, 0.4347895, 2.703164
ElbowLeft: -0.5313774, 0.1979263, 2.639998
WristLeft: -0.5211919, -0.009688755, 2.518006
HandLeft: -0.5173781, -0.1066836, 2.480754
ShoulderRight: -0.1685063, 0.4563328, 2.808393
ElbowRight: -0.004997469, 0.2696064, 2.721882
WristRight: 0.1388289, 0.07254504, 2.637538
HandRight: 0.2033359, -0.01199861, 2.641984
HipLeft: -0.366071, 0.07897223, 2.57504
KneeLeft: -0.3202439, -0.4284836, 2.521214
AnkleLeft: -0.3398687, -0.7377955, 2.43354
FootLeft: -0.3037755, -0.7889647, 2.330327
HipRight: -0.2240399, 0.0875156, 2.626492
KneeRight: -0.3342608, -0.3081536, 2.516341
AnkleRight: -0.2913631, -0.7300569, 2.438962
FootRight: -0.3235982, -0.7882394, 2.32447
=========
HipCenter: -0.3053456, 0.1541409, 2.629433
Spine: -0.3293816, 0.2027757, 2.700733
ShoulderCenter: -0.3682657, 0.5772074, 2.793183
Head: -0.3213953, 0.7532493, 2.807391
ShoulderLeft: -0.4862295, 0.435891, 2.703888
ElbowLeft: -0.5318358, 0.1977789, 2.63996
WristLeft: -0.5217444, -0.01006384, 2.518057
HandLeft: -0.5178847, -0.1070547, 2.48095
ShoulderRight: -0.1693223, 0.4557275, 2.80859
ElbowRight: -0.02593953, 0.2434543, 2.720029
WristRight: 0.09782575, 0.03428814, 2.620386
HandRight: 0.150139, -0.04302501, 2.615866
HipLeft: -0.3664692, 0.0789315, 2.575273
KneeLeft: -0.3206303, -0.4284748, 2.521529
AnkleLeft: -0.3400465, -0.7377856, 2.433554
FootLeft: -0.3037756, -0.7889653, 2.330348
HipRight: -0.2245897, 0.08725087, 2.627078
KneeRight: -0.3345114, -0.3085651, 2.51639
AnkleRight: -0.2916075, -0.7305329, 2.439022
FootRight: -0.3234716, -0.788265, 2.324379
=========
HipCenter: -0.3057017, 0.1538259, 2.629803
Spine: -0.329836, 0.2025478, 2.701086
ShoulderCenter: -0.3687605, 0.5772913, 2.793748
Head: -0.3212872, 0.7530767, 2.807528
ShoulderLeft: -0.4864243, 0.4367385, 2.704417
ElbowLeft: -0.5322545, 0.1976475, 2.639925
WristLeft: -0.5222195, -0.0104022, 2.518097
HandLeft: -0.5183161, -0.1073683, 2.48111
ShoulderRight: -0.1711855, 0.4550526, 2.808548
ElbowRight: -0.04358007, 0.2297466, 2.718594
WristRight: 0.0589637, 0.01265802, 2.610774
HandRight: 0.08784653, -0.06323588, 2.593532
HipLeft: -0.3667009, 0.07886197, 2.57549
KneeLeft: -0.3209681, -0.4284682, 2.521822
AnkleLeft: -0.3401971, -0.7377684, 2.43356
FootLeft: -0.303773, -0.7889675, 2.330362
HipRight: -0.2250238, 0.08703392, 2.627572
KneeRight: -0.334739, -0.3089315, 2.516468
AnkleRight: -0.266017, -0.7124897, 2.469041
FootRight: -0.3101391, -0.7728135, 2.352414
=========
HipCenter: -0.3060227, 0.1534956, 2.630134
Spine: -0.3302436, 0.2023276, 2.701395
ShoulderCenter: -0.3690384, 0.5773742, 2.794163
Head: -0.3210907, 0.7527888, 2.807606
ShoulderLeft: -0.4864874, 0.4373947, 2.704771
ElbowLeft: -0.5326271, 0.1975204, 2.639867
WristLeft: -0.5225816, -0.010654, 2.518129
HandLeft: -0.5186794, -0.1076388, 2.481227
ShoulderRight: -0.1729269, 0.4545119, 2.808542
ElbowRight: -0.05586288, 0.2214374, 2.716985
WristRight: 0.03648731, 0.001900129, 2.606975
HandRight: 0.05842613, -0.07212063, 2.586841
HipLeft: -0.3669549, 0.07875831, 2.575955
KneeLeft: -0.3212627, -0.4284869, 2.52213
AnkleLeft: -0.340329, -0.737754, 2.433568
FootLeft: -0.3037716, -0.7889704, 2.330369
HipRight: -0.2255318, 0.08689322, 2.627895
KneeRight: -0.3349438, -0.3092695, 2.516569
AnkleRight: -0.2577056, -0.7066873, 2.478784
FootRight: -0.3046367, -0.7660917, 2.364543
=========
HipCenter: -0.3062479, 0.1530403, 2.630484
Spine: -0.3305739, 0.2020576, 2.701694
ShoulderCenter: -0.3692681, 0.5774582, 2.794517
Head: -0.3209563, 0.7525638, 2.807714
ShoulderLeft: -0.4864899, 0.437927, 2.705049
ElbowLeft: -0.5329612, 0.1974099, 2.639817
WristLeft: -0.5228817, -0.01086842, 2.518155
HandLeft: -0.5189728, -0.1078975, 2.481387
ShoulderRight: -0.1745496, 0.4540538, 2.808508
ElbowRight: -0.06495038, 0.2153418, 2.715584
WristRight: 0.02311867, -0.004042503, 2.604755
HandRight: 0.04257254, -0.07746956, 2.583129
HipLeft: -0.3670513, 0.0785371, 2.576573
KneeLeft: -0.3215069, -0.4285135, 2.522415
AnkleLeft: -0.3404521, -0.7377363, 2.433572
FootLeft: -0.3037706, -0.7889728, 2.330374
HipRight: -0.2259149, 0.08677613, 2.628153
KneeRight: -0.3351281, -0.3095726, 2.516685
AnkleRight: -0.2526591, -0.7031623, 2.484696
FootRight: -0.3018368, -0.7626618, 2.370717
=========
HipCenter: -0.3064425, 0.1525799, 2.63081
Spine: -0.3308606, 0.201783, 2.701971
ShoulderCenter: -0.3693062, 0.5774536, 2.794774
Head: -0.3207976, 0.7523658, 2.80784
ShoulderLeft: -0.486457, 0.4384132, 2.705306
ElbowLeft: -0.5332799, 0.1972703, 2.63975
WristLeft: -0.5231159, -0.01104355, 2.518181
HandLeft: -0.5191941, -0.108114, 2.481535
ShoulderRight: -0.175949, 0.4537009, 2.808549
ElbowRight: -0.07228798, 0.2077091, 2.712846
WristRight: 0.01310119, -0.009110255, 2.60309
HandRight: 0.03156046, -0.08258616, 2.582057
HipLeft: -0.3671205, 0.07831835, 2.577158
KneeLeft: -0.3217163, -0.4285442, 2.522671
AnkleLeft: -0.3405545, -0.7377174, 2.433574
FootLeft: -0.303769, -0.7889754, 2.330377
HipRight: -0.226323, 0.08664548, 2.628396
KneeRight: -0.3352944, -0.3098531, 2.51682
AnkleRight: -0.2493941, -0.7008909, 2.488522
FootRight: -0.3001246, -0.7605553, 2.374467
=========
HipCenter: -0.3065344, 0.1521474, 2.631119
Spine: -0.3310597, 0.2015268, 2.702226
ShoulderCenter: -0.3692592, 0.5774425, 2.795011
Head: -0.3206697, 0.7521766, 2.807956
ShoulderLeft: -0.4864024, 0.4388195, 2.705509
ElbowLeft: -0.5335616, 0.1971396, 2.639684
WristLeft: -0.5232809, -0.011177, 2.518193
HandLeft: -0.5193598, -0.1082664, 2.481633
ShoulderRight: -0.1772935, 0.4536319, 2.808849
ElbowRight: -0.07799504, 0.2026211, 2.710626
WristRight: 0.005362876, -0.01197101, 2.602481
HandRight: 0.02368718, -0.08550283, 2.582666
HipLeft: -0.3670736, 0.07810535, 2.577771
KneeLeft: -0.3219012, -0.4285779, 2.522906
AnkleLeft: -0.3406482, -0.7376959, 2.433578
FootLeft: -0.3037683, -0.7889768, 2.330379
HipRight: -0.226579, 0.08656771, 2.628586
KneeRight: -0.3354366, -0.3101164, 2.51698
AnkleRight: -0.2471356, -0.6993287, 2.491173
FootRight: -0.2988961, -0.7590687, 2.377132
=========
HipCenter: -0.3066178, 0.1517341, 2.631396
Spine: -0.3312467, 0.2012787, 2.702454
ShoulderCenter: -0.3691964, 0.5774378, 2.795204
Head: -0.3205456, 0.7520074, 2.808082
ShoulderLeft: -0.4863177, 0.4391968, 2.705695
ElbowLeft: -0.5338089, 0.1971873, 2.639688
WristLeft: -0.5233795, -0.01126451, 2.518211
HandLeft: -0.5194864, -0.1083772, 2.481714
ShoulderRight: -0.178514, 0.4536523, 2.809292
ElbowRight: -0.08557116, 0.1981909, 2.707765
WristRight: -0.004981872, -0.01368516, 2.604014
HandRight: 0.01535661, -0.08939813, 2.583488
HipLeft: -0.3670152, 0.07791491, 2.578319
KneeLeft: -0.3220654, -0.428612, 2.523125
AnkleLeft: -0.3407318, -0.7376724, 2.433592
FootLeft: -0.3037756, -0.7889751, 2.330406
HipRight: -0.22685, 0.08648747, 2.628765
KneeRight: -0.3355519, -0.3103767, 2.517171
AnkleRight: -0.2454742, -0.698185, 2.493123
FootRight: -0.2980417, -0.7580991, 2.378858
=========
HipCenter: -0.306679, 0.151362, 2.631641
Spine: -0.331409, 0.2010519, 2.702655
ShoulderCenter: -0.3691038, 0.5774384, 2.795373
Head: -0.3204687, 0.7518687, 2.808058
ShoulderLeft: -0.4862313, 0.4395109, 2.70585
ElbowLeft: -0.5340146, 0.1972426, 2.639696
WristLeft: -0.5234513, -0.01133017, 2.518231
HandLeft: -0.5195683, -0.1084464, 2.481761
ShoulderRight: -0.1795671, 0.4536836, 2.8098
ElbowRight: -0.09153789, 0.1946252, 2.705311
WristRight: -0.01881903, -0.01321574, 2.608504
HandRight: 0.008502845, -0.09234922, 2.585393
HipLeft: -0.3669512, 0.07775055, 2.578802
KneeLeft: -0.3222025, -0.4286505, 2.523329
AnkleLeft: -0.3408006, -0.7376495, 2.433606
FootLeft: -0.3037838, -0.7889719, 2.330441
HipRight: -0.2270885, 0.08641453, 2.628927
KneeRight: -0.3356511, -0.3106216, 2.517371
AnkleRight: -0.2443047, -0.6974021, 2.494469
FootRight: -0.2976179, -0.7576364, 2.379676
=========
HipCenter: -0.3067266, 0.1510365, 2.631853
Spine: -0.331564, 0.2008478, 2.70283
ShoulderCenter: -0.3690819, 0.5774382, 2.795466
Head: -0.320415, 0.7518085, 2.808071
ShoulderLeft: -0.4861089, 0.4398396, 2.70601
ElbowLeft: -0.5342212, 0.1973816, 2.639773
WristLeft: -0.5234774, -0.01136279, 2.518307
HandLeft: -0.5196288, -0.1084969, 2.481793
ShoulderRight: -0.1804604, 0.4537684, 2.81048
ElbowRight: -0.09756568, 0.1917741, 2.703824
WristRight: -0.03673075, -0.01510685, 2.60989
HandRight: -0.003559212, -0.09482809, 2.589644
HipLeft: -0.3668846, 0.07762145, 2.579237
KneeLeft: -0.3223215, -0.4286884, 2.523518
AnkleLeft: -0.3408683, -0.7376221, 2.433629
FootLeft: -0.3037928, -0.7889667, 2.330485
HipRight: -0.2272978, 0.0863518, 2.629066
KneeRight: -0.3357361, -0.3108614, 2.517589
AnkleRight: -0.2438011, -0.6971496, 2.495004
FootRight: -0.2977739, -0.7576261, 2.379835
=========
HipCenter: -0.3067624, 0.1507396, 2.632046
Spine: -0.3317102, 0.2006548, 2.702986
ShoulderCenter: -0.3689675, 0.5774038, 2.795529
Head: -0.3203458, 0.7517684, 2.808089
ShoulderLeft: -0.4860041, 0.4400746, 2.706142
ElbowLeft: -0.5343748, 0.1974161, 2.639807
WristLeft: -0.523455, -0.01139002, 2.51839
HandLeft: -0.5196736, -0.1085341, 2.481816
ShoulderRight: -0.1811214, 0.4537606, 2.811409
ElbowRight: -0.1026187, 0.1889506, 2.702952
WristRight: -0.05571514, -0.01704551, 2.609122
HandRight: -0.01533681, -0.09726767, 2.593912
HipLeft: -0.36683, 0.07749771, 2.579633
KneeLeft: -0.3224262, -0.4287226, 2.523691
AnkleLeft: -0.3409342, -0.7375886, 2.433656
FootLeft: -0.303802, -0.7889606, 2.330529
HipRight: -0.2274812, 0.08629084, 2.629191
KneeRight: -0.3358076, -0.3110844, 2.517804
AnkleRight: -0.2434816, -0.6969994, 2.495346
FootRight: -0.2981902, -0.7579123, 2.379493
=========
HipCenter: -0.3066693, 0.150371, 2.632307
Spine: -0.3317599, 0.2004119, 2.703193
ShoulderCenter: -0.3687534, 0.5773416, 2.795631
Head: -0.3202786, 0.7517319, 2.80811
ShoulderLeft: -0.4859191, 0.4402277, 2.706244
ElbowLeft: -0.53448, 0.1973863, 2.639805
WristLeft: -0.5215544, -0.01472725, 2.517859
HandLeft: -0.5197046, -0.1085658, 2.481852
ShoulderRight: -0.1816031, 0.4536454, 2.81219
ElbowRight: -0.1222068, 0.1857738, 2.696022
WristRight: -0.1017396, -0.01831491, 2.601161
HandRight: -0.06376183, -0.1122098, 2.588077
HipLeft: -0.3667073, 0.07736036, 2.580001
KneeLeft: -0.3225111, -0.4287623, 2.523857
AnkleLeft: -0.3410022, -0.7375563, 2.43368
FootLeft: -0.3038136, -0.7889551, 2.330567
HipRight: -0.2274902, 0.08612315, 2.629451
KneeRight: -0.335871, -0.3113056, 2.518013
AnkleRight: -0.2830353, -0.7196965, 2.463476
FootRight: -0.315468, -0.7769173, 2.343718
=========
HipCenter: -0.3063954, 0.1500529, 2.632718
Spine: -0.3317254, 0.2002016, 2.703454
ShoulderCenter: -0.3685485, 0.577279, 2.795708
Head: -0.3198032, 0.7516866, 2.808378
ShoulderLeft: -0.4858408, 0.440343, 2.706335
ElbowLeft: -0.5345662, 0.1972813, 2.639786
WristLeft: -0.5202134, -0.01662587, 2.517776
HandLeft: -0.5197254, -0.1085852, 2.481911
ShoulderRight: -0.1818568, 0.4533666, 2.812926
ElbowRight: -0.1329467, 0.1826447, 2.691268
WristRight: -0.1249158, -0.02969743, 2.591355
HandRight: -0.09469736, -0.1173015, 2.575922
HipLeft: -0.3664681, 0.07726268, 2.580374
KneeLeft: -0.3225802, -0.4288034, 2.524012
AnkleLeft: -0.3410665, -0.7375259, 2.433703
FootLeft: -0.3038197, -0.7889529, 2.330575
HipRight: -0.2269158, 0.08579165, 2.63042
KneeRight: -0.3359195, -0.3115314, 2.518222
AnkleRight: -0.2979847, -0.728308, 2.451419
FootRight: -0.3241311, -0.7866494, 2.325347
=========
HipCenter: -0.304563, 0.149698, 2.634398
Spine: -0.3309301, 0.1999822, 2.704492
ShoulderCenter: -0.3683809, 0.5772638, 2.795828
Head: -0.3194479, 0.7516989, 2.808639
ShoulderLeft: -0.4857117, 0.4403543, 2.706419
ElbowLeft: -0.5346277, 0.1972343, 2.639785
WristLeft: -0.5195118, -0.01744924, 2.518012
HandLeft: -0.5197189, -0.1086116, 2.482016
ShoulderRight: -0.1819707, 0.453117, 2.813712
ElbowRight: -0.1388088, 0.1809917, 2.68881
WristRight: -0.1354892, -0.03193633, 2.588749
HandRight: -0.109574, -0.1161586, 2.571559
HipLeft: -0.3644136, 0.0770679, 2.581492
KneeLeft: -0.3226385, -0.4288476, 2.524161
AnkleLeft: -0.3411254, -0.7374978, 2.433721
FootLeft: -0.3038212, -0.7889506, 2.33059
HipRight: -0.2231293, 0.08537368, 2.634638
KneeRight: -0.3359565, -0.3117359, 2.518414
AnkleRight: -0.3062411, -0.7330007, 2.444715
FootRight: -0.3280123, -0.7909883, 2.316827
=========
HipCenter: -0.302331, 0.1493578, 2.636305
Spine: -0.3298914, 0.1997816, 2.705698
ShoulderCenter: -0.3682558, 0.5772654, 2.795925
Head: -0.3190248, 0.7517616, 2.809094
ShoulderLeft: -0.485574, 0.4403239, 2.706497
ElbowLeft: -0.5346783, 0.1971971, 2.639787
WristLeft: -0.5188692, -0.01826902, 2.51824
HandLeft: -0.5196874, -0.1086835, 2.482374
ShoulderRight: -0.1817323, 0.4527766, 2.814965
ElbowRight: -0.1423817, 0.1799429, 2.687445
WristRight: -0.1437278, -0.04323626, 2.581723
HandRight: -0.1186126, -0.1204458, 2.569987
HipLeft: -0.3616145, 0.07669176, 2.583159
KneeLeft: -0.3226981, -0.4288931, 2.524308
AnkleLeft: -0.3411787, -0.737468, 2.433729
FootLeft: -0.303822, -0.7889503, 2.330597
HipRight: -0.2194645, 0.08513293, 2.638222
KneeRight: -0.3359314, -0.3119454, 2.518629
AnkleRight: -0.2778927, -0.7223924, 2.473132
FootRight: -0.315412, -0.7779363, 2.346257
=========
HipCenter: -0.3004764, 0.1491785, 2.637906
Spine: -0.3289058, 0.1996624, 2.706832
ShoulderCenter: -0.3680401, 0.5772724, 2.796101
Head: -0.3186096, 0.751848, 2.809579
ShoulderLeft: -0.485446, 0.4402201, 2.706594
ElbowLeft: -0.5347168, 0.1971511, 2.639788
WristLeft: -0.5183384, -0.0188266, 2.518419
HandLeft: -0.5196297, -0.1087538, 2.482745
ShoulderRight: -0.1808392, 0.4522011, 2.816866
ElbowRight: -0.1449123, 0.1791587, 2.68651
WristRight: -0.1477671, -0.05083901, 2.57682
HandRight: -0.1252109, -0.1248707, 2.567372
HipLeft: -0.3594359, 0.07642227, 2.584437
KneeLeft: -0.3227492, -0.4289351, 2.524445
AnkleLeft: -0.3412294, -0.7374353, 2.433736
FootLeft: -0.3038222, -0.7889503, 2.330602
HipRight: -0.2168055, 0.08497915, 2.640784
KneeRight: -0.3358921, -0.312143, 2.518835
AnkleRight: -0.2607957, -0.7157295, 2.48988
FootRight: -0.3075921, -0.7694312, 2.364775
=========
HipCenter: -0.2991967, 0.1491217, 2.639116
Spine: -0.3281281, 0.1996108, 2.707777
ShoulderCenter: -0.3678034, 0.5772897, 2.796283
Head: -0.3182541, 0.7519358, 2.810037
ShoulderLeft: -0.4852926, 0.4400099, 2.706709
ElbowLeft: -0.5344633, 0.196434, 2.639179
WristLeft: -0.5170308, -0.02125094, 2.51803
HandLeft: -0.5195647, -0.1088271, 2.483132
ShoulderRight: -0.1798633, 0.4516236, 2.818786
ElbowRight: -0.1466477, 0.1785562, 2.685952
WristRight: -0.1495684, -0.05572959, 2.573078
HandRight: -0.1296127, -0.1272523, 2.565546
HipLeft: -0.3581598, 0.07634585, 2.585182
KneeLeft: -0.3227946, -0.4289858, 2.524588
AnkleLeft: -0.3412957, -0.7373996, 2.433742
FootLeft: -0.3038239, -0.7889506, 2.330605
HipRight: -0.2152396, 0.08480222, 2.642541
KneeRight: -0.3358492, -0.3123366, 2.519026
AnkleRight: -0.255271, -0.713775, 2.495425
FootRight: -0.304157, -0.7656258, 2.373089
=========
HipCenter: -0.2982167, 0.149087, 2.640045
Spine: -0.3274884, 0.1995658, 2.708549
ShoulderCenter: -0.3674994, 0.5772864, 2.796494
Head: -0.3179073, 0.7520256, 2.810558
ShoulderLeft: -0.4850609, 0.439815, 2.706815
ElbowLeft: -0.5342032, 0.1956917, 2.638554
WristLeft: -0.5162619, -0.02216964, 2.518
HandLeft: -0.519507, -0.1088753, 2.483443
ShoulderRight: -0.1789544, 0.4510493, 2.820381
ElbowRight: -0.1473015, 0.177944, 2.686105
WristRight: -0.1474661, -0.04987407, 2.571926
HandRight: -0.131571, -0.1253075, 2.564582
HipLeft: -0.3572007, 0.07629831, 2.585735
KneeLeft: -0.3228409, -0.4290359, 2.524726
AnkleLeft: -0.3413736, -0.7373598, 2.433752
FootLeft: -0.3038262, -0.7889521, 2.330604
HipRight: -0.2141461, 0.08466697, 2.64378
KneeRight: -0.3357973, -0.3125157, 2.519202
AnkleRight: -0.2516645, -0.7125026, 2.49902
FootRight: -0.3022066, -0.7634809, 2.377769
=========
HipCenter: -0.2975485, 0.1490549, 2.640721
Spine: -0.3269977, 0.1995327, 2.709169
ShoulderCenter: -0.3671083, 0.5773372, 2.796792
Head: -0.3175159, 0.7521396, 2.811054
ShoulderLeft: -0.4847944, 0.4396107, 2.706934
ElbowLeft: -0.5337206, 0.1945658, 2.637683
WristLeft: -0.5154924, -0.02314876, 2.517845
HandLeft: -0.519437, -0.1088959, 2.483671
ShoulderRight: -0.178192, 0.450551, 2.821691
ElbowRight: -0.1471342, 0.1773413, 2.686815
WristRight: -0.1446584, -0.04087884, 2.571972
HandRight: -0.1318204, -0.1209046, 2.564091
HipLeft: -0.3565705, 0.07627516, 2.58611
KneeLeft: -0.3228799, -0.4290941, 2.524864
AnkleLeft: -0.3414929, -0.7373205, 2.433773
FootLeft: -0.3038285, -0.788955, 2.330602
HipRight: -0.2134883, 0.08453654, 2.64461
KneeRight: -0.335756, -0.3126775, 2.519344
AnkleRight: -0.2842457, -0.7263734, 2.46982
FootRight: -0.3155567, -0.776876, 2.346514
=========
HipCenter: -0.2970798, 0.1490755, 2.641281
Spine: -0.3266033, 0.1995519, 2.709729
ShoulderCenter: -0.3667334, 0.5774006, 2.797075
Head: -0.3171715, 0.7522268, 2.811396
ShoulderLeft: -0.4845877, 0.4395139, 2.707177
ElbowLeft: -0.5333035, 0.1935109, 2.636919
WristLeft: -0.5147714, -0.0241266, 2.517579
HandLeft: -0.5193868, -0.108904, 2.483806
ShoulderRight: -0.1775898, 0.4501476, 2.822712
ElbowRight: -0.1465068, 0.1768086, 2.687709
WristRight: -0.1421578, -0.03174534, 2.573492
HandRight: -0.1309258, -0.1149858, 2.564512
HipLeft: -0.3561321, 0.07628338, 2.586381
KneeLeft: -0.3229167, -0.4291298, 2.524998
AnkleLeft: -0.3416215, -0.737258, 2.433801
FootLeft: -0.3038313, -0.7889572, 2.330602
HipRight: -0.2130784, 0.08440627, 2.645316
KneeRight: -0.3357201, -0.3128221, 2.51947
AnkleRight: -0.3035945, -0.7347178, 2.451741
FootRight: -0.323122, -0.7843404, 2.329132
=========
HipCenter: -0.2967452, 0.1491102, 2.641732
Spine: -0.3263131, 0.1995836, 2.710193
ShoulderCenter: -0.3663774, 0.5774665, 2.797346
Head: -0.3160269, 0.7526178, 2.812363
ShoulderLeft: -0.484351, 0.4394324, 2.707424
ElbowLeft: -0.5328994, 0.192568, 2.636254
WristLeft: -0.5141804, -0.02458117, 2.517193
HandLeft: -0.5193287, -0.1088952, 2.483893
ShoulderRight: -0.1770594, 0.4498126, 2.823703
ElbowRight: -0.1459263, 0.1949944, 2.709508
WristRight: -0.1405061, -0.02577057, 2.574768
HandRight: -0.1296855, -0.1098339, 2.565125
HipLeft: -0.3558119, 0.07630331, 2.586576
KneeLeft: -0.3229691, -0.4291584, 2.52514
AnkleLeft: -0.3417475, -0.7371904, 2.433831
FootLeft: -0.3038341, -0.7889592, 2.3306
HipRight: -0.2129204, 0.08423857, 2.645964
KneeRight: -0.3356751, -0.3130494, 2.519689
AnkleRight: -0.3136079, -0.7383872, 2.442285
FootRight: -0.3265683, -0.7877071, 2.321623
=========
HipCenter: -0.2964874, 0.1491568, 2.642129
Spine: -0.3260794, 0.1996272, 2.710614
ShoulderCenter: -0.3661118, 0.5775682, 2.797619
Head: -0.3150063, 0.752966, 2.813211
ShoulderLeft: -0.4840379, 0.4394515, 2.707715
ElbowLeft: -0.5325336, 0.1922052, 2.635952
WristLeft: -0.5136083, -0.02476482, 2.51671
HandLeft: -0.5191552, -0.108771, 2.483817
ShoulderRight: -0.1766468, 0.4495687, 2.824535
ElbowRight: -0.1456627, 0.2025159, 2.718523
WristRight: -0.1393773, -0.02143268, 2.575965
HandRight: -0.1283599, -0.1053098, 2.565909
HipLeft: -0.3555643, 0.07633919, 2.586727
KneeLeft: -0.3230276, -0.4291796, 2.525279
AnkleLeft: -0.3418688, -0.7371202, 2.433861
FootLeft: -0.3038327, -0.7889656, 2.330591
HipRight: -0.2128575, 0.08409606, 2.646545
KneeRight: -0.3049181, -0.3557599, 2.529227
AnkleRight: -0.3010924, -0.770318, 2.434966
FootRight: -0.328551, -0.7896442, 2.317275
=========
HipCenter: -0.2961146, 0.1491766, 2.642592
Spine: -0.3257975, 0.1996602, 2.711067
ShoulderCenter: -0.3659193, 0.5777258, 2.797919
Head: -0.3141378, 0.7532671, 2.813924
ShoulderLeft: -0.4834859, 0.4394838, 2.707934
ElbowLeft: -0.5319757, 0.1917777, 2.635571
WristLeft: -0.5130983, -0.02480584, 2.516179
HandLeft: -0.5189084, -0.1085743, 2.483634
ShoulderRight: -0.1763138, 0.4493295, 2.825233
ElbowRight: -0.1407661, 0.1954555, 2.718135
WristRight: -0.1386057, -0.01834833, 2.576973
HandRight: -0.1271183, -0.1015689, 2.56671
HipLeft: -0.355076, 0.07640408, 2.586906
KneeLeft: -0.3232162, -0.4293073, 2.525477
AnkleLeft: -0.3419776, -0.7371123, 2.43388
FootLeft: -0.3038326, -0.7889708, 2.330585
HipRight: -0.2126755, 0.08393759, 2.647181
KneeRight: -0.2937388, -0.3712713, 2.532715
AnkleRight: -0.2932681, -0.7875703, 2.431768
FootRight: -0.3298533, -0.7909222, 2.314355
=========
HipCenter: -0.2955093, 0.1492252, 2.643285
Spine: -0.3253075, 0.1997258, 2.711743
ShoulderCenter: -0.3657235, 0.5778911, 2.798239
Head: -0.313389, 0.7535313, 2.814533
ShoulderLeft: -0.4828708, 0.439585, 2.708174
ElbowLeft: -0.53139, 0.1913517, 2.635224
WristLeft: -0.5126742, -0.02476133, 2.515651
HandLeft: -0.5185201, -0.1082757, 2.483174
ShoulderRight: -0.1760583, 0.4491315, 2.825792
ElbowRight: -0.137099, 0.1888404, 2.716404
WristRight: -0.1381015, -0.01633515, 2.57767
HandRight: -0.1260865, -0.09877963, 2.567363
HipLeft: -0.3543153, 0.07651455, 2.587121
KneeLeft: -0.3235608, -0.4295614, 2.525738
AnkleLeft: -0.3420907, -0.7371517, 2.433889
FootLeft: -0.3038201, -0.7889824, 2.330581
HipRight: -0.2122649, 0.08369892, 2.648317
KneeRight: -0.2873175, -0.3800411, 2.534799
AnkleRight: -0.2878447, -0.7978651, 2.430435
FootRight: -0.3306828, -0.7918417, 2.312293
=========
HipCenter: -0.2948057, 0.1491948, 2.64405
Spine: -0.3247288, 0.1997205, 2.712518
ShoulderCenter: -0.3654939, 0.5782517, 2.799032
Head: -0.3127292, 0.7537208, 2.81498
ShoulderLeft: -0.482077, 0.4395765, 2.708278
ElbowLeft: -0.5307915, 0.1909577, 2.634873
WristLeft: -0.5119069, -0.02542845, 2.514089
HandLeft: -0.518016, -0.1079207, 2.482371
ShoulderRight: -0.1758739, 0.4489386, 2.826181
ElbowRight: -0.1345736, 0.1831047, 2.714162
WristRight: -0.1377836, -0.01503859, 2.578097
HandRight: -0.1253202, -0.09685757, 2.567819
HipLeft: -0.3534511, 0.0765726, 2.587355
KneeLeft: -0.3241001, -0.429969, 2.526058
AnkleLeft: -0.3422181, -0.7372596, 2.433887
FootLeft: -0.3038106, -0.7889927, 2.330587
HipRight: -0.2118043, 0.08343817, 2.649452
KneeRight: -0.2828926, -0.3861104, 2.536264
AnkleRight: -0.2839093, -0.8044763, 2.429953
FootRight: -0.331082, -0.7923717, 2.311226
=========
HipCenter: -0.2944276, 0.1491448, 2.644564
Spine: -0.324349, 0.1997, 2.713127
ShoulderCenter: -0.3652757, 0.5786328, 2.799852
Head: -0.3120279, 0.7539333, 2.815309
ShoulderLeft: -0.4813532, 0.4395616, 2.708349
ElbowLeft: -0.5301311, 0.1905596, 2.634459
WristLeft: -0.511186, -0.0261887, 2.512396
HandLeft: -0.5173596, -0.1074269, 2.481074
ShoulderRight: -0.1757433, 0.4487544, 2.826469
ElbowRight: -0.1330298, 0.178685, 2.711984
WristRight: -0.1375538, -0.01418042, 2.578436
HandRight: -0.124731, -0.09551319, 2.568151
HipLeft: -0.3530093, 0.07662519, 2.587492
KneeLeft: -0.3248241, -0.4304774, 2.526422
AnkleLeft: -0.3423667, -0.7374258, 2.433891
FootLeft: -0.3038056, -0.7890016, 2.330593
HipRight: -0.2117439, 0.08320474, 2.650113
KneeRight: -0.2800119, -0.3901024, 2.53721
AnkleRight: -0.2805769, -0.8090824, 2.430207
FootRight: -0.3310939, -0.7925199, 2.311117
=========
HipCenter: -0.2938861, 0.149034, 2.645139
Spine: -0.3238723, 0.1996461, 2.713748
ShoulderCenter: -0.3650857, 0.5789802, 2.800572
Head: -0.3114558, 0.7540937, 2.815551
ShoulderLeft: -0.4806179, 0.4395324, 2.708373
ElbowLeft: -0.5290192, 0.1896053, 2.633478
WristLeft: -0.510287, -0.02708969, 2.510239
HandLeft: -0.5162826, -0.1056827, 2.476819
ShoulderRight: -0.1756474, 0.4485708, 2.826687
ElbowRight: -0.1322188, 0.1753487, 2.710016
WristRight: -0.137388, -0.0137479, 2.578718
HandRight: -0.1242725, -0.09456465, 2.568384
HipLeft: -0.3522646, 0.07666647, 2.587686
KneeLeft: -0.3256458, -0.4311883, 2.526857
AnkleLeft: -0.3425366, -0.7377346, 2.433882
FootLeft: -0.3038008, -0.7890098, 2.330596
HipRight: -0.2115118, 0.08291307, 2.650835
KneeRight: -0.2778864, -0.3930543, 2.537904
AnkleRight: -0.2777601, -0.8122378, 2.430896
FootRight: -0.3306912, -0.7924165, 2.311474
