=========
HipCenter: -0.2579671, 0.1711721, 2.590707
Spine: -0.274422, 0.2200353, 2.662765
ShoulderCenter: -0.3048327, 0.5911047, 2.751866
Head: -0.2655869, 0.7701561, 2.765159
ShoulderLeft: -0.4197544, 0.4469337, 2.679232
ElbowLeft: -0.4730886, 0.2186652, 2.63168
WristLeft: -0.4608691, 0.01499962, 2.502425
HandLeft: -0.4558715, -0.07887633, 2.461992
ShoulderRight: -0.0944225, 0.4989966, 2.760319
ElbowRight: 0.1720885, 0.5552776, 2.747841
WristRight: 0.3882914, 0.5546129, 2.740696
HandRight: 0.460359, 0.5543914, 2.743079
HipLeft: -0.3233744, 0.09122195, 2.552472
KneeLeft: -0.2542868, -0.4175876, 2.476461
AnkleLeft: -0.2730804, -0.7124403, 2.384002
FootLeft: -0.2493984, -0.7704696, 2.268601
HipRight: -0.1773269, 0.1141614, 2.571727
KneeRight: -0.3126396, -0.3042597, 2.462068
AnkleRight: -0.2577581, -0.666264, 2.386351
FootRight: -0.2619021, -0.7625101, 2.27637
=========
HipCenter: -0.2580327, 0.1713988, 2.590717
Spine: -0.274505, 0.2202826, 2.662779
ShoulderCenter: -0.3049591, 0.5914943, 2.7521
Head: -0.2649342, 0.7708583, 2.763907
ShoulderLeft: -0.4196903, 0.4468704, 2.679084
ElbowLeft: -0.4730815, 0.2183714, 2.631557
WristLeft: -0.4621141, 0.01891342, 2.504623
HandLeft: -0.458433, -0.07346705, 2.462936
ShoulderRight: -0.09449392, 0.4990509, 2.76032
ElbowRight: 0.1720844, 0.555221, 2.74777
WristRight: 0.3882442, 0.5545148, 2.740618
HandRight: 0.4602974, 0.5542793, 2.742998
HipLeft: -0.3234015, 0.09140766, 2.552468
KneeLeft: -0.2543412, -0.417392, 2.476413
AnkleLeft: -0.2730763, -0.7124536, 2.383961
FootLeft: -0.2494514, -0.770483, 2.268365
HipRight: -0.1774626, 0.1145859, 2.571757
KneeRight: -0.3129244, -0.3011651, 2.462719
AnkleRight: -0.2569002, -0.6731051, 2.385619
FootRight: -0.2620255, -0.7658604, 2.272648
=========
HipCenter: -0.2580427, 0.1714334, 2.590719
Spine: -0.2745174, 0.2203205, 2.662781
ShoulderCenter: -0.3049773, 0.5915555, 2.752137
Head: -0.2648287, 0.7709728, 2.763706
ShoulderLeft: -0.4196861, 0.4468671, 2.679074
ElbowLeft: -0.4730805, 0.2183267, 2.631538
WristLeft: -0.4624116, 0.01995244, 2.50522
HandLeft: -0.4593153, -0.07004659, 2.46247
ShoulderRight: -0.09449676, 0.4990698, 2.760332
ElbowRight: 0.1720839, 0.5552124, 2.747759
WristRight: 0.3882371, 0.5545, 2.740607
HandRight: 0.460288, 0.5542624, 2.742986
HipLeft: -0.3234062, 0.0914357, 2.552468
KneeLeft: -0.2543498, -0.4173617, 2.476406
AnkleLeft: -0.2730757, -0.7124557, 2.383956
FootLeft: -0.2494502, -0.7704867, 2.268327
HipRight: -0.1774831, 0.1146507, 2.571762
KneeRight: -0.3130968, -0.3006225, 2.462914
AnkleRight: -0.25647, -0.6765819, 2.385257
FootRight: -0.2620917, -0.7668056, 2.271585
=========
HipCenter: -0.2580453, 0.1714761, 2.59073
Spine: -0.2745219, 0.2203583, 2.662789
ShoulderCenter: -0.3049865, 0.5916002, 2.752167
Head: -0.2647483, 0.7710589, 2.763554
ShoulderLeft: -0.4196929, 0.4468717, 2.679076
ElbowLeft: -0.4730798, 0.2182932, 2.631522
WristLeft: -0.4626378, 0.02079863, 2.505683
HandLeft: -0.4601395, -0.06669062, 2.461976
ShoulderRight: -0.09449703, 0.4990876, 2.760343
ElbowRight: 0.1720841, 0.555206, 2.747752
WristRight: 0.3882333, 0.554493, 2.740608
HandRight: 0.4602828, 0.5542569, 2.742994
HipLeft: -0.3234082, 0.09147059, 2.552481
KneeLeft: -0.2543577, -0.4173328, 2.4764
AnkleLeft: -0.2730774, -0.7124577, 2.383951
FootLeft: -0.2494484, -0.7704895, 2.268294
HipRight: -0.1774932, 0.1147107, 2.571767
KneeRight: -0.3134374, -0.2999454, 2.463122
AnkleRight: -0.2560745, -0.6797819, 2.384926
FootRight: -0.2621709, -0.767564, 2.270681
=========
HipCenter: -0.2580456, 0.1715144, 2.590743
Spine: -0.2745234, 0.220391, 2.662798
ShoulderCenter: -0.304978, 0.5916349, 2.75219
Head: -0.2646105, 0.7711582, 2.763427
ShoulderLeft: -0.4197032, 0.446905, 2.679102
ElbowLeft: -0.4731015, 0.2183053, 2.63155
WristLeft: -0.4628139, 0.02148133, 2.506055
HandLeft: -0.4605279, -0.06553931, 2.461582
ShoulderRight: -0.09448749, 0.4991132, 2.760365
ElbowRight: 0.1720849, 0.5552011, 2.747746
WristRight: 0.3882315, 0.5544928, 2.740618
HandRight: 0.4602794, 0.5542618, 2.743015
HipLeft: -0.3234119, 0.09150007, 2.552491
KneeLeft: -0.2543674, -0.4173041, 2.476395
AnkleLeft: -0.2730812, -0.7124626, 2.383941
FootLeft: -0.2494387, -0.7704904, 2.268274
HipRight: -0.1774999, 0.1147586, 2.571779
KneeRight: -0.3140748, -0.2991966, 2.463424
AnkleRight: -0.2557802, -0.6827763, 2.384574
FootRight: -0.2622668, -0.7681875, 2.269829
=========
HipCenter: -0.2580443, 0.1715491, 2.590758
Spine: -0.2745193, 0.220421, 2.662809
ShoulderCenter: -0.3049329, 0.5916541, 2.752203
Head: -0.264518, 0.7712284, 2.763337
ShoulderLeft: -0.4197924, 0.446947, 2.679188
ElbowLeft: -0.4731148, 0.2182993, 2.63157
WristLeft: -0.4629296, 0.02198475, 2.506315
HandLeft: -0.4607282, -0.06396863, 2.461402
ShoulderRight: -0.09447957, 0.4991383, 2.760386
ElbowRight: 0.1720881, 0.5551974, 2.747742
WristRight: 0.3882332, 0.5544918, 2.740626
HandRight: 0.4602805, 0.5542635, 2.743031
HipLeft: -0.3234182, 0.09152356, 2.552501
KneeLeft: -0.2543765, -0.417272, 2.476394
AnkleLeft: -0.2730911, -0.7124684, 2.383932
FootLeft: -0.2494261, -0.7704906, 2.268261
HipRight: -0.1775034, 0.1147974, 2.571792
KneeRight: -0.3146418, -0.2984923, 2.46366
AnkleRight: -0.2555254, -0.6854601, 2.384248
FootRight: -0.2623442, -0.768649, 2.269191
=========
HipCenter: -0.2580436, 0.1715796, 2.590774
Spine: -0.2745131, 0.2204469, 2.662822
ShoulderCenter: -0.304885, 0.591662, 2.752213
Head: -0.2642989, 0.7712217, 2.763227
ShoulderLeft: -0.4199766, 0.4470462, 2.679387
ElbowLeft: -0.4729111, 0.2172556, 2.631006
WristLeft: -0.4630163, 0.02218144, 2.506401
HandLeft: -0.4610505, -0.06196743, 2.461516
ShoulderRight: -0.0944723, 0.499179, 2.760426
ElbowRight: 0.1720919, 0.5551946, 2.74774
WristRight: 0.3882433, 0.5544935, 2.740632
HandRight: 0.4602937, 0.5542685, 2.743042
HipLeft: -0.3234283, 0.09153973, 2.552504
KneeLeft: -0.2543963, -0.4172205, 2.476394
AnkleLeft: -0.2731014, -0.7124758, 2.383922
FootLeft: -0.2494063, -0.7704934, 2.268249
HipRight: -0.177505, 0.1148279, 2.571809
KneeRight: -0.3152446, -0.2977779, 2.463956
AnkleRight: -0.2552869, -0.6876798, 2.383982
FootRight: -0.2624047, -0.7689979, 2.268713
=========
HipCenter: -0.2580363, 0.1716295, 2.590808
Spine: -0.2744939, 0.2204866, 2.662852
ShoulderCenter: -0.3047737, 0.5916637, 2.752269
Head: -0.2640648, 0.7711935, 2.763132
ShoulderLeft: -0.420148, 0.447156, 2.679574
ElbowLeft: -0.4726737, 0.2161398, 2.630426
WristLeft: -0.4630952, 0.02221979, 2.506404
HandLeft: -0.4613484, -0.06046987, 2.461423
ShoulderRight: -0.0944679, 0.4992081, 2.760457
ElbowRight: 0.1720963, 0.5551924, 2.747739
WristRight: 0.3882656, 0.5544956, 2.740638
HandRight: 0.4603257, 0.5542737, 2.743051
HipLeft: -0.3234399, 0.0915672, 2.5525
KneeLeft: -0.2544206, -0.4171644, 2.476395
AnkleLeft: -0.2731153, -0.7124869, 2.383904
FootLeft: -0.2493845, -0.770498, 2.26824
HipRight: -0.1774932, 0.1148842, 2.571916
KneeRight: -0.3157743, -0.2971193, 2.464246
AnkleRight: -0.2550726, -0.6895387, 2.383747
FootRight: -0.2624432, -0.7692523, 2.268389
=========
HipCenter: -0.2580117, 0.1716975, 2.590871
Spine: -0.2744576, 0.2205409, 2.662911
ShoulderCenter: -0.3047324, 0.5917202, 2.752398
Head: -0.2638384, 0.7711561, 2.763058
ShoulderLeft: -0.4203462, 0.4472732, 2.679782
ElbowLeft: -0.4726419, 0.2159331, 2.630351
WristLeft: -0.4632482, 0.02261534, 2.506657
HandLeft: -0.4615308, -0.05982072, 2.461241
ShoulderRight: -0.09446777, 0.4992472, 2.760493
ElbowRight: 0.1721383, 0.5551866, 2.747743
WristRight: 0.3883519, 0.5544968, 2.740634
HandRight: 0.4604312, 0.5542787, 2.743044
HipLeft: -0.3234299, 0.09161542, 2.552549
KneeLeft: -0.2544464, -0.417105, 2.476396
AnkleLeft: -0.2731311, -0.7124971, 2.383889
FootLeft: -0.2493614, -0.7705028, 2.268233
HipRight: -0.1774416, 0.1149505, 2.572029
KneeRight: -0.3161905, -0.2966869, 2.464476
AnkleRight: -0.2548083, -0.6914071, 2.383523
FootRight: -0.262476, -0.7694452, 2.268144
=========
HipCenter: -0.2579603, 0.1718045, 2.590968
Spine: -0.2744052, 0.2206197, 2.662991
ShoulderCenter: -0.3047343, 0.5917877, 2.752536
Head: -0.2636413, 0.7711042, 2.763019
ShoulderLeft: -0.4205428, 0.4473903, 2.679982
ElbowLeft: -0.4722341, 0.2142196, 2.629538
WristLeft: -0.4633214, 0.02133544, 2.506306
HandLeft: -0.461317, -0.06354509, 2.460454
ShoulderRight: -0.09447044, 0.4992846, 2.760527
ElbowRight: 0.1722108, 0.5551777, 2.747742
WristRight: 0.3885204, 0.5544964, 2.740628
HandRight: 0.4606407, 0.5542828, 2.743034
HipLeft: -0.3233746, 0.09174108, 2.552682
KneeLeft: -0.2544769, -0.4170369, 2.476397
AnkleLeft: -0.2731447, -0.7125059, 2.383878
FootLeft: -0.2493125, -0.770512, 2.26822
HipRight: -0.1773352, 0.1150449, 2.572156
KneeRight: -0.3164559, -0.296409, 2.464616
AnkleRight: -0.2546234, -0.6926342, 2.383374
FootRight: -0.2624985, -0.7695837, 2.267977
=========
HipCenter: -0.2578599, 0.1719344, 2.591084
Spine: -0.2743084, 0.2207146, 2.663088
ShoulderCenter: -0.3047144, 0.5918277, 2.752644
Head: -0.26346, 0.7710457, 2.762995
ShoulderLeft: -0.4207767, 0.4475283, 2.680212
ElbowLeft: -0.4721085, 0.2134485, 2.629064
WristLeft: -0.4634087, 0.02102699, 2.506274
HandLeft: -0.4612446, -0.0652179, 2.460255
ShoulderRight: -0.09447159, 0.4993193, 2.760562
ElbowRight: 0.172348, 0.5551625, 2.747736
WristRight: 0.3888883, 0.5544789, 2.740582
HandRight: 0.4608963, 0.5542746, 2.743001
HipLeft: -0.3232852, 0.09190631, 2.552673
KneeLeft: -0.254512, -0.4169694, 2.476399
AnkleLeft: -0.2731625, -0.7125216, 2.383865
FootLeft: -0.2492477, -0.7705261, 2.268213
HipRight: -0.1766678, 0.1149076, 2.572776
KneeRight: -0.3166709, -0.2962208, 2.464719
AnkleRight: -0.2544359, -0.6937817, 2.38323
FootRight: -0.2625151, -0.7696886, 2.267857
=========
HipCenter: -0.2577204, 0.1720711, 2.59124
Spine: -0.2741841, 0.2208137, 2.663221
ShoulderCenter: -0.3047486, 0.5919151, 2.752893
Head: -0.2632512, 0.7710465, 2.763113
ShoulderLeft: -0.4210182, 0.4476904, 2.680432
ElbowLeft: -0.47224, 0.2135034, 2.629203
WristLeft: -0.46347, 0.0209008, 2.506272
HandLeft: -0.4611874, -0.06617252, 2.460262
ShoulderRight: -0.09447373, 0.4993826, 2.760616
ElbowRight: 0.17249, 0.5551482, 2.747729
WristRight: 0.3891964, 0.5544577, 2.740526
HandRight: 0.4612548, 0.5542511, 2.742923
HipLeft: -0.3231879, 0.09207471, 2.552652
KneeLeft: -0.2545524, -0.4169009, 2.476405
AnkleLeft: -0.2731851, -0.7125511, 2.383848
FootLeft: -0.2491627, -0.7705448, 2.268214
HipRight: -0.17577, 0.1146542, 2.573614
KneeRight: -0.3168488, -0.2960826, 2.464802
AnkleRight: -0.2541723, -0.6947815, 2.383126
FootRight: -0.2625359, -0.7697701, 2.267763
=========
HipCenter: -0.2574947, 0.172328, 2.591507
Spine: -0.2739869, 0.2210273, 2.663468
ShoulderCenter: -0.3048368, 0.5921416, 2.753317
Head: -0.2630738, 0.7710553, 2.763244
ShoulderLeft: -0.4213474, 0.4479141, 2.680696
ElbowLeft: -0.4720269, 0.2127775, 2.62854
WristLeft: -0.4636065, 0.02045559, 2.506085
HandLeft: -0.4610653, -0.06808487, 2.45999
ShoulderRight: -0.09447147, 0.4994926, 2.760711
ElbowRight: 0.1726327, 0.5551354, 2.74772
WristRight: 0.3895347, 0.5544279, 2.740433
HandRight: 0.4616706, 0.5542128, 2.742787
HipLeft: -0.3230515, 0.09233206, 2.552627
KneeLeft: -0.2546187, -0.4168074, 2.476408
AnkleLeft: -0.2732095, -0.7125854, 2.38383
FootLeft: -0.2490751, -0.7705652, 2.268216
HipRight: -0.1748478, 0.1144514, 2.574486
KneeRight: -0.3169964, -0.2959842, 2.464868
AnkleRight: -0.2538559, -0.6956718, 2.383033
FootRight: -0.2625545, -0.7698353, 2.2677
=========
HipCenter: -0.2567129, 0.1728324, 2.59209
Spine: -0.2733696, 0.2214303, 2.663957
ShoulderCenter: -0.304872, 0.5923576, 2.753716
Head: -0.2629504, 0.7710393, 2.76332
ShoulderLeft: -0.4217599, 0.4481207, 2.68099
ElbowLeft: -0.471991, 0.2124514, 2.628278
WristLeft: -0.4636851, 0.02028822, 2.506028
HandLeft: -0.4609923, -0.0692917, 2.459938
ShoulderRight: -0.09447191, 0.4996077, 2.760807
ElbowRight: 0.1727897, 0.5551249, 2.747706
WristRight: 0.3899085, 0.5543917, 2.740314
HandRight: 0.4621392, 0.5541632, 2.742616
HipLeft: -0.3221922, 0.09282716, 2.553037
KneeLeft: -0.2547222, -0.4166856, 2.476413
AnkleLeft: -0.2732361, -0.7126257, 2.383811
FootLeft: -0.2489901, -0.7705838, 2.268224
HipRight: -0.1733919, 0.1144729, 2.575356
KneeRight: -0.3171287, -0.2959191, 2.464928
AnkleRight: -0.2534321, -0.6964934, 2.382964
FootRight: -0.2625719, -0.769887, 2.267658
=========
HipCenter: -0.2562388, 0.1732135, 2.592554
Spine: -0.2729219, 0.2217575, 2.664379
ShoulderCenter: -0.3048692, 0.592499, 2.754035
Head: -0.2628669, 0.7710327, 2.763375
ShoulderLeft: -0.4221462, 0.4483054, 2.681264
ElbowLeft: -0.4719729, 0.2122113, 2.628086
WristLeft: -0.463758, 0.02016045, 2.505985
HandLeft: -0.4609136, -0.07031352, 2.459908
ShoulderRight: -0.0944735, 0.4997195, 2.760902
ElbowRight: 0.1730263, 0.5550811, 2.747677
WristRight: 0.3904921, 0.554333, 2.740119
HandRight: 0.4625856, 0.5541248, 2.742455
HipLeft: -0.3217374, 0.09321856, 2.553395
KneeLeft: -0.2548254, -0.4165742, 2.476421
AnkleLeft: -0.2732683, -0.7126884, 2.383788
FootLeft: -0.2488277, -0.7706263, 2.268207
HipRight: -0.1728215, 0.1144448, 2.575786
KneeRight: -0.3172957, -0.2958677, 2.464997
AnkleRight: -0.2529316, -0.6971918, 2.382892
FootRight: -0.2625907, -0.7699281, 2.267635
=========
HipCenter: -0.2558248, 0.1735402, 2.592951
Spine: -0.2725188, 0.2220533, 2.664749
ShoulderCenter: -0.3048856, 0.5926111, 2.754234
Head: -0.2628044, 0.7710294, 2.763418
ShoulderLeft: -0.4225415, 0.4484451, 2.681503
ElbowLeft: -0.4721212, 0.2124144, 2.628183
WristLeft: -0.4638991, 0.02036093, 2.506093
HandLeft: -0.4608965, -0.07075108, 2.4599
ShoulderRight: -0.09447681, 0.4998129, 2.76097
ElbowRight: 0.1731426, 0.5550578, 2.747654
WristRight: 0.3907883, 0.5542959, 2.740004
HandRight: 0.462936, 0.5540838, 2.742306
HipLeft: -0.3213912, 0.09350793, 2.55362
KneeLeft: -0.2549329, -0.4164657, 2.476433
AnkleLeft: -0.2733187, -0.7127777, 2.383778
FootLeft: -0.2486623, -0.7706687, 2.268187
HipRight: -0.1723245, 0.1144063, 2.576147
KneeRight: -0.3174091, -0.295823, 2.465045
AnkleRight: -0.2524439, -0.6977811, 2.382837
FootRight: -0.2626009, -0.7699568, 2.267611
=========
HipCenter: -0.2554643, 0.1738516, 2.59331
Spine: -0.2721508, 0.2223473, 2.665098
ShoulderCenter: -0.3049117, 0.5927736, 2.754488
Head: -0.2627642, 0.7710226, 2.763433
ShoulderLeft: -0.4229819, 0.4485802, 2.681757
ElbowLeft: -0.4723765, 0.2126988, 2.628453
WristLeft: -0.4640872, 0.02074338, 2.506266
HandLeft: -0.4613402, -0.06902082, 2.460047
ShoulderRight: -0.09448778, 0.4998952, 2.761022
ElbowRight: 0.1732412, 0.5550361, 2.747631
WristRight: 0.391037, 0.5542629, 2.7399
HandRight: 0.4632403, 0.5540468, 2.742167
HipLeft: -0.3210866, 0.09379733, 2.553859
KneeLeft: -0.2550417, -0.4163576, 2.476445
AnkleLeft: -0.2733741, -0.7128803, 2.383767
FootLeft: -0.2485052, -0.7707084, 2.268162
HipRight: -0.1719429, 0.114419, 2.576397
KneeRight: -0.317499, -0.2957801, 2.465087
AnkleRight: -0.2519918, -0.6982648, 2.382795
FootRight: -0.2626142, -0.7699792, 2.267595
=========
HipCenter: -0.2552006, 0.1740958, 2.593589
Spine: -0.2718721, 0.2225909, 2.665382
ShoulderCenter: -0.3049682, 0.5929734, 2.754748
Head: -0.2627421, 0.7710081, 2.763424
ShoulderLeft: -0.4233699, 0.4486942, 2.68196
ElbowLeft: -0.4727988, 0.2133738, 2.629114
WristLeft: -0.4641108, 0.01910218, 2.50548
HandLeft: -0.4614908, -0.06894605, 2.459872
ShoulderRight: -0.09450128, 0.4999423, 2.761047
ElbowRight: 0.1733226, 0.5550152, 2.747608
WristRight: 0.391242, 0.5542308, 2.739798
HandRight: 0.4634983, 0.5540099, 2.742028
HipLeft: -0.3208679, 0.09404469, 2.554109
KneeLeft: -0.2551523, -0.4162537, 2.476458
AnkleLeft: -0.2734419, -0.7130028, 2.38376
FootLeft: -0.2483566, -0.770747, 2.268139
HipRight: -0.17169, 0.1144337, 2.576539
KneeRight: -0.3175784, -0.2957389, 2.465126
AnkleRight: -0.2515843, -0.6986674, 2.382761
FootRight: -0.2626426, -0.7699974, 2.267598
=========
HipCenter: -0.2549888, 0.174311, 2.593827
Spine: -0.2716449, 0.2228087, 2.665626
ShoulderCenter: -0.3050125, 0.5931091, 2.754912
Head: -0.2626694, 0.771018, 2.763499
ShoulderLeft: -0.4237196, 0.4487964, 2.682132
ElbowLeft: -0.4732284, 0.2140912, 2.629779
WristLeft: -0.4641819, 0.0189114, 2.50541
HandLeft: -0.4615844, -0.06914636, 2.45995
ShoulderRight: -0.09451682, 0.4999838, 2.761066
ElbowRight: 0.1733963, 0.554993, 2.747582
WristRight: 0.3914444, 0.5541879, 2.739666
HandRight: 0.4636959, 0.5539752, 2.741905
HipLeft: -0.3206927, 0.09427439, 2.554349
KneeLeft: -0.2552693, -0.4161455, 2.476475
AnkleLeft: -0.2735294, -0.7131301, 2.383735
FootLeft: -0.2482031, -0.7707854, 2.268112
HipRight: -0.1714985, 0.1144546, 2.576638
KneeRight: -0.3176504, -0.2957, 2.465162
AnkleRight: -0.2511481, -0.6991219, 2.382696
FootRight: -0.2626712, -0.7700131, 2.267603
=========
HipCenter: -0.2548271, 0.1744849, 2.59402
Spine: -0.2714703, 0.2229898, 2.665826
ShoulderCenter: -0.3050704, 0.5932346, 2.75504
Head: -0.2626242, 0.7710038, 2.763545
ShoulderLeft: -0.4240629, 0.4488851, 2.682284
ElbowLeft: -0.4735156, 0.2143453, 2.630038
WristLeft: -0.4642491, 0.01878422, 2.505372
HandLeft: -0.4616551, -0.06935281, 2.46004
ShoulderRight: -0.09453832, 0.500022, 2.76108
ElbowRight: 0.1734463, 0.5549789, 2.747565
WristRight: 0.3915813, 0.5541596, 2.739573
HandRight: 0.4638712, 0.5539414, 2.741777
HipLeft: -0.3205631, 0.09446427, 2.554563
KneeLeft: -0.2553889, -0.4160468, 2.476493
AnkleLeft: -0.2736764, -0.7132997, 2.38373
FootLeft: -0.2480776, -0.7708165, 2.268089
HipRight: -0.171353, 0.1144767, 2.576705
KneeRight: -0.3177155, -0.2956592, 2.465196
AnkleRight: -0.2509147, -0.6994893, 2.382657
FootRight: -0.2626932, -0.7700251, 2.267601
=========
HipCenter: -0.2546982, 0.1745845, 2.594143
Spine: -0.2713023, 0.2231024, 2.665954
ShoulderCenter: -0.3042332, 0.5930654, 2.754718
Head: -0.2626059, 0.7709963, 2.763572
ShoulderLeft: -0.4243769, 0.4489673, 2.682413
ElbowLeft: -0.4737761, 0.2145518, 2.630251
WristLeft: -0.4641581, 0.01735152, 2.504135
HandLeft: -0.4617548, -0.07222846, 2.459047
ShoulderRight: -0.09456509, 0.500048, 2.761077
ElbowRight: 0.1733808, 0.5548766, 2.747536
WristRight: 0.391605, 0.5541404, 2.739496
HandRight: 0.4639195, 0.5539398, 2.741685
HipLeft: -0.3204788, 0.09456466, 2.554678
KneeLeft: -0.2555015, -0.4159575, 2.476512
AnkleLeft: -0.2738038, -0.7134264, 2.383729
FootLeft: -0.2479654, -0.7708452, 2.26807
HipRight: -0.171237, 0.1144753, 2.576743
KneeRight: -0.3177724, -0.2956178, 2.465229
AnkleRight: -0.2508141, -0.6998285, 2.382609
FootRight: -0.2627192, -0.7700355, 2.267603
=========
HipCenter: -0.2545998, 0.1746685, 2.594243
Spine: -0.271163, 0.2231997, 2.666059
ShoulderCenter: -0.3034381, 0.5928958, 2.754391
Head: -0.2625929, 0.7709895, 2.763598
ShoulderLeft: -0.4246927, 0.449068, 2.68254
ElbowLeft: -0.4740201, 0.214731, 2.630424
WristLeft: -0.4642369, 0.002877675, 2.499135
HandLeft: -0.4619289, -0.07733804, 2.458313
ShoulderRight: -0.09459325, 0.5000707, 2.761067
ElbowRight: 0.1733774, 0.5548225, 2.747511
WristRight: 0.391652, 0.5541263, 2.739437
HandRight: 0.4639846, 0.5539361, 2.741609
HipLeft: -0.3204224, 0.09465501, 2.554786
KneeLeft: -0.2556033, -0.4158829, 2.476534
AnkleLeft: -0.2739581, -0.7135684, 2.383738
FootLeft: -0.2478697, -0.7708693, 2.268058
HipRight: -0.1711522, 0.1144773, 2.576763
KneeRight: -0.3178312, -0.2955679, 2.465262
AnkleRight: -0.2507708, -0.7001187, 2.382564
FootRight: -0.2627456, -0.7700452, 2.267604
=========
HipCenter: -0.254538, 0.1747244, 2.594312
Spine: -0.2710615, 0.2232717, 2.666137
ShoulderCenter: -0.3026698, 0.5927703, 2.754084
Head: -0.2625825, 0.7709848, 2.763612
ShoulderLeft: -0.4249726, 0.4491573, 2.682634
ElbowLeft: -0.4740666, 0.2144249, 2.630272
WristLeft: -0.464149, -0.002801043, 2.496836
HandLeft: -0.4620587, -0.07961366, 2.457942
ShoulderRight: -0.09462155, 0.5000852, 2.761046
ElbowRight: 0.1733922, 0.5547528, 2.747465
WristRight: 0.3917224, 0.5541043, 2.739325
HandRight: 0.4640641, 0.5539308, 2.741512
HipLeft: -0.3204116, 0.09472344, 2.554856
KneeLeft: -0.2557117, -0.4158097, 2.476561
AnkleLeft: -0.2741353, -0.7137187, 2.383759
FootLeft: -0.2477861, -0.7708905, 2.268041
HipRight: -0.1711323, 0.1144332, 2.576772
KneeRight: -0.3178878, -0.2955162, 2.465294
AnkleRight: -0.2507649, -0.7003838, 2.382522
FootRight: -0.2627727, -0.770054, 2.26761
=========
HipCenter: -0.2545026, 0.1747702, 2.594375
Spine: -0.2709959, 0.223333, 2.666205
ShoulderCenter: -0.3023542, 0.5927941, 2.753962
Head: -0.2626234, 0.7709638, 2.763569
ShoulderLeft: -0.4252502, 0.4492479, 2.682735
ElbowLeft: -0.4741746, 0.2144647, 2.630375
WristLeft: -0.4645611, -0.001318871, 2.497182
HandLeft: -0.4630639, -0.07645549, 2.458731
ShoulderRight: -0.09466975, 0.5001127, 2.761004
ElbowRight: 0.1730035, 0.5543497, 2.747285
WristRight: 0.3914129, 0.5540171, 2.738935
HandRight: 0.4637764, 0.5539383, 2.741025
HipLeft: -0.3204442, 0.09479205, 2.554938
KneeLeft: -0.2558256, -0.4157361, 2.476587
AnkleLeft: -0.2743207, -0.713871, 2.383788
FootLeft: -0.2477069, -0.7709098, 2.268029
HipRight: -0.17118, 0.1143769, 2.576767
KneeRight: -0.3179518, -0.2954571, 2.465326
AnkleRight: -0.2507917, -0.7006202, 2.382486
FootRight: -0.2627997, -0.7700619, 2.267617
=========
HipCenter: -0.2545808, 0.1747571, 2.594414
Spine: -0.2709627, 0.223367, 2.666246
ShoulderCenter: -0.3020948, 0.5928553, 2.753776
Head: -0.2626847, 0.7709526, 2.763488
ShoulderLeft: -0.4254949, 0.449326, 2.682825
ElbowLeft: -0.4742084, 0.2144067, 2.630383
WristLeft: -0.4646061, -0.002410567, 2.496712
HandLeft: -0.4632297, -0.07778568, 2.458658
ShoulderRight: -0.09484775, 0.4999443, 2.760468
ElbowRight: 0.1499453, 0.5395434, 2.739164
WristRight: 0.3846725, 0.5433351, 2.728831
HandRight: 0.4608234, 0.5435978, 2.729776
HipLeft: -0.3206818, 0.09481178, 2.555034
KneeLeft: -0.256024, -0.4156091, 2.476598
AnkleLeft: -0.2746129, -0.7141079, 2.383832
FootLeft: -0.2476808, -0.7709106, 2.268108
HipRight: -0.1715412, 0.1141303, 2.576642
KneeRight: -0.3180497, -0.2953604, 2.465351
AnkleRight: -0.2508513, -0.7008323, 2.382439
FootRight: -0.2628705, -0.7700801, 2.267685
=========
HipCenter: -0.2548079, 0.1745872, 2.594387
Spine: -0.270973, 0.2233555, 2.666261
ShoulderCenter: -0.3018904, 0.592925, 2.753609
Head: -0.2627572, 0.7709314, 2.76325
ShoulderLeft: -0.4256762, 0.4493746, 2.682891
ElbowLeft: -0.4741557, 0.2142115, 2.63032
WristLeft: -0.4650492, 0.0001238183, 2.497556
HandLeft: -0.4634067, -0.07782184, 2.459079
ShoulderRight: -0.09512781, 0.4996389, 2.759625
ElbowRight: 0.1396959, 0.5286438, 2.733273
WristRight: 0.3761101, 0.5165551, 2.703726
HandRight: 0.4550698, 0.5136478, 2.699355
HipLeft: -0.3210146, 0.09475257, 2.555117
KneeLeft: -0.256296, -0.4154591, 2.476604
AnkleLeft: -0.2748711, -0.7143313, 2.383863
FootLeft: -0.2476571, -0.7709135, 2.268171
HipRight: -0.1721901, 0.1136494, 2.576355
KneeRight: -0.3181625, -0.2952505, 2.465371
AnkleRight: -0.2509297, -0.701022, 2.382392
FootRight: -0.2629445, -0.7700973, 2.267766
=========
HipCenter: -0.2551253, 0.1743131, 2.594306
Spine: -0.270997, 0.2233109, 2.666255
ShoulderCenter: -0.3014947, 0.5930333, 2.753327
Head: -0.2628005, 0.7709261, 2.763044
ShoulderLeft: -0.42584, 0.4494268, 2.682956
ElbowLeft: -0.474052, 0.2139455, 2.630188
WristLeft: -0.4651918, 0.0008307605, 2.497815
HandLeft: -0.4635166, -0.07822737, 2.459277
ShoulderRight: -0.09541878, 0.4989334, 2.758078
ElbowRight: 0.1380465, 0.5180497, 2.726937
WristRight: 0.3727836, 0.5022981, 2.692957
HandRight: 0.4525251, 0.5028664, 2.690193
HipLeft: -0.3215891, 0.09456979, 2.555075
KneeLeft: -0.2565628, -0.4153155, 2.47661
AnkleLeft: -0.2750275, -0.7144752, 2.383882
FootLeft: -0.2476314, -0.7709214, 2.268213
HipRight: -0.1729901, 0.1129482, 2.576045
KneeRight: -0.3183057, -0.295107, 2.465379
AnkleRight: -0.2510248, -0.7011744, 2.382347
FootRight: -0.263035, -0.7701151, 2.267882
=========
HipCenter: -0.2554924, 0.1739403, 2.594191
Spine: -0.2710414, 0.2232193, 2.666232
ShoulderCenter: -0.3010978, 0.5931481, 2.753084
Head: -0.2628522, 0.7709426, 2.762804
ShoulderLeft: -0.4259607, 0.4494673, 2.683004
ElbowLeft: -0.4738257, 0.213403, 2.629839
WristLeft: -0.4654174, 0.002328881, 2.49848
HandLeft: -0.463603, -0.07842225, 2.459514
ShoulderRight: -0.0957514, 0.498161, 2.756523
ElbowRight: 0.1387445, 0.5098467, 2.721226
WristRight: 0.3725143, 0.4911492, 2.686693
HandRight: 0.4521071, 0.4881828, 2.682843
HipLeft: -0.3221531, 0.09435832, 2.555013
KneeLeft: -0.2568145, -0.4151817, 2.476618
AnkleLeft: -0.2751592, -0.7146074, 2.3839
FootLeft: -0.2476092, -0.7709289, 2.268249
HipRight: -0.1738513, 0.1121714, 2.575741
KneeRight: -0.3184873, -0.2949443, 2.465372
AnkleRight: -0.2511206, -0.7013043, 2.382306
FootRight: -0.2631205, -0.7701312, 2.267992
=========
HipCenter: -0.2559715, 0.1734495, 2.593988
Spine: -0.2711295, 0.2230669, 2.666166
ShoulderCenter: -0.3007515, 0.5932776, 2.752874
Head: -0.2628754, 0.7709624, 2.762456
ShoulderLeft: -0.4260504, 0.4494999, 2.683041
ElbowLeft: -0.4735045, 0.2126608, 2.629404
WristLeft: -0.4656412, 0.003828192, 2.499121
HandLeft: -0.4636736, -0.07856909, 2.459682
ShoulderRight: -0.09624258, 0.497174, 2.754719
ElbowRight: 0.1411215, 0.5016989, 2.715077
WristRight: 0.373634, 0.482134, 2.682006
HandRight: 0.453078, 0.4773613, 2.677821
HipLeft: -0.3227645, 0.09412297, 2.554897
KneeLeft: -0.2570505, -0.4150567, 2.476627
AnkleLeft: -0.2753282, -0.7147957, 2.38393
FootLeft: -0.2476127, -0.7709255, 2.268352
HipRight: -0.174808, 0.1113435, 2.575379
KneeRight: -0.3186987, -0.2947728, 2.465352
AnkleRight: -0.251217, -0.701421, 2.382265
FootRight: -0.2632038, -0.7701464, 2.268098
=========
HipCenter: -0.2564101, 0.1729411, 2.593773
Spine: -0.2712254, 0.2228839, 2.666086
ShoulderCenter: -0.3004511, 0.5934185, 2.752709
Head: -0.2628266, 0.7709943, 2.762284
ShoulderLeft: -0.4261103, 0.449524, 2.683065
ElbowLeft: -0.4731196, 0.2116647, 2.628766
WristLeft: -0.4658735, 0.004885735, 2.499573
HandLeft: -0.4637349, -0.07874899, 2.459798
ShoulderRight: -0.09663196, 0.4963064, 2.753224
ElbowRight: 0.1447321, 0.4934605, 2.709862
WristRight: 0.3762714, 0.4726093, 2.677183
HandRight: 0.4552897, 0.4662316, 2.672346
HipLeft: -0.3232926, 0.09388888, 2.554727
KneeLeft: -0.2572669, -0.4149439, 2.476635
AnkleLeft: -0.2754799, -0.714981, 2.383959
FootLeft: -0.2476029, -0.7709225, 2.268426
HipRight: -0.1756158, 0.1105241, 2.575087
KneeRight: -0.3189076, -0.2946071, 2.465324
AnkleRight: -0.2512705, -0.7015004, 2.382236
FootRight: -0.263281, -0.7701575, 2.268162
=========
HipCenter: -0.25685, 0.1724142, 2.59351
Spine: -0.2713504, 0.2226481, 2.665946
ShoulderCenter: -0.3001486, 0.5935312, 2.752428
Head: -0.2627791, 0.7710393, 2.762123
ShoulderLeft: -0.4261572, 0.4495446, 2.683084
ElbowLeft: -0.4727427, 0.2107206, 2.62816
WristLeft: -0.4661309, 0.005829518, 2.499987
HandLeft: -0.4637923, -0.07893562, 2.459903
ShoulderRight: -0.09687749, 0.4953903, 2.751837
ElbowRight: 0.1467135, 0.4865636, 2.705618
WristRight: 0.3791041, 0.4628745, 2.673221
HandRight: 0.458096, 0.4547045, 2.667956
HipLeft: -0.3241907, 0.09345883, 2.553845
KneeLeft: -0.2574677, -0.4148424, 2.476644
AnkleLeft: -0.2756057, -0.7151567, 2.383978
FootLeft: -0.2475877, -0.7709222, 2.26848
HipRight: -0.1763592, 0.1094991, 2.574935
KneeRight: -0.3191317, -0.2944328, 2.465281
AnkleRight: -0.2513464, -0.701589, 2.382185
FootRight: -0.2633436, -0.7701662, 2.268216
=========
HipCenter: -0.2573745, 0.1718379, 2.593169
Spine: -0.271519, 0.2223635, 2.665754
ShoulderCenter: -0.2998802, 0.5936384, 2.752177
Head: -0.2627281, 0.7711021, 2.761973
ShoulderLeft: -0.4261917, 0.4495671, 2.683101
ElbowLeft: -0.4723484, 0.2099167, 2.627577
WristLeft: -0.4663588, 0.006767754, 2.500285
HandLeft: -0.4638384, -0.07906131, 2.45998
ShoulderRight: -0.09722639, 0.4943471, 2.750311
ElbowRight: 0.1479198, 0.481319, 2.7026
WristRight: 0.3826639, 0.4511593, 2.670692
HandRight: 0.4622149, 0.4397711, 2.665397
HipLeft: -0.3250219, 0.09307869, 2.553058
KneeLeft: -0.2576548, -0.4147506, 2.476647
AnkleLeft: -0.2757258, -0.7153355, 2.384006
FootLeft: -0.2475724, -0.7709249, 2.268527
HipRight: -0.1773188, 0.1085293, 2.574578
KneeRight: -0.3193696, -0.2942547, 2.465224
AnkleRight: -0.2514194, -0.7016693, 2.382137
FootRight: -0.2634077, -0.7701738, 2.268269
=========
HipCenter: -0.2578352, 0.171281, 2.592825
Spine: -0.271684, 0.2220501, 2.665536
ShoulderCenter: -0.2996163, 0.5937412, 2.751937
Head: -0.262671, 0.771165, 2.761784
ShoulderLeft: -0.4262099, 0.4495956, 2.68311
ElbowLeft: -0.4719847, 0.2091216, 2.62699
WristLeft: -0.4665597, 0.007506405, 2.500503
HandLeft: -0.4638733, -0.07918374, 2.460042
ShoulderRight: -0.09757417, 0.4933525, 2.74898
ElbowRight: 0.1485579, 0.4770813, 2.700344
WristRight: 0.3856299, 0.4351764, 2.667299
HandRight: 0.4656849, 0.4183008, 2.661236
HipLeft: -0.3256948, 0.09275144, 2.552373
KneeLeft: -0.2578252, -0.4146677, 2.47665
AnkleLeft: -0.2757945, -0.7154583, 2.384037
FootLeft: -0.2475595, -0.7709324, 2.26856
HipRight: -0.1781199, 0.1077184, 2.574276
KneeRight: -0.3195952, -0.2940917, 2.465161
AnkleRight: -0.2515016, -0.7017581, 2.382097
FootRight: -0.2634676, -0.7701821, 2.268325
=========
HipCenter: -0.2582356, 0.1707062, 2.592458
Spine: -0.2718419, 0.221692, 2.665286
ShoulderCenter: -0.2993541, 0.5938473, 2.751724
Head: -0.262585, 0.771248, 2.761556
ShoulderLeft: -0.426217, 0.4496316, 2.683116
ElbowLeft: -0.4715116, 0.2078681, 2.62616
WristLeft: -0.4666925, 0.007902356, 2.500592
HandLeft: -0.4639331, -0.0795204, 2.460036
ShoulderRight: -0.09804456, 0.4919037, 2.747597
ElbowRight: 0.1496804, 0.4699181, 2.697378
WristRight: 0.3745353, 0.4008989, 2.6593
HandRight: 0.4494084, 0.3783743, 2.652038
HipLeft: -0.3262399, 0.09243826, 2.55164
KneeLeft: -0.2579748, -0.4146007, 2.476651
AnkleLeft: -0.2758437, -0.7155825, 2.384076
FootLeft: -0.2475465, -0.7709443, 2.268595
HipRight: -0.1787942, 0.1069409, 2.574046
KneeRight: -0.3198166, -0.2939328, 2.465083
AnkleRight: -0.2515772, -0.7018436, 2.382076
FootRight: -0.2635298, -0.7701883, 2.268416
=========
HipCenter: -0.2585563, 0.1700985, 2.592093
Spine: -0.2719685, 0.2212838, 2.665027
ShoulderCenter: -0.2990896, 0.5939561, 2.75156
Head: -0.2625057, 0.7713498, 2.761334
ShoulderLeft: -0.4262102, 0.4496905, 2.683121
ElbowLeft: -0.4710964, 0.2068234, 2.625468
WristLeft: -0.4668108, 0.008259465, 2.500619
HandLeft: -0.4639819, -0.07979096, 2.460014
ShoulderRight: -0.09862509, 0.490472, 2.746333
ElbowRight: 0.1499523, 0.4596471, 2.69419
WristRight: 0.3689859, 0.3832359, 2.654425
HandRight: 0.4411272, 0.3579941, 2.646194
HipLeft: -0.3266371, 0.09213068, 2.550915
KneeLeft: -0.2581145, -0.4145476, 2.47665
AnkleLeft: -0.2758949, -0.7157746, 2.384136
FootLeft: -0.2475291, -0.7709587, 2.268613
HipRight: -0.1793413, 0.1061671, 2.57392
KneeRight: -0.320017, -0.2937879, 2.465003
AnkleRight: -0.2517286, -0.7019637, 2.382029
FootRight: -0.2636094, -0.7701946, 2.268534
=========
HipCenter: -0.2588204, 0.1695457, 2.591776
Spine: -0.2720837, 0.220888, 2.664791
ShoulderCenter: -0.2988991, 0.5940652, 2.751456
Head: -0.26244, 0.77147, 2.761147
ShoulderLeft: -0.4261895, 0.4497865, 2.683137
ElbowLeft: -0.4707338, 0.2059192, 2.624865
WristLeft: -0.4668672, 0.008457898, 2.500682
HandLeft: -0.4640166, -0.08013225, 2.459923
ShoulderRight: -0.09910849, 0.4893004, 2.745374
ElbowRight: 0.149614, 0.4516785, 2.692041
WristRight: 0.3651615, 0.3705116, 2.650894
HandRight: 0.4455017, 0.3315183, 2.651955
HipLeft: -0.3269377, 0.09186788, 2.550297
KneeLeft: -0.2582395, -0.4145002, 2.476648
AnkleLeft: -0.2759243, -0.7159538, 2.384185
FootLeft: -0.2474756, -0.7709857, 2.268607
HipRight: -0.1797829, 0.1054824, 2.573858
KneeRight: -0.3201778, -0.2936661, 2.464928
AnkleRight: -0.2518848, -0.7021009, 2.381981
FootRight: -0.2636937, -0.770198, 2.26866
=========
HipCenter: -0.2590738, 0.1690197, 2.591467
Spine: -0.272229, 0.2204863, 2.664553
ShoulderCenter: -0.2987877, 0.5942318, 2.751423
Head: -0.2623622, 0.7715821, 2.760988
ShoulderLeft: -0.4261484, 0.4499118, 2.683146
ElbowLeft: -0.4702895, 0.2047852, 2.623988
WristLeft: -0.4669152, 0.008580795, 2.500722
HandLeft: -0.4639298, -0.0806741, 2.459813
ShoulderRight: -0.0997333, 0.487975, 2.744513
ElbowRight: 0.1464183, 0.4416095, 2.689415
WristRight: 0.3628559, 0.3518747, 2.647779
HandRight: 0.4514854, 0.3082006, 2.655144
HipLeft: -0.3271678, 0.09165229, 2.549785
KneeLeft: -0.2583654, -0.4144419, 2.476637
AnkleLeft: -0.2759684, -0.716091, 2.384205
FootLeft: -0.2474237, -0.7710121, 2.268609
HipRight: -0.1801944, 0.1049096, 2.573783
KneeRight: -0.3203126, -0.2935592, 2.464857
AnkleRight: -0.2520342, -0.7022425, 2.381942
FootRight: -0.2637694, -0.7702001, 2.268795
=========
HipCenter: -0.2592117, 0.1685132, 2.591146
Spine: -0.2723271, 0.2200848, 2.664311
ShoulderCenter: -0.2987063, 0.5944295, 2.751447
Head: -0.262275, 0.771688, 2.760837
ShoulderLeft: -0.4260943, 0.4500356, 2.683146
ElbowLeft: -0.4698981, 0.203796, 2.623207
WristLeft: -0.4669386, 0.008667596, 2.500731
HandLeft: -0.4638403, -0.08113529, 2.459626
ShoulderRight: -0.1003374, 0.4866999, 2.743792
ElbowRight: 0.1439961, 0.432026, 2.687428
WristRight: 0.3617164, 0.3326305, 2.643116
HandRight: 0.4554693, 0.2927551, 2.655249
HipLeft: -0.3272394, 0.09145124, 2.549194
KneeLeft: -0.2584834, -0.4143892, 2.476621
AnkleLeft: -0.2760145, -0.7162218, 2.384212
FootLeft: -0.2473719, -0.7710386, 2.268612
HipRight: -0.1804168, 0.1044357, 2.573732
KneeRight: -0.3204177, -0.293473, 2.464791
AnkleRight: -0.2521898, -0.7024075, 2.381901
FootRight: -0.263831, -0.7702044, 2.268936
=========
HipCenter: -0.2592749, 0.1680879, 2.59086
Spine: -0.2724065, 0.2197317, 2.664078
ShoulderCenter: -0.2986087, 0.5946046, 2.75144
Head: -0.2618193, 0.7720046, 2.760753
ShoulderLeft: -0.4257964, 0.4502693, 2.683082
ElbowLeft: -0.4694771, 0.2027505, 2.6223
WristLeft: -0.4669552, 0.008665564, 2.500626
HandLeft: -0.463548, -0.07719048, 2.458862
ShoulderRight: -0.1005659, 0.4855123, 2.743444
ElbowRight: 0.1423033, 0.4227457, 2.68554
WristRight: 0.3518874, 0.3212657, 2.640848
HandRight: 0.4516453, 0.2836287, 2.654044
HipLeft: -0.3272125, 0.09131002, 2.54866
KneeLeft: -0.258592, -0.4143419, 2.476602
AnkleLeft: -0.2760555, -0.7163463, 2.384208
FootLeft: -0.2473199, -0.7710652, 2.268612
HipRight: -0.1805478, 0.104045, 2.573708
KneeRight: -0.320508, -0.2933964, 2.464727
AnkleRight: -0.2523186, -0.7025616, 2.38186
FootRight: -0.2638812, -0.7702077, 2.269063
=========
HipCenter: -0.2593082, 0.1677092, 2.590604
Spine: -0.2724767, 0.2194164, 2.663866
ShoulderCenter: -0.2984165, 0.5948948, 2.751461
Head: -0.2611909, 0.7724347, 2.76071
ShoulderLeft: -0.4253985, 0.4505212, 2.682977
ElbowLeft: -0.4691111, 0.2018486, 2.621504
WristLeft: -0.4669636, 0.008631334, 2.500484
HandLeft: -0.4633251, -0.07290673, 2.458195
ShoulderRight: -0.1007033, 0.484466, 2.743249
ElbowRight: 0.1409807, 0.4151959, 2.684072
WristRight: 0.3461044, 0.3144293, 2.639513
HandRight: 0.4461541, 0.2758121, 2.650714
HipLeft: -0.3271487, 0.09119549, 2.548162
KneeLeft: -0.2586888, -0.4143026, 2.476581
AnkleLeft: -0.2760954, -0.7164719, 2.384195
FootLeft: -0.2472555, -0.7710984, 2.268604
HipRight: -0.1806421, 0.1036811, 2.573709
KneeRight: -0.3205447, -0.2933755, 2.464656
AnkleRight: -0.252329, -0.7027573, 2.381832
FootRight: -0.2639192, -0.7702143, 2.269132
=========
HipCenter: -0.2593193, 0.1672608, 2.590277
Spine: -0.2725426, 0.2190228, 2.663568
ShoulderCenter: -0.2979764, 0.5951393, 2.751319
Head: -0.2604069, 0.7730375, 2.760755
ShoulderLeft: -0.4248535, 0.4507522, 2.682769
ElbowLeft: -0.4687704, 0.2010693, 2.620764
WristLeft: -0.4669789, 0.008564321, 2.50031
HandLeft: -0.4632696, -0.06892882, 2.457748
ShoulderRight: -0.1008053, 0.4835543, 2.743138
ElbowRight: 0.1399145, 0.4069942, 2.682748
WristRight: 0.342236, 0.3092263, 2.638062
HandRight: 0.441122, 0.2691341, 2.646719
HipLeft: -0.3270457, 0.09105347, 2.547599
KneeLeft: -0.2587774, -0.4142675, 2.476559
AnkleLeft: -0.2761351, -0.7165946, 2.384181
FootLeft: -0.2471915, -0.7711321, 2.268596
HipRight: -0.180735, 0.1032951, 2.573718
KneeRight: -0.3205357, -0.2933908, 2.46459
AnkleRight: -0.2522178, -0.7030612, 2.3818
FootRight: -0.263941, -0.7702226, 2.26919
=========
HipCenter: -0.2592935, 0.1668232, 2.589916
Spine: -0.2725912, 0.2186321, 2.66325
ShoulderCenter: -0.2975394, 0.595373, 2.751225
Head: -0.2596351, 0.773631, 2.760894
ShoulderLeft: -0.4242561, 0.4509681, 2.682531
ElbowLeft: -0.4684792, 0.2004252, 2.620119
WristLeft: -0.4669889, 0.008482134, 2.500134
HandLeft: -0.4632985, -0.06532917, 2.457667
ShoulderRight: -0.1008812, 0.4827495, 2.743107
ElbowRight: 0.1388229, 0.3996918, 2.681882
WristRight: 0.3371417, 0.3025244, 2.636084
HandRight: 0.4318624, 0.2617798, 2.6398
HipLeft: -0.3268681, 0.09092931, 2.546919
KneeLeft: -0.2588503, -0.4142464, 2.476538
AnkleLeft: -0.2761815, -0.716737, 2.384159
FootLeft: -0.247131, -0.7711646, 2.268588
HipRight: -0.1807996, 0.1029537, 2.573721
KneeRight: -0.3204739, -0.2934586, 2.464509
AnkleRight: -0.2520045, -0.7034631, 2.381763
FootRight: -0.2639579, -0.7702308, 2.269239
=========
HipCenter: -0.2591646, 0.166438, 2.58956
Spine: -0.2725772, 0.2182777, 2.662946
ShoulderCenter: -0.2971314, 0.595575, 2.751173
Head: -0.2589842, 0.7741206, 2.761047
ShoulderLeft: -0.4235918, 0.4511853, 2.682265
ElbowLeft: -0.4682909, 0.2000432, 2.619652
WristLeft: -0.467004, 0.008470953, 2.499994
HandLeft: -0.4633412, -0.06233615, 2.457598
ShoulderRight: -0.1009498, 0.4821026, 2.743171
ElbowRight: 0.1371819, 0.3938151, 2.681479
WristRight: 0.3323064, 0.2968037, 2.63465
HandRight: 0.424614, 0.2560568, 2.63374
HipLeft: -0.3264718, 0.09089345, 2.546133
KneeLeft: -0.2589154, -0.4142294, 2.476517
AnkleLeft: -0.2762456, -0.7168803, 2.384131
FootLeft: -0.2471081, -0.7711791, 2.268591
HipRight: -0.180774, 0.1026694, 2.573738
KneeRight: -0.3203649, -0.2935748, 2.464422
AnkleRight: -0.2517119, -0.7039375, 2.38173
FootRight: -0.2639748, -0.7702393, 2.269273
=========
HipCenter: -0.2589831, 0.1660776, 2.589226
Spine: -0.2725174, 0.2179417, 2.662656
ShoulderCenter: -0.2966785, 0.5957612, 2.751112
Head: -0.2582408, 0.7746452, 2.761365
ShoulderLeft: -0.4228207, 0.4514046, 2.682007
ElbowLeft: -0.4681362, 0.1997517, 2.619257
WristLeft: -0.4670143, 0.008461595, 2.499861
HandLeft: -0.4633972, -0.05990704, 2.457584
ShoulderRight: -0.10099, 0.4815486, 2.743309
ElbowRight: 0.1361715, 0.3863275, 2.681026
WristRight: 0.3279622, 0.28802, 2.633025
HandRight: 0.3978455, 0.2466066, 2.618078
HipLeft: -0.3260024, 0.09086798, 2.545362
KneeLeft: -0.2589692, -0.4142159, 2.476496
AnkleLeft: -0.2763063, -0.7170195, 2.384097
FootLeft: -0.2470901, -0.7711896, 2.268591
HipRight: -0.1806903, 0.1023797, 2.573796
KneeRight: -0.3201891, -0.2937557, 2.46433
AnkleRight: -0.2513198, -0.7044995, 2.381707
FootRight: -0.2639887, -0.7702472, 2.269299
=========
HipCenter: -0.258736, 0.1657234, 2.588901
Spine: -0.2724109, 0.217602, 2.662379
ShoulderCenter: -0.2962241, 0.5959174, 2.751143
Head: -0.2575522, 0.7751696, 2.761784
ShoulderLeft: -0.421988, 0.4516392, 2.681753
ElbowLeft: -0.4680029, 0.1995303, 2.618926
WristLeft: -0.4666154, 0.00792765, 2.498622
HandLeft: -0.4633498, -0.05894579, 2.457394
ShoulderRight: -0.1010241, 0.4810376, 2.743484
ElbowRight: 0.1350549, 0.3785904, 2.680232
WristRight: 0.3229031, 0.275912, 2.63003
HandRight: 0.38764, 0.2406524, 2.609884
HipLeft: -0.3254323, 0.09086038, 2.544566
KneeLeft: -0.2590071, -0.4142097, 2.476482
AnkleLeft: -0.2763682, -0.717168, 2.384059
FootLeft: -0.2470784, -0.7711952, 2.2686
HipRight: -0.1805404, 0.1020815, 2.573883
KneeRight: -0.3199498, -0.2939941, 2.464238
AnkleRight: -0.2508483, -0.7051213, 2.381696
FootRight: -0.2640035, -0.7702574, 2.269333
=========
HipCenter: -0.2584797, 0.1654086, 2.588608
Spine: -0.2722953, 0.2172886, 2.662126
ShoulderCenter: -0.2957843, 0.596041, 2.75122
Head: -0.2568478, 0.7757033, 2.762306
ShoulderLeft: -0.4212869, 0.4518369, 2.681542
ElbowLeft: -0.4678867, 0.1993602, 2.618644
WristLeft: -0.4664343, 0.007892892, 2.497917
HandLeft: -0.463311, -0.05807792, 2.457258
ShoulderRight: -0.1010348, 0.4804808, 2.743747
ElbowRight: 0.1337633, 0.3689014, 2.679102
WristRight: 0.3167158, 0.2584842, 2.625025
HandRight: 0.3731696, 0.2231203, 2.600028
HipLeft: -0.3248938, 0.09085351, 2.543833
KneeLeft: -0.2590385, -0.4142084, 2.476469
AnkleLeft: -0.2764303, -0.7173248, 2.384017
FootLeft: -0.2470682, -0.771199, 2.268608
HipRight: -0.180345, 0.1017907, 2.573984
KneeRight: -0.3196305, -0.2942765, 2.464138
AnkleRight: -0.2502891, -0.7057699, 2.381682
FootRight: -0.2640165, -0.7702673, 2.269361
=========
HipCenter: -0.2582143, 0.1650926, 2.588339
Spine: -0.2721675, 0.2169737, 2.661896
ShoulderCenter: -0.2953001, 0.5961602, 2.751379
Head: -0.2563472, 0.7760943, 2.762748
ShoulderLeft: -0.4206627, 0.4519971, 2.681365
ElbowLeft: -0.4677362, 0.1991404, 2.618273
WristLeft: -0.4662669, 0.007826366, 2.497232
HandLeft: -0.463244, -0.05763512, 2.456804
ShoulderRight: -0.1010805, 0.4798684, 2.744047
ElbowRight: 0.132255, 0.3606299, 2.678068
WristRight: 0.3100841, 0.2423295, 2.619703
HandRight: 0.3728002, 0.1860113, 2.591354
HipLeft: -0.3244165, 0.09084168, 2.543213
KneeLeft: -0.259053, -0.4142311, 2.476457
AnkleLeft: -0.2765021, -0.7175498, 2.383958
FootLeft: -0.2470586, -0.7712018, 2.268616
HipRight: -0.180145, 0.1015038, 2.57409
KneeRight: -0.3192782, -0.2945954, 2.464042
AnkleRight: -0.2497127, -0.7064294, 2.381673
FootRight: -0.2640327, -0.7702782, 2.269394
=========
HipCenter: -0.2579504, 0.1647818, 2.588096
Spine: -0.2720341, 0.2166634, 2.66169
ShoulderCenter: -0.2948609, 0.5963086, 2.751673
Head: -0.2559704, 0.776366, 2.763077
ShoulderLeft: -0.4201384, 0.4521285, 2.681226
ElbowLeft: -0.4677089, 0.1991325, 2.618093
WristLeft: -0.465964, 0.007487154, 2.496409
HandLeft: -0.4631456, -0.05756577, 2.456252
ShoulderRight: -0.1011823, 0.4792748, 2.744319
ElbowRight: 0.129972, 0.3508339, 2.676145
WristRight: 0.299826, 0.2211536, 2.610343
HandRight: 0.3681063, 0.1636122, 2.590764
HipLeft: -0.3239827, 0.09081956, 2.542672
KneeLeft: -0.2590444, -0.4142773, 2.476449
AnkleLeft: -0.2765466, -0.717865, 2.383849
FootLeft: -0.2470517, -0.7712047, 2.268622
HipRight: -0.1799406, 0.1012146, 2.574203
KneeRight: -0.3187301, -0.2951249, 2.463934
AnkleRight: -0.2492407, -0.707032, 2.381679
FootRight: -0.2640406, -0.7702902, 2.269429
=========
HipCenter: -0.2576905, 0.1644735, 2.587872
Spine: -0.2718855, 0.2163539, 2.661501
ShoulderCenter: -0.294308, 0.5964686, 2.752037
Head: -0.2553523, 0.7768379, 2.763875
ShoulderLeft: -0.4197145, 0.4522364, 2.681124
ElbowLeft: -0.4676956, 0.1991669, 2.617939
WristLeft: -0.4656384, 0.007090837, 2.495645
HandLeft: -0.4631049, -0.05741481, 2.455567
ShoulderRight: -0.1013675, 0.4785987, 2.744543
ElbowRight: 0.1241993, 0.3361092, 2.671763
WristRight: 0.2798201, 0.1884933, 2.595858
HandRight: 0.3493608, 0.1246755, 2.586027
HipLeft: -0.3236167, 0.09077885, 2.542246
KneeLeft: -0.2590074, -0.414371, 2.476441
AnkleLeft: -0.276576, -0.7181684, 2.383738
FootLeft: -0.2470415, -0.7712089, 2.268625
HipRight: -0.1797572, 0.1009555, 2.57429
KneeRight: -0.3184265, -0.2954406, 2.463891
AnkleRight: -0.2488868, -0.7075657, 2.381671
FootRight: -0.2640473, -0.7702961, 2.26944
=========
HipCenter: -0.2557452, 0.1635331, 2.587319
Spine: -0.270342, 0.2154589, 2.660984
ShoulderCenter: -0.2930862, 0.5964729, 2.752216
Head: -0.2547878, 0.7772599, 2.764617
ShoulderLeft: -0.4193701, 0.4523204, 2.68105
ElbowLeft: -0.467764, 0.199524, 2.617832
WristLeft: -0.4652874, 0.006589637, 2.494875
HandLeft: -0.4630724, -0.0576037, 2.454903
ShoulderRight: -0.1015477, 0.4779932, 2.744746
ElbowRight: 0.1199809, 0.3269293, 2.668647
WristRight: 0.2701986, 0.170261, 2.590463
HandRight: 0.3414572, 0.09902547, 2.584159
HipLeft: -0.3212832, 0.09007221, 2.541538
KneeLeft: -0.2589572, -0.4144764, 2.476438
AnkleLeft: -0.2765808, -0.7184588, 2.383635
FootLeft: -0.2470318, -0.7712126, 2.268624
HipRight: -0.1781009, 0.1003267, 2.574354
KneeRight: -0.3181597, -0.2957416, 2.463878
AnkleRight: -0.2487269, -0.7083424, 2.381548
FootRight: -0.264053, -0.7703012, 2.269448
=========
HipCenter: -0.2543822, 0.1627511, 2.586873
Spine: -0.2692122, 0.2146942, 2.660583
ShoulderCenter: -0.2923497, 0.5965723, 2.752536
Head: -0.254191, 0.7777115, 2.765363
ShoulderLeft: -0.4190896, 0.4523952, 2.681002
ElbowLeft: -0.4677493, 0.1996496, 2.617608
WristLeft: -0.4650395, 0.0063315, 2.494404
HandLeft: -0.4631159, -0.05758731, 2.454444
ShoulderRight: -0.1018378, 0.4773369, 2.744843
ElbowRight: 0.1160523, 0.3208422, 2.66652
WristRight: 0.252959, 0.1540202, 2.587077
HandRight: 0.3313022, 0.08425561, 2.582411
HipLeft: -0.31969, 0.08955461, 2.541094
KneeLeft: -0.258892, -0.41459, 2.47644
AnkleLeft: -0.2765622, -0.7187301, 2.383538
FootLeft: -0.2470241, -0.7712136, 2.268625
HipRight: -0.1770887, 0.09986819, 2.574301
KneeRight: -0.3179262, -0.2960194, 2.463887
AnkleRight: -0.2486861, -0.7088442, 2.381443
FootRight: -0.2640566, -0.7703099, 2.269429
=========
HipCenter: -0.2528905, 0.1619402, 2.586499
Spine: -0.2680152, 0.2139396, 2.660265
ShoulderCenter: -0.2917066, 0.596673, 2.752872
Head: -0.2537431, 0.7780137, 2.765924
ShoulderLeft: -0.4188614, 0.4524583, 2.680976
ElbowLeft: -0.4677848, 0.1998982, 2.617447
WristLeft: -0.4647374, 0.005908318, 2.493827
HandLeft: -0.4630932, -0.05784399, 2.453907
ShoulderRight: -0.1021753, 0.4766245, 2.744877
ElbowRight: 0.1116701, 0.3157062, 2.664237
WristRight: 0.2431286, 0.1449071, 2.585436
HandRight: 0.3234101, 0.07440808, 2.580872
HipLeft: -0.3178775, 0.08893764, 2.540817
KneeLeft: -0.2588196, -0.4147211, 2.476451
AnkleLeft: -0.2765495, -0.7189153, 2.383476
FootLeft: -0.247016, -0.7712144, 2.268625
HipRight: -0.175857, 0.09941973, 2.574229
KneeRight: -0.3176612, -0.29632, 2.463937
AnkleRight: -0.2488022, -0.7094125, 2.381307
FootRight: -0.2640598, -0.7703181, 2.269407
=========
HipCenter: -0.2514248, 0.1611958, 2.586214
Spine: -0.2667616, 0.2132343, 2.660006
ShoulderCenter: -0.2908061, 0.596644, 2.753038
Head: -0.2533722, 0.7782207, 2.766357
ShoulderLeft: -0.4186644, 0.4525174, 2.680964
ElbowLeft: -0.4677683, 0.2000289, 2.617255
WristLeft: -0.4644334, 0.005404634, 2.493282
HandLeft: -0.463038, -0.05828531, 2.453389
ShoulderRight: -0.1024868, 0.4759741, 2.744903
ElbowRight: 0.09620772, 0.310642, 2.664228
WristRight: 0.2328563, 0.1336032, 2.582755
HandRight: 0.3169383, 0.06577129, 2.580372
HipLeft: -0.3161865, 0.08837519, 2.540655
KneeLeft: -0.2587789, -0.4147828, 2.476464
AnkleLeft: -0.2765262, -0.7190809, 2.383418
FootLeft: -0.2470033, -0.7712137, 2.268639
HipRight: -0.1745682, 0.09897871, 2.574221
KneeRight: -0.3174654, -0.2965517, 2.463998
AnkleRight: -0.2488247, -0.7098031, 2.381245
FootRight: -0.2640613, -0.7703233, 2.269401
=========
HipCenter: -0.2499354, 0.1605272, 2.586019
Spine: -0.2654913, 0.212598, 2.659813
ShoulderCenter: -0.2899857, 0.5965886, 2.753142
Head: -0.2530541, 0.7783872, 2.766719
ShoulderLeft: -0.4184916, 0.4525749, 2.680966
ElbowLeft: -0.4676904, 0.2000533, 2.616885
WristLeft: -0.4640962, 0.00480327, 2.492681
HandLeft: -0.4629436, -0.05896402, 2.452898
ShoulderRight: -0.102763, 0.4753855, 2.744927
ElbowRight: 0.08119261, 0.2986847, 2.660618
WristRight: 0.2188043, 0.1206933, 2.58004
HandRight: 0.2870776, 0.03998156, 2.579175
HipLeft: -0.3144644, 0.08785321, 2.540603
KneeLeft: -0.2587191, -0.4148571, 2.476491
AnkleLeft: -0.2765006, -0.7192227, 2.383368
FootLeft: -0.2469942, -0.7712135, 2.268655
HipRight: -0.1731037, 0.09855931, 2.574292
KneeRight: -0.3172925, -0.2967166, 2.464056
AnkleRight: -0.2487614, -0.7100312, 2.381207
FootRight: -0.2640656, -0.7703287, 2.269392
=========
HipCenter: -0.2483996, 0.1598302, 2.585858
Spine: -0.2640664, 0.2119236, 2.659674
ShoulderCenter: -0.288956, 0.5965558, 2.753371
Head: -0.2527792, 0.7785158, 2.767026
ShoulderLeft: -0.4183224, 0.4526337, 2.680987
ElbowLeft: -0.467606, 0.2000602, 2.616518
WristLeft: -0.4636577, 0.004104553, 2.491988
HandLeft: -0.4628105, -0.05964694, 2.452092
ShoulderRight: -0.1033016, 0.4747402, 2.744753
ElbowRight: 0.06735113, 0.2786955, 2.651827
WristRight: 0.193169, 0.08965844, 2.56883
HandRight: 0.2571582, 0.008754369, 2.572484
HipLeft: -0.3126831, 0.08734965, 2.540611
KneeLeft: -0.2586409, -0.4149357, 2.476524
AnkleLeft: -0.2764775, -0.7193508, 2.383332
FootLeft: -0.2469853, -0.7712134, 2.268678
HipRight: -0.1717892, 0.09819495, 2.574361
KneeRight: -0.3171308, -0.296857, 2.464101
AnkleRight: -0.2486285, -0.710219, 2.381162
FootRight: -0.2640768, -0.7703398, 2.269356
=========
HipCenter: -0.2473591, 0.1592484, 2.58568
Spine: -0.2629978, 0.2113541, 2.659538
ShoulderCenter: -0.288074, 0.5965272, 2.753568
Head: -0.2525334, 0.7786431, 2.767312
ShoulderLeft: -0.4181727, 0.452684, 2.681015
ElbowLeft: -0.467339, 0.1999015, 2.61588
WristLeft: -0.4632089, 0.003410819, 2.49133
HandLeft: -0.4625416, -0.06045391, 2.451504
ShoulderRight: -0.104107, 0.4740985, 2.74437
ElbowRight: 0.06019632, 0.268023, 2.647296
WristRight: 0.1830189, 0.0769323, 2.564313
HandRight: 0.2425298, -0.007803148, 2.567601
HipLeft: -0.3115211, 0.08696008, 2.5406
KneeLeft: -0.2585618, -0.4150175, 2.476556
AnkleLeft: -0.2764504, -0.7194758, 2.383304
FootLeft: -0.2469763, -0.7712133, 2.268703
HipRight: -0.1709988, 0.09793403, 2.574338
KneeRight: -0.317017, -0.2969544, 2.464129
AnkleRight: -0.2484166, -0.710372, 2.381117
FootRight: -0.2640925, -0.7703511, 2.26932
=========
HipCenter: -0.2466006, 0.1587998, 2.585526
Spine: -0.26217, 0.2109104, 2.659415
ShoulderCenter: -0.287008, 0.596298, 2.753481
Head: -0.2522999, 0.7787395, 2.76756
ShoulderLeft: -0.4180492, 0.452725, 2.681062
ElbowLeft: -0.4668134, 0.1993094, 2.614877
WristLeft: -0.4627099, 0.002761803, 2.490714
HandLeft: -0.462129, -0.06126519, 2.451
ShoulderRight: -0.1048668, 0.4736351, 2.744034
ElbowRight: 0.05494115, 0.2595215, 2.643979
WristRight: 0.174633, 0.06496864, 2.5589
HandRight: 0.232215, -0.0199336, 2.562608
HipLeft: -0.3107257, 0.08667959, 2.540589
KneeLeft: -0.2584676, -0.4151207, 2.476596
AnkleLeft: -0.2764212, -0.7196113, 2.383277
FootLeft: -0.2469673, -0.7712132, 2.26872
HipRight: -0.1704437, 0.0977357, 2.574302
KneeRight: -0.3169131, -0.2970378, 2.464153
AnkleRight: -0.2481409, -0.7104989, 2.381068
FootRight: -0.2641193, -0.7703689, 2.269251
=========
HipCenter: -0.2460538, 0.1584336, 2.585373
Spine: -0.2615238, 0.2105405, 2.659291
ShoulderCenter: -0.285815, 0.596011, 2.753328
Head: -0.2520898, 0.7788243, 2.767764
ShoulderLeft: -0.4179442, 0.4527661, 2.68112
ElbowLeft: -0.4661988, 0.1986727, 2.613819
WristLeft: -0.4621936, 0.002131958, 2.490156
HandLeft: -0.4616235, -0.06211464, 2.450626
ShoulderRight: -0.1056108, 0.4732477, 2.743689
ElbowRight: 0.05030781, 0.2530958, 2.641627
WristRight: 0.1675102, 0.05425823, 2.554637
HandRight: 0.2192649, -0.02912526, 2.55615
HipLeft: -0.3101844, 0.08646587, 2.540566
KneeLeft: -0.258371, -0.4152324, 2.476635
AnkleLeft: -0.27639, -0.7197499, 2.383252
FootLeft: -0.2469594, -0.7712141, 2.268733
HipRight: -0.1700714, 0.09758399, 2.574236
KneeRight: -0.3168227, -0.2971041, 2.464167
AnkleRight: -0.2478368, -0.7105936, 2.381012
FootRight: -0.2641441, -0.7703867, 2.269181
=========
HipCenter: -0.24564, 0.1581412, 2.585238
Spine: -0.2610076, 0.2102453, 2.659178
ShoulderCenter: -0.2845, 0.5957461, 2.75312
Head: -0.2519161, 0.778884, 2.767928
ShoulderLeft: -0.4178593, 0.4528016, 2.681191
ElbowLeft: -0.4654139, 0.1978265, 2.612646
WristLeft: -0.4617477, 0.001588681, 2.489734
HandLeft: -0.4611428, -0.06292601, 2.45045
ShoulderRight: -0.1063697, 0.4729366, 2.743378
ElbowRight: 0.04563223, 0.2467199, 2.639495
WristRight: 0.1607925, 0.04584233, 2.551773
HandRight: 0.2089148, -0.03628927, 2.551134
HipLeft: -0.3097885, 0.08630467, 2.540548
KneeLeft: -0.258272, -0.415356, 2.476677
AnkleLeft: -0.2763582, -0.7198939, 2.383227
FootLeft: -0.2469521, -0.7712149, 2.268744
HipRight: -0.1697959, 0.09746512, 2.574159
KneeRight: -0.3167397, -0.2971577, 2.464175
AnkleRight: -0.2474997, -0.7106606, 2.380945
FootRight: -0.264168, -0.7704039, 2.269111
=========
HipCenter: -0.2453722, 0.1579624, 2.585145
Spine: -0.2606718, 0.2100564, 2.6591
ShoulderCenter: -0.2835579, 0.5955807, 2.753044
Head: -0.2518069, 0.7789112, 2.768026
ShoulderLeft: -0.4177839, 0.4528306, 2.681269
ElbowLeft: -0.4646575, 0.1969922, 2.611594
WristLeft: -0.4613408, 0.001112772, 2.489382
HandLeft: -0.4606934, -0.06366276, 2.450378
ShoulderRight: -0.1070294, 0.4727601, 2.743221
ElbowRight: 0.04006488, 0.2417222, 2.638406
WristRight: 0.1525797, 0.03677382, 2.548301
HandRight: 0.1955438, -0.03977422, 2.546474
HipLeft: -0.3095238, 0.08621272, 2.54061
KneeLeft: -0.2581598, -0.4154893, 2.476725
AnkleLeft: -0.276335, -0.7200367, 2.383215
FootLeft: -0.246942, -0.7712179, 2.268773
HipRight: -0.1697805, 0.09762347, 2.573727
KneeRight: -0.3166657, -0.2972014, 2.464174
AnkleRight: -0.2471589, -0.7107067, 2.38087
FootRight: -0.2641826, -0.770422, 2.269036
=========
HipCenter: -0.2450763, 0.1577634, 2.585046
Spine: -0.2603082, 0.2098599, 2.659029
ShoulderCenter: -0.2828051, 0.5954767, 2.753033
Head: -0.2516684, 0.7789236, 2.768157
ShoulderLeft: -0.4177201, 0.4528499, 2.681376
ElbowLeft: -0.4642354, 0.1972433, 2.61132
WristLeft: -0.4609637, 0.0006917756, 2.489089
HandLeft: -0.4602674, -0.06433814, 2.450356
ShoulderRight: -0.1075943, 0.4725918, 2.743106
ElbowRight: 0.0273247, 0.2344368, 2.639436
WristRight: 0.1334656, 0.02596701, 2.545523
HandRight: 0.1560933, -0.04619914, 2.531235
HipLeft: -0.3092207, 0.08609024, 2.540629
KneeLeft: -0.2580445, -0.4156269, 2.476774
AnkleLeft: -0.2763067, -0.7201768, 2.383201
FootLeft: -0.2469366, -0.7712234, 2.268792
HipRight: -0.1695495, 0.0975918, 2.573563
KneeRight: -0.316585, -0.2972416, 2.464165
AnkleRight: -0.2467657, -0.7107383, 2.380785
FootRight: -0.26419, -0.7704388, 2.26897
=========
HipCenter: -0.2448534, 0.1576007, 2.584953
Spine: -0.2600246, 0.2096989, 2.658966
ShoulderCenter: -0.2822922, 0.5954539, 2.753087
Head: -0.2515404, 0.7789253, 2.768273
ShoulderLeft: -0.4176534, 0.4528722, 2.681506
ElbowLeft: -0.4638725, 0.1970751, 2.611014
WristLeft: -0.4606273, 0.0003257455, 2.488876
HandLeft: -0.4600116, -0.06473936, 2.450286
ShoulderRight: -0.1081022, 0.4724615, 2.743018
ElbowRight: 0.01792516, 0.229639, 2.640532
WristRight: 0.1078169, 0.02301039, 2.542165
HandRight: 0.13129, -0.04298322, 2.522211
HipLeft: -0.3089916, 0.08599458, 2.540641
KneeLeft: -0.2579242, -0.4157532, 2.476819
AnkleLeft: -0.2762757, -0.7202997, 2.383189
FootLeft: -0.2469307, -0.7712295, 2.268808
HipRight: -0.1693837, 0.09757656, 2.573404
KneeRight: -0.3164876, -0.2972804, 2.464142
AnkleRight: -0.2463138, -0.7107575, 2.380677
FootRight: -0.2641945, -0.7704533, 2.268917
=========
HipCenter: -0.2446962, 0.157484, 2.584872
Spine: -0.2598172, 0.2095795, 2.658913
ShoulderCenter: -0.2818874, 0.5954541, 2.753163
Head: -0.2514262, 0.7789178, 2.768375
ShoulderLeft: -0.4175757, 0.4529033, 2.681658
ElbowLeft: -0.4636922, 0.1974188, 2.611105
WristLeft: -0.4603037, -1.231481E-05, 2.488703
HandLeft: -0.4597378, -0.06510916, 2.450277
ShoulderRight: -0.1085714, 0.4723823, 2.742996
ElbowRight: 0.008069627, 0.2249772, 2.641018
WristRight: 0.09335706, 0.02099753, 2.539624
HandRight: 0.1186147, -0.04239132, 2.51779
HipLeft: -0.3088238, 0.08592907, 2.540665
KneeLeft: -0.2578023, -0.4158751, 2.476863
AnkleLeft: -0.2762372, -0.7204175, 2.383181
FootLeft: -0.246924, -0.7712358, 2.268824
HipRight: -0.1693497, 0.09773566, 2.573043
KneeRight: -0.3163632, -0.2973218, 2.464105
AnkleRight: -0.2457951, -0.7107703, 2.380554
FootRight: -0.2641983, -0.770463, 2.268883
=========
HipCenter: -0.2443103, 0.1573716, 2.584745
Spine: -0.2593778, 0.2094478, 2.658831
ShoulderCenter: -0.2814876, 0.5954613, 2.75326
Head: -0.2510563, 0.7788507, 2.768495
ShoulderLeft: -0.4174649, 0.4529422, 2.681863
ElbowLeft: -0.4633965, 0.1973734, 2.61094
WristLeft: -0.4598988, -0.0003951167, 2.488485
HandLeft: -0.4592983, -0.06549945, 2.450223
ShoulderRight: -0.1089685, 0.4723123, 2.743014
ElbowRight: 0.001605337, 0.2220236, 2.642324
WristRight: 0.07746776, 0.01850199, 2.537278
HandRight: 0.09922237, -0.04744887, 2.513086
HipLeft: -0.308264, 0.08590463, 2.540611
KneeLeft: -0.2576737, -0.4160001, 2.476907
AnkleLeft: -0.2762051, -0.7205305, 2.383175
FootLeft: -0.2469168, -0.7712415, 2.268838
HipRight: -0.1690358, 0.09786838, 2.572813
KneeRight: -0.316231, -0.2973607, 2.464056
AnkleRight: -0.245279, -0.7107744, 2.380422
FootRight: -0.2642072, -0.7704744, 2.268838
=========
HipCenter: -0.2434001, 0.1572316, 2.584585
Spine: -0.2585634, 0.209276, 2.658741
ShoulderCenter: -0.2810691, 0.5954667, 2.7534
Head: -0.2502427, 0.7787306, 2.768832
ShoulderLeft: -0.416943, 0.4529801, 2.682164
ElbowLeft: -0.4628913, 0.1972004, 2.610591
WristLeft: -0.45952, -0.0006865342, 2.48834
HandLeft: -0.4588642, -0.06569079, 2.45007
ShoulderRight: -0.1092892, 0.4722527, 2.743134
ElbowRight: -0.01011604, 0.2188252, 2.646595
WristRight: 0.05641719, 0.01574706, 2.534512
HandRight: 0.07584047, -0.05370737, 2.507545
HipLeft: -0.3066489, 0.08598057, 2.540461
KneeLeft: -0.2575535, -0.4161111, 2.476948
AnkleLeft: -0.2761684, -0.7206326, 2.383173
FootLeft: -0.2469068, -0.7712477, 2.268852
HipRight: -0.1683752, 0.09803224, 2.572648
KneeRight: -0.3160626, -0.2974144, 2.463997
AnkleRight: -0.2447114, -0.710794, 2.380291
FootRight: -0.2642181, -0.7704849, 2.268797
=========
HipCenter: -0.2423296, 0.1571237, 2.584443
Spine: -0.2575907, 0.2091127, 2.658665
ShoulderCenter: -0.2805067, 0.5954342, 2.753609
Head: -0.2494174, 0.7785906, 2.769178
ShoulderLeft: -0.4164236, 0.4530143, 2.682453
ElbowLeft: -0.4621221, 0.196623, 2.609892
WristLeft: -0.4591435, -0.001009375, 2.488182
HandLeft: -0.4585735, -0.06582234, 2.449828
ShoulderRight: -0.1095472, 0.4721847, 2.743294
ElbowRight: -0.01876264, 0.2157616, 2.649351
WristRight: 0.04318887, 0.0135289, 2.533479
HandRight: 0.06242191, -0.05892745, 2.50443
HipLeft: -0.3049971, 0.0860846, 2.54028
KneeLeft: -0.2574376, -0.4162126, 2.476988
AnkleLeft: -0.2761313, -0.7207234, 2.383168
FootLeft: -0.2468968, -0.7712533, 2.268867
HipRight: -0.1675159, 0.09818906, 2.572559
KneeRight: -0.3157718, -0.297522, 2.46391
AnkleRight: -0.243965, -0.7108703, 2.380144
FootRight: -0.2641813, -0.7705027, 2.268626
=========
HipCenter: -0.2413981, 0.1570424, 2.584318
Spine: -0.2567294, 0.2089787, 2.658602
ShoulderCenter: -0.2797863, 0.5953872, 2.753842
Head: -0.2484884, 0.7784512, 2.769526
ShoulderLeft: -0.4159158, 0.4530761, 2.682732
ElbowLeft: -0.4615166, 0.1962164, 2.609346
WristLeft: -0.45866, -0.001482514, 2.487985
HandLeft: -0.4581327, -0.06604104, 2.449528
ShoulderRight: -0.1097586, 0.4721048, 2.743459
ElbowRight: -0.02692709, 0.2114403, 2.650366
WristRight: 0.01569276, -0.001022087, 2.529072
HandRight: 0.03945376, -0.07791559, 2.501496
HipLeft: -0.3037299, 0.0861992, 2.540004
KneeLeft: -0.2573298, -0.4163047, 2.477025
AnkleLeft: -0.2760632, -0.7208158, 2.38315
FootLeft: -0.2468684, -0.7712643, 2.268862
HipRight: -0.166823, 0.09828412, 2.572538
KneeRight: -0.3154419, -0.2976315, 2.463821
AnkleRight: -0.2431926, -0.7109413, 2.38001
FootRight: -0.264164, -0.7705187, 2.268496
=========
HipCenter: -0.2404411, 0.1570971, 2.584286
Spine: -0.2560023, 0.2089302, 2.658616
ShoulderCenter: -0.2791293, 0.5954847, 2.754642
Head: -0.2473472, 0.7783863, 2.769969
ShoulderLeft: -0.4154171, 0.4532031, 2.683023
ElbowLeft: -0.4606305, 0.1953658, 2.608393
WristLeft: -0.4582395, -0.001985161, 2.487722
HandLeft: -0.4577702, -0.06627057, 2.449165
ShoulderRight: -0.1093444, 0.4718803, 2.744675
ElbowRight: -0.03328997, 0.2078512, 2.65104
WristRight: 0.002504466, -0.007950991, 2.527946
HandRight: 0.02855691, -0.08646573, 2.500386
HipLeft: -0.3025611, 0.08641402, 2.53975
KneeLeft: -0.2572292, -0.4163781, 2.477055
AnkleLeft: -0.2760004, -0.7208899, 2.383136
FootLeft: -0.2468838, -0.7712584, 2.268914
HipRight: -0.1659527, 0.09840839, 2.572629
KneeRight: -0.315116, -0.2977447, 2.463731
AnkleRight: -0.2424768, -0.7110158, 2.379886
FootRight: -0.2641411, -0.7705266, 2.268398
=========
HipCenter: -0.2392688, 0.1573712, 2.584392
Spine: -0.2553331, 0.2089907, 2.658689
ShoulderCenter: -0.2785739, 0.5955899, 2.755411
Head: -0.245915, 0.7781448, 2.770475
ShoulderLeft: -0.4148401, 0.4534137, 2.683354
ElbowLeft: -0.460047, 0.1949429, 2.607747
WristLeft: -0.4578804, -0.00225858, 2.487582
HandLeft: -0.457477, -0.0663096, 2.448878
ShoulderRight: -0.1072249, 0.4716188, 2.748573
ElbowRight: -0.03930558, 0.2038017, 2.651004
WristRight: -0.009801242, -0.009382231, 2.530629
HandRight: 0.01914036, -0.09120571, 2.499783
HipLeft: -0.3012763, 0.08680432, 2.539568
KneeLeft: -0.2571355, -0.4164366, 2.47708
AnkleLeft: -0.2759422, -0.7209494, 2.383124
FootLeft: -0.2468953, -0.7712549, 2.268947
HipRight: -0.1646773, 0.0986459, 2.572918
KneeRight: -0.3148165, -0.2978507, 2.463643
AnkleRight: -0.241843, -0.7110826, 2.379775
FootRight: -0.2641154, -0.7705314, 2.268302
=========
HipCenter: -0.2380134, 0.1576782, 2.584623
Spine: -0.2546222, 0.2090914, 2.658861
ShoulderCenter: -0.2780683, 0.5957716, 2.756343
Head: -0.2446827, 0.7779001, 2.770872
ShoulderLeft: -0.4142777, 0.4536743, 2.683658
ElbowLeft: -0.4597291, 0.1947547, 2.607354
WristLeft: -0.4575969, -0.002360858, 2.487469
HandLeft: -0.4570712, -0.0656778, 2.448827
ShoulderRight: -0.105292, 0.4713422, 2.751889
ElbowRight: -0.04455086, 0.1993796, 2.650117
WristRight: -0.01841209, -0.0112127, 2.5317
HandRight: 0.01130097, -0.09395689, 2.500477
HipLeft: -0.3000094, 0.08715719, 2.539479
KneeLeft: -0.2570505, -0.4164843, 2.477101
AnkleLeft: -0.2758925, -0.7209977, 2.383114
FootLeft: -0.2469074, -0.7712525, 2.268976
HipRight: -0.1631069, 0.09886106, 2.573406
KneeRight: -0.3145342, -0.297948, 2.463561
AnkleRight: -0.2412745, -0.7111401, 2.379677
FootRight: -0.2640963, -0.7705378, 2.268235
=========
HipCenter: -0.2362132, 0.158345, 2.58535
Spine: -0.2537129, 0.2094116, 2.659322
ShoulderCenter: -0.277635, 0.5959684, 2.757239
Head: -0.2433336, 0.7775442, 2.771218
ShoulderLeft: -0.4137183, 0.4540021, 2.683889
ElbowLeft: -0.4595182, 0.1959153, 2.607403
WristLeft: -0.4569215, -0.002376496, 2.487128
HandLeft: -0.4565019, -0.06557143, 2.448683
ShoulderRight: -0.1024895, 0.4715624, 2.756992
ElbowRight: -0.04837659, 0.1967675, 2.649772
WristRight: -0.0338485, -0.02334168, 2.533021
HandRight: -0.01634274, -0.1159543, 2.517024
HipLeft: -0.2985657, 0.08763051, 2.539459
KneeLeft: -0.2569708, -0.4165303, 2.477118
AnkleLeft: -0.2758352, -0.7210467, 2.3831
FootLeft: -0.2469219, -0.7712513, 2.269001
HipRight: -0.1602181, 0.09904349, 2.575263
KneeRight: -0.3141005, -0.2981108, 2.46344
AnkleRight: -0.2407596, -0.7112013, 2.379594
FootRight: -0.2640781, -0.770542, 2.268175
=========
HipCenter: -0.2340404, 0.1590231, 2.58645
Spine: -0.2526143, 0.2097996, 2.660048
ShoulderCenter: -0.2773016, 0.5961861, 2.758117
Head: -0.2418755, 0.7771811, 2.771656
ShoulderLeft: -0.4132159, 0.4543498, 2.684075
ElbowLeft: -0.4593532, 0.1972899, 2.607552
WristLeft: -0.4560442, -0.001855809, 2.486641
HandLeft: -0.4555869, -0.06552314, 2.448215
ShoulderRight: -0.09999167, 0.4713187, 2.761143
ElbowRight: -0.05130891, 0.1956672, 2.649905
WristRight: -0.04354769, -0.03035083, 2.533967
HandRight: -0.02844576, -0.1239528, 2.523358
HipLeft: -0.2968226, 0.08806365, 2.539336
KneeLeft: -0.256902, -0.4165674, 2.477132
AnkleLeft: -0.2757847, -0.7210879, 2.383089
FootLeft: -0.2469365, -0.7712508, 2.269025
HipRight: -0.1549483, 0.09795558, 2.579666
KneeRight: -0.3139426, -0.2982311, 2.463359
AnkleRight: -0.2404668, -0.7112789, 2.37952
FootRight: -0.2640618, -0.7705457, 2.268124
=========
HipCenter: -0.2313983, 0.1598615, 2.58805
Spine: -0.2512186, 0.2103517, 2.66115
ShoulderCenter: -0.2770357, 0.5963864, 2.758897
Head: -0.2404864, 0.7769179, 2.772094
ShoulderLeft: -0.4127671, 0.4546776, 2.684211
ElbowLeft: -0.4576178, 0.1961929, 2.605916
WristLeft: -0.4549733, -0.00245838, 2.485199
HandLeft: -0.4541723, -0.06482188, 2.447459
ShoulderRight: -0.09724983, 0.4710012, 2.765261
ElbowRight: -0.05338369, 0.1952746, 2.650333
WristRight: -0.05129018, -0.03327074, 2.534804
HandRight: -0.03750486, -0.1281713, 2.527773
HipLeft: -0.2949665, 0.088425, 2.539173
KneeLeft: -0.2568397, -0.4165997, 2.477143
AnkleLeft: -0.2757338, -0.7211257, 2.38308
FootLeft: -0.246958, -0.7712503, 2.269055
HipRight: -0.1491244, 0.0968516, 2.584941
KneeRight: -0.3137937, -0.2984132, 2.463249
AnkleRight: -0.2402299, -0.7113537, 2.379457
FootRight: -0.2640491, -0.7705489, 2.268081
=========
HipCenter: -0.2288891, 0.1607358, 2.589667
Spine: -0.249765, 0.2109938, 2.662343
ShoulderCenter: -0.2768012, 0.5965647, 2.759553
Head: -0.2392332, 0.7766954, 2.772373
ShoulderLeft: -0.4123607, 0.4550044, 2.684313
ElbowLeft: -0.4558209, 0.1949004, 2.604152
WristLeft: -0.4538956, -0.003118579, 2.483358
HandLeft: -0.4523389, -0.06521674, 2.445238
ShoulderRight: -0.09484864, 0.4711358, 2.768944
ElbowRight: -0.05543328, 0.1963004, 2.651423
WristRight: -0.05836956, -0.03333273, 2.535102
HandRight: -0.04840911, -0.1240882, 2.529194
HipLeft: -0.2930681, 0.0887735, 2.538993
KneeLeft: -0.2567808, -0.4166281, 2.477153
AnkleLeft: -0.2756855, -0.7211598, 2.383073
FootLeft: -0.2469783, -0.7712505, 2.269083
HipRight: -0.1449944, 0.09613309, 2.588824
KneeRight: -0.3136927, -0.2985234, 2.463178
AnkleRight: -0.2400393, -0.7114201, 2.379402
FootRight: -0.2640427, -0.7705525, 2.268048
=========
HipCenter: -0.2269162, 0.1614272, 2.590953
Spine: -0.2485173, 0.2115628, 2.663362
ShoulderCenter: -0.2764803, 0.5966514, 2.759989
Head: -0.2379399, 0.7765117, 2.772626
ShoulderLeft: -0.4119272, 0.4553493, 2.68436
ElbowLeft: -0.4538963, 0.1936277, 2.602062
WristLeft: -0.4522778, -0.003649739, 2.480462
HandLeft: -0.4500204, -0.06543378, 2.441796
ShoulderRight: -0.09296877, 0.4710366, 2.771618
ElbowRight: -0.05702719, 0.1976715, 2.652495
WristRight: -0.06311218, -0.03268672, 2.535238
HandRight: -0.05387307, -0.1226375, 2.530065
HipLeft: -0.2914132, 0.08906974, 2.538874
KneeLeft: -0.2567253, -0.4166544, 2.477162
AnkleLeft: -0.2756441, -0.7211894, 2.383064
FootLeft: -0.2469916, -0.7712536, 2.269098
HipRight: -0.1423182, 0.09566978, 2.591361
KneeRight: -0.313598, -0.2986239, 2.463122
AnkleRight: -0.2398606, -0.7114865, 2.379359
FootRight: -0.2640378, -0.7705554, 2.268022
=========
HipCenter: -0.2253038, 0.1619436, 2.592006
Spine: -0.2473354, 0.2120379, 2.664284
ShoulderCenter: -0.2760856, 0.5967053, 2.760358
Head: -0.2367702, 0.7763457, 2.772799
ShoulderLeft: -0.4115145, 0.4556841, 2.684376
ElbowLeft: -0.4521918, 0.1924971, 2.600146
WristLeft: -0.4507686, -0.004118662, 2.477755
HandLeft: -0.4475428, -0.06564932, 2.438571
ShoulderRight: -0.09188029, 0.4709581, 2.77316
ElbowRight: -0.05818793, 0.1989324, 2.653328
WristRight: -0.0663139, -0.03153351, 2.535298
HandRight: -0.05747256, -0.1205825, 2.530319
HipLeft: -0.2898132, 0.08928314, 2.53881
KneeLeft: -0.256678, -0.416675, 2.477169
AnkleLeft: -0.2756086, -0.7212137, 2.383059
FootLeft: -0.2470085, -0.7712572, 2.269116
HipRight: -0.1405275, 0.09536263, 2.59308
KneeRight: -0.3134877, -0.2987433, 2.463067
AnkleRight: -0.2397025, -0.7115419, 2.379328
FootRight: -0.2640271, -0.7705591, 2.267992
=========
HipCenter: -0.2239721, 0.1623581, 2.592871
Spine: -0.2462938, 0.2124368, 2.665076
ShoulderCenter: -0.2756782, 0.5967221, 2.76066
Head: -0.2350319, 0.7761691, 2.77294
ShoulderLeft: -0.4111499, 0.4559924, 2.684369
ElbowLeft: -0.4509041, 0.1919205, 2.598606
WristLeft: -0.4495435, -0.004197059, 2.475622
HandLeft: -0.4454279, -0.06540369, 2.435904
ShoulderRight: -0.09101708, 0.4708425, 2.774325
ElbowRight: -0.05898803, 0.1998783, 2.653973
WristRight: -0.06833163, -0.0300044, 2.535267
HandRight: -0.06047829, -0.1087946, 2.527673
HipLeft: -0.2884505, 0.08944525, 2.538694
KneeLeft: -0.2566389, -0.416692, 2.477175
AnkleLeft: -0.2755804, -0.7212338, 2.383054
FootLeft: -0.2470209, -0.771261, 2.26913
HipRight: -0.1391167, 0.09508354, 2.594437
KneeRight: -0.3134151, -0.2988268, 2.463029
AnkleRight: -0.2395675, -0.7115973, 2.379303
FootRight: -0.2640197, -0.7705622, 2.267962
=========
HipCenter: -0.2228944, 0.1626456, 2.59356
Spine: -0.2454895, 0.2127234, 2.665693
ShoulderCenter: -0.2753114, 0.596723, 2.7609
Head: -0.2335347, 0.7759869, 2.773067
ShoulderLeft: -0.4105314, 0.4563961, 2.684214
ElbowLeft: -0.4504344, 0.1929112, 2.597472
WristLeft: -0.4484028, -0.002973409, 2.473972
HandLeft: -0.4439385, -0.06429633, 2.434296
ShoulderRight: -0.09028004, 0.4706721, 2.775316
ElbowRight: -0.05960732, 0.2008529, 2.654609
WristRight: -0.06948895, -0.02830841, 2.535185
HandRight: -0.0623154, -0.1040508, 2.526672
HipLeft: -0.2870664, 0.08950816, 2.538426
KneeLeft: -0.2566008, -0.4167083, 2.477181
AnkleLeft: -0.2755539, -0.7212528, 2.383052
FootLeft: -0.2470262, -0.7712634, 2.269135
HipRight: -0.1380501, 0.09478497, 2.595528
KneeRight: -0.3133529, -0.2989316, 2.462992
AnkleRight: -0.2394491, -0.7116725, 2.37928
FootRight: -0.2640162, -0.7705669, 2.267929
=========
HipCenter: -0.2219369, 0.1629179, 2.594131
Spine: -0.2447078, 0.21301, 2.66623
ShoulderCenter: -0.2748208, 0.5967197, 2.761106
Head: -0.2320716, 0.7759408, 2.773184
ShoulderLeft: -0.4099688, 0.4567589, 2.684052
ElbowLeft: -0.4501917, 0.1944131, 2.596527
WristLeft: -0.4472449, -0.002120039, 2.472296
HandLeft: -0.4427739, -0.06372654, 2.433118
ShoulderRight: -0.08968423, 0.4705002, 2.776076
ElbowRight: -0.0600544, 0.201668, 2.655121
WristRight: -0.07003235, -0.02666091, 2.534984
HandRight: -0.06342142, -0.1003163, 2.52566
HipLeft: -0.2858973, 0.08956391, 2.538209
KneeLeft: -0.2565655, -0.4167232, 2.477187
AnkleLeft: -0.275529, -0.7212701, 2.383048
FootLeft: -0.2470264, -0.7712674, 2.269142
HipRight: -0.1372367, 0.09463556, 2.596283
KneeRight: -0.3132999, -0.299032, 2.462959
AnkleRight: -0.2393456, -0.7117461, 2.379259
FootRight: -0.2640144, -0.7705696, 2.267916
=========
HipCenter: -0.2211374, 0.1630533, 2.594532
Spine: -0.2439773, 0.21318, 2.666619
ShoulderCenter: -0.2740338, 0.5966139, 2.761086
Head: -0.2309196, 0.7759054, 2.773278
ShoulderLeft: -0.4094726, 0.4570704, 2.683875
ElbowLeft: -0.4492804, 0.1946221, 2.594542
WristLeft: -0.4461981, -0.00179438, 2.470349
HandLeft: -0.4417594, -0.06360251, 2.431982
ShoulderRight: -0.08931828, 0.4702576, 2.776508
ElbowRight: -0.06033711, 0.2015696, 2.655034
WristRight: -0.07018163, -0.02509174, 2.534728
HandRight: -0.06406452, -0.09733816, 2.524709
HipLeft: -0.2847415, 0.08944114, 2.537789
KneeLeft: -0.2565336, -0.4167364, 2.477192
AnkleLeft: -0.2755086, -0.7212847, 2.383046
FootLeft: -0.2470279, -0.7712707, 2.269147
HipRight: -0.1366349, 0.09447715, 2.596844
KneeRight: -0.3132541, -0.2991292, 2.462928
AnkleRight: -0.2392541, -0.7118186, 2.379241
FootRight: -0.2640142, -0.7705725, 2.267909
=========
HipCenter: -0.2203375, 0.1631404, 2.5949
Spine: -0.2432849, 0.2133003, 2.666953
ShoulderCenter: -0.2732478, 0.5964257, 2.760983
Head: -0.2299381, 0.7758675, 2.773342
ShoulderLeft: -0.4090228, 0.4573419, 2.683663
ElbowLeft: -0.448475, 0.1947256, 2.592726
WristLeft: -0.4453003, -0.001351879, 2.468007
HandLeft: -0.4409511, -0.06295789, 2.431131
ShoulderRight: -0.08892981, 0.4699191, 2.776903
ElbowRight: -0.06051186, 0.2014394, 2.654915
WristRight: -0.07014478, -0.02372858, 2.534441
HandRight: -0.06442452, -0.09501909, 2.52386
HipLeft: -0.2836492, 0.08927411, 2.537386
KneeLeft: -0.2565061, -0.4167491, 2.477196
AnkleLeft: -0.27549, -0.7212992, 2.383044
FootLeft: -0.2470257, -0.7712766, 2.269151
HipRight: -0.1360505, 0.09428917, 2.597352
KneeRight: -0.313212, -0.29922, 2.462904
AnkleRight: -0.2391696, -0.7118879, 2.379227
FootRight: -0.2640144, -0.7705752, 2.267905
=========
HipCenter: -0.219695, 0.1631987, 2.595182
Spine: -0.2427607, 0.2133864, 2.6672
ShoulderCenter: -0.2725652, 0.5962678, 2.760916
Head: -0.2291274, 0.7758557, 2.773394
ShoulderLeft: -0.4084918, 0.4576416, 2.683393
ElbowLeft: -0.4482477, 0.1953397, 2.591583
WristLeft: -0.4443458, -0.000240125, 2.466228
HandLeft: -0.4403106, -0.06257782, 2.430484
ShoulderRight: -0.08850783, 0.4695316, 2.777363
ElbowRight: -0.06069999, 0.201461, 2.654887
WristRight: -0.06991577, -0.02237712, 2.534191
HandRight: -0.06069364, -0.09181792, 2.526579
HipLeft: -0.2827733, 0.08914609, 2.537068
KneeLeft: -0.2564812, -0.4167607, 2.4772
AnkleLeft: -0.2754765, -0.7213117, 2.383043
FootLeft: -0.2470225, -0.7712829, 2.269155
HipRight: -0.1356576, 0.09417729, 2.597688
KneeRight: -0.3131749, -0.2993062, 2.462883
AnkleRight: -0.2390938, -0.7119541, 2.379216
FootRight: -0.2640152, -0.7705777, 2.267903
=========
HipCenter: -0.2192078, 0.163253, 2.595399
Spine: -0.2423852, 0.2134529, 2.667387
ShoulderCenter: -0.2723144, 0.5962225, 2.760958
Head: -0.2285203, 0.7758555, 2.773425
ShoulderLeft: -0.4080026, 0.4579062, 2.6831
ElbowLeft: -0.4480632, 0.1958023, 2.590528
WristLeft: -0.4436399, 0.000638492, 2.464704
HandLeft: -0.4398207, -0.06230772, 2.429988
ShoulderRight: -0.08816788, 0.4692141, 2.777745
ElbowRight: -0.06084072, 0.2015006, 2.65489
WristRight: -0.06961369, -0.02126591, 2.533964
HandRight: -0.05868994, -0.09048193, 2.528033
HipLeft: -0.2821107, 0.08910171, 2.536882
KneeLeft: -0.2564573, -0.4167717, 2.477203
AnkleLeft: -0.2754637, -0.7213238, 2.383044
FootLeft: -0.2470118, -0.7712948, 2.269141
HipRight: -0.1353925, 0.09411845, 2.597915
KneeRight: -0.3131434, -0.2993793, 2.462865
AnkleRight: -0.2390284, -0.7120132, 2.37922
FootRight: -0.2640188, -0.7705803, 2.267905
=========
HipCenter: -0.2188249, 0.1632844, 2.59556
Spine: -0.2420913, 0.2134997, 2.667529
ShoulderCenter: -0.2721232, 0.5961897, 2.760982
Head: -0.2280291, 0.7758685, 2.77345
ShoulderLeft: -0.407536, 0.4581429, 2.682799
ElbowLeft: -0.4479229, 0.196124, 2.589609
WristLeft: -0.4430236, 0.001226966, 2.463497
HandLeft: -0.4394433, -0.06209961, 2.429623
ShoulderRight: -0.08789491, 0.4689324, 2.778037
ElbowRight: -0.06095298, 0.2015338, 2.654872
WristRight: -0.0692644, -0.02021516, 2.533733
HandRight: -0.0567869, -0.08963112, 2.52941
HipLeft: -0.2815717, 0.08904464, 2.536659
KneeLeft: -0.2564393, -0.4167821, 2.477204
AnkleLeft: -0.2754521, -0.7213376, 2.383046
FootLeft: -0.246997, -0.7713088, 2.26912
HipRight: -0.1351975, 0.09406541, 2.598086
KneeRight: -0.3141247, -0.2995319, 2.462191
AnkleRight: -0.239658, -0.7121242, 2.379006
FootRight: -0.2640239, -0.7705821, 2.267912
=========
HipCenter: -0.2184798, 0.1632921, 2.595687
Spine: -0.241807, 0.21353, 2.667646
ShoulderCenter: -0.2719415, 0.5961782, 2.761006
Head: -0.2275361, 0.7758822, 2.773542
ShoulderLeft: -0.4071084, 0.4583485, 2.682502
ElbowLeft: -0.4477277, 0.1962504, 2.588617
WristLeft: -0.4425365, 0.001517088, 2.462401
HandLeft: -0.4391434, -0.06194028, 2.429355
ShoulderRight: -0.08774684, 0.4687896, 2.778204
ElbowRight: -0.06106083, 0.2015639, 2.654859
WristRight: -0.06890927, -0.01919098, 2.533523
HandRight: -0.05505152, -0.08911911, 2.530686
HipLeft: -0.2810319, 0.0889516, 2.536385
KneeLeft: -0.2564181, -0.4167988, 2.477206
AnkleLeft: -0.2754456, -0.7213498, 2.383048
FootLeft: -0.2469644, -0.7713265, 2.269075
HipRight: -0.1350492, 0.09401849, 2.598218
KneeRight: -0.3145812, -0.2996697, 2.461838
AnkleRight: -0.2412605, -0.7125253, 2.37859
FootRight: -0.2640289, -0.7705833, 2.267916
=========
HipCenter: -0.2182186, 0.1632841, 2.595762
Spine: -0.2416092, 0.2135458, 2.667719
ShoulderCenter: -0.2718195, 0.5961722, 2.761022
Head: -0.2271553, 0.7758477, 2.77358
ShoulderLeft: -0.406292, 0.4584689, 2.681955
ElbowLeft: -0.4475407, 0.1963206, 2.58775
WristLeft: -0.4420795, 0.001722276, 2.461435
HandLeft: -0.4388809, -0.06192492, 2.429105
ShoulderRight: -0.08763921, 0.4686711, 2.778321
ElbowRight: -0.06114351, 0.2015977, 2.654856
WristRight: -0.06858882, -0.01834311, 2.533292
HandRight: -0.05321914, -0.08750161, 2.529549
HipLeft: -0.2805959, 0.08888619, 2.536153
KneeLeft: -0.2563973, -0.4168168, 2.477207
AnkleLeft: -0.27544, -0.7213684, 2.383051
FootLeft: -0.2469277, -0.7713467, 2.269025
HipRight: -0.1349672, 0.09396663, 2.598276
KneeRight: -0.3168782, -0.3003739, 2.460352
AnkleRight: -0.2525439, -0.7147034, 2.3745
FootRight: -0.2640386, -0.770586, 2.267922
=========
HipCenter: -0.217991, 0.1632402, 2.595802
Spine: -0.241432, 0.2135341, 2.667763
ShoulderCenter: -0.2717033, 0.5961595, 2.761016
Head: -0.2268154, 0.7757944, 2.773609
ShoulderLeft: -0.4055657, 0.4585536, 2.681456
ElbowLeft: -0.4473496, 0.1963005, 2.586897
WristLeft: -0.441705, 0.001791765, 2.460601
HandLeft: -0.4386599, -0.06200055, 2.428885
ShoulderRight: -0.08746332, 0.4680343, 2.778146
ElbowRight: -0.06121611, 0.2016328, 2.654843
WristRight: -0.06829379, -0.01764299, 2.533082
HandRight: -0.05211719, -0.08651356, 2.528828
HipLeft: -0.2802097, 0.08872992, 2.535786
KneeLeft: -0.2563726, -0.4168405, 2.477208
AnkleLeft: -0.2754354, -0.7213915, 2.383054
FootLeft: -0.2468919, -0.7713665, 2.268975
HipRight: -0.1349147, 0.09380697, 2.598311
KneeRight: -0.3238023, -0.2993916, 2.456373
AnkleRight: -0.2667007, -0.7139618, 2.369095
FootRight: -0.2640496, -0.7705883, 2.267927
=========
HipCenter: -0.2178018, 0.1631947, 2.595822
Spine: -0.2412899, 0.2135192, 2.66779
ShoulderCenter: -0.271604, 0.5961478, 2.761
Head: -0.2265565, 0.7757626, 2.77362
ShoulderLeft: -0.404928, 0.4585552, 2.68092
ElbowLeft: -0.447188, 0.1962394, 2.586132
WristLeft: -0.4414164, 0.001786929, 2.459923
HandLeft: -0.4385265, -0.06201361, 2.428778
ShoulderRight: -0.08726893, 0.4675512, 2.778046
ElbowRight: -0.06127647, 0.2016648, 2.65483
WristRight: -0.0680201, -0.01708049, 2.532885
HandRight: -0.05119327, -0.0856785, 2.527962
HipLeft: -0.2799101, 0.08861129, 2.535492
KneeLeft: -0.2563504, -0.4168677, 2.477208
AnkleLeft: -0.2754324, -0.7214189, 2.383056
FootLeft: -0.2468547, -0.7713864, 2.268921
HipRight: -0.1348779, 0.09366356, 2.598306
KneeRight: -0.3282578, -0.2999717, 2.453691
AnkleRight: -0.2748713, -0.7150176, 2.365942
FootRight: -0.2640598, -0.7705935, 2.267928
=========
HipCenter: -0.2176398, 0.1630795, 2.595771
Spine: -0.2411333, 0.2134571, 2.667767
ShoulderCenter: -0.2714659, 0.5961307, 2.760914
Head: -0.2263487, 0.7757385, 2.773626
ShoulderLeft: -0.4044253, 0.4585292, 2.680421
ElbowLeft: -0.4470503, 0.1960278, 2.58531
WristLeft: -0.4411444, 0.001607056, 2.459225
HandLeft: -0.438462, -0.06225593, 2.428366
ShoulderRight: -0.0876648, 0.466995, 2.777106
ElbowRight: -0.06137173, 0.2017412, 2.654805
WristRight: -0.06778865, -0.01661884, 2.532715
HandRight: -0.05047222, -0.08496769, 2.527052
HipLeft: -0.2796755, 0.08847715, 2.53524
KneeLeft: -0.2563287, -0.4168957, 2.477208
AnkleLeft: -0.2754302, -0.7214464, 2.383058
FootLeft: -0.2468217, -0.7714067, 2.268871
HipRight: -0.1349679, 0.09347901, 2.598128
KneeRight: -0.3297995, -0.300322, 2.452633
AnkleRight: -0.2782163, -0.7155653, 2.364692
FootRight: -0.2640782, -0.7705988, 2.267958
=========
HipCenter: -0.2175146, 0.1629946, 2.595707
Spine: -0.2410151, 0.2134124, 2.667731
ShoulderCenter: -0.2713496, 0.5961203, 2.760823
Head: -0.2261149, 0.7756917, 2.773622
ShoulderLeft: -0.4040118, 0.4585094, 2.679933
ElbowLeft: -0.4469198, 0.1957663, 2.584521
WristLeft: -0.4409205, 0.001347624, 2.458596
HandLeft: -0.4384238, -0.06259357, 2.428068
ShoulderRight: -0.08786377, 0.4666795, 2.776555
ElbowRight: -0.06145098, 0.2018267, 2.654783
WristRight: -0.06758267, -0.01628925, 2.532537
HandRight: -0.04988628, -0.08442664, 2.526094
HipLeft: -0.2794989, 0.08838478, 2.535029
KneeLeft: -0.2563059, -0.4169244, 2.477204
AnkleLeft: -0.27543, -0.7214743, 2.38306
FootLeft: -0.246798, -0.7714173, 2.268842
HipRight: -0.135075, 0.09334495, 2.597916
KneeRight: -0.330661, -0.3005797, 2.452012
AnkleRight: -0.2802836, -0.7160115, 2.364034
FootRight: -0.2640932, -0.7706009, 2.267981
=========
HipCenter: -0.2174091, 0.1629176, 2.595641
Spine: -0.2409176, 0.2133701, 2.66769
ShoulderCenter: -0.2712398, 0.5960956, 2.760698
Head: -0.22585, 0.7756456, 2.773624
ShoulderLeft: -0.4036981, 0.4584822, 2.679513
ElbowLeft: -0.4467974, 0.1953094, 2.583678
WristLeft: -0.4407772, 0.0008408445, 2.457951
HandLeft: -0.4384737, -0.06325363, 2.427809
ShoulderRight: -0.08803248, 0.4667333, 2.776298
ElbowRight: -0.06151295, 0.2018943, 2.654761
WristRight: -0.06740426, -0.01605377, 2.53235
HandRight: -0.04942745, -0.08401944, 2.52512
HipLeft: -0.2793479, 0.08829705, 2.534823
KneeLeft: -0.2562863, -0.4169494, 2.477199
AnkleLeft: -0.2754294, -0.7214991, 2.383063
FootLeft: -0.2467766, -0.771426, 2.268816
HipRight: -0.1351491, 0.09323528, 2.597771
KneeRight: -0.330771, -0.3008953, 2.451793
AnkleRight: -0.2782426, -0.7168652, 2.365509
FootRight: -0.2641075, -0.7706023, 2.268007
=========
HipCenter: -0.2173457, 0.1627848, 2.595515
Spine: -0.2408166, 0.2132926, 2.667609
ShoulderCenter: -0.2710946, 0.5960456, 2.760469
Head: -0.2256603, 0.7755952, 2.773579
ShoulderLeft: -0.4034808, 0.4584222, 2.679105
ElbowLeft: -0.4466564, 0.1948351, 2.582868
WristLeft: -0.4407917, 0.0002113426, 2.457495
HandLeft: -0.4385834, -0.06404731, 2.427663
ShoulderRight: -0.08938291, 0.4671033, 2.774814
ElbowRight: -0.06674012, 0.2324918, 2.666314
WristRight: -0.06725098, -0.01586835, 2.532142
HandRight: -0.0490872, -0.08368125, 2.524101
HipLeft: -0.2792398, 0.08819912, 2.53464
KneeLeft: -0.2562636, -0.4169823, 2.477189
AnkleLeft: -0.2754276, -0.7215201, 2.383064
FootLeft: -0.2467498, -0.7714375, 2.268783
HipRight: -0.1354018, 0.0930974, 2.5975
KneeRight: -0.330388, -0.3012324, 2.451814
AnkleRight: -0.2749378, -0.7175934, 2.367437
FootRight: -0.2641151, -0.7706047, 2.268024
=========
HipCenter: -0.2172965, 0.162642, 2.595375
Spine: -0.2407186, 0.2132048, 2.667515
ShoulderCenter: -0.2709187, 0.5959778, 2.760194
Head: -0.2254729, 0.7755082, 2.773457
ShoulderLeft: -0.4033035, 0.4583577, 2.678727
ElbowLeft: -0.4465707, 0.1944634, 2.58224
WristLeft: -0.4408478, -0.0003256158, 2.457152
HandLeft: -0.4386875, -0.06473551, 2.427607
ShoulderRight: -0.09068628, 0.467494, 2.773388
ElbowRight: -0.06773775, 0.2312698, 2.665417
WristRight: -0.06712816, -0.01571842, 2.531957
HandRight: -0.04884878, -0.08339714, 2.523175
HipLeft: -0.2791543, 0.08810694, 2.534477
KneeLeft: -0.2562413, -0.4170157, 2.477178
AnkleLeft: -0.2754323, -0.7215524, 2.38307
FootLeft: -0.246725, -0.771448, 2.268753
HipRight: -0.1356582, 0.09297528, 2.597235
KneeRight: -0.3295849, -0.3015549, 2.452068
AnkleRight: -0.271855, -0.7180808, 2.369161
FootRight: -0.2641239, -0.7706069, 2.268042
=========
HipCenter: -0.2172467, 0.162511, 2.595226
Spine: -0.2406297, 0.2131227, 2.667403
ShoulderCenter: -0.2706987, 0.5959038, 2.75986
Head: -0.2252977, 0.7754307, 2.773318
ShoulderLeft: -0.4031655, 0.4582927, 2.678367
ElbowLeft: -0.4464699, 0.1939902, 2.58159
WristLeft: -0.4409852, -0.001047174, 2.45683
HandLeft: -0.4387647, -0.06497186, 2.427707
ShoulderRight: -0.09124405, 0.4677045, 2.772762
ElbowRight: -0.06816342, 0.2276154, 2.663567
WristRight: -0.06703428, -0.01561415, 2.531673
HandRight: -0.04871311, -0.08317664, 2.522149
HipLeft: -0.2790642, 0.08798976, 2.534211
KneeLeft: -0.2562169, -0.4170626, 2.477161
AnkleLeft: -0.2754364, -0.7215818, 2.383076
FootLeft: -0.2467079, -0.7714581, 2.268728
HipRight: -0.1358453, 0.09286439, 2.597026
KneeRight: -0.3286258, -0.3018507, 2.452421
AnkleRight: -0.269037, -0.7184057, 2.370693
FootRight: -0.2641321, -0.7706088, 2.268059
=========
HipCenter: -0.2172039, 0.1623839, 2.595081
Spine: -0.2405545, 0.2130419, 2.66729
ShoulderCenter: -0.2704839, 0.5958354, 2.759544
Head: -0.2251293, 0.7753478, 2.773145
ShoulderLeft: -0.4030616, 0.4582328, 2.678027
ElbowLeft: -0.4462161, 0.1932862, 2.580579
WristLeft: -0.4411923, -0.002122136, 2.456422
HandLeft: -0.4388143, -0.06518213, 2.427842
ShoulderRight: -0.09161627, 0.4678727, 2.772367
ElbowRight: -0.06811203, 0.2229947, 2.661376
WristRight: -0.06696067, -0.01554218, 2.531399
HandRight: -0.04863491, -0.08300436, 2.521226
HipLeft: -0.2789878, 0.08784913, 2.533891
KneeLeft: -0.2562016, -0.4171078, 2.477136
AnkleLeft: -0.2754442, -0.7216305, 2.38309
FootLeft: -0.2466944, -0.7714664, 2.268707
HipRight: -0.1359896, 0.09272344, 2.596882
KneeRight: -0.3361906, -0.3009497, 2.449555
AnkleRight: -0.2745368, -0.717284, 2.369256
FootRight: -0.2641369, -0.7706105, 2.26807
=========
HipCenter: -0.2171643, 0.1622198, 2.594908
Spine: -0.2404645, 0.2129414, 2.667165
ShoulderCenter: -0.2702998, 0.5957842, 2.759251
Head: -0.2249643, 0.7752741, 2.772957
ShoulderLeft: -0.4030077, 0.4581867, 2.677717
ElbowLeft: -0.4459943, 0.1926047, 2.579654
WristLeft: -0.4415705, -0.003236463, 2.456053
HandLeft: -0.4388798, -0.06490967, 2.428056
ShoulderRight: -0.09217364, 0.4680084, 2.771622
ElbowRight: -0.06788782, 0.2188306, 2.659331
WristRight: -0.06690084, -0.01549189, 2.531141
HandRight: -0.04876687, -0.08327717, 2.52122
HipLeft: -0.2789225, 0.08768455, 2.533542
KneeLeft: -0.2561911, -0.4171482, 2.477108
AnkleLeft: -0.2754528, -0.7216709, 2.383098
FootLeft: -0.2466831, -0.7714754, 2.268692
HipRight: -0.1361245, 0.09254545, 2.59675
KneeRight: -0.3424895, -0.3001578, 2.447178
AnkleRight: -0.2797518, -0.716201, 2.367775
FootRight: -0.2641441, -0.7706162, 2.268105
=========
HipCenter: -0.2171516, 0.1620575, 2.594735
Spine: -0.2404097, 0.2128425, 2.66704
ShoulderCenter: -0.27021, 0.5957542, 2.759026
Head: -0.2247531, 0.7751345, 2.772649
ShoulderLeft: -0.4029692, 0.4581519, 2.67741
ElbowLeft: -0.4458306, 0.1920883, 2.578877
WristLeft: -0.4419445, -0.004169074, 2.455786
HandLeft: -0.4389826, -0.06466381, 2.428252
ShoulderRight: -0.092566, 0.4681543, 2.771121
ElbowRight: -0.06734356, 0.2147457, 2.657715
WristRight: -0.06683584, -0.01542364, 2.530965
HandRight: -0.04884152, -0.08362241, 2.521571
HipLeft: -0.2788903, 0.08754655, 2.533268
KneeLeft: -0.2561814, -0.4171874, 2.477079
AnkleLeft: -0.2754619, -0.721711, 2.383109
FootLeft: -0.2466528, -0.7714881, 2.268663
HipRight: -0.1363052, 0.09238164, 2.596584
KneeRight: -0.3435938, -0.3003056, 2.446723
AnkleRight: -0.2805676, -0.7161552, 2.367684
FootRight: -0.2641449, -0.7706202, 2.268139
=========
HipCenter: -0.2171364, 0.1619186, 2.594588
Spine: -0.2403685, 0.2127564, 2.666928
ShoulderCenter: -0.2701554, 0.5957434, 2.758827
Head: -0.2245952, 0.7750046, 2.772395
ShoulderLeft: -0.4029805, 0.4581005, 2.677061
ElbowLeft: -0.4455068, 0.1910942, 2.577738
WristLeft: -0.4424256, -0.005642876, 2.455225
HandLeft: -0.4389894, -0.06402178, 2.428412
ShoulderRight: -0.09279101, 0.4682371, 2.77082
ElbowRight: -0.06691798, 0.2113046, 2.656304
WristRight: -0.06677415, -0.01536486, 2.530833
HandRight: -0.0489233, -0.08422162, 2.522374
HipLeft: -0.27886, 0.08744611, 2.533098
KneeLeft: -0.2561763, -0.4172214, 2.477049
AnkleLeft: -0.2754711, -0.7217458, 2.38312
FootLeft: -0.2466219, -0.7715008, 2.268635
HipRight: -0.1364241, 0.09226532, 2.59645
KneeRight: -0.3432814, -0.3007257, 2.446851
AnkleRight: -0.2803698, -0.7163228, 2.36798
FootRight: -0.2641397, -0.7706224, 2.26817
=========
HipCenter: -0.2171229, 0.1617945, 2.59446
Spine: -0.2403341, 0.2126787, 2.666829
ShoulderCenter: -0.270141, 0.5957552, 2.758663
Head: -0.2244759, 0.774914, 2.772183
ShoulderLeft: -0.4030161, 0.4580711, 2.676728
ElbowLeft: -0.445244, 0.1901597, 2.576737
WristLeft: -0.4428522, -0.006994406, 2.454659
HandLeft: -0.43912, -0.06304774, 2.428517
ShoulderRight: -0.09297306, 0.4683441, 2.770577
ElbowRight: -0.06645706, 0.2087499, 2.655357
WristRight: -0.06670985, -0.01530646, 2.530734
HandRight: -0.04898792, -0.08492536, 2.523421
HipLeft: -0.2788309, 0.08736718, 2.532987
KneeLeft: -0.2561701, -0.4172584, 2.477017
AnkleLeft: -0.2754847, -0.7217817, 2.383127
FootLeft: -0.246597, -0.7715142, 2.268599
HipRight: -0.1365168, 0.09218038, 2.596337
KneeRight: -0.3405334, -0.3016904, 2.448192
AnkleRight: -0.2775136, -0.7168328, 2.369205
FootRight: -0.2641294, -0.7706231, 2.268206
=========
HipCenter: -0.217096, 0.1616835, 2.594352
Spine: -0.2403159, 0.2126065, 2.666735
ShoulderCenter: -0.2701465, 0.5957736, 2.758516
Head: -0.2243083, 0.774841, 2.771967
ShoulderLeft: -0.4030125, 0.4580816, 2.676392
ElbowLeft: -0.4450611, 0.1894487, 2.575964
WristLeft: -0.4429081, -0.007967959, 2.454093
HandLeft: -0.4390767, -0.0644233, 2.427463
ShoulderRight: -0.09301464, 0.4686374, 2.770659
ElbowRight: -0.06580482, 0.2068784, 2.655089
WristRight: -0.06655475, -0.01519558, 2.530661
HandRight: -0.04885891, -0.08500871, 2.523844
HipLeft: -0.278782, 0.08729474, 2.532878
KneeLeft: -0.2561645, -0.4172949, 2.476985
AnkleLeft: -0.2755001, -0.7218166, 2.383135
FootLeft: -0.2465745, -0.7715268, 2.268565
HipRight: -0.1365575, 0.09208804, 2.596275
KneeRight: -0.3404666, -0.3021287, 2.448349
AnkleRight: -0.2771496, -0.7170547, 2.369352
FootRight: -0.2641207, -0.7706226, 2.268233
