=========
HipCenter: -0.463163, 0.1075568, 2.855791
Spine: -0.4712548, 0.1547581, 2.928396
ShoulderCenter: -0.5053436, 0.5172917, 3.020664
Head: -0.4763772, 0.6934321, 2.996834
ShoulderLeft: -0.636585, 0.3669133, 2.953891
ElbowLeft: -0.6767334, 0.1241558, 2.890382
WristLeft: -0.7066346, -0.04099908, 2.772574
HandLeft: -0.7045061, -0.1242281, 2.720823
ShoulderRight: -0.3066783, 0.4174752, 2.983395
ElbowRight: -0.09848603, 0.4487927, 3.001666
WristRight: 0.1662849, 0.4549546, 2.954544
HandRight: 0.2545418, 0.4570086, 2.943557
HipLeft: -0.5303143, 0.0274291, 2.832068
KneeLeft: -0.468405, -0.5034584, 2.718366
AnkleLeft: -0.4963113, -0.7997839, 2.625014
FootLeft: -0.4595714, -0.846888, 2.517343
HipRight: -0.3818563, 0.05018194, 2.81943
KneeRight: -0.451046, -0.5076547, 2.710482
AnkleRight: -0.4385154, -0.7939131, 2.623332
FootRight: -0.4576468, -0.8458589, 2.516845
=========
HipCenter: -0.4626901, 0.1051145, 2.855276
Spine: -0.470943, 0.1529969, 2.928223
ShoulderCenter: -0.5045308, 0.5179623, 3.022839
Head: -0.476939, 0.6926626, 2.998781
ShoulderLeft: -0.6364409, 0.3678046, 2.953486
ElbowLeft: -0.6766735, 0.1207273, 2.888851
WristLeft: -0.6993012, -0.04853006, 2.774061
HandLeft: -0.6949312, -0.1360152, 2.730946
ShoulderRight: -0.3065564, 0.4174582, 2.983591
ElbowRight: -0.09758113, 0.4500121, 3.0017
WristRight: 0.1684413, 0.4592809, 2.954289
HandRight: 0.2625242, 0.4632561, 2.946701
HipLeft: -0.5299169, 0.02520803, 2.831071
KneeLeft: -0.4904547, -0.4498326, 2.723192
AnkleLeft: -0.4939265, -0.7986397, 2.625808
FootLeft: -0.4586809, -0.8471391, 2.517491
HipRight: -0.3813595, 0.04746778, 2.819461
KneeRight: -0.4695029, -0.4585945, 2.723232
AnkleRight: -0.4365404, -0.7952573, 2.625768
FootRight: -0.4598074, -0.8463303, 2.514787
=========
HipCenter: -0.4626141, 0.1047011, 2.855186
Spine: -0.4708997, 0.1527082, 2.928194
ShoulderCenter: -0.5043887, 0.5180874, 3.023204
Head: -0.4770056, 0.6925222, 2.999141
ShoulderLeft: -0.6364045, 0.3679815, 2.953315
ElbowLeft: -0.6766102, 0.1200804, 2.888544
WristLeft: -0.6894521, -0.06098914, 2.773939
HandLeft: -0.6891278, -0.1445619, 2.734174
ShoulderRight: -0.3065351, 0.4174607, 2.983621
ElbowRight: -0.09743885, 0.4502027, 3.001705
WristRight: 0.1688235, 0.4599938, 2.954188
HandRight: 0.2646556, 0.4646455, 2.947535
HipLeft: -0.5298732, 0.02480605, 2.830829
KneeLeft: -0.4810822, -0.4696482, 2.726795
AnkleLeft: -0.4933311, -0.7984495, 2.625958
FootLeft: -0.4585398, -0.8471783, 2.517513
HipRight: -0.3812887, 0.0470076, 2.819492
KneeRight: -0.4659067, -0.4797031, 2.72766
AnkleRight: -0.4361568, -0.7955412, 2.62623
FootRight: -0.4602722, -0.8464232, 2.514382
=========
HipCenter: -0.4627435, 0.1039747, 2.855062
Spine: -0.4709783, 0.1522816, 2.928173
ShoulderCenter: -0.5042803, 0.5181944, 3.023505
Head: -0.4770568, 0.6924176, 2.999504
ShoulderLeft: -0.6363897, 0.3681265, 2.953144
ElbowLeft: -0.6765484, 0.1195863, 2.88831
WristLeft: -0.6734793, -0.09161475, 2.76384
HandLeft: -0.6831927, -0.1633433, 2.734448
ShoulderRight: -0.3065075, 0.4174972, 2.983654
ElbowRight: -0.09734815, 0.4503549, 3.001695
WristRight: 0.1690846, 0.460552, 2.954054
HandRight: 0.2664369, 0.465583, 2.948214
HipLeft: -0.530409, 0.02352437, 2.830048
KneeLeft: -0.4938212, -0.4348139, 2.72841
AnkleLeft: -0.4926442, -0.7983177, 2.626067
FootLeft: -0.4584127, -0.8472115, 2.51752
HipRight: -0.3814357, 0.04626986, 2.819641
KneeRight: -0.437373, -0.4421985, 2.732063
AnkleRight: -0.435867, -0.7957658, 2.626581
FootRight: -0.4606622, -0.8464975, 2.513984
=========
HipCenter: -0.4629072, 0.1034634, 2.854961
Spine: -0.4710834, 0.1519698, 2.928152
ShoulderCenter: -0.5041224, 0.5183202, 3.023674
Head: -0.4770961, 0.6923485, 2.999812
ShoulderLeft: -0.6363939, 0.3682941, 2.952889
ElbowLeft: -0.676484, 0.1192009, 2.888123
WristLeft: -0.6626162, -0.1094756, 2.757267
HandLeft: -0.6790742, -0.1758405, 2.735208
ShoulderRight: -0.306426, 0.4177393, 2.983766
ElbowRight: -0.09728556, 0.4504829, 3.001689
WristRight: 0.1692812, 0.4609649, 2.953948
HandRight: 0.2679631, 0.4659963, 2.945247
HipLeft: -0.5310861, 0.02253222, 2.829133
KneeLeft: -0.4823343, -0.4607723, 2.726222
AnkleLeft: -0.4917648, -0.7982585, 2.626121
FootLeft: -0.4583017, -0.8472401, 2.517517
HipRight: -0.3817239, 0.04573675, 2.81999
KneeRight: -0.4395944, -0.4811417, 2.728668
AnkleRight: -0.4356484, -0.7959539, 2.626852
FootRight: -0.4609647, -0.8465549, 2.513664
=========
HipCenter: -0.4630792, 0.1030792, 2.854858
Spine: -0.471202, 0.1517303, 2.928117
ShoulderCenter: -0.5039737, 0.5184487, 3.023749
Head: -0.4771311, 0.6923097, 3.000015
ShoulderLeft: -0.6363893, 0.368488, 2.952538
ElbowLeft: -0.6758832, 0.1183274, 2.887434
WristLeft: -0.6557904, -0.1216484, 2.752363
HandLeft: -0.6749082, -0.1868255, 2.736302
ShoulderRight: -0.3063376, 0.4180715, 2.983843
ElbowRight: -0.09604175, 0.451781, 3.000768
WristRight: 0.1698796, 0.4613414, 2.95367
HandRight: 0.2690834, 0.4661764, 2.942362
HipLeft: -0.5316961, 0.02180548, 2.828287
KneeLeft: -0.4902503, -0.4356232, 2.723102
AnkleLeft: -0.4907818, -0.7982243, 2.626138
FootLeft: -0.4582079, -0.847263, 2.517509
HipRight: -0.382026, 0.04535127, 2.820313
KneeRight: -0.4202754, -0.4431066, 2.72889
AnkleRight: -0.4354429, -0.7961277, 2.627078
FootRight: -0.461303, -0.8466185, 2.513236
=========
HipCenter: -0.4632536, 0.1028109, 2.854737
Spine: -0.4713365, 0.1515674, 2.928055
ShoulderCenter: -0.5038002, 0.518671, 3.023668
Head: -0.4771773, 0.6924162, 3.000369
ShoulderLeft: -0.6363283, 0.3687515, 2.952019
ElbowLeft: -0.675027, 0.1175045, 2.8866
WristLeft: -0.6516826, -0.128883, 2.749509
HandLeft: -0.6722745, -0.1936123, 2.737002
ShoulderRight: -0.3062257, 0.4184734, 2.983875
ElbowRight: -0.09538028, 0.4530288, 3.00003
WristRight: 0.1708926, 0.4617356, 2.953209
HandRight: 0.2700598, 0.46629, 2.939979
HipLeft: -0.5322329, 0.02133365, 2.827479
KneeLeft: -0.4736914, -0.4673042, 2.71972
AnkleLeft: -0.4895229, -0.7982764, 2.625986
FootLeft: -0.4581162, -0.8472825, 2.517495
HipRight: -0.3823216, 0.04510045, 2.820585
KneeRight: -0.4332721, -0.4822819, 2.722687
AnkleRight: -0.4352673, -0.7963157, 2.627249
FootRight: -0.4620648, -0.846759, 2.512221
=========
HipCenter: -0.4634364, 0.102563, 2.854579
Spine: -0.4714963, 0.1514183, 2.927963
ShoulderCenter: -0.5036676, 0.5189324, 3.023539
Head: -0.4772278, 0.6924504, 3.000509
ShoulderLeft: -0.6362611, 0.3690152, 2.951329
ElbowLeft: -0.674134, 0.1171411, 2.885914
WristLeft: -0.6489776, -0.1335244, 2.747746
HandLeft: -0.6706248, -0.1976987, 2.737484
ShoulderRight: -0.3061279, 0.4188597, 2.983886
ElbowRight: -0.09520736, 0.4535125, 2.999588
WristRight: 0.1712188, 0.4619797, 2.953049
HandRight: 0.2570756, 0.4763573, 2.93136
HipLeft: -0.5326863, 0.02098904, 2.826777
KneeLeft: -0.4414949, -0.4418562, 2.720731
AnkleLeft: -0.4881417, -0.7980971, 2.625861
FootLeft: -0.4580309, -0.8473017, 2.517476
HipRight: -0.3825487, 0.04482094, 2.820735
KneeRight: -0.4212163, -0.4479941, 2.723257
AnkleRight: -0.4350824, -0.7965114, 2.627381
FootRight: -0.462644, -0.8468712, 2.511505
=========
HipCenter: -0.4636001, 0.1023884, 2.854288
Spine: -0.4716883, 0.1513107, 2.927758
ShoulderCenter: -0.503552, 0.5192935, 3.023327
Head: -0.4772598, 0.6925657, 3.000584
ShoulderLeft: -0.6359268, 0.3695587, 2.949819
ElbowLeft: -0.6732007, 0.1167278, 2.885034
WristLeft: -0.6469455, -0.1371058, 2.745271
HandLeft: -0.6693605, -0.2008025, 2.73664
ShoulderRight: -0.3060274, 0.4192989, 2.983803
ElbowRight: -0.05427221, 0.4565998, 2.986878
WristRight: 0.1717958, 0.4622953, 2.952904
HandRight: 0.244606, 0.4862436, 2.924479
HipLeft: -0.532969, 0.02098243, 2.826076
KneeLeft: -0.4439319, -0.4748399, 2.718772
AnkleLeft: -0.4868478, -0.7980931, 2.625741
FootLeft: -0.4579457, -0.8473192, 2.51744
HipRight: -0.3827662, 0.04458652, 2.820617
KneeRight: -0.4170236, -0.4375511, 2.72316
AnkleRight: -0.4346797, -0.7967601, 2.627418
FootRight: -0.4631773, -0.8469942, 2.510826
=========
HipCenter: -0.4636973, 0.1022208, 2.853945
Spine: -0.4718414, 0.1511951, 2.927518
ShoulderCenter: -0.5034584, 0.5196103, 3.023123
Head: -0.4772908, 0.6926785, 3.000633
ShoulderLeft: -0.6355954, 0.3700646, 2.94831
ElbowLeft: -0.6723434, 0.1174009, 2.884114
WristLeft: -0.6461994, -0.1382046, 2.74318
HandLeft: -0.6687938, -0.2020114, 2.735909
ShoulderRight: -0.3059134, 0.4197216, 2.983699
ElbowRight: -0.05615445, 0.4603042, 2.984781
WristRight: 0.172097, 0.4625123, 2.952753
HandRight: 0.2353661, 0.4929836, 2.919547
HipLeft: -0.5330674, 0.02114349, 2.825146
KneeLeft: -0.4472062, -0.4921874, 2.717919
AnkleLeft: -0.4857327, -0.7981471, 2.625634
FootLeft: -0.4578723, -0.8473365, 2.517413
HipRight: -0.3828553, 0.0442692, 2.820467
KneeRight: -0.414358, -0.4307377, 2.723152
AnkleRight: -0.4342336, -0.7970576, 2.627419
FootRight: -0.4636471, -0.847143, 2.510172
=========
HipCenter: -0.4637516, 0.102033, 2.85347
Spine: -0.4719904, 0.1510414, 2.927136
ShoulderCenter: -0.5033093, 0.5198905, 3.02277
Head: -0.4772872, 0.6927554, 3.000601
ShoulderLeft: -0.6351311, 0.3705095, 2.946478
ElbowLeft: -0.6716392, 0.1176244, 2.88278
WristLeft: -0.6459345, -0.1388557, 2.740723
HandLeft: -0.6700552, -0.2017817, 2.732449
ShoulderRight: -0.3058051, 0.4201092, 2.983587
ElbowRight: -0.06131715, 0.4634735, 2.984303
WristRight: 0.1722889, 0.4626982, 2.952544
HandRight: 0.2288924, 0.4974786, 2.916036
HipLeft: -0.5330894, 0.02138293, 2.82416
KneeLeft: -0.4494744, -0.5011718, 2.717506
AnkleLeft: -0.4848111, -0.7982002, 2.625551
FootLeft: -0.4578149, -0.8473476, 2.517399
HipRight: -0.3828848, 0.04388757, 2.820228
KneeRight: -0.4126053, -0.4260709, 2.72317
AnkleRight: -0.4337994, -0.7973342, 2.627398
FootRight: -0.4639664, -0.8472461, 2.509726
=========
HipCenter: -0.4638015, 0.1019008, 2.853034
Spine: -0.4721233, 0.1509199, 2.926774
ShoulderCenter: -0.5031697, 0.5201387, 3.022415
Head: -0.477276, 0.6928422, 3.000538
ShoulderLeft: -0.6347635, 0.3709389, 2.944913
ElbowLeft: -0.6711437, 0.1174484, 2.881176
WristLeft: -0.6460989, -0.139286, 2.738214
HandLeft: -0.6750622, -0.1979017, 2.721943
ShoulderRight: -0.3057233, 0.4205158, 2.983405
ElbowRight: -0.06507385, 0.4641873, 2.984613
WristRight: 0.1724214, 0.4628161, 2.95241
HandRight: 0.2357469, 0.4915836, 2.919481
HipLeft: -0.5330893, 0.02170474, 2.823409
KneeLeft: -0.4513828, -0.5062858, 2.717341
AnkleLeft: -0.4840264, -0.7982343, 2.625481
FootLeft: -0.4577755, -0.8473539, 2.517404
HipRight: -0.3829308, 0.04356301, 2.819961
KneeRight: -0.4115833, -0.4220905, 2.72332
AnkleRight: -0.4334439, -0.7975441, 2.62738
FootRight: -0.4641529, -0.847322, 2.509421
=========
HipCenter: -0.4638151, 0.101843, 2.852586
Spine: -0.4722218, 0.1508564, 2.926394
ShoulderCenter: -0.5030199, 0.5204096, 3.021989
Head: -0.477269, 0.6929442, 3.000423
ShoulderLeft: -0.6344593, 0.3713192, 2.943518
ElbowLeft: -0.6708333, 0.1172807, 2.879594
WristLeft: -0.6472337, -0.1384516, 2.735214
HandLeft: -0.6792122, -0.193269, 2.711678
ShoulderRight: -0.3056455, 0.4209419, 2.983155
ElbowRight: -0.0695138, 0.4643162, 2.985476
WristRight: 0.1724123, 0.4628897, 2.952227
HandRight: 0.2410824, 0.4861828, 2.922331
HipLeft: -0.5330292, 0.02208014, 2.82279
KneeLeft: -0.4522933, -0.5095277, 2.717197
AnkleLeft: -0.4834523, -0.7982405, 2.625426
FootLeft: -0.4577358, -0.8473575, 2.517423
HipRight: -0.3829356, 0.0433286, 2.8196
KneeRight: -0.4109675, -0.4194147, 2.723429
AnkleRight: -0.4331252, -0.7977004, 2.627359
FootRight: -0.4642801, -0.8473629, 2.509269
=========
HipCenter: -0.4637415, 0.1019503, 2.851848
Spine: -0.4723462, 0.1509364, 2.925711
ShoulderCenter: -0.5029981, 0.520952, 3.02101
Head: -0.4768145, 0.6932985, 2.999505
ShoulderLeft: -0.6338196, 0.3719633, 2.941064
ElbowLeft: -0.6707869, 0.1169552, 2.875777
WristLeft: -0.6522682, -0.1123222, 2.728708
HandLeft: -0.6781514, -0.1784873, 2.703857
ShoulderRight: -0.3055228, 0.4213893, 2.982803
ElbowRight: -0.07356656, 0.4630215, 2.986562
WristRight: 0.1722769, 0.4628487, 2.951852
HandRight: 0.2455549, 0.4820254, 2.923187
HipLeft: -0.5327132, 0.02348136, 2.821353
KneeLeft: -0.4541536, -0.5111389, 2.717285
AnkleLeft: -0.4831215, -0.7982196, 2.625385
FootLeft: -0.4576875, -0.8473648, 2.517448
HipRight: -0.3828605, 0.04311573, 2.819196
KneeRight: -0.4104827, -0.4176355, 2.723459
AnkleRight: -0.4329477, -0.7978814, 2.627341
FootRight: -0.4646216, -0.8474576, 2.509016
=========
HipCenter: -0.4636581, 0.1021243, 2.851124
Spine: -0.4724651, 0.1510617, 2.925031
ShoulderCenter: -0.5029919, 0.5214254, 3.020045
Head: -0.4763995, 0.6936347, 2.998617
ShoulderLeft: -0.6333164, 0.3724988, 2.938978
ElbowLeft: -0.6707729, 0.1162086, 2.8715
WristLeft: -0.6550438, -0.09714106, 2.724905
HandLeft: -0.6765463, -0.16745, 2.698044
ShoulderRight: -0.3054112, 0.4217878, 2.982478
ElbowRight: -0.07730646, 0.4615469, 2.987691
WristRight: 0.1721104, 0.4627538, 2.951454
HandRight: 0.2494981, 0.4784012, 2.923893
HipLeft: -0.5323963, 0.02485712, 2.820237
KneeLeft: -0.456191, -0.5114537, 2.717537
AnkleLeft: -0.482881, -0.7982175, 2.625347
FootLeft: -0.4576332, -0.8473743, 2.517494
HipRight: -0.3827724, 0.04293616, 2.818659
KneeRight: -0.4103485, -0.416289, 2.723529
AnkleRight: -0.4327887, -0.7980412, 2.627345
FootRight: -0.4648286, -0.8475337, 2.508954
=========
HipCenter: -0.4635328, 0.1023322, 2.850328
Spine: -0.472535, 0.1512317, 2.924233
ShoulderCenter: -0.5025005, 0.5218639, 3.018511
Head: -0.4760197, 0.6939369, 2.99773
ShoulderLeft: -0.6328037, 0.3729785, 2.937048
ElbowLeft: -0.670638, 0.1153946, 2.867405
WristLeft: -0.6566334, -0.08791383, 2.722519
HandLeft: -0.6749806, -0.1602741, 2.694079
ShoulderRight: -0.3052813, 0.4221674, 2.982148
ElbowRight: -0.08059314, 0.4601757, 2.988827
WristRight: 0.1717425, 0.4624856, 2.95062
HandRight: 0.2533875, 0.4743194, 2.926272
HipLeft: -0.5320991, 0.02613166, 2.819149
KneeLeft: -0.4580743, -0.5109816, 2.717846
AnkleLeft: -0.4826932, -0.7982209, 2.62531
FootLeft: -0.457554, -0.8473904, 2.517529
HipRight: -0.382668, 0.04276985, 2.818122
KneeRight: -0.4104704, -0.414979, 2.723653
AnkleRight: -0.4326835, -0.7981238, 2.627351
FootRight: -0.4649656, -0.8475959, 2.508899
=========
HipCenter: -0.4634158, 0.1025495, 2.849587
Spine: -0.4725992, 0.1514018, 2.923492
ShoulderCenter: -0.5022782, 0.5222733, 3.017467
Head: -0.475597, 0.6942646, 2.996718
ShoulderLeft: -0.632355, 0.3734316, 2.935535
ElbowLeft: -0.6703808, 0.1147163, 2.863785
WristLeft: -0.6576415, -0.08203995, 2.720959
HandLeft: -0.6737806, -0.1553993, 2.691454
ShoulderRight: -0.3051556, 0.4225079, 2.981834
ElbowRight: -0.08299827, 0.4595106, 2.989315
WristRight: 0.1713634, 0.4622243, 2.949696
HandRight: 0.2563835, 0.4712402, 2.928234
HipLeft: -0.531836, 0.02727786, 2.818195
KneeLeft: -0.4596371, -0.5100415, 2.718178
AnkleLeft: -0.4825391, -0.7982233, 2.625279
FootLeft: -0.4574786, -0.8474065, 2.517562
HipRight: -0.3825679, 0.04263274, 2.817629
KneeRight: -0.4109826, -0.4136164, 2.723813
AnkleRight: -0.4325882, -0.798148, 2.627376
FootRight: -0.4651004, -0.8476443, 2.508909
=========
HipCenter: -0.4633163, 0.1027732, 2.848879
Spine: -0.4726669, 0.1515816, 2.922787
ShoulderCenter: -0.502109, 0.5226676, 3.016602
Head: -0.4751427, 0.6946307, 2.995711
ShoulderLeft: -0.631959, 0.3738425, 2.934296
ElbowLeft: -0.6696929, 0.115925, 2.860631
WristLeft: -0.6582644, -0.07823258, 2.719912
HandLeft: -0.6726648, -0.1518722, 2.68963
ShoulderRight: -0.30503, 0.4228074, 2.981534
ElbowRight: -0.07115156, 0.4603906, 2.984607
WristRight: 0.171103, 0.4619887, 2.948783
HandRight: 0.2587984, 0.4692107, 2.92942
HipLeft: -0.5316341, 0.02826667, 2.817386
KneeLeft: -0.4610314, -0.5087906, 2.718504
AnkleLeft: -0.4824138, -0.798224, 2.625249
FootLeft: -0.4574172, -0.8474196, 2.5176
HipRight: -0.3824789, 0.04251478, 2.817151
KneeRight: -0.4116329, -0.4124116, 2.723983
AnkleRight: -0.4325007, -0.7981403, 2.627413
FootRight: -0.4652108, -0.8476845, 2.50894
=========
HipCenter: -0.463159, 0.1030682, 2.84814
Spine: -0.4726694, 0.1518303, 2.922054
ShoulderCenter: -0.5019007, 0.5230941, 3.015775
Head: -0.4742536, 0.6953492, 2.994543
ShoulderLeft: -0.6314318, 0.374299, 2.93315
ElbowLeft: -0.6689596, 0.1168078, 2.85797
WristLeft: -0.6586034, -0.07568751, 2.719089
HandLeft: -0.6711397, -0.1493059, 2.68833
ShoulderRight: -0.3048136, 0.4231411, 2.981141
ElbowRight: -0.05662625, 0.4603901, 2.978965
WristRight: 0.1717183, 0.4618005, 2.947688
HandRight: 0.2557786, 0.4742719, 2.928375
HipLeft: -0.5313783, 0.02924153, 2.816642
KneeLeft: -0.462061, -0.507575, 2.718782
AnkleLeft: -0.4823127, -0.7982233, 2.625225
FootLeft: -0.4573713, -0.8474281, 2.517642
HipRight: -0.382365, 0.04244203, 2.816671
KneeRight: -0.4121849, -0.4112233, 2.724133
AnkleRight: -0.4322546, -0.7979769, 2.627507
FootRight: -0.4652906, -0.8477218, 2.509007
=========
HipCenter: -0.4629848, 0.1034065, 2.847391
Spine: -0.472636, 0.1521218, 2.921301
ShoulderCenter: -0.5016885, 0.5234939, 3.014941
Head: -0.4734606, 0.6960859, 2.993502
ShoulderLeft: -0.6309766, 0.3746865, 2.932248
ElbowLeft: -0.668157, 0.1185772, 2.856401
WristLeft: -0.6587419, -0.07382064, 2.718614
HandLeft: -0.6691135, -0.1474271, 2.687467
ShoulderRight: -0.304522, 0.4234847, 2.980711
ElbowRight: -0.03965271, 0.4609309, 2.972938
WristRight: 0.1731998, 0.4614981, 2.945787
HandRight: 0.2522377, 0.4797547, 2.926979
HipLeft: -0.5311573, 0.03005306, 2.816035
KneeLeft: -0.4629133, -0.506092, 2.719068
AnkleLeft: -0.4822155, -0.7982215, 2.625205
FootLeft: -0.4573216, -0.847437, 2.517677
HipRight: -0.3822178, 0.04242471, 2.816106
KneeRight: -0.412649, -0.4100702, 2.724248
AnkleRight: -0.4318316, -0.7976559, 2.627634
FootRight: -0.4653406, -0.8477565, 2.509078
=========
HipCenter: -0.4627967, 0.1037089, 2.846716
Spine: -0.4725594, 0.1523855, 2.920614
ShoulderCenter: -0.5014069, 0.5238355, 3.014171
Head: -0.4728325, 0.6967102, 2.992604
ShoulderLeft: -0.630565, 0.375021, 2.931527
ElbowLeft: -0.6677148, 0.1191154, 2.855242
WristLeft: -0.6584293, -0.07303417, 2.718554
HandLeft: -0.6662386, -0.1472166, 2.687764
ShoulderRight: -0.3042268, 0.4238246, 2.980297
ElbowRight: -0.02955454, 0.4614751, 2.970123
WristRight: 0.1756009, 0.4616016, 2.943986
HandRight: 0.2496813, 0.4849366, 2.925583
HipLeft: -0.5309409, 0.03070797, 2.815537
KneeLeft: -0.4635079, -0.5048131, 2.719303
AnkleLeft: -0.4821081, -0.7982207, 2.625186
FootLeft: -0.4572704, -0.8474457, 2.51771
HipRight: -0.3820741, 0.04241806, 2.815595
KneeRight: -0.4130479, -0.4089857, 2.72434
AnkleRight: -0.4313079, -0.7972438, 2.627774
FootRight: -0.4653584, -0.8477876, 2.509153
=========
HipCenter: -0.4626134, 0.1040227, 2.846092
Spine: -0.4724583, 0.1526571, 2.919991
ShoulderCenter: -0.5011507, 0.5241504, 3.013551
Head: -0.4723282, 0.6972724, 2.991855
ShoulderLeft: -0.6302181, 0.3753096, 2.931012
ElbowLeft: -0.6672988, 0.1197146, 2.854326
WristLeft: -0.6578771, -0.07297867, 2.718765
HandLeft: -0.6637324, -0.1472281, 2.688434
ShoulderRight: -0.3038948, 0.4241939, 2.979873
ElbowRight: -0.02697223, 0.4618475, 2.969264
WristRight: 0.1764518, 0.4617118, 2.943192
HandRight: 0.2516022, 0.4876533, 2.926311
HipLeft: -0.5307494, 0.03125722, 2.815135
KneeLeft: -0.4640452, -0.50313, 2.719441
AnkleLeft: -0.4820002, -0.7982234, 2.625169
FootLeft: -0.4572135, -0.8474547, 2.517734
HipRight: -0.381928, 0.04246981, 2.815039
KneeRight: -0.4134058, -0.4080151, 2.724393
AnkleRight: -0.4307871, -0.7968337, 2.627895
FootRight: -0.4653715, -0.847811, 2.509204
=========
HipCenter: -0.4624651, 0.1042899, 2.845491
Spine: -0.4723606, 0.1528816, 2.919427
ShoulderCenter: -0.5009019, 0.5244064, 3.013109
Head: -0.4719037, 0.6978291, 2.990963
ShoulderLeft: -0.629915, 0.3755379, 2.930595
ElbowLeft: -0.666819, 0.1192848, 2.852938
WristLeft: -0.6572136, -0.07355195, 2.719104
HandLeft: -0.6615667, -0.1476685, 2.689248
ShoulderRight: -0.3035235, 0.4245338, 2.979429
ElbowRight: -0.02489188, 0.4625818, 2.96875
WristRight: 0.1768316, 0.4621539, 2.942685
HandRight: 0.2536997, 0.4895439, 2.927475
HipLeft: -0.5306189, 0.03168078, 2.814781
KneeLeft: -0.4643829, -0.5021044, 2.719505
AnkleLeft: -0.4818107, -0.7982116, 2.625167
FootLeft: -0.4571625, -0.8474606, 2.517736
HipRight: -0.3818138, 0.04250047, 2.814338
KneeRight: -0.4058417, -0.3947466, 2.721656
AnkleRight: -0.4233392, -0.7901698, 2.626896
FootRight: -0.4650984, -0.8475673, 2.509838
=========
HipCenter: -0.4623424, 0.1045161, 2.844986
Spine: -0.4722714, 0.1530665, 2.918957
ShoulderCenter: -0.5006314, 0.5245731, 3.012763
Head: -0.4715406, 0.6983478, 2.990145
ShoulderLeft: -0.6295854, 0.3757033, 2.930207
ElbowLeft: -0.6662996, 0.1172477, 2.851039
WristLeft: -0.6566806, -0.07415089, 2.719726
HandLeft: -0.6598781, -0.1481675, 2.690116
ShoulderRight: -0.3030751, 0.4249002, 2.978973
ElbowRight: -0.02539954, 0.4644355, 2.968997
WristRight: 0.17696, 0.4634034, 2.942378
HandRight: 0.255957, 0.4908604, 2.928858
HipLeft: -0.5305167, 0.03201497, 2.8145
KneeLeft: -0.4646291, -0.5012602, 2.719531
AnkleLeft: -0.4816102, -0.7981868, 2.62519
FootLeft: -0.4571116, -0.8474673, 2.517735
HipRight: -0.3817323, 0.0425272, 2.813712
KneeRight: -0.402967, -0.3895161, 2.720729
AnkleRight: -0.4172472, -0.7845998, 2.626169
FootRight: -0.4646051, -0.8471163, 2.51062
=========
HipCenter: -0.4620084, 0.1050067, 2.844206
Spine: -0.471819, 0.153542, 2.91814
ShoulderCenter: -0.4977249, 0.5250953, 3.011344
Head: -0.4709112, 0.6986588, 2.988879
ShoulderLeft: -0.6291596, 0.3758262, 2.929676
ElbowLeft: -0.6659937, 0.1162764, 2.850114
WristLeft: -0.6564424, -0.07510038, 2.721037
HandLeft: -0.6591874, -0.1490947, 2.691558
ShoulderRight: -0.3019389, 0.4256638, 2.978245
ElbowRight: -0.04490853, 0.4778793, 2.975439
WristRight: 0.179814, 0.4791422, 2.945959
HandRight: 0.2644132, 0.5202918, 2.942566
HipLeft: -0.5303523, 0.03242759, 2.814107
KneeLeft: -0.4647765, -0.5008264, 2.719517
AnkleLeft: -0.4803979, -0.8005077, 2.624168
FootLeft: -0.4570696, -0.8474704, 2.517741
HipRight: -0.3815117, 0.04274788, 2.812726
KneeRight: -0.3984554, -0.3817491, 2.71921
AnkleRight: -0.4117748, -0.7793915, 2.625277
FootRight: -0.4639822, -0.8464664, 2.511642
=========
HipCenter: -0.4616061, 0.1054694, 2.843464
Spine: -0.4713262, 0.1539811, 2.917384
ShoulderCenter: -0.4956363, 0.5254831, 3.010265
Head: -0.4702854, 0.6988831, 2.987829
ShoulderLeft: -0.6287197, 0.3759297, 2.929171
ElbowLeft: -0.6657395, 0.1164276, 2.849865
WristLeft: -0.6562924, -0.07627503, 2.72211
HandLeft: -0.658749, -0.1500315, 2.692803
ShoulderRight: -0.3002727, 0.4267899, 2.977526
ElbowRight: -0.04919918, 0.4885757, 2.977639
WristRight: 0.2144324, 0.5252301, 2.969468
HandRight: 0.2908294, 0.5799528, 2.988206
HipLeft: -0.5300837, 0.0328079, 2.813637
KneeLeft: -0.4648947, -0.5004709, 2.719479
AnkleLeft: -0.4798186, -0.8012535, 2.62375
FootLeft: -0.4570155, -0.8474748, 2.517736
HipRight: -0.3811434, 0.04291588, 2.811847
KneeRight: -0.3963272, -0.3780303, 2.718447
AnkleRight: -0.4076532, -0.7754518, 2.624495
FootRight: -0.4632829, -0.8459473, 2.512639
=========
HipCenter: -0.4611291, 0.1058891, 2.842715
Spine: -0.4707787, 0.1543736, 2.916621
ShoulderCenter: -0.4940725, 0.5257215, 3.009288
Head: -0.4697651, 0.6990461, 2.986998
ShoulderLeft: -0.6282576, 0.3760145, 2.928616
ElbowLeft: -0.6655875, 0.116159, 2.849547
WristLeft: -0.6513017, -0.09765619, 2.714016
HandLeft: -0.6648402, -0.1635941, 2.696422
ShoulderRight: -0.298713, 0.4278531, 2.976816
ElbowRight: -0.05170597, 0.4968374, 2.978994
WristRight: 0.2306078, 0.5738266, 2.992475
HandRight: 0.2998379, 0.604477, 3.00752
HipLeft: -0.5297175, 0.03314476, 2.813033
KneeLeft: -0.4649748, -0.5002127, 2.719428
AnkleLeft: -0.4794752, -0.8016754, 2.623519
FootLeft: -0.4569779, -0.8474774, 2.517733
HipRight: -0.3806275, 0.04303109, 2.811033
KneeRight: -0.3947893, -0.3753672, 2.717889
AnkleRight: -0.4046426, -0.7725793, 2.623887
FootRight: -0.4626837, -0.8454738, 2.513559
=========
HipCenter: -0.4605333, 0.1062747, 2.841972
Spine: -0.4701642, 0.1547276, 2.91586
ShoulderCenter: -0.4927874, 0.5258391, 3.008286
Head: -0.469294, 0.6991906, 2.986348
ShoulderLeft: -0.6273207, 0.3760761, 2.927582
ElbowLeft: -0.6654251, 0.1157712, 2.849224
WristLeft: -0.6483437, -0.1114409, 2.709026
HandLeft: -0.6699424, -0.1734297, 2.698512
ShoulderRight: -0.2968484, 0.4294252, 2.976171
ElbowRight: -0.05368364, 0.5074533, 2.980854
WristRight: 0.2370881, 0.6111044, 3.003535
HandRight: 0.3026605, 0.6277643, 3.023266
HipLeft: -0.5291285, 0.03347008, 2.812288
KneeLeft: -0.4650151, -0.4999892, 2.719345
AnkleLeft: -0.4792316, -0.8019716, 2.623364
FootLeft: -0.4569502, -0.8474792, 2.517731
HipRight: -0.380015, 0.04309978, 2.810339
KneeRight: -0.3934495, -0.3729996, 2.717222
AnkleRight: -0.4024487, -0.770397, 2.623298
FootRight: -0.4622172, -0.845104, 2.51428
=========
HipCenter: -0.4598579, 0.1066787, 2.841274
Spine: -0.4694384, 0.1551128, 2.91513
ShoulderCenter: -0.4915567, 0.5259894, 3.007391
Head: -0.4688371, 0.6992892, 2.985818
ShoulderLeft: -0.6264658, 0.3761415, 2.926641
ElbowLeft: -0.665321, 0.1160733, 2.849247
WristLeft: -0.646647, -0.119351, 2.706324
HandLeft: -0.6733841, -0.1796709, 2.699955
ShoulderRight: -0.2952814, 0.4307488, 2.975579
ElbowRight: -0.0653341, 0.5173953, 2.985015
WristRight: 0.2242073, 0.6317304, 3.004499
HandRight: 0.2878793, 0.6429883, 3.029808
HipLeft: -0.5284883, 0.03373633, 2.811664
KneeLeft: -0.4650348, -0.4998425, 2.719248
AnkleLeft: -0.4790622, -0.8021734, 2.623256
FootLeft: -0.4569199, -0.8474807, 2.517729
HipRight: -0.3793085, 0.04328623, 2.809608
KneeRight: -0.3925957, -0.3713911, 2.71682
AnkleRight: -0.4008097, -0.7686162, 2.622817
FootRight: -0.4617237, -0.8446933, 2.515006
=========
HipCenter: -0.4591786, 0.1070021, 2.840655
Spine: -0.4687156, 0.1554361, 2.914485
ShoulderCenter: -0.4905781, 0.5261456, 3.006676
Head: -0.4684292, 0.6993632, 2.985384
ShoulderLeft: -0.6257051, 0.3762212, 2.925802
ElbowLeft: -0.665254, 0.1160906, 2.8492
WristLeft: -0.6454313, -0.125358, 2.704185
HandLeft: -0.6768052, -0.184124, 2.700563
ShoulderRight: -0.2937369, 0.4322493, 2.975053
ElbowRight: -0.06624793, 0.5293338, 2.987926
WristRight: 0.1917859, 0.6660872, 2.988321
HandRight: 0.2644047, 0.6895901, 3.02408
HipLeft: -0.5277715, 0.03387399, 2.811039
KneeLeft: -0.4650089, -0.4996829, 2.719103
AnkleLeft: -0.4789378, -0.8023184, 2.623182
FootLeft: -0.4568546, -0.8474934, 2.517705
HipRight: -0.3786233, 0.04343356, 2.808998
KneeRight: -0.3918945, -0.370155, 2.716495
AnkleRight: -0.3994745, -0.7672084, 2.622401
FootRight: -0.461134, -0.8441401, 2.51561
=========
HipCenter: -0.4583999, 0.1073008, 2.840023
Spine: -0.4678775, 0.1557442, 2.913824
ShoulderCenter: -0.4896987, 0.5263115, 3.006027
Head: -0.4676903, 0.6995366, 2.985112
ShoulderLeft: -0.6250398, 0.376313, 2.925072
ElbowLeft: -0.6651602, 0.116387, 2.849268
WristLeft: -0.6445842, -0.12919, 2.702884
HandLeft: -0.6807495, -0.1864116, 2.701247
ShoulderRight: -0.2924155, 0.4335552, 2.974556
ElbowRight: -0.06604094, 0.5366263, 2.989056
WristRight: 0.1451327, 0.682427, 2.964401
HandRight: 0.2239862, 0.7172407, 3.005749
HipLeft: -0.5269747, 0.0339326, 2.810386
KneeLeft: -0.4649768, -0.4995857, 2.718962
AnkleLeft: -0.4788493, -0.8024021, 2.623146
FootLeft: -0.456784, -0.847508, 2.517677
HipRight: -0.3778524, 0.04359865, 2.808413
KneeRight: -0.3912221, -0.3690349, 2.716176
AnkleRight: -0.3984219, -0.7660851, 2.622061
FootRight: -0.4605319, -0.8435594, 2.516195
=========
HipCenter: -0.4575518, 0.1075739, 2.83943
Spine: -0.4669691, 0.1560336, 2.913213
ShoulderCenter: -0.4888901, 0.5265217, 3.005513
Head: -0.4663676, 0.6996002, 2.984683
ShoulderLeft: -0.6244788, 0.3763878, 2.92447
ElbowLeft: -0.6650603, 0.1168744, 2.849334
WristLeft: -0.6439083, -0.1318037, 2.701997
HandLeft: -0.6781455, -0.1908726, 2.69955
ShoulderRight: -0.2913554, 0.4346218, 2.974153
ElbowRight: -0.0654403, 0.5417334, 2.989672
WristRight: 0.1117191, 0.7106046, 2.945415
HandRight: 0.1794444, 0.7750403, 2.975612
HipLeft: -0.5261087, 0.03392278, 2.809741
KneeLeft: -0.4649296, -0.4995433, 2.718786
AnkleLeft: -0.4787837, -0.8024254, 2.623146
FootLeft: -0.4567136, -0.847522, 2.517649
HipRight: -0.3770205, 0.04379456, 2.807887
KneeRight: -0.3905292, -0.3680327, 2.71581
AnkleRight: -0.3974937, -0.7651083, 2.621701
FootRight: -0.4599453, -0.8430303, 2.516784
=========
HipCenter: -0.4566415, 0.1078348, 2.838884
Spine: -0.4660708, 0.1562816, 2.912684
ShoulderCenter: -0.4882687, 0.5266865, 3.005184
Head: -0.4651533, 0.6996683, 2.984307
ShoulderLeft: -0.6239886, 0.37646, 2.923953
ElbowLeft: -0.664937, 0.1168997, 2.849205
WristLeft: -0.643137, -0.134535, 2.700934
HandLeft: -0.6766435, -0.1952466, 2.698064
ShoulderRight: -0.2904199, 0.4355588, 2.973871
ElbowRight: -0.06412599, 0.5455984, 2.989955
WristRight: 0.09596784, 0.7312984, 2.937391
HandRight: 0.1510617, 0.8191378, 2.962128
HipLeft: -0.5251661, 0.03387119, 2.809112
KneeLeft: -0.4648373, -0.4993829, 2.718577
AnkleLeft: -0.4787484, -0.8023658, 2.623178
FootLeft: -0.4566093, -0.8475403, 2.517635
HipRight: -0.3760084, 0.0440613, 2.807363
KneeRight: -0.390034, -0.3672955, 2.715545
AnkleRight: -0.3966958, -0.7642366, 2.621344
FootRight: -0.4593607, -0.8425226, 2.517373
=========
HipCenter: -0.4557456, 0.1080769, 2.838408
Spine: -0.4652036, 0.1564932, 2.91224
ShoulderCenter: -0.4877327, 0.5268399, 3.005007
Head: -0.4640059, 0.6997485, 2.983872
ShoulderLeft: -0.6235743, 0.3765351, 2.923521
ElbowLeft: -0.6647838, 0.1167694, 2.848872
WristLeft: -0.6424822, -0.1366456, 2.700042
HandLeft: -0.6766918, -0.197473, 2.697002
ShoulderRight: -0.2896156, 0.4363721, 2.973662
ElbowRight: -0.06066682, 0.5499904, 2.989152
WristRight: 0.08262357, 0.7459927, 2.931311
HandRight: 0.1295765, 0.8421918, 2.952061
HipLeft: -0.5242655, 0.03379814, 2.80855
KneeLeft: -0.4647586, -0.4992885, 2.718363
AnkleLeft: -0.4787356, -0.8022763, 2.623223
FootLeft: -0.4565335, -0.8475495, 2.517628
HipRight: -0.3749559, 0.04436879, 2.806869
KneeRight: -0.3895355, -0.3666052, 2.715228
AnkleRight: -0.3959452, -0.7634047, 2.620914
FootRight: -0.4588176, -0.842033, 2.517894
=========
HipCenter: -0.4548431, 0.1082958, 2.837955
Spine: -0.4643691, 0.1566912, 2.911828
ShoulderCenter: -0.4872361, 0.5270408, 3.004872
Head: -0.4628923, 0.6998917, 2.983435
ShoulderLeft: -0.6228024, 0.3767413, 2.922939
ElbowLeft: -0.6646117, 0.1166375, 2.848529
WristLeft: -0.6419394, -0.1381681, 2.699292
HandLeft: -0.676574, -0.1990834, 2.695741
ShoulderRight: -0.2888769, 0.4370853, 2.973487
ElbowRight: -0.05838452, 0.5531133, 2.988152
WristRight: 0.04573879, 0.7791572, 2.922899
HandRight: 0.0769495, 0.8806065, 2.935294
HipLeft: -0.5233151, 0.03371832, 2.807999
KneeLeft: -0.4646881, -0.4987641, 2.718016
AnkleLeft: -0.4787481, -0.8020948, 2.623299
FootLeft: -0.4564617, -0.847559, 2.517627
HipRight: -0.3739834, 0.04466751, 2.806446
KneeRight: -0.3888289, -0.3657463, 2.714805
AnkleRight: -0.3952778, -0.7626737, 2.620539
FootRight: -0.4583117, -0.841565, 2.518489
=========
HipCenter: -0.4511509, 0.1083282, 2.834943
Spine: -0.4614465, 0.1568337, 2.908649
ShoulderCenter: -0.482011, 0.5264116, 2.997758
Head: -0.4591803, 0.6990903, 2.978721
ShoulderLeft: -0.6146284, 0.375563, 2.913604
ElbowLeft: -0.6635578, 0.1154069, 2.845112
WristLeft: -0.6409212, -0.1394065, 2.697398
HandLeft: -0.6773433, -0.1991629, 2.693845
ShoulderRight: -0.2880279, 0.4378093, 2.97334
ElbowRight: -0.05669536, 0.5554665, 2.987041
WristRight: 0.01754281, 0.7894202, 2.920442
HandRight: 0.03074912, 0.8915214, 2.928113
HipLeft: -0.5174989, 0.03311121, 2.80193
KneeLeft: -0.4643472, -0.4972496, 2.716294
AnkleLeft: -0.4784828, -0.8013092, 2.622576
FootLeft: -0.45599, -0.8473456, 2.51678
HipRight: -0.3720597, 0.04493278, 2.805557
KneeRight: -0.3882408, -0.3651603, 2.71438
AnkleRight: -0.3945461, -0.7620105, 2.620006
FootRight: -0.4577737, -0.840201, 2.518461
=========
HipCenter: -0.4477638, 0.108448, 2.83221
Spine: -0.4588977, 0.1569862, 2.905876
ShoulderCenter: -0.47872, 0.5261294, 2.993223
Head: -0.456423, 0.6985037, 2.975168
ShoulderLeft: -0.609142, 0.3748875, 2.907202
ElbowLeft: -0.6622902, 0.114029, 2.84132
WristLeft: -0.6397724, -0.1401613, 2.695157
HandLeft: -0.6525338, -0.2105294, 2.666646
ShoulderRight: -0.2872008, 0.4384368, 2.973167
ElbowRight: -0.05635068, 0.5591633, 2.982808
WristRight: -0.0366995, 0.7946422, 2.922682
HandRight: -0.03559265, 0.8958064, 2.9228
HipLeft: -0.51287, 0.03294912, 2.797564
KneeLeft: -0.4637772, -0.4961514, 2.714262
AnkleLeft: -0.4781369, -0.8002141, 2.621295
FootLeft: -0.455225, -0.8468211, 2.514808
HipRight: -0.3697906, 0.04534876, 2.804372
KneeRight: -0.3876488, -0.3645478, 2.713916
AnkleRight: -0.3938378, -0.7613233, 2.61943
FootRight: -0.4566661, -0.8380685, 2.517756
=========
HipCenter: -0.4447589, 0.1084416, 2.829625
Spine: -0.4564731, 0.1569955, 2.903087
ShoulderCenter: -0.4760434, 0.5255108, 2.988859
Head: -0.4544331, 0.6981391, 2.972515
ShoulderLeft: -0.6060288, 0.3743996, 2.903305
ElbowLeft: -0.6607542, 0.112749, 2.837331
WristLeft: -0.6385514, -0.1407004, 2.692662
HandLeft: -0.6637391, -0.1943819, 2.657849
ShoulderRight: -0.2864905, 0.4389644, 2.972977
ElbowRight: -0.05783655, 0.5654037, 2.975505
WristRight: -0.1011965, 0.8337353, 2.919458
HandRight: -0.1168045, 0.9166601, 2.911136
HipLeft: -0.5093678, 0.03272234, 2.794047
KneeLeft: -0.4631101, -0.4956976, 2.712162
AnkleLeft: -0.4776058, -0.7988728, 2.619779
FootLeft: -0.4545794, -0.8463036, 2.512745
HipRight: -0.367412, 0.0455615, 2.803099
KneeRight: -0.3871017, -0.3640238, 2.713391
AnkleRight: -0.3932009, -0.7607396, 2.618794
FootRight: -0.456058, -0.8366638, 2.5173
=========
HipCenter: -0.44225, 0.1084322, 2.827459
Spine: -0.4544235, 0.1569704, 2.900736
ShoulderCenter: -0.4742431, 0.5250202, 2.985752
Head: -0.4525518, 0.6980731, 2.970699
ShoulderLeft: -0.6039743, 0.3740507, 2.900705
ElbowLeft: -0.6594374, 0.1117585, 2.834073
WristLeft: -0.6371554, -0.1411697, 2.690157
HandLeft: -0.6678604, -0.1891474, 2.653711
ShoulderRight: -0.2854451, 0.4395985, 2.972779
ElbowRight: -0.05984834, 0.5695114, 2.970209
WristRight: -0.1532894, 0.8483469, 2.904469
HandRight: -0.1860206, 0.9156054, 2.900365
HipLeft: -0.5066987, 0.03255642, 2.791276
KneeLeft: -0.4625272, -0.495443, 2.710341
AnkleLeft: -0.4771789, -0.7976936, 2.618363
FootLeft: -0.4541807, -0.8457829, 2.511233
HipRight: -0.3649661, 0.04563631, 2.801893
KneeRight: -0.3855484, -0.36343, 2.712537
AnkleRight: -0.3915687, -0.760101, 2.617816
FootRight: -0.4551593, -0.8350565, 2.516986
=========
HipCenter: -0.4401996, 0.1082878, 2.825585
Spine: -0.4527429, 0.1568479, 2.89876
ShoulderCenter: -0.4730273, 0.5246958, 2.983616
Head: -0.4511122, 0.6980645, 2.969291
ShoulderLeft: -0.6024134, 0.3737818, 2.898822
ElbowLeft: -0.6582406, 0.11106, 2.831538
WristLeft: -0.6361349, -0.1413644, 2.688031
HandLeft: -0.6724151, -0.18452, 2.652124
ShoulderRight: -0.2843924, 0.4401403, 2.972501
ElbowRight: -0.06156716, 0.5724936, 2.966377
WristRight: -0.1919014, 0.8436848, 2.882506
HandRight: -0.2263123, 0.9023865, 2.881505
HipLeft: -0.5047157, 0.03241039, 2.789127
KneeLeft: -0.4619679, -0.4954255, 2.70874
AnkleLeft: -0.4766884, -0.796445, 2.616781
FootLeft: -0.453849, -0.8452587, 2.509862
HipRight: -0.3628561, 0.04551795, 2.800793
KneeRight: -0.3836639, -0.3629586, 2.711586
AnkleRight: -0.3896352, -0.759604, 2.616755
FootRight: -0.4538651, -0.8327296, 2.516123
=========
HipCenter: -0.4385844, 0.1082011, 2.824137
Spine: -0.4514478, 0.1567709, 2.897219
ShoulderCenter: -0.472176, 0.5244645, 2.982031
Head: -0.4500505, 0.6980019, 2.968235
ShoulderLeft: -0.6011059, 0.3735725, 2.897401
ElbowLeft: -0.6572644, 0.1105171, 2.829625
WristLeft: -0.6338945, -0.1413175, 2.68524
HandLeft: -0.6764668, -0.1783988, 2.654035
ShoulderRight: -0.2817179, 0.4409571, 2.972575
ElbowRight: -0.06394807, 0.5756642, 2.962507
WristRight: -0.2091576, 0.8147917, 2.86853
HandRight: -0.2523872, 0.8902715, 2.865427
HipLeft: -0.5032291, 0.03235164, 2.787504
KneeLeft: -0.4615076, -0.4955192, 2.707359
AnkleLeft: -0.4762625, -0.7953492, 2.6154
FootLeft: -0.4535741, -0.8447632, 2.50854
HipRight: -0.3609655, 0.04533963, 2.799912
KneeRight: -0.381713, -0.3625641, 2.710733
AnkleRight: -0.3876637, -0.7591986, 2.615809
FootRight: -0.452682, -0.8308415, 2.515532
=========
HipCenter: -0.4374191, 0.1081658, 2.823074
Spine: -0.4505019, 0.1567254, 2.89608
ShoulderCenter: -0.4716516, 0.5243287, 2.980992
Head: -0.4492993, 0.6979117, 2.967438
ShoulderLeft: -0.6001766, 0.3734212, 2.89642
ElbowLeft: -0.6560987, 0.1115296, 2.828778
WristLeft: -0.6354491, -0.1263945, 2.690342
HandLeft: -0.6712788, -0.1699106, 2.657847
ShoulderRight: -0.2792912, 0.4414869, 2.972574
ElbowRight: -0.0690097, 0.5809073, 2.956051
WristRight: -0.2291294, 0.796336, 2.85588
HandRight: -0.2878732, 0.8628932, 2.840543
HipLeft: -0.5022233, 0.03237684, 2.786487
KneeLeft: -0.461197, -0.4951566, 2.70597
AnkleLeft: -0.4758969, -0.7945014, 2.614265
FootLeft: -0.4533536, -0.8443563, 2.50748
HipRight: -0.3593935, 0.0452379, 2.79893
KneeRight: -0.379786, -0.3622032, 2.710069
AnkleRight: -0.3857395, -0.7588447, 2.61507
FootRight: -0.4514761, -0.8292605, 2.515179
=========
HipCenter: -0.4365377, 0.1083422, 2.822271
Spine: -0.449772, 0.15684, 2.895204
ShoulderCenter: -0.4712094, 0.5242495, 2.980211
Head: -0.4483955, 0.6979337, 2.966579
ShoulderLeft: -0.5982506, 0.3740422, 2.895929
ElbowLeft: -0.6539982, 0.1154847, 2.829434
WristLeft: -0.6370608, -0.1072009, 2.697513
HandLeft: -0.6660175, -0.1637079, 2.661566
ShoulderRight: -0.2771985, 0.4418983, 2.972578
ElbowRight: -0.09072804, 0.5990324, 2.921423
WristRight: -0.2612596, 0.7582647, 2.830158
HandRight: -0.3249753, 0.8095391, 2.813939
HipLeft: -0.5013469, 0.03301466, 2.785726
KneeLeft: -0.460988, -0.4948419, 2.704838
AnkleLeft: -0.4756052, -0.793847, 2.61336
FootLeft: -0.4531423, -0.8440046, 2.506402
HipRight: -0.3583756, 0.04536026, 2.798259
KneeRight: -0.3782003, -0.3616895, 2.709568
AnkleRight: -0.3841713, -0.7583541, 2.614511
FootRight: -0.4503647, -0.8277848, 2.514997
=========
HipCenter: -0.43547, 0.1097475, 2.821537
Spine: -0.448341, 0.1598523, 2.894171
ShoulderCenter: -0.458592, 0.5431817, 2.972505
Head: -0.4274073, 0.7112828, 2.959377
ShoulderLeft: -0.5883405, 0.3808016, 2.898682
ElbowLeft: -0.6512523, 0.1229032, 2.832408
WristLeft: -0.638473, -0.09531931, 2.703259
HandLeft: -0.6615087, -0.1584819, 2.666523
ShoulderRight: -0.2751116, 0.4424542, 2.972628
ElbowRight: -0.09916531, 0.6051854, 2.906766
WristRight: -0.2779072, 0.7294448, 2.814775
HandRight: -0.3416097, 0.7842768, 2.801744
HipLeft: -0.4997284, 0.03731305, 2.785638
KneeLeft: -0.460838, -0.4946739, 2.703944
AnkleLeft: -0.4753509, -0.7933596, 2.612599
FootLeft: -0.4528913, -0.8437206, 2.505332
HipRight: -0.3577583, 0.04641177, 2.797985
KneeRight: -0.3767721, -0.3604311, 2.709244
AnkleRight: -0.3827766, -0.7571575, 2.614133
FootRight: -0.4487591, -0.8254542, 2.51505
=========
HipCenter: -0.4345383, 0.1116135, 2.821013
Spine: -0.4471782, 0.1625247, 2.8934
ShoulderCenter: -0.4553808, 0.5469846, 2.969595
Head: -0.4185147, 0.7159169, 2.954742
ShoulderLeft: -0.5823696, 0.3849584, 2.900474
ElbowLeft: -0.6500124, 0.1263551, 2.833808
WristLeft: -0.6389845, -0.09020088, 2.705412
HandLeft: -0.6578791, -0.1551435, 2.670509
ShoulderRight: -0.2728195, 0.4432325, 2.972717
ElbowRight: -0.1036339, 0.608548, 2.897697
WristRight: -0.2918756, 0.6937578, 2.796237
HandRight: -0.3291216, 0.7305363, 2.796422
HipLeft: -0.498525, 0.04118676, 2.785881
KneeLeft: -0.4607285, -0.4940605, 2.703015
AnkleLeft: -0.4751341, -0.7929767, 2.612
FootLeft: -0.4526165, -0.843482, 2.504381
HipRight: -0.3573513, 0.04784284, 2.797852
KneeRight: -0.3755421, -0.3589962, 2.709047
AnkleRight: -0.3815849, -0.75581, 2.613887
FootRight: -0.4473049, -0.8234787, 2.515297
=========
HipCenter: -0.4338005, 0.1132236, 2.820689
Spine: -0.4463072, 0.1642891, 2.892877
ShoulderCenter: -0.4538152, 0.5486954, 2.968654
Head: -0.4094604, 0.6960058, 2.908209
ShoulderLeft: -0.579298, 0.385894, 2.900683
ElbowLeft: -0.6489832, 0.1306746, 2.835938
WristLeft: -0.639326, -0.08670168, 2.706862
HandLeft: -0.65517, -0.1529021, 2.673541
ShoulderRight: -0.27042, 0.4440639, 2.972758
ElbowRight: -0.1135552, 0.6021369, 2.878588
WristRight: -0.3121518, 0.6500806, 2.773355
HandRight: -0.3591237, 0.6733858, 2.760823
HipLeft: -0.4976348, 0.0438875, 2.785977
KneeLeft: -0.4607188, -0.4931425, 2.702179
AnkleLeft: -0.4749273, -0.792667, 2.611481
FootLeft: -0.4523964, -0.8432966, 2.50364
HipRight: -0.356986, 0.04903408, 2.79789
KneeRight: -0.3744999, -0.3576842, 2.708919
AnkleRight: -0.3805818, -0.754597, 2.613717
FootRight: -0.4461654, -0.8220024, 2.515603
=========
HipCenter: -0.4332337, 0.114535, 2.820516
Spine: -0.4455646, 0.1655215, 2.892568
ShoulderCenter: -0.4535477, 0.5477276, 2.969592
Head: -0.4062, 0.6909792, 2.898609
ShoulderLeft: -0.5774832, 0.3862793, 2.900858
ElbowLeft: -0.6482818, 0.1341984, 2.838078
WristLeft: -0.6395534, -0.08421769, 2.707895
HandLeft: -0.6534372, -0.1515494, 2.67571
ShoulderRight: -0.2667054, 0.4455327, 2.972483
ElbowRight: -0.1162338, 0.599047, 2.869304
WristRight: -0.3191448, 0.6305303, 2.765566
HandRight: -0.3700723, 0.648416, 2.748857
HipLeft: -0.4970678, 0.04559447, 2.786092
KneeLeft: -0.460679, -0.4928437, 2.701666
AnkleLeft: -0.4747544, -0.7924327, 2.611067
FootLeft: -0.4522005, -0.8431492, 2.502993
HipRight: -0.3566195, 0.04986525, 2.797891
KneeRight: -0.3734917, -0.3565784, 2.708807
AnkleRight: -0.3796134, -0.7535838, 2.61357
FootRight: -0.4451769, -0.8208542, 2.51589
=========
HipCenter: -0.4327402, 0.1155582, 2.820469
Spine: -0.444903, 0.1664227, 2.892403
ShoulderCenter: -0.4540478, 0.5450637, 2.970885
Head: -0.4164674, 0.6893601, 2.926362
ShoulderLeft: -0.5759662, 0.3855895, 2.900572
ElbowLeft: -0.6478823, 0.137058, 2.840018
WristLeft: -0.6397392, -0.08257465, 2.708721
HandLeft: -0.6522381, -0.1506045, 2.677171
ShoulderRight: -0.2623712, 0.4477616, 2.971543
ElbowRight: -0.1159953, 0.5961025, 2.862386
WristRight: -0.3200772, 0.6039454, 2.761379
HandRight: -0.3779638, 0.6188542, 2.739861
HipLeft: -0.4965991, 0.04678316, 2.786243
KneeLeft: -0.4606267, -0.4926268, 2.701281
AnkleLeft: -0.474612, -0.7922438, 2.610734
FootLeft: -0.4520345, -0.8430365, 2.502439
HipRight: -0.3562886, 0.05043891, 2.797933
KneeRight: -0.3719396, -0.3555326, 2.70889
AnkleRight: -0.378107, -0.7526311, 2.613615
FootRight: -0.443875, -0.8196745, 2.516619
=========
HipCenter: -0.43229, 0.1163439, 2.820537
Spine: -0.4442063, 0.1670565, 2.892392
ShoulderCenter: -0.4545833, 0.5405474, 2.972392
Head: -0.4262475, 0.6905181, 2.946408
ShoulderLeft: -0.5757321, 0.3843018, 2.90017
ElbowLeft: -0.6477417, 0.1393191, 2.841877
WristLeft: -0.6444042, -0.0713349, 2.716046
HandLeft: -0.6515431, -0.1470404, 2.680855
ShoulderRight: -0.2596902, 0.4492565, 2.970196
ElbowRight: -0.1143159, 0.5922586, 2.857357
WristRight: -0.3198347, 0.5868944, 2.7621
HandRight: -0.3828276, 0.5988769, 2.736865
HipLeft: -0.4962198, 0.04759537, 2.786439
KneeLeft: -0.4606051, -0.492293, 2.700928
AnkleLeft: -0.4744889, -0.7920903, 2.610458
FootLeft: -0.4518751, -0.8429475, 2.501941
HipRight: -0.3559716, 0.05085121, 2.798012
KneeRight: -0.3699617, -0.3546183, 2.709213
AnkleRight: -0.3761689, -0.7518139, 2.613898
FootRight: -0.4423511, -0.8185173, 2.517725
=========
HipCenter: -0.4318869, 0.11699, 2.820674
Spine: -0.4434542, 0.1675119, 2.892486
ShoulderCenter: -0.4549565, 0.5301597, 2.971965
Head: -0.435016, 0.6924541, 2.959855
ShoulderLeft: -0.5760751, 0.3831168, 2.899816
ElbowLeft: -0.6479454, 0.1413998, 2.844133
WristLeft: -0.6454594, -0.06884697, 2.71841
HandLeft: -0.6511514, -0.1476805, 2.683717
ShoulderRight: -0.2575055, 0.451462, 2.968026
ElbowRight: -0.1032309, 0.58234, 2.857534
WristRight: -0.3005711, 0.551747, 2.763381
HandRight: -0.3355995, 0.5850444, 2.755688
HipLeft: -0.4959158, 0.04811556, 2.786785
KneeLeft: -0.4606067, -0.4917704, 2.700629
AnkleLeft: -0.4743812, -0.7919646, 2.610234
FootLeft: -0.4517783, -0.8428685, 2.501574
HipRight: -0.3555955, 0.05122835, 2.798114
KneeRight: -0.3670503, -0.3537657, 2.710568
AnkleRight: -0.3732889, -0.7510769, 2.61521
FootRight: -0.4397125, -0.8167338, 2.520278
=========
HipCenter: -0.4315606, 0.1175001, 2.82082
Spine: -0.4426453, 0.1679327, 2.892674
ShoulderCenter: -0.4550577, 0.5270798, 2.971092
Head: -0.4399904, 0.693875, 2.966795
ShoulderLeft: -0.5778503, 0.3816682, 2.899755
ElbowLeft: -0.6482365, 0.1429074, 2.845942
WristLeft: -0.6462774, -0.06730306, 2.720273
HandLeft: -0.6511876, -0.1491257, 2.686533
ShoulderRight: -0.2558585, 0.4536972, 2.964516
ElbowRight: -0.09384481, 0.5747747, 2.859153
WristRight: -0.2892562, 0.5367255, 2.762759
HandRight: -0.3158582, 0.5789962, 2.761841
HipLeft: -0.4957639, 0.04826972, 2.787335
KneeLeft: -0.4605994, -0.4916036, 2.700436
AnkleLeft: -0.474284, -0.7918665, 2.610051
FootLeft: -0.4517116, -0.8428047, 2.501292
HipRight: -0.3552079, 0.05153548, 2.798203
KneeRight: -0.3645747, -0.353093, 2.711832
AnkleRight: -0.3708319, -0.7505078, 2.616442
FootRight: -0.4376826, -0.8154706, 2.522416
=========
HipCenter: -0.4314242, 0.1174885, 2.820831
Spine: -0.4417567, 0.1678352, 2.892766
ShoulderCenter: -0.4559701, 0.5256001, 2.970876
Head: -0.4430687, 0.6948291, 2.971217
ShoulderLeft: -0.5799671, 0.3800519, 2.899593
ElbowLeft: -0.6482788, 0.1437456, 2.846881
WristLeft: -0.6469206, -0.06675563, 2.721949
HandLeft: -0.6516009, -0.1503622, 2.688861
ShoulderRight: -0.2695597, 0.4450602, 2.936784
ElbowRight: -0.08798894, 0.5614681, 2.865076
WristRight: -0.2848372, 0.5281774, 2.761791
HandRight: -0.304434, 0.5748542, 2.765209
HipLeft: -0.4960747, 0.0467377, 2.788775
KneeLeft: -0.4605954, -0.4915338, 2.700258
AnkleLeft: -0.4741954, -0.7917798, 2.609897
FootLeft: -0.4516594, -0.8427526, 2.501065
HipRight: -0.355003, 0.05148984, 2.797705
KneeRight: -0.3625478, -0.3530198, 2.712853
AnkleRight: -0.368801, -0.7505255, 2.617448
FootRight: -0.4363518, -0.8149068, 2.523694
=========
HipCenter: -0.4316268, 0.1162738, 2.82068
Spine: -0.4409379, 0.1670601, 2.892784
ShoulderCenter: -0.456774, 0.5247809, 2.970806
Head: -0.4450431, 0.6954293, 2.974053
ShoulderLeft: -0.5829329, 0.3782983, 2.899563
ElbowLeft: -0.6486245, 0.1382394, 2.845544
WristLeft: -0.6470239, -0.06752037, 2.723135
HandLeft: -0.6520216, -0.1518717, 2.690733
ShoulderRight: -0.2758048, 0.4395592, 2.924205
ElbowRight: -0.08465728, 0.5513378, 2.869699
WristRight: -0.2814108, 0.5222057, 2.761086
HandRight: -0.2974284, 0.5717308, 2.767179
HipLeft: -0.4971301, 0.0434861, 2.790714
KneeLeft: -0.4605833, -0.4917397, 2.700099
AnkleLeft: -0.4741126, -0.7917119, 2.609761
FootLeft: -0.4516176, -0.8427094, 2.500878
HipRight: -0.3552494, 0.05031839, 2.796183
KneeRight: -0.3610959, -0.3534203, 2.71343
AnkleRight: -0.3673316, -0.7510176, 2.618017
FootRight: -0.4356367, -0.8145987, 2.52426
=========
HipCenter: -0.432042, 0.1147612, 2.820553
Spine: -0.4402594, 0.1659858, 2.89284
ShoulderCenter: -0.4578198, 0.5246957, 2.971424
Head: -0.4464347, 0.6959395, 2.975998
ShoulderLeft: -0.5862558, 0.3772802, 2.900182
ElbowLeft: -0.650663, 0.1366407, 2.848655
WristLeft: -0.6505207, -0.06228255, 2.730841
HandLeft: -0.6594471, -0.1394067, 2.705286
ShoulderRight: -0.2793112, 0.4363327, 2.917323
ElbowRight: -0.08319455, 0.5386997, 2.874145
WristRight: -0.2789811, 0.5173627, 2.760558
HandRight: -0.3143032, 0.5377459, 2.74371
HipLeft: -0.4982485, 0.0405593, 2.792429
KneeLeft: -0.4605739, -0.4920306, 2.699968
AnkleLeft: -0.4740376, -0.7916555, 2.609643
FootLeft: -0.4515713, -0.8426716, 2.500695
HipRight: -0.3557508, 0.049039, 2.794665
KneeRight: -0.3599618, -0.3538874, 2.713864
AnkleRight: -0.3661811, -0.7515668, 2.618444
FootRight: -0.4351227, -0.8144118, 2.524647
=========
HipCenter: -0.4324846, 0.1131675, 2.820418
Spine: -0.4398641, 0.1647768, 2.89285
ShoulderCenter: -0.4586537, 0.5247669, 2.971829
Head: -0.4473995, 0.6964495, 2.977207
ShoulderLeft: -0.5894252, 0.3765756, 2.90094
ElbowLeft: -0.6516337, 0.1359087, 2.8502
WristLeft: -0.6501149, -0.06573498, 2.731058
HandLeft: -0.6612455, -0.1434056, 2.706653
ShoulderRight: -0.2812164, 0.4356759, 2.915089
ElbowRight: -0.07969468, 0.5221902, 2.879094
WristRight: -0.2757889, 0.5120133, 2.761016
HandRight: -0.2944027, 0.4507118, 2.741965
HipLeft: -0.4992974, 0.03783233, 2.793668
KneeLeft: -0.4605691, -0.4921662, 2.699891
AnkleLeft: -0.4739743, -0.7916092, 2.609549
FootLeft: -0.4515405, -0.8426421, 2.500583
HipRight: -0.3562034, 0.04771014, 2.793403
KneeRight: -0.3590457, -0.3544399, 2.714153
AnkleRight: -0.3652495, -0.7521964, 2.618726
FootRight: -0.4347993, -0.8145201, 2.524901
=========
HipCenter: -0.4329134, 0.1119854, 2.820388
Spine: -0.4397246, 0.1637932, 2.892908
ShoulderCenter: -0.459445, 0.5250901, 2.972305
Head: -0.44805, 0.6969243, 2.977873
ShoulderLeft: -0.5923963, 0.3760497, 2.901792
ElbowLeft: -0.6524459, 0.1353627, 2.851475
WristLeft: -0.6478272, -0.08035289, 2.724843
HandLeft: -0.6627393, -0.1494287, 2.706267
ShoulderRight: -0.281965, 0.4418172, 2.92318
ElbowRight: -0.07703224, 0.5120062, 2.880837
WristRight: -0.2729195, 0.5076253, 2.761316
HandRight: -0.2991019, 0.4409643, 2.73671
HipLeft: -0.5001897, 0.03583565, 2.794724
KneeLeft: -0.460567, -0.4922102, 2.699835
AnkleLeft: -0.4739143, -0.7915691, 2.609465
FootLeft: -0.4515144, -0.8426164, 2.500492
HipRight: -0.356628, 0.04670731, 2.792399
KneeRight: -0.3583828, -0.3548715, 2.714355
AnkleRight: -0.3645744, -0.7526938, 2.61892
FootRight: -0.4346134, -0.8147013, 2.525059
=========
HipCenter: -0.4333401, 0.1108473, 2.820369
Spine: -0.4396625, 0.1627762, 2.892973
ShoulderCenter: -0.4605074, 0.5257759, 2.973191
Head: -0.4486142, 0.6973401, 2.978409
ShoulderLeft: -0.5946476, 0.3757135, 2.902456
ElbowLeft: -0.6534011, 0.1334496, 2.852635
WristLeft: -0.6452394, -0.09662805, 2.717092
HandLeft: -0.6649145, -0.1584743, 2.704537
ShoulderRight: -0.283214, 0.4445886, 2.926911
ElbowRight: -0.07535315, 0.5009916, 2.882352
WristRight: -0.2528993, 0.3784731, 2.725642
HandRight: -0.2752154, 0.3072015, 2.706419
HipLeft: -0.5008647, 0.03434448, 2.795495
KneeLeft: -0.4605703, -0.492281, 2.699791
AnkleLeft: -0.4738655, -0.7915363, 2.609391
FootLeft: -0.4514968, -0.8425978, 2.500422
HipRight: -0.3570297, 0.04581621, 2.791579
KneeRight: -0.357852, -0.3552956, 2.714488
AnkleRight: -0.364033, -0.7531785, 2.619045
FootRight: -0.4345474, -0.814953, 2.525154
=========
HipCenter: -0.4336871, 0.1099043, 2.820362
Spine: -0.4396545, 0.1618824, 2.893033
ShoulderCenter: -0.4613475, 0.5264077, 2.97395
Head: -0.4491017, 0.6977481, 2.978566
ShoulderLeft: -0.5962497, 0.3753815, 2.902867
ElbowLeft: -0.6541895, 0.1320457, 2.85356
WristLeft: -0.6448104, -0.09981333, 2.715809
HandLeft: -0.665488, -0.1616392, 2.70405
ShoulderRight: -0.2839496, 0.4470323, 2.930469
ElbowRight: -0.07425412, 0.493146, 2.883255
WristRight: -0.2289048, 0.3294428, 2.717583
HandRight: -0.2321172, 0.2690766, 2.70059
HipLeft: -0.5013348, 0.03325142, 2.796047
KneeLeft: -0.4605711, -0.492354, 2.699762
AnkleLeft: -0.4738191, -0.7914959, 2.60932
FootLeft: -0.4514817, -0.8425799, 2.500358
HipRight: -0.3573583, 0.04510057, 2.790945
KneeRight: -0.3574261, -0.3556723, 2.714579
AnkleRight: -0.3635978, -0.7536086, 2.619128
FootRight: -0.4345237, -0.8151847, 2.525208
=========
HipCenter: -0.4339797, 0.1091471, 2.820376
Spine: -0.4397554, 0.1610951, 2.893104
ShoulderCenter: -0.4627765, 0.5270886, 2.974845
Head: -0.44947, 0.6980828, 2.978616
ShoulderLeft: -0.5974551, 0.375128, 2.903181
ElbowLeft: -0.6548176, 0.1309921, 2.854308
WristLeft: -0.6445964, -0.1036516, 2.713914
HandLeft: -0.6657767, -0.1645268, 2.703177
ShoulderRight: -0.2840994, 0.4485569, 2.934091
ElbowRight: -0.07154374, 0.4732043, 2.888091
WristRight: -0.1757763, 0.2839794, 2.717528
HandRight: -0.1858576, 0.2347388, 2.688184
HipLeft: -0.5016761, 0.03246327, 2.796437
KneeLeft: -0.460567, -0.4924806, 2.699731
AnkleLeft: -0.4737841, -0.7914444, 2.60926
FootLeft: -0.451473, -0.8425638, 2.500318
HipRight: -0.3575961, 0.04456546, 2.790547
KneeRight: -0.3799362, -0.3563489, 2.708512
AnkleRight: -0.3747377, -0.7541303, 2.616102
FootRight: -0.4428156, -0.8202459, 2.518335
=========
HipCenter: -0.4341434, 0.1087428, 2.820436
Spine: -0.4398983, 0.1605554, 2.893233
ShoulderCenter: -0.46388, 0.5275788, 2.975769
Head: -0.4497295, 0.6983758, 2.978511
ShoulderLeft: -0.5983703, 0.3749491, 2.903429
ElbowLeft: -0.6560289, 0.1250165, 2.85253
WristLeft: -0.6438578, -0.1114969, 2.708895
HandLeft: -0.6669145, -0.1708879, 2.701284
ShoulderRight: -0.2819414, 0.4510224, 2.941401
ElbowRight: -0.06877989, 0.4711962, 2.893134
WristRight: -0.1372645, 0.2707705, 2.71137
HandRight: -0.148415, 0.2120249, 2.678419
HipLeft: -0.5019013, 0.03195626, 2.796699
KneeLeft: -0.4605598, -0.4927203, 2.699693
AnkleLeft: -0.473754, -0.7913944, 2.609207
FootLeft: -0.4514684, -0.8425428, 2.500275
HipRight: -0.3577085, 0.04428406, 2.790318
KneeRight: -0.3870721, -0.3560354, 2.706697
AnkleRight: -0.3835871, -0.7537245, 2.613842
FootRight: -0.4480004, -0.8220654, 2.514083
=========
HipCenter: -0.4342676, 0.1084448, 2.820502
Spine: -0.4400762, 0.1601156, 2.893368
ShoulderCenter: -0.4647487, 0.5279785, 2.976575
Head: -0.4499206, 0.6986251, 2.978468
ShoulderLeft: -0.5990418, 0.374798, 2.903582
ElbowLeft: -0.6567904, 0.1211721, 2.851418
WristLeft: -0.6428662, -0.1187126, 2.705176
HandLeft: -0.6690562, -0.1760669, 2.700065
ShoulderRight: -0.2794952, 0.4530987, 2.947817
ElbowRight: -0.06685341, 0.4711908, 2.897962
WristRight: -0.09106322, 0.2880497, 2.722461
HandRight: -0.1090029, 0.2158853, 2.680005
HipLeft: -0.5020618, 0.03159025, 2.796889
KneeLeft: -0.4605598, -0.4927844, 2.699673
AnkleLeft: -0.4737191, -0.7913554, 2.609164
FootLeft: -0.451468, -0.8425227, 2.500233
HipRight: -0.3577837, 0.04407166, 2.790173
KneeRight: -0.3922575, -0.3556498, 2.705296
AnkleRight: -0.3905179, -0.7532166, 2.611943
FootRight: -0.4515694, -0.8232284, 2.51113
=========
HipCenter: -0.4343739, 0.10822, 2.820574
Spine: -0.4402882, 0.1597399, 2.89351
ShoulderCenter: -0.4654648, 0.5283513, 2.977421
Head: -0.4500724, 0.6988043, 2.978451
ShoulderLeft: -0.5996298, 0.3746532, 2.90372
ElbowLeft: -0.6575268, 0.1165858, 2.849447
WristLeft: -0.6419788, -0.124258, 2.702282
HandLeft: -0.6709872, -0.1799036, 2.699058
ShoulderRight: -0.2787836, 0.4535556, 2.951446
ElbowRight: -0.06602452, 0.4699686, 2.900836
WristRight: -0.0296025, 0.2790676, 2.718071
HandRight: -0.02587856, 0.2037689, 2.68669
HipLeft: -0.5021923, 0.03132072, 2.797017
KneeLeft: -0.4605618, -0.492833, 2.699659
AnkleLeft: -0.4736882, -0.7913184, 2.609127
FootLeft: -0.4514701, -0.8425032, 2.500197
HipRight: -0.357848, 0.04391724, 2.790123
KneeRight: -0.3957452, -0.3553008, 2.704467
AnkleRight: -0.3945279, -0.7529369, 2.610953
FootRight: -0.4534467, -0.8238492, 2.509622
=========
HipCenter: -0.4344628, 0.1080523, 2.820646
Spine: -0.4405208, 0.1594241, 2.893642
ShoulderCenter: -0.4660324, 0.5286201, 2.97809
Head: -0.4501895, 0.6989353, 2.978422
ShoulderLeft: -0.600035, 0.3745455, 2.903808
ElbowLeft: -0.6579879, 0.1120636, 2.847052
WristLeft: -0.641331, -0.1281946, 2.700224
HandLeft: -0.6704957, -0.1846796, 2.69653
ShoulderRight: -0.2782512, 0.4537227, 2.95403
ElbowRight: -0.06485108, 0.4691475, 2.902754
WristRight: 0.0028827, 0.279747, 2.715814
HandRight: 0.03009634, 0.2085524, 2.689398
HipLeft: -0.5022992, 0.03112802, 2.797096
KneeLeft: -0.4605259, -0.4930467, 2.699693
AnkleLeft: -0.4736509, -0.7912839, 2.609089
FootLeft: -0.4514786, -0.8424876, 2.500161
HipRight: -0.3578975, 0.04380948, 2.790131
KneeRight: -0.3978529, -0.3551739, 2.703908
AnkleRight: -0.3971089, -0.7527332, 2.610234
FootRight: -0.4546837, -0.8242697, 2.508611
=========
HipCenter: -0.43454, 0.1079304, 2.820722
Spine: -0.4407464, 0.1591661, 2.893773
ShoulderCenter: -0.4664679, 0.5288442, 2.978709
Head: -0.4502746, 0.6990318, 2.978393
ShoulderLeft: -0.6003631, 0.374448, 2.90388
ElbowLeft: -0.6583575, 0.1079129, 2.844526
WristLeft: -0.6407764, -0.1311894, 2.698634
HandLeft: -0.6699978, -0.1883915, 2.694415
ShoulderRight: -0.2778835, 0.453716, 2.955837
ElbowRight: -0.06273205, 0.4705228, 2.905869
WristRight: 0.03502628, 0.2851909, 2.71664
HandRight: 0.09054775, 0.2152713, 2.69344
HipLeft: -0.5023908, 0.03099999, 2.797134
KneeLeft: -0.4604281, -0.4935735, 2.69978
AnkleLeft: -0.4736149, -0.7912518, 2.609055
FootLeft: -0.4514686, -0.8424726, 2.500037
HipRight: -0.3579383, 0.04374138, 2.790199
KneeRight: -0.3993224, -0.3550358, 2.703489
AnkleRight: -0.3988308, -0.7525935, 2.609732
FootRight: -0.4555425, -0.8246045, 2.507908
=========
HipCenter: -0.4346255, 0.1078263, 2.820813
Spine: -0.4409835, 0.1589145, 2.893914
ShoulderCenter: -0.4666675, 0.5289348, 2.979374
Head: -0.4505386, 0.6994033, 2.978977
ShoulderLeft: -0.6006708, 0.3743216, 2.903995
ElbowLeft: -0.6587434, 0.1047188, 2.842456
WristLeft: -0.6403302, -0.1334697, 2.697425
HandLeft: -0.6698102, -0.1909342, 2.693252
ShoulderRight: -0.2779382, 0.4532428, 2.957192
ElbowRight: -0.05976755, 0.4694755, 2.909859
WristRight: 0.09660935, 0.3037512, 2.719716
HandRight: 0.1672164, 0.2471575, 2.709534
HipLeft: -0.5024825, 0.03090579, 2.797158
KneeLeft: -0.4603058, -0.4940778, 2.699885
AnkleLeft: -0.4735794, -0.7912139, 2.60902
FootLeft: -0.4514906, -0.8424499, 2.499901
HipRight: -0.3580138, 0.04371155, 2.790319
KneeRight: -0.4002028, -0.3548439, 2.703196
AnkleRight: -0.4000611, -0.7524875, 2.609373
FootRight: -0.4561106, -0.8247702, 2.507486
=========
HipCenter: -0.4347114, 0.1077351, 2.820917
Spine: -0.4412265, 0.1586749, 2.894068
ShoulderCenter: -0.4667809, 0.5289988, 2.980084
Head: -0.4507845, 0.6996759, 2.979495
ShoulderLeft: -0.6009201, 0.3742069, 2.904098
ElbowLeft: -0.6590285, 0.1023236, 2.840841
WristLeft: -0.6399029, -0.135448, 2.696333
HandLeft: -0.6700112, -0.1926452, 2.692615
ShoulderRight: -0.2781407, 0.4526251, 2.958155
ElbowRight: -0.06249692, 0.4696648, 2.920199
WristRight: 0.1341932, 0.327706, 2.732297
HandRight: 0.2345994, 0.2779324, 2.735447
HipLeft: -0.5025651, 0.03084208, 2.797162
KneeLeft: -0.4601786, -0.4945766, 2.699989
AnkleLeft: -0.4735556, -0.7911847, 2.608991
FootLeft: -0.4515163, -0.8424273, 2.499763
HipRight: -0.3580971, 0.04370125, 2.790493
KneeRight: -0.4005811, -0.3546224, 2.703027
AnkleRight: -0.4009477, -0.7523936, 2.609108
FootRight: -0.4563767, -0.8247617, 2.507319
=========
HipCenter: -0.4348189, 0.1076554, 2.821045
Spine: -0.4415137, 0.1584413, 2.894251
ShoulderCenter: -0.4668754, 0.5290266, 2.980806
Head: -0.4510787, 0.6999053, 2.98018
ShoulderLeft: -0.601118, 0.3741091, 2.904191
ElbowLeft: -0.6592604, 0.1005556, 2.839597
WristLeft: -0.6396171, -0.1368114, 2.695555
HandLeft: -0.6704025, -0.1937884, 2.692346
ShoulderRight: -0.2784557, 0.4518098, 2.958819
ElbowRight: -0.04414488, 0.4918332, 2.913885
WristRight: 0.1648559, 0.3695768, 2.756148
HandRight: 0.2669179, 0.3227918, 2.751992
HipLeft: -0.50265, 0.03080605, 2.797154
KneeLeft: -0.4601026, -0.4947887, 2.700072
AnkleLeft: -0.473542, -0.7911477, 2.60896
FootLeft: -0.4515283, -0.84241, 2.499581
HipRight: -0.3582204, 0.04372161, 2.790725
KneeRight: -0.4006023, -0.3543703, 2.702945
AnkleRight: -0.401562, -0.7522898, 2.608909
FootRight: -0.4564191, -0.8246942, 2.507412
=========
HipCenter: -0.4349809, 0.1076019, 2.821217
Spine: -0.4418207, 0.1582414, 2.894464
ShoulderCenter: -0.4669222, 0.5290246, 2.981513
Head: -0.4513347, 0.7001016, 2.980803
ShoulderLeft: -0.601379, 0.3740356, 2.904425
ElbowLeft: -0.6594639, 0.09944879, 2.838915
WristLeft: -0.6394029, -0.1378135, 2.694978
HandLeft: -0.6708238, -0.1946071, 2.6923
ShoulderRight: -0.278796, 0.4510011, 2.959231
ElbowRight: -0.02949112, 0.5034422, 2.900344
WristRight: 0.1745743, 0.3955894, 2.770488
HandRight: 0.2738372, 0.3382381, 2.754836
HipLeft: -0.5028095, 0.03081694, 2.797171
KneeLeft: -0.4600334, -0.494872, 2.700189
AnkleLeft: -0.473527, -0.7910996, 2.608935
FootLeft: -0.4515399, -0.8423968, 2.499471
HipRight: -0.3583942, 0.04378704, 2.79096
KneeRight: -0.400378, -0.3540799, 2.702926
AnkleRight: -0.4019591, -0.7521634, 2.608762
FootRight: -0.4562452, -0.8245504, 2.507676
=========
HipCenter: -0.4352356, 0.1075781, 2.821452
Spine: -0.4422457, 0.1580555, 2.894755
ShoulderCenter: -0.4671893, 0.5290552, 2.982608
Head: -0.4516047, 0.7002863, 2.981457
ShoulderLeft: -0.601626, 0.3739824, 2.904701
ElbowLeft: -0.6596189, 0.09863154, 2.838453
WristLeft: -0.6392958, -0.1384786, 2.694599
HandLeft: -0.6720393, -0.1946587, 2.69274
ShoulderRight: -0.2791375, 0.4502023, 2.959467
ElbowRight: -0.02524468, 0.5094379, 2.901137
WristRight: 0.1708819, 0.4261844, 2.786041
HandRight: 0.2814381, 0.3785164, 2.761051
HipLeft: -0.5030376, 0.03087387, 2.797208
KneeLeft: -0.4599772, -0.4949529, 2.700272
AnkleLeft: -0.4735294, -0.7910312, 2.608906
FootLeft: -0.4515539, -0.8423849, 2.499401
HipRight: -0.3586476, 0.04391056, 2.791225
KneeRight: -0.4000238, -0.3537565, 2.70295
AnkleRight: -0.4021986, -0.7520093, 2.608655
FootRight: -0.4558821, -0.8244237, 2.508116
=========
HipCenter: -0.435495, 0.1075581, 2.821697
Spine: -0.4426718, 0.1578864, 2.895055
ShoulderCenter: -0.4674445, 0.5291242, 2.983685
Head: -0.4518377, 0.70044, 2.982033
ShoulderLeft: -0.6018054, 0.3739324, 2.904925
ElbowLeft: -0.6597401, 0.09800176, 2.838106
WristLeft: -0.6392343, -0.1389615, 2.694339
HandLeft: -0.6728749, -0.1947411, 2.693359
ShoulderRight: -0.2794293, 0.4494286, 2.95961
ElbowRight: -0.02420261, 0.5142996, 2.904776
WristRight: 0.2040662, 0.4489903, 2.790017
HandRight: 0.2839073, 0.4245793, 2.773125
HipLeft: -0.5032627, 0.03094272, 2.797243
KneeLeft: -0.4599427, -0.4949992, 2.700335
AnkleLeft: -0.4735292, -0.7909626, 2.608881
FootLeft: -0.4515622, -0.8423747, 2.499342
HipRight: -0.3589153, 0.0440288, 2.791529
KneeRight: -0.3995661, -0.3534462, 2.70301
AnkleRight: -0.4023077, -0.7518517, 2.608584
FootRight: -0.4554314, -0.8242642, 2.508586
=========
HipCenter: -0.4357447, 0.1075496, 2.821943
Spine: -0.44307, 0.1577457, 2.895345
ShoulderCenter: -0.4675373, 0.5291473, 2.984529
Head: -0.4520241, 0.7005389, 2.982489
ShoulderLeft: -0.6019724, 0.3739086, 2.905162
ElbowLeft: -0.6598443, 0.09752671, 2.837864
WristLeft: -0.6394035, -0.139159, 2.694363
HandLeft: -0.6736689, -0.1946901, 2.694185
ShoulderRight: -0.2795952, 0.4487468, 2.959753
ElbowRight: -0.02334366, 0.5174816, 2.906327
WristRight: 0.2266938, 0.4717437, 2.798842
HandRight: 0.293493, 0.4654073, 2.795692
HipLeft: -0.5034852, 0.03102075, 2.797279
KneeLeft: -0.4598927, -0.4949011, 2.700461
AnkleLeft: -0.4735258, -0.7909098, 2.608861
FootLeft: -0.4515679, -0.8423646, 2.499297
HipRight: -0.3591689, 0.0441396, 2.791837
KneeRight: -0.3990454, -0.3531467, 2.7031
AnkleRight: -0.4023127, -0.7516884, 2.608545
FootRight: -0.4548929, -0.8239408, 2.508956
=========
HipCenter: -0.4359936, 0.1075462, 2.822214
Spine: -0.4434843, 0.1576246, 2.895661
ShoulderCenter: -0.4676431, 0.5292035, 2.985307
Head: -0.4521529, 0.7006371, 2.9829
ShoulderLeft: -0.6021489, 0.3739121, 2.905452
ElbowLeft: -0.6599535, 0.09711055, 2.837701
WristLeft: -0.6399255, -0.1386926, 2.694893
HandLeft: -0.6741326, -0.1944508, 2.694988
ShoulderRight: -0.2795211, 0.448274, 2.960082
ElbowRight: -0.04967209, 0.5059348, 2.929365
WristRight: 0.2269316, 0.4873035, 2.811604
HandRight: 0.2826216, 0.4903996, 2.818265
HipLeft: -0.5037004, 0.03110521, 2.797328
KneeLeft: -0.4598548, -0.4948738, 2.700578
AnkleLeft: -0.4735054, -0.7908385, 2.608845
FootLeft: -0.451574, -0.8423557, 2.499263
HipRight: -0.3593962, 0.04419864, 2.792148
KneeRight: -0.3981561, -0.3532182, 2.703163
AnkleRight: -0.4020061, -0.7517692, 2.608488
FootRight: -0.4544309, -0.8238515, 2.509169
=========
HipCenter: -0.4362221, 0.1075994, 2.822571
Spine: -0.4438641, 0.1575638, 2.896012
ShoulderCenter: -0.46766, 0.5292236, 2.985827
Head: -0.4521679, 0.7006699, 2.983094
ShoulderLeft: -0.6022562, 0.3740125, 2.905849
ElbowLeft: -0.6601482, 0.09678097, 2.837864
WristLeft: -0.6404167, -0.1347932, 2.6971
HandLeft: -0.6742452, -0.1911892, 2.697644
ShoulderRight: -0.2789665, 0.4479121, 2.960862
ElbowRight: -0.05866726, 0.5024922, 2.937314
WristRight: 0.2267208, 0.5115878, 2.831963
HandRight: 0.2807765, 0.5144442, 2.839767
HipLeft: -0.5039124, 0.03122337, 2.797428
KneeLeft: -0.4598038, -0.4948416, 2.700692
AnkleLeft: -0.4734889, -0.7907716, 2.608827
FootLeft: -0.4515767, -0.8423449, 2.49924
HipRight: -0.3595827, 0.04428, 2.792536
KneeRight: -0.3971655, -0.3529657, 2.703488
AnkleRight: -0.4015593, -0.7516028, 2.608637
FootRight: -0.453462, -0.8234563, 2.509959
=========
HipCenter: -0.4364378, 0.1076452, 2.822918
Spine: -0.4442146, 0.1575051, 2.896344
ShoulderCenter: -0.4676795, 0.5291969, 2.986221
Head: -0.4521249, 0.7006827, 2.983263
ShoulderLeft: -0.6023456, 0.37413, 2.906236
ElbowLeft: -0.6602915, 0.09653094, 2.838055
WristLeft: -0.6409881, -0.1317039, 2.699233
HandLeft: -0.6743096, -0.1888644, 2.699719
ShoulderRight: -0.2784833, 0.4476061, 2.961532
ElbowRight: -0.06456754, 0.500564, 2.942262
WristRight: 0.2251775, 0.5230035, 2.841709
HandRight: 0.2803148, 0.525472, 2.847979
HipLeft: -0.5041175, 0.03133397, 2.797532
KneeLeft: -0.459788, -0.4947703, 2.7008
AnkleLeft: -0.4734802, -0.7906916, 2.60881
FootLeft: -0.4516047, -0.8423167, 2.49925
HipRight: -0.3597484, 0.04434567, 2.792903
KneeRight: -0.3962496, -0.3527319, 2.703806
AnkleRight: -0.4010945, -0.7514387, 2.608803
FootRight: -0.4527529, -0.8230938, 2.510702
=========
HipCenter: -0.4366534, 0.1076823, 2.823275
Spine: -0.4445263, 0.1574574, 2.896667
ShoulderCenter: -0.4676931, 0.5291743, 2.986531
Head: -0.4516434, 0.7006948, 2.983936
ShoulderLeft: -0.6025826, 0.3744042, 2.906919
ElbowLeft: -0.6604798, 0.09641957, 2.838489
WristLeft: -0.6416213, -0.1298024, 2.701057
HandLeft: -0.6745443, -0.187501, 2.701322
ShoulderRight: -0.2780751, 0.4473061, 2.962087
ElbowRight: -0.06715464, 0.4999388, 2.945083
WristRight: 0.2259737, 0.5334148, 2.849326
HandRight: 0.2806419, 0.5338488, 2.853938
HipLeft: -0.5043266, 0.03145741, 2.797653
KneeLeft: -0.4598049, -0.4944941, 2.700941
AnkleLeft: -0.4734755, -0.7906137, 2.608792
FootLeft: -0.4516482, -0.8422866, 2.499283
HipRight: -0.3599472, 0.04429169, 2.793351
KneeRight: -0.3955147, -0.3530687, 2.704018
AnkleRight: -0.4006917, -0.7517589, 2.608906
FootRight: -0.4524643, -0.8231598, 2.511035
=========
HipCenter: -0.4368382, 0.1077538, 2.823669
Spine: -0.4447891, 0.1574493, 2.89702
ShoulderCenter: -0.4676734, 0.5291604, 2.986857
Head: -0.4512499, 0.7005622, 2.984294
ShoulderLeft: -0.6028305, 0.3746728, 2.907585
ElbowLeft: -0.6606316, 0.09637739, 2.838942
WristLeft: -0.6419508, -0.1291146, 2.702221
HandLeft: -0.6749961, -0.1869016, 2.702636
ShoulderRight: -0.2776062, 0.4471072, 2.962672
ElbowRight: -0.06935817, 0.4996917, 2.947252
WristRight: 0.2241901, 0.54003, 2.855408
HandRight: 0.2804801, 0.5396088, 2.85854
HipLeft: -0.5045254, 0.03158013, 2.797804
KneeLeft: -0.4598551, -0.4940876, 2.701093
AnkleLeft: -0.4734707, -0.7905356, 2.608773
FootLeft: -0.4516614, -0.8422678, 2.499315
HipRight: -0.3600725, 0.04427365, 2.793756
KneeRight: -0.3946434, -0.3529802, 2.704356
AnkleRight: -0.4001325, -0.7517035, 2.609127
FootRight: -0.4519298, -0.8230253, 2.511845
=========
HipCenter: -0.4369987, 0.1078232, 2.82403
Spine: -0.4450109, 0.1574512, 2.897339
ShoulderCenter: -0.4676659, 0.5291373, 2.987105
Head: -0.4508309, 0.7004108, 2.984591
ShoulderLeft: -0.6030883, 0.374845, 2.90813
ElbowLeft: -0.6607698, 0.0963761, 2.839401
WristLeft: -0.6423639, -0.1282919, 2.70332
HandLeft: -0.674932, -0.1864664, 2.703294
ShoulderRight: -0.2772375, 0.4469255, 2.963111
ElbowRight: -0.06868833, 0.5009909, 2.948156
WristRight: 0.1923211, 0.5599387, 2.864558
HandRight: 0.2730001, 0.5487201, 2.857129
HipLeft: -0.5047101, 0.0316931, 2.797957
KneeLeft: -0.4599321, -0.493596, 2.70124
AnkleLeft: -0.4734647, -0.7904581, 2.608753
FootLeft: -0.4516664, -0.8422548, 2.499342
HipRight: -0.3601698, 0.04425551, 2.794109
KneeRight: -0.3938583, -0.352866, 2.704663
AnkleRight: -0.3995763, -0.7515751, 2.609352
FootRight: -0.4514222, -0.8228873, 2.512691
=========
HipCenter: -0.4371328, 0.1078755, 2.824353
Spine: -0.4451962, 0.157444, 2.897628
ShoulderCenter: -0.4676387, 0.5291132, 2.987431
Head: -0.4504344, 0.7002615, 2.984843
ShoulderLeft: -0.6032699, 0.3749679, 2.90858
ElbowLeft: -0.6608543, 0.09660066, 2.840069
WristLeft: -0.6426776, -0.1276139, 2.704179
HandLeft: -0.6743888, -0.186195, 2.704306
ShoulderRight: -0.2769543, 0.4467362, 2.96347
ElbowRight: -0.06610158, 0.503124, 2.948589
WristRight: 0.1986034, 0.5692477, 2.872684
HandRight: 0.2729091, 0.5524422, 2.85521
HipLeft: -0.5048695, 0.03178965, 2.798102
KneeLeft: -0.4599519, -0.4932657, 2.701345
AnkleLeft: -0.4734607, -0.7903792, 2.608735
FootLeft: -0.4516681, -0.8422465, 2.499352
HipRight: -0.3602482, 0.04423673, 2.794417
KneeRight: -0.3931501, -0.3527434, 2.704918
AnkleRight: -0.3990097, -0.751356, 2.60957
FootRight: -0.4509726, -0.8226926, 2.51351
=========
HipCenter: -0.4372352, 0.1079209, 2.824644
Spine: -0.4453433, 0.1574348, 2.897884
ShoulderCenter: -0.4676104, 0.5290376, 2.98771
Head: -0.449856, 0.7000139, 2.985114
ShoulderLeft: -0.6033791, 0.375046, 2.908943
ElbowLeft: -0.6609107, 0.09698788, 2.840839
WristLeft: -0.6428508, -0.1273346, 2.7047
HandLeft: -0.6740944, -0.1863045, 2.705211
ShoulderRight: -0.2767034, 0.4465631, 2.963776
ElbowRight: -0.06326798, 0.5051032, 2.948572
WristRight: 0.2051044, 0.5741746, 2.877469
HandRight: 0.2731008, 0.555351, 2.854751
HipLeft: -0.5049919, 0.03187764, 2.798243
KneeLeft: -0.459957, -0.4930946, 2.701415
AnkleLeft: -0.4734588, -0.7903109, 2.608716
FootLeft: -0.4516636, -0.8422379, 2.499361
HipRight: -0.3602967, 0.04422122, 2.794683
KneeRight: -0.3924694, -0.3526101, 2.705139
AnkleRight: -0.3984125, -0.7510802, 2.609776
FootRight: -0.4504831, -0.8224376, 2.514188
=========
HipCenter: -0.4372975, 0.1078905, 2.82488
Spine: -0.4454646, 0.1573602, 2.898115
ShoulderCenter: -0.4676657, 0.5288788, 2.98806
Head: -0.4493289, 0.6997452, 2.985337
ShoulderLeft: -0.6034359, 0.3750892, 2.909199
ElbowLeft: -0.6609324, 0.09736615, 2.84154
WristLeft: -0.642862, -0.1273417, 2.704977
HandLeft: -0.6740134, -0.1863426, 2.705619
ShoulderRight: -0.2764986, 0.4464144, 2.964037
ElbowRight: -0.06424017, 0.5063404, 2.950281
WristRight: 0.2050236, 0.57645, 2.880974
HandRight: 0.271722, 0.5568583, 2.854731
HipLeft: -0.5050551, 0.031905, 2.79829
KneeLeft: -0.4599471, -0.4929637, 2.701479
AnkleLeft: -0.4734449, -0.7902613, 2.608689
FootLeft: -0.4516582, -0.8422303, 2.499368
HipRight: -0.3602722, 0.04411058, 2.79503
KneeRight: -0.3918839, -0.3525388, 2.705309
AnkleRight: -0.3978496, -0.7507896, 2.609962
FootRight: -0.4500624, -0.822193, 2.514776
=========
HipCenter: -0.4373425, 0.1078618, 2.82508
Spine: -0.4455556, 0.1572969, 2.898312
ShoulderCenter: -0.4676826, 0.5287533, 2.988327
Head: -0.4488506, 0.699515, 2.985532
ShoulderLeft: -0.6034684, 0.3751536, 2.909493
ElbowLeft: -0.660918, 0.09772124, 2.842036
WristLeft: -0.6426992, -0.1277224, 2.705015
HandLeft: -0.6739153, -0.1866678, 2.705567
ShoulderRight: -0.2763225, 0.4462875, 2.964259
ElbowRight: -0.06013107, 0.5085815, 2.950311
WristRight: 0.1836194, 0.575739, 2.88279
HandRight: 0.2554324, 0.5578525, 2.852968
HipLeft: -0.5051029, 0.03192577, 2.798325
KneeLeft: -0.4599446, -0.4927701, 2.701561
AnkleLeft: -0.473449, -0.7902272, 2.608655
FootLeft: -0.4516553, -0.8422231, 2.499381
HipRight: -0.3602377, 0.04402275, 2.795321
KneeRight: -0.3913648, -0.3524583, 2.705435
AnkleRight: -0.3973233, -0.7504826, 2.61011
FootRight: -0.4497981, -0.8219786, 2.515348
=========
HipCenter: -0.4373587, 0.107745, 2.825256
Spine: -0.4456099, 0.1571747, 2.898476
ShoulderCenter: -0.4676381, 0.5286307, 2.98849
Head: -0.4485034, 0.6993112, 2.985647
ShoulderLeft: -0.6034958, 0.3751899, 2.909737
ElbowLeft: -0.6609284, 0.09788619, 2.842312
WristLeft: -0.6424768, -0.1282287, 2.704911
HandLeft: -0.6739639, -0.1869657, 2.705349
ShoulderRight: -0.2761756, 0.4461781, 2.964438
ElbowRight: -0.05658362, 0.5102902, 2.950032
WristRight: 0.2064927, 0.5708788, 2.882792
HandRight: 0.2627154, 0.558512, 2.846769
HipLeft: -0.5051425, 0.03187456, 2.79829
KneeLeft: -0.4599448, -0.4925426, 2.701643
AnkleLeft: -0.4734544, -0.7902001, 2.608622
FootLeft: -0.4516524, -0.8422171, 2.499393
HipRight: -0.3601063, 0.04356055, 2.795774
KneeRight: -0.3907242, -0.3527135, 2.705356
AnkleRight: -0.3967118, -0.7507236, 2.610003
FootRight: -0.4497105, -0.8220473, 2.515506
=========
HipCenter: -0.4373673, 0.1076328, 2.825405
Spine: -0.4456552, 0.157056, 2.898618
ShoulderCenter: -0.4676486, 0.5285252, 2.988647
Head: -0.4481756, 0.6991605, 2.985667
ShoulderLeft: -0.6035061, 0.3752155, 2.909942
ElbowLeft: -0.6609519, 0.1023401, 2.844684
WristLeft: -0.6423489, -0.1283565, 2.704945
HandLeft: -0.6739929, -0.1869987, 2.705066
ShoulderRight: -0.2760447, 0.4460743, 2.964601
ElbowRight: -0.05620159, 0.511057, 2.9503
WristRight: 0.2097368, 0.5688508, 2.882138
HandRight: 0.2624042, 0.5587254, 2.844197
HipLeft: -0.5051702, 0.03183779, 2.798252
KneeLeft: -0.4599112, -0.492393, 2.701711
AnkleLeft: -0.4734634, -0.7901759, 2.608571
FootLeft: -0.4515933, -0.8422238, 2.499381
HipRight: -0.3599832, 0.04316407, 2.796157
KneeRight: -0.3902462, -0.3528173, 2.705272
AnkleRight: -0.3962572, -0.7508212, 2.609898
FootRight: -0.4496262, -0.8220707, 2.515612
=========
HipCenter: -0.4373725, 0.107527, 2.825535
Spine: -0.4456919, 0.1569421, 2.898745
ShoulderCenter: -0.4676602, 0.5284255, 2.988815
Head: -0.4478347, 0.6989772, 2.985617
ShoulderLeft: -0.6035137, 0.3752341, 2.910116
ElbowLeft: -0.6609997, 0.1056224, 2.846667
WristLeft: -0.6493093, -0.1062901, 2.716238
HandLeft: -0.6700371, -0.1800721, 2.703344
ShoulderRight: -0.2759328, 0.445979, 2.964739
ElbowRight: -0.05553363, 0.5115834, 2.950459
WristRight: 0.2145121, 0.5664114, 2.879839
HandRight: 0.2634215, 0.5584984, 2.841192
HipLeft: -0.5051967, 0.0318101, 2.798227
KneeLeft: -0.4598959, -0.4922563, 2.701765
AnkleLeft: -0.4734757, -0.7901534, 2.608522
FootLeft: -0.4515315, -0.8422312, 2.499367
HipRight: -0.3598842, 0.04285114, 2.796445
KneeRight: -0.3898322, -0.3528658, 2.705181
AnkleRight: -0.3958664, -0.7508565, 2.609793
FootRight: -0.449557, -0.8221035, 2.515716
=========
HipCenter: -0.4373647, 0.1074608, 2.825642
Spine: -0.4457245, 0.1568565, 2.898852
ShoulderCenter: -0.4676766, 0.5283324, 2.988968
Head: -0.4475396, 0.6988087, 2.985548
ShoulderLeft: -0.6035091, 0.3752444, 2.91026
ElbowLeft: -0.6609325, 0.1091054, 2.848553
WristLeft: -0.6506844, -0.1048072, 2.718324
HandLeft: -0.6690482, -0.1794573, 2.701522
ShoulderRight: -0.2754926, 0.4459653, 2.965239
ElbowRight: -0.0545699, 0.5120735, 2.950418
WristRight: 0.2196509, 0.5642272, 2.87695
HandRight: 0.2681878, 0.5574522, 2.836536
HipLeft: -0.5052155, 0.03179881, 2.798195
KneeLeft: -0.4598774, -0.4922257, 2.701812
AnkleLeft: -0.4734899, -0.7901307, 2.608471
FootLeft: -0.451475, -0.8422367, 2.499352
HipRight: -0.3597378, 0.04261078, 2.796696
KneeRight: -0.3909365, -0.3527108, 2.705099
AnkleRight: -0.39741, -0.7483792, 2.610102
FootRight: -0.4517842, -0.8216534, 2.518794
=========
HipCenter: -0.4373512, 0.1074203, 2.825735
Spine: -0.4457481, 0.1567916, 2.898948
ShoulderCenter: -0.4676585, 0.5282265, 2.989194
Head: -0.4471377, 0.6985247, 2.985528
ShoulderLeft: -0.6034742, 0.3752343, 2.910353
ElbowLeft: -0.6609144, 0.1100881, 2.849204
WristLeft: -0.6496254, -0.1094065, 2.717324
HandLeft: -0.6701239, -0.1797831, 2.700247
ShoulderRight: -0.2750708, 0.4459617, 2.965712
ElbowRight: -0.02775676, 0.5160977, 2.940599
WristRight: 0.2323577, 0.563334, 2.871358
HandRight: 0.2827082, 0.5568985, 2.829661
HipLeft: -0.5052291, 0.03182732, 2.798177
KneeLeft: -0.4598525, -0.4922828, 2.701859
AnkleLeft: -0.473506, -0.7901051, 2.608429
FootLeft: -0.4514276, -0.8422426, 2.499336
HipRight: -0.3596171, 0.04245565, 2.796869
KneeRight: -0.3922633, -0.352455, 2.705044
AnkleRight: -0.3990644, -0.7459394, 2.610429
FootRight: -0.4525507, -0.8210516, 2.519911
=========
HipCenter: -0.437335, 0.1073879, 2.825816
Spine: -0.4457658, 0.1567333, 2.899033
ShoulderCenter: -0.46763, 0.5281062, 2.98946
Head: -0.4465792, 0.6980825, 2.985423
ShoulderLeft: -0.6034313, 0.3752202, 2.910426
ElbowLeft: -0.6608835, 0.1107229, 2.849674
WristLeft: -0.6482741, -0.1146269, 2.715783
HandLeft: -0.6713263, -0.1804761, 2.699152
ShoulderRight: -0.2747104, 0.4458728, 2.966072
ElbowRight: -0.04137509, 0.5155501, 2.946778
WristRight: 0.2292729, 0.5609378, 2.870551
HandRight: 0.2824766, 0.555036, 2.828223
HipLeft: -0.5052394, 0.03186136, 2.798161
KneeLeft: -0.4598219, -0.4924127, 2.701904
AnkleLeft: -0.473521, -0.7900802, 2.60839
FootLeft: -0.4513791, -0.8422529, 2.499314
HipRight: -0.3595129, 0.04234876, 2.796994
KneeRight: -0.3941235, -0.3520454, 2.705207
AnkleRight: -0.4003886, -0.743537, 2.610942
FootRight: -0.4530135, -0.8202403, 2.521086
=========
HipCenter: -0.4373186, 0.1073609, 2.825897
Spine: -0.4457887, 0.1566697, 2.899128
ShoulderCenter: -0.4676597, 0.5279506, 2.989974
Head: -0.4461204, 0.6976408, 2.985298
ShoulderLeft: -0.6033658, 0.3752038, 2.910472
ElbowLeft: -0.6608526, 0.1112185, 2.850068
WristLeft: -0.6469268, -0.1193004, 2.71386
HandLeft: -0.6723994, -0.1813773, 2.697602
ShoulderRight: -0.2742384, 0.4457923, 2.966487
ElbowRight: -0.05020284, 0.5149671, 2.950618
WristRight: 0.2257195, 0.5589763, 2.870062
HandRight: 0.2790711, 0.5519288, 2.82823
HipLeft: -0.5052495, 0.03188718, 2.798154
KneeLeft: -0.4597798, -0.4925543, 2.701946
AnkleLeft: -0.4735348, -0.790056, 2.608354
FootLeft: -0.4513372, -0.8422621, 2.499294
HipRight: -0.3594228, 0.04226915, 2.797091
KneeRight: -0.3949645, -0.3518424, 2.705327
AnkleRight: -0.4013782, -0.7412507, 2.611534
FootRight: -0.4531806, -0.8192347, 2.522308
=========
HipCenter: -0.4373011, 0.1073355, 2.825968
Spine: -0.4458095, 0.1566077, 2.899218
ShoulderCenter: -0.4676955, 0.5278065, 2.990468
Head: -0.4457198, 0.6972407, 2.985181
ShoulderLeft: -0.6031346, 0.3751321, 2.910457
ElbowLeft: -0.6608148, 0.1115193, 2.850361
WristLeft: -0.6466172, -0.1214758, 2.712902
HandLeft: -0.6726751, -0.18212, 2.69655
ShoulderRight: -0.2739186, 0.4456379, 2.966729
ElbowRight: -0.05107001, 0.5150747, 2.951031
WristRight: 0.2078915, 0.5556332, 2.868464
HandRight: 0.2732894, 0.5506716, 2.829608
HipLeft: -0.5052549, 0.0318991, 2.798155
KneeLeft: -0.4597233, -0.4927024, 2.701982
AnkleLeft: -0.4735521, -0.7900386, 2.608327
FootLeft: -0.4513044, -0.8422723, 2.499278
HipRight: -0.3593487, 0.0422272, 2.797152
KneeRight: -0.3954449, -0.3516888, 2.705581
AnkleRight: -0.4013904, -0.7329556, 2.614225
FootRight: -0.4497128, -0.8113037, 2.528934
=========
HipCenter: -0.437285, 0.1073138, 2.826029
Spine: -0.4458281, 0.1565532, 2.899295
ShoulderCenter: -0.4677066, 0.5276576, 2.990786
Head: -0.445385, 0.6969097, 2.98506
ShoulderLeft: -0.6028967, 0.3750537, 2.910425
ElbowLeft: -0.660768, 0.1116555, 2.850591
WristLeft: -0.6465347, -0.1225272, 2.711716
HandLeft: -0.6728047, -0.1823558, 2.696012
ShoulderRight: -0.2736748, 0.4454143, 2.966884
ElbowRight: -0.05148366, 0.5150944, 2.951106
WristRight: 0.1956503, 0.554224, 2.867575
HandRight: 0.266669, 0.5499886, 2.83126
HipLeft: -0.5052598, 0.03190671, 2.798158
KneeLeft: -0.4597183, -0.4928104, 2.702002
AnkleLeft: -0.4735702, -0.7900227, 2.608304
FootLeft: -0.4512525, -0.8422861, 2.499228
HipRight: -0.3592804, 0.04221641, 2.797185
KneeRight: -0.3958132, -0.3515275, 2.705848
AnkleRight: -0.4012414, -0.726135, 2.616415
FootRight: -0.4471042, -0.805597, 2.53304
=========
HipCenter: -0.4372626, 0.1073044, 2.826089
Spine: -0.4458409, 0.1565125, 2.899364
ShoulderCenter: -0.4676936, 0.5275159, 2.991029
Head: -0.4451266, 0.6966736, 2.98501
ShoulderLeft: -0.6026394, 0.3749531, 2.910356
ElbowLeft: -0.6607208, 0.1117119, 2.850766
WristLeft: -0.6464573, -0.1231916, 2.710888
HandLeft: -0.672895, -0.1825055, 2.695667
ShoulderRight: -0.273456, 0.4452035, 2.967016
ElbowRight: -0.05153409, 0.5150498, 2.950944
WristRight: 0.2043471, 0.5533769, 2.861667
HandRight: 0.268351, 0.5495274, 2.83065
HipLeft: -0.5052634, 0.03191306, 2.798163
KneeLeft: -0.4597363, -0.4930552, 2.701998
AnkleLeft: -0.4735918, -0.790006, 2.608284
FootLeft: -0.4512139, -0.8422964, 2.499189
HipRight: -0.3591746, 0.04228799, 2.79721
KneeRight: -0.3960863, -0.351308, 2.706153
AnkleRight: -0.4009536, -0.7203824, 2.618234
FootRight: -0.4451226, -0.8013051, 2.536003
=========
HipCenter: -0.4372398, 0.1073098, 2.826147
Spine: -0.445854, 0.1564888, 2.899424
ShoulderCenter: -0.4677205, 0.527429, 2.991199
Head: -0.4446538, 0.6964825, 2.984779
ShoulderLeft: -0.6024014, 0.3748902, 2.910303
ElbowLeft: -0.6605585, 0.115242, 2.853681
WristLeft: -0.6470243, -0.1172066, 2.713197
HandLeft: -0.6711234, -0.1789445, 2.695981
ShoulderRight: -0.2732741, 0.4449949, 2.967113
ElbowRight: -0.05114563, 0.5147951, 2.950327
WristRight: 0.2001587, 0.5527133, 2.861389
HandRight: 0.265138, 0.5490949, 2.831692
HipLeft: -0.5052652, 0.03192083, 2.79817
KneeLeft: -0.4597597, -0.4933065, 2.701987
AnkleLeft: -0.4736115, -0.7899898, 2.608268
FootLeft: -0.4511651, -0.8423089, 2.499151
HipRight: -0.3590437, 0.04248589, 2.79723
KneeRight: -0.3962866, -0.350998, 2.706513
AnkleRight: -0.4006622, -0.7159069, 2.619656
FootRight: -0.4436628, -0.7978795, 2.537772
=========
HipCenter: -0.4372181, 0.107318, 2.826195
Spine: -0.4458654, 0.1564727, 2.899471
ShoulderCenter: -0.4677359, 0.5273615, 2.991298
Head: -0.4442552, 0.6963419, 2.984576
ShoulderLeft: -0.6021498, 0.3748343, 2.910233
ElbowLeft: -0.6604972, 0.1157499, 2.854174
WristLeft: -0.6455567, -0.1213545, 2.712554
HandLeft: -0.6742561, -0.1784074, 2.695745
ShoulderRight: -0.2731216, 0.4447958, 2.967184
ElbowRight: -0.05041371, 0.5144779, 2.94958
WristRight: 0.2107353, 0.5558242, 2.85853
HandRight: 0.2686058, 0.5502493, 2.831285
HipLeft: -0.5052663, 0.0319272, 2.79818
KneeLeft: -0.4597755, -0.4936309, 2.70198
AnkleLeft: -0.4736291, -0.7899759, 2.608253
FootLeft: -0.4510897, -0.8423206, 2.499098
HipRight: -0.3589077, 0.04274011, 2.7972
KneeRight: -0.3964359, -0.3506643, 2.706869
AnkleRight: -0.4004075, -0.7124738, 2.620716
FootRight: -0.4425687, -0.7953948, 2.538895
=========
HipCenter: -0.4371607, 0.1073748, 2.826254
Spine: -0.4458639, 0.1564804, 2.899512
ShoulderCenter: -0.4676342, 0.5272171, 2.991197
Head: -0.4439745, 0.6962897, 2.984497
ShoulderLeft: -0.6019087, 0.3747847, 2.910162
ElbowLeft: -0.6606423, 0.118898, 2.856946
WristLeft: -0.6451924, -0.1143097, 2.717359
HandLeft: -0.6731777, -0.1756667, 2.696844
ShoulderRight: -0.2727787, 0.4446639, 2.967347
ElbowRight: -0.05004134, 0.5140988, 2.948901
WristRight: 0.2163734, 0.5575276, 2.857253
HandRight: 0.2713371, 0.5511868, 2.831059
HipLeft: -0.5052646, 0.03193497, 2.79819
KneeLeft: -0.4597931, -0.4939532, 2.70197
AnkleLeft: -0.4736376, -0.7899649, 2.608242
FootLeft: -0.451049, -0.8423055, 2.499138
HipRight: -0.3586808, 0.04312342, 2.797165
KneeRight: -0.3964907, -0.3502579, 2.707233
AnkleRight: -0.4000983, -0.7097917, 2.621516
FootRight: -0.4417283, -0.7936175, 2.539712
=========
HipCenter: -0.4370917, 0.1074532, 2.826312
Spine: -0.4458542, 0.1565036, 2.899551
ShoulderCenter: -0.4675158, 0.5271003, 2.991076
Head: -0.4437245, 0.6962625, 2.984434
ShoulderLeft: -0.6017, 0.3747634, 2.910106
ElbowLeft: -0.6606947, 0.1218003, 2.859244
WristLeft: -0.6450378, -0.1084398, 2.72087
HandLeft: -0.6722715, -0.173658, 2.69793
ShoulderRight: -0.2724562, 0.4445546, 2.967481
ElbowRight: -0.05275838, 0.5127416, 2.949035
WristRight: 0.2174428, 0.5579393, 2.85706
HandRight: 0.2717423, 0.5513021, 2.83121
HipLeft: -0.505262, 0.03194291, 2.7982
KneeLeft: -0.4598304, -0.494128, 2.701957
AnkleLeft: -0.4736443, -0.7899552, 2.608231
FootLeft: -0.4510283, -0.8422923, 2.499161
HipRight: -0.3584276, 0.04357097, 2.797119
KneeRight: -0.3964907, -0.349809, 2.707596
AnkleRight: -0.3998154, -0.7077419, 2.622114
FootRight: -0.4410821, -0.7922487, 2.540233
=========
HipCenter: -0.4369974, 0.1075819, 2.826367
Spine: -0.4458306, 0.156554, 2.899588
ShoulderCenter: -0.4673925, 0.5269953, 2.990936
Head: -0.4434989, 0.6962505, 2.984375
ShoulderLeft: -0.6015404, 0.3747513, 2.91006
ElbowLeft: -0.6606068, 0.1224875, 2.859916
WristLeft: -0.6451426, -0.1037073, 2.723658
HandLeft: -0.6714439, -0.1719977, 2.699018
ShoulderRight: -0.2721552, 0.444448, 2.967587
ElbowRight: -0.0528499, 0.5122826, 2.948436
WristRight: 0.219711, 0.5586207, 2.856579
HandRight: 0.2746244, 0.5513713, 2.830779
HipLeft: -0.5052561, 0.03195741, 2.798206
KneeLeft: -0.4598838, -0.4942088, 2.701941
AnkleLeft: -0.4736498, -0.7899444, 2.608221
FootLeft: -0.4510111, -0.8422797, 2.499179
HipRight: -0.3581367, 0.04408291, 2.797065
KneeRight: -0.3964433, -0.3493132, 2.707935
AnkleRight: -0.3995564, -0.7061572, 2.622545
FootRight: -0.440589, -0.7912249, 2.540572
=========
HipCenter: -0.436908, 0.1077133, 2.826407
Spine: -0.4458035, 0.1566105, 2.899615
ShoulderCenter: -0.4672671, 0.526905, 2.990787
Head: -0.4432717, 0.6963553, 2.984378
ShoulderLeft: -0.601413, 0.3747646, 2.91003
ElbowLeft: -0.6604571, 0.122734, 2.860277
WristLeft: -0.6456231, -0.09956106, 2.725968
HandLeft: -0.6707, -0.1706874, 2.699966
ShoulderRight: -0.2719038, 0.4443301, 2.967643
ElbowRight: -0.05266073, 0.5118752, 2.947696
WristRight: 0.2215123, 0.5590932, 2.856016
HandRight: 0.2762465, 0.5512046, 2.830389
HipLeft: -0.5052498, 0.03197375, 2.798211
KneeLeft: -0.4599171, -0.4942631, 2.701926
AnkleLeft: -0.4736466, -0.7899362, 2.608211
FootLeft: -0.4509602, -0.8422584, 2.499231
HipRight: -0.3578908, 0.04455354, 2.796962
KneeRight: -0.3962623, -0.3488323, 2.708263
AnkleRight: -0.3993105, -0.7054614, 2.622777
FootRight: -0.4402734, -0.7913097, 2.540265
=========
HipCenter: -0.4368311, 0.1078138, 2.826419
Spine: -0.4457741, 0.1566575, 2.899628
ShoulderCenter: -0.4671465, 0.5268325, 2.99064
Head: -0.4430208, 0.6964275, 2.984318
ShoulderLeft: -0.6012911, 0.3747788, 2.909996
ElbowLeft: -0.6604089, 0.1231739, 2.860685
WristLeft: -0.6459488, -0.09689318, 2.727186
HandLeft: -0.6699678, -0.1695481, 2.700627
ShoulderRight: -0.271701, 0.4441986, 2.96763
ElbowRight: -0.05566846, 0.5108285, 2.948136
WristRight: 0.2196975, 0.5587513, 2.856088
HandRight: 0.2760094, 0.5504587, 2.830313
HipLeft: -0.5052434, 0.03198742, 2.798213
KneeLeft: -0.4600115, -0.494222, 2.701874
AnkleLeft: -0.4736401, -0.7899288, 2.6082
FootLeft: -0.4509043, -0.8422298, 2.499347
HipRight: -0.3576912, 0.04493444, 2.796802
KneeRight: -0.3959047, -0.3481985, 2.70871
AnkleRight: -0.3989986, -0.7055635, 2.622831
FootRight: -0.4402919, -0.7924692, 2.539402
=========
HipCenter: -0.4367504, 0.1079189, 2.826417
Spine: -0.4457445, 0.1567071, 2.899632
ShoulderCenter: -0.4670311, 0.5267769, 2.990512
Head: -0.4427989, 0.6964614, 2.984309
ShoulderLeft: -0.6011404, 0.3748145, 2.909957
ElbowLeft: -0.6603311, 0.1234194, 2.860902
WristLeft: -0.6462619, -0.09485127, 2.728095
HandLeft: -0.6692562, -0.1685943, 2.70113
ShoulderRight: -0.2713942, 0.4441224, 2.96768
ElbowRight: -0.05052997, 0.5108144, 2.943038
WristRight: 0.2253559, 0.5585818, 2.852338
HandRight: 0.2800064, 0.5488549, 2.827834
HipLeft: -0.5052313, 0.03201072, 2.798209
KneeLeft: -0.460132, -0.4937792, 2.701783
AnkleLeft: -0.4736268, -0.7899187, 2.608188
FootLeft: -0.4508336, -0.8421983, 2.499477
HipRight: -0.3575064, 0.04527364, 2.796619
KneeRight: -0.3957137, -0.3478166, 2.708958
AnkleRight: -0.3986928, -0.7063149, 2.622696
FootRight: -0.440545, -0.7942465, 2.53816
