=========
HipCenter: -0.3799719, 0.1060454, 2.831001
Spine: -0.3957811, 0.1526867, 2.90222
ShoulderCenter: -0.4231702, 0.5135233, 2.992947
Head: -0.3932823, 0.6858418, 2.971609
ShoulderLeft: -0.5552835, 0.36522, 2.916443
ElbowLeft: -0.5901204, 0.1478586, 2.864339
WristLeft: -0.5701525, -0.08205022, 2.716263
HandLeft: -0.5722667, -0.1428584, 2.679325
ShoulderRight: -0.2255248, 0.4288593, 3.005443
ElbowRight: 0.0106011, 0.443635, 3.031162
WristRight: 0.2070576, 0.44945, 3.033288
HandRight: 0.2768122, 0.4592172, 3.043553
HipLeft: -0.4466106, 0.02044321, 2.78077
KneeLeft: -0.3830671, -0.4949925, 2.717618
AnkleLeft: -0.39863, -0.7996089, 2.618787
FootLeft: -0.3628442, -0.8523732, 2.516857
HipRight: -0.2982192, 0.04908093, 2.819622
KneeRight: -0.379144, -0.5160794, 2.718545
AnkleRight: -0.3634792, -0.8027666, 2.630065
FootRight: -0.3827413, -0.8513129, 2.498453
=========
HipCenter: -0.3808785, 0.1055117, 2.831185
Spine: -0.3962645, 0.1524381, 2.902493
ShoulderCenter: -0.4231403, 0.5138047, 2.993255
Head: -0.3936916, 0.6857291, 2.971922
ShoulderLeft: -0.556293, 0.365664, 2.917476
ElbowLeft: -0.5902996, 0.1477746, 2.863544
WristLeft: -0.5716817, -0.08045989, 2.717269
HandLeft: -0.5692825, -0.1551721, 2.672609
ShoulderRight: -0.2255104, 0.428878, 3.005619
ElbowRight: 0.01061437, 0.4436393, 3.031316
WristRight: 0.2071882, 0.4494209, 3.033567
HandRight: 0.2881414, 0.4480367, 3.035254
HipLeft: -0.4483781, 0.01953701, 2.780874
KneeLeft: -0.4091015, -0.4475408, 2.714814
AnkleLeft: -0.3985111, -0.7996522, 2.618828
FootLeft: -0.3628379, -0.852375, 2.517031
HipRight: -0.29919, 0.04817283, 2.819718
KneeRight: -0.373683, -0.4607752, 2.724236
AnkleRight: -0.3634757, -0.8027083, 2.63018
FootRight: -0.3827924, -0.851311, 2.498634
=========
HipCenter: -0.3810739, 0.1053861, 2.831219
Spine: -0.3963606, 0.1523862, 2.902543
ShoulderCenter: -0.4231292, 0.5138726, 2.993328
Head: -0.3937676, 0.6857449, 2.97204
ShoulderLeft: -0.5564439, 0.365734, 2.917638
ElbowLeft: -0.5903239, 0.1477573, 2.863406
WristLeft: -0.5719243, -0.08020751, 2.717429
HandLeft: -0.5687699, -0.1576062, 2.671294
ShoulderRight: -0.2255086, 0.428881, 3.005647
ElbowRight: 0.01061666, 0.44364, 3.031339
WristRight: 0.2072094, 0.4494167, 3.03361
HandRight: 0.2907076, 0.4455408, 3.03345
HipLeft: -0.4487304, 0.0193436, 2.780877
KneeLeft: -0.4024515, -0.459803, 2.716073
AnkleLeft: -0.3984926, -0.799659, 2.618834
FootLeft: -0.3628378, -0.8523754, 2.517058
HipRight: -0.2994825, 0.04795, 2.819777
KneeRight: -0.3750901, -0.4780276, 2.722106
AnkleRight: -0.3634717, -0.8026977, 2.63019
FootRight: -0.3827992, -0.8513114, 2.498669
=========
HipCenter: -0.3814131, 0.1051541, 2.831419
Spine: -0.3966125, 0.1522227, 2.902794
ShoulderCenter: -0.4230715, 0.5141678, 2.994206
Head: -0.3951707, 0.6867411, 2.9764
ShoulderLeft: -0.556568, 0.3657894, 2.917789
ElbowLeft: -0.5903161, 0.1476718, 2.863245
WristLeft: -0.5721139, -0.07999974, 2.717574
HandLeft: -0.5684903, -0.1592781, 2.670411
ShoulderRight: -0.225388, 0.4289046, 3.005788
ElbowRight: 0.01070942, 0.4436839, 3.031398
WristRight: 0.2124702, 0.4469063, 3.032974
HandRight: 0.2939931, 0.4443262, 3.032042
HipLeft: -0.449277, 0.01960897, 2.78124
KneeLeft: -0.4001106, -0.4643423, 2.71683
AnkleLeft: -0.3984024, -0.7996385, 2.618881
FootLeft: -0.3628848, -0.8522983, 2.5172
HipRight: -0.2996604, 0.04611234, 2.82001
KneeRight: -0.3699924, -0.4418991, 2.724729
AnkleRight: -0.3632952, -0.8026582, 2.630288
FootRight: -0.3825693, -0.8512403, 2.499048
=========
HipCenter: -0.3816409, 0.1047909, 2.831671
Spine: -0.3967953, 0.1519308, 2.903117
ShoulderCenter: -0.4229544, 0.5143421, 2.994999
Head: -0.3963079, 0.6870289, 2.980248
ShoulderLeft: -0.556585, 0.3657945, 2.918008
ElbowLeft: -0.5902961, 0.147578, 2.863093
WristLeft: -0.5722519, -0.07984079, 2.717675
HandLeft: -0.5683127, -0.1604302, 2.669801
ShoulderRight: -0.2251949, 0.4289464, 3.006116
ElbowRight: 0.01074287, 0.4437019, 3.031444
WristRight: 0.2140254, 0.4462114, 3.032769
HandRight: 0.2952513, 0.4431168, 3.031348
HipLeft: -0.4496687, 0.02005238, 2.781834
KneeLeft: -0.3962666, -0.4793403, 2.717282
AnkleLeft: -0.3983299, -0.7996089, 2.61892
FootLeft: -0.3629788, -0.8521849, 2.517407
HipRight: -0.2996737, 0.04331062, 2.820094
KneeRight: -0.3680776, -0.4278487, 2.725769
AnkleRight: -0.3627932, -0.8026807, 2.630479
FootRight: -0.3823825, -0.8511676, 2.499439
=========
HipCenter: -0.3817298, 0.1044331, 2.831942
Spine: -0.3968826, 0.1516315, 2.903447
ShoulderCenter: -0.4228474, 0.5144506, 2.995651
Head: -0.396919, 0.6868606, 2.98289
ShoulderLeft: -0.5565462, 0.3657687, 2.918222
ElbowLeft: -0.5902754, 0.147495, 2.862965
WristLeft: -0.5722048, -0.07995705, 2.717507
HandLeft: -0.5682103, -0.1613014, 2.669334
ShoulderRight: -0.2249934, 0.4289856, 3.00645
ElbowRight: 0.01084104, 0.4437434, 3.03156
WristRight: 0.2169038, 0.4451359, 3.032676
HandRight: 0.2964756, 0.4421299, 3.030782
HipLeft: -0.4497279, 0.02059269, 2.782716
KneeLeft: -0.3931828, -0.4917684, 2.717578
AnkleLeft: -0.3982481, -0.7995745, 2.618966
FootLeft: -0.3630747, -0.8520719, 2.517594
HipRight: -0.2994638, 0.0410689, 2.82011
KneeRight: -0.3670934, -0.4206151, 2.72631
AnkleRight: -0.3618613, -0.8027277, 2.630816
FootRight: -0.3821852, -0.8510885, 2.499835
=========
HipCenter: -0.3818016, 0.1041099, 2.832224
Spine: -0.3969521, 0.1513279, 2.903809
ShoulderCenter: -0.4224714, 0.514595, 2.996872
Head: -0.3973544, 0.6866873, 2.984926
ShoulderLeft: -0.5564609, 0.3657257, 2.918442
ElbowLeft: -0.5902498, 0.1474099, 2.862846
WristLeft: -0.5721861, -0.08000688, 2.717409
HandLeft: -0.5681775, -0.1619267, 2.668991
ShoulderRight: -0.2247854, 0.4290511, 3.006835
ElbowRight: 0.01092837, 0.4437774, 3.03168
WristRight: 0.2191782, 0.4442542, 3.032693
HandRight: 0.2973415, 0.441503, 3.030497
HipLeft: -0.4497924, 0.02125384, 2.783768
KneeLeft: -0.3909562, -0.5005866, 2.717721
AnkleLeft: -0.3981494, -0.7995268, 2.619032
FootLeft: -0.3631721, -0.8519588, 2.517778
HipRight: -0.2994242, 0.0394618, 2.820074
KneeRight: -0.366439, -0.4157999, 2.726668
AnkleRight: -0.3613638, -0.8027518, 2.630996
FootRight: -0.3819678, -0.8510111, 2.50021
=========
HipCenter: -0.3818415, 0.1038107, 2.832494
Spine: -0.397, 0.1510409, 2.904152
ShoulderCenter: -0.4221736, 0.5146731, 2.99786
Head: -0.3976554, 0.6865058, 2.986466
ShoulderLeft: -0.5563566, 0.3656718, 2.918648
ElbowLeft: -0.590211, 0.1473097, 2.862705
WristLeft: -0.5721668, -0.08002909, 2.71734
HandLeft: -0.5681977, -0.1623656, 2.668746
ShoulderRight: -0.2245716, 0.4291074, 3.007226
ElbowRight: 0.01102084, 0.4438063, 3.031828
WristRight: 0.2230246, 0.4428674, 3.033108
HandRight: 0.2986133, 0.4411234, 3.030502
HipLeft: -0.44981, 0.0218412, 2.784691
KneeLeft: -0.3893915, -0.5066704, 2.7178
AnkleLeft: -0.3980259, -0.7994877, 2.619104
FootLeft: -0.363265, -0.8518519, 2.51795
HipRight: -0.2993527, 0.03814464, 2.820053
KneeRight: -0.3660485, -0.4127419, 2.726907
AnkleRight: -0.360647, -0.8027913, 2.631254
FootRight: -0.3817546, -0.8509557, 2.500553
=========
HipCenter: -0.3816713, 0.1033708, 2.832844
Spine: -0.3969319, 0.1506547, 2.904562
ShoulderCenter: -0.4219836, 0.5147079, 2.998878
Head: -0.3978556, 0.6863197, 2.987459
ShoulderLeft: -0.5559522, 0.3656299, 2.91887
ElbowLeft: -0.5901718, 0.1472123, 2.86257
WristLeft: -0.5721352, -0.08005004, 2.717294
HandLeft: -0.5682563, -0.1626576, 2.668582
ShoulderRight: -0.224383, 0.4291498, 3.007586
ElbowRight: 0.01111483, 0.4438359, 3.031984
WristRight: 0.2239784, 0.4424969, 3.033369
HandRight: 0.2991634, 0.4407722, 3.030403
HipLeft: -0.4494576, 0.02236994, 2.785523
KneeLeft: -0.3882862, -0.5108944, 2.717846
AnkleLeft: -0.3979192, -0.7994527, 2.619157
FootLeft: -0.3633704, -0.85175, 2.5181
HipRight: -0.2990592, 0.03691318, 2.820112
KneeRight: -0.3659718, -0.4116769, 2.727013
AnkleRight: -0.3600695, -0.8028179, 2.631441
FootRight: -0.3815609, -0.8509071, 2.500859
=========
HipCenter: -0.3814329, 0.1029405, 2.833192
Spine: -0.3968127, 0.1502768, 2.904961
ShoulderCenter: -0.4218442, 0.5147194, 2.999736
Head: -0.3979778, 0.6861285, 2.988222
ShoulderLeft: -0.5555706, 0.3655507, 2.919126
ElbowLeft: -0.5901337, 0.1471141, 2.862446
WristLeft: -0.5721182, -0.08004238, 2.71728
HandLeft: -0.5683796, -0.1627967, 2.668567
ShoulderRight: -0.2241675, 0.4291987, 3.008014
ElbowRight: 0.01121251, 0.4438624, 3.03214
WristRight: 0.2282296, 0.4415802, 3.035769
HandRight: 0.300426, 0.4404221, 3.030428
HipLeft: -0.4490587, 0.022814, 2.786235
KneeLeft: -0.3874344, -0.5139748, 2.717856
AnkleLeft: -0.3978194, -0.7994192, 2.619209
FootLeft: -0.3634761, -0.8516507, 2.518259
HipRight: -0.298667, 0.03583783, 2.820178
KneeRight: -0.3661514, -0.412227, 2.727004
AnkleRight: -0.3596502, -0.8028349, 2.631582
FootRight: -0.3813884, -0.8508669, 2.501119
=========
HipCenter: -0.381177, 0.1025595, 2.833519
Spine: -0.3966922, 0.1499692, 2.905319
ShoulderCenter: -0.4217649, 0.5147291, 3.000115
Head: -0.3980443, 0.6859925, 2.98877
ShoulderLeft: -0.5551545, 0.3654421, 2.919393
ElbowLeft: -0.5900954, 0.1470162, 2.86233
WristLeft: -0.5720887, -0.08002059, 2.717271
HandLeft: -0.5685326, -0.162827, 2.668626
ShoulderRight: -0.2239273, 0.4292405, 3.008495
ElbowRight: 0.01130869, 0.4438863, 3.032303
WristRight: 0.2291979, 0.4414643, 3.036601
HandRight: 0.3010406, 0.4401559, 3.030487
HipLeft: -0.4485678, 0.0232304, 2.787009
KneeLeft: -0.3867768, -0.5162029, 2.717867
AnkleLeft: -0.3977164, -0.799385, 2.619267
FootLeft: -0.3635409, -0.851572, 2.518403
HipRight: -0.298315, 0.03501374, 2.820235
KneeRight: -0.3664203, -0.4136328, 2.726947
AnkleRight: -0.3592893, -0.8028537, 2.631706
FootRight: -0.3812511, -0.8508226, 2.501432
=========
HipCenter: -0.3809279, 0.1022197, 2.833819
Spine: -0.3965648, 0.1496943, 2.90565
ShoulderCenter: -0.4216975, 0.5147371, 3.000406
Head: -0.398082, 0.685876, 2.989177
ShoulderLeft: -0.5547627, 0.3653191, 2.919672
ElbowLeft: -0.5900583, 0.1469221, 2.862222
WristLeft: -0.5720446, -0.07999771, 2.717264
HandLeft: -0.5686745, -0.1628208, 2.6687
ShoulderRight: -0.2236941, 0.4292816, 3.008986
ElbowRight: 0.01141391, 0.4439134, 3.032472
WristRight: 0.2298232, 0.4414123, 3.037235
HandRight: 0.3015603, 0.4399429, 3.030567
HipLeft: -0.4481355, 0.0235615, 2.787656
KneeLeft: -0.3862662, -0.517857, 2.717857
AnkleLeft: -0.3975978, -0.7993453, 2.619325
FootLeft: -0.3635995, -0.8515066, 2.518526
HipRight: -0.2980049, 0.03435998, 2.820296
KneeRight: -0.3667375, -0.4154105, 2.726842
AnkleRight: -0.3590038, -0.8028654, 2.631791
FootRight: -0.3811465, -0.8507875, 2.501744
=========
HipCenter: -0.3806992, 0.1019309, 2.834099
Spine: -0.3964323, 0.1494576, 2.905962
ShoulderCenter: -0.4216293, 0.5147307, 3.000612
Head: -0.3981222, 0.6858339, 2.989522
ShoulderLeft: -0.554277, 0.3652952, 2.920146
ElbowLeft: -0.5900282, 0.1468451, 2.86215
WristLeft: -0.5719079, -0.07999718, 2.717324
HandLeft: -0.5687924, -0.1627788, 2.668883
ShoulderRight: -0.2234579, 0.4293024, 3.009531
ElbowRight: 0.01154082, 0.4439282, 3.032771
WristRight: 0.2319265, 0.4409167, 3.038296
HandRight: 0.3025998, 0.4401479, 3.031025
HipLeft: -0.447763, 0.02388212, 2.78829
KneeLeft: -0.385942, -0.5190845, 2.717829
AnkleLeft: -0.3974654, -0.799321, 2.6194
FootLeft: -0.3636519, -0.8514491, 2.518631
HipRight: -0.2977892, 0.03387865, 2.820363
KneeRight: -0.3670868, -0.4170526, 2.726783
AnkleRight: -0.358803, -0.8028633, 2.631814
FootRight: -0.3811604, -0.850753, 2.501963
=========
HipCenter: -0.3804975, 0.1016915, 2.834353
Spine: -0.3963112, 0.1492571, 2.906241
ShoulderCenter: -0.4215665, 0.5147169, 3.000766
Head: -0.3981512, 0.6857947, 2.989764
ShoulderLeft: -0.5536148, 0.3653018, 2.920669
ElbowLeft: -0.5900096, 0.146792, 2.862099
WristLeft: -0.5717565, -0.08000516, 2.717387
HandLeft: -0.5689163, -0.1627158, 2.669117
ShoulderRight: -0.2232388, 0.4293139, 3.010028
ElbowRight: 0.01166928, 0.4439416, 3.03307
WristRight: 0.2339411, 0.4404085, 3.039195
HandRight: 0.3036438, 0.4403936, 3.03143
HipLeft: -0.4474252, 0.02420914, 2.788917
KneeLeft: -0.3857284, -0.5199734, 2.717809
AnkleLeft: -0.3973095, -0.7992828, 2.619491
FootLeft: -0.3636953, -0.8514018, 2.518716
HipRight: -0.297638, 0.03353214, 2.820416
KneeRight: -0.3674037, -0.4185222, 2.726738
AnkleRight: -0.3586379, -0.8028698, 2.631837
FootRight: -0.3812049, -0.8507171, 2.502201
=========
HipCenter: -0.3803321, 0.1015014, 2.834576
Spine: -0.3961983, 0.1490939, 2.906491
ShoulderCenter: -0.421515, 0.5147055, 3.000878
Head: -0.3981728, 0.6857636, 2.98993
ShoulderLeft: -0.5531899, 0.3652715, 2.92117
ElbowLeft: -0.5899956, 0.1467458, 2.862062
WristLeft: -0.5715833, -0.08002694, 2.717472
HandLeft: -0.5689914, -0.162664, 2.669384
ShoulderRight: -0.2230368, 0.429316, 3.010485
ElbowRight: 0.01179621, 0.4439502, 3.033355
WristRight: 0.2333245, 0.4407094, 3.038911
HandRight: 0.3038352, 0.4404997, 3.031754
HipLeft: -0.4471906, 0.02449525, 2.789638
KneeLeft: -0.3855924, -0.5206357, 2.717784
AnkleLeft: -0.3971561, -0.7992465, 2.61958
FootLeft: -0.3637333, -0.8513575, 2.5188
HipRight: -0.2975356, 0.03329502, 2.820433
KneeRight: -0.3676217, -0.4197592, 2.726724
AnkleRight: -0.3584952, -0.8028775, 2.631851
FootRight: -0.3812769, -0.850682, 2.50244
=========
HipCenter: -0.3802111, 0.101365, 2.834773
Spine: -0.3961089, 0.148972, 2.906716
ShoulderCenter: -0.4214717, 0.5146957, 3.000961
Head: -0.3979161, 0.6859758, 2.990887
ShoulderLeft: -0.5528275, 0.3652272, 2.921628
ElbowLeft: -0.5899853, 0.1467137, 2.862036
WristLeft: -0.5714223, -0.08003443, 2.717566
HandLeft: -0.5690588, -0.1625727, 2.669696
ShoulderRight: -0.2228402, 0.4293127, 3.010906
ElbowRight: 0.01192547, 0.4439486, 3.03365
WristRight: 0.234631, 0.4404214, 3.038876
HandRight: 0.3046681, 0.4406408, 3.032078
HipLeft: -0.4470493, 0.02478636, 2.79038
KneeLeft: -0.3855269, -0.5211231, 2.71775
AnkleLeft: -0.3970098, -0.7992113, 2.619664
FootLeft: -0.363762, -0.8513222, 2.518871
HipRight: -0.2974676, 0.03312683, 2.820441
KneeRight: -0.367801, -0.4207999, 2.726713
AnkleRight: -0.3583277, -0.8028848, 2.631861
FootRight: -0.3813673, -0.8506497, 2.502707
=========
HipCenter: -0.3800579, 0.1012286, 2.83496
Spine: -0.3960037, 0.1488568, 2.906912
ShoulderCenter: -0.421438, 0.5146824, 3.001011
Head: -0.3976193, 0.6862237, 2.991786
ShoulderLeft: -0.5524412, 0.3652022, 2.922036
ElbowLeft: -0.589978, 0.14669, 2.862017
WristLeft: -0.5712751, -0.08004222, 2.717652
HandLeft: -0.5691236, -0.1624686, 2.669976
ShoulderRight: -0.2226712, 0.4293049, 3.011271
ElbowRight: 0.01212516, 0.4439362, 3.034103
WristRight: 0.237188, 0.4401256, 3.039099
HandRight: 0.3057069, 0.4408875, 3.032511
HipLeft: -0.4468428, 0.02500037, 2.790933
KneeLeft: -0.3855473, -0.5214657, 2.717704
AnkleLeft: -0.3968743, -0.7991682, 2.619745
FootLeft: -0.36378, -0.8512858, 2.518941
HipRight: -0.2973779, 0.03299003, 2.820452
KneeRight: -0.3679571, -0.4216725, 2.726703
AnkleRight: -0.3581789, -0.8028904, 2.631865
FootRight: -0.3814167, -0.8506151, 2.502979
=========
HipCenter: -0.3796661, 0.1010942, 2.835243
Spine: -0.3957312, 0.1487406, 2.90719
ShoulderCenter: -0.4214064, 0.5146728, 3.001061
Head: -0.3973732, 0.6863502, 2.992496
ShoulderLeft: -0.5520539, 0.3652115, 2.922415
ElbowLeft: -0.5899725, 0.1466704, 2.862002
WristLeft: -0.5711606, -0.08002624, 2.717771
HandLeft: -0.5692195, -0.1623034, 2.670306
ShoulderRight: -0.2225118, 0.4292876, 3.011611
ElbowRight: 0.01278211, 0.4440436, 3.034493
WristRight: 0.237906, 0.4402511, 3.039304
HandRight: 0.3067174, 0.4416144, 3.032386
HipLeft: -0.446367, 0.02528245, 2.791446
KneeLeft: -0.3856853, -0.5208316, 2.717768
AnkleLeft: -0.396752, -0.799127, 2.619818
FootLeft: -0.3637992, -0.8512555, 2.518995
HipRight: -0.2969561, 0.03285522, 2.820575
KneeRight: -0.3680948, -0.4223807, 2.726696
AnkleRight: -0.3580822, -0.8028913, 2.631868
FootRight: -0.381435, -0.8506018, 2.503081
=========
HipCenter: -0.3793306, 0.1010291, 2.835502
Spine: -0.395489, 0.1486853, 2.907439
ShoulderCenter: -0.4213603, 0.5146809, 3.001084
Head: -0.3971511, 0.6865687, 2.993351
ShoulderLeft: -0.5516415, 0.3652371, 2.922764
ElbowLeft: -0.5898871, 0.1458488, 2.861431
WristLeft: -0.5710483, -0.08001386, 2.717887
HandLeft: -0.569313, -0.1621643, 2.670604
ShoulderRight: -0.2222983, 0.4292943, 3.011968
ElbowRight: 0.0134432, 0.4442151, 3.034851
WristRight: 0.2394046, 0.4419928, 3.039051
HandRight: 0.3128408, 0.437093, 3.041818
HipLeft: -0.445953, 0.02566589, 2.791968
KneeLeft: -0.3858539, -0.5168917, 2.718317
AnkleLeft: -0.3966519, -0.7990813, 2.619879
FootLeft: -0.3638024, -0.8512329, 2.519031
HipRight: -0.2966272, 0.0327749, 2.820673
KneeRight: -0.3681409, -0.4229988, 2.726691
AnkleRight: -0.3579378, -0.802932, 2.631864
FootRight: -0.3814481, -0.8505918, 2.503156
=========
HipCenter: -0.3786832, 0.1014176, 2.835967
Spine: -0.394864, 0.1490046, 2.907901
ShoulderCenter: -0.4202686, 0.5149773, 3.001417
Head: -0.395426, 0.6871854, 2.993855
ShoulderLeft: -0.5503905, 0.3660764, 2.923612
ElbowLeft: -0.589862, 0.1457357, 2.8613
WristLeft: -0.5709509, -0.07993387, 2.718035
HandLeft: -0.569525, -0.1619094, 2.670818
ShoulderRight: -0.2205065, 0.4298968, 3.013381
ElbowRight: 0.007319147, 0.4814295, 3.040979
WristRight: 0.1674282, 0.6693758, 3.013413
HandRight: 0.2177418, 0.7509755, 3.018521
HipLeft: -0.4452688, 0.02651239, 2.793143
KneeLeft: -0.3850591, -0.510312, 2.719115
AnkleLeft: -0.3965847, -0.7990497, 2.619909
FootLeft: -0.3638058, -0.8512147, 2.519042
HipRight: -0.2961374, 0.0331702, 2.820403
KneeRight: -0.3678455, -0.4235379, 2.726816
AnkleRight: -0.3554297, -0.8033547, 2.632212
FootRight: -0.3814038, -0.8505797, 2.503215
=========
HipCenter: -0.3781547, 0.1017541, 2.836357
Spine: -0.3943218, 0.1492992, 2.908302
ShoulderCenter: -0.419223, 0.5152642, 3.00173
Head: -0.3939326, 0.6877257, 2.994168
ShoulderLeft: -0.5492598, 0.366848, 2.92433
ElbowLeft: -0.5898398, 0.1456718, 2.861163
WristLeft: -0.57087, -0.07986356, 2.718166
HandLeft: -0.5696997, -0.1616767, 2.670986
ShoulderRight: -0.218839, 0.4304465, 3.014655
ElbowRight: 0.003378703, 0.497515, 3.043829
WristRight: 0.1450026, 0.7228717, 3.004774
HandRight: 0.1871296, 0.8064643, 3.011831
HipLeft: -0.4447695, 0.02717276, 2.794424
KneeLeft: -0.3844686, -0.505623, 2.719676
AnkleLeft: -0.3965252, -0.7990102, 2.619931
FootLeft: -0.3638018, -0.8511972, 2.519041
HipRight: -0.2957561, 0.03362015, 2.819917
KneeRight: -0.3675222, -0.4240902, 2.726937
AnkleRight: -0.3530785, -0.8039543, 2.632515
FootRight: -0.3812071, -0.8505355, 2.503348
=========
HipCenter: -0.377177, 0.1022716, 2.836851
Spine: -0.393402, 0.1497471, 2.908797
ShoulderCenter: -0.4180931, 0.5156333, 3.002087
Head: -0.3926305, 0.6881799, 2.994373
ShoulderLeft: -0.5480255, 0.3676873, 2.924975
ElbowLeft: -0.5898032, 0.1456074, 2.861006
WristLeft: -0.5707987, -0.07978882, 2.718292
HandLeft: -0.5698684, -0.1614483, 2.671108
ShoulderRight: -0.2172752, 0.4309514, 3.015807
ElbowRight: 0.0006666421, 0.5058091, 3.045143
WristRight: 0.1082076, 0.7652369, 2.990702
HandRight: 0.1434789, 0.854986, 2.997597
HipLeft: -0.4435743, 0.0280065, 2.796004
KneeLeft: -0.3840531, -0.5023237, 2.720054
AnkleLeft: -0.3964739, -0.7989702, 2.619954
FootLeft: -0.3638016, -0.8511822, 2.519039
HipRight: -0.2949128, 0.03439141, 2.819304
KneeRight: -0.365963, -0.4249592, 2.727126
AnkleRight: -0.3484515, -0.8049957, 2.632896
FootRight: -0.3810066, -0.8504903, 2.503473
=========
HipCenter: -0.3762415, 0.1027692, 2.837285
Spine: -0.3925037, 0.1501963, 2.909243
ShoulderCenter: -0.4169933, 0.5161136, 3.00247
Head: -0.391604, 0.6885093, 2.994422
ShoulderLeft: -0.5469113, 0.3684579, 2.925544
ElbowLeft: -0.5897638, 0.1455672, 2.860856
WristLeft: -0.5707376, -0.07973844, 2.718386
HandLeft: -0.5700709, -0.1611565, 2.671212
ShoulderRight: -0.2160041, 0.4313614, 3.016729
ElbowRight: -0.00176532, 0.5107523, 3.045776
WristRight: 0.08908016, 0.7737136, 2.983083
HandRight: 0.1079717, 0.8689094, 2.986322
HipLeft: -0.4424588, 0.02872724, 2.797393
KneeLeft: -0.3837705, -0.4997701, 2.720311
AnkleLeft: -0.396431, -0.7989357, 2.61997
FootLeft: -0.363798, -0.851173, 2.51904
HipRight: -0.2940554, 0.03521584, 2.818668
KneeRight: -0.3644013, -0.4257244, 2.727304
AnkleRight: -0.3444801, -0.8058647, 2.633213
FootRight: -0.3807951, -0.8504488, 2.503654
=========
HipCenter: -0.3753734, 0.1032624, 2.837665
Spine: -0.3916638, 0.1506433, 2.909643
ShoulderCenter: -0.4160197, 0.5165989, 3.002869
Head: -0.3907571, 0.6888353, 2.9945
ShoulderLeft: -0.5460067, 0.3690917, 2.925995
ElbowLeft: -0.5895019, 0.1445698, 2.859991
WristLeft: -0.5706919, -0.07968727, 2.718481
HandLeft: -0.5702839, -0.1608576, 2.671294
ShoulderRight: -0.2149543, 0.4316914, 3.017468
ElbowRight: -0.004092195, 0.5135331, 3.046134
WristRight: 0.06226489, 0.7771097, 2.969899
HandRight: 0.07906489, 0.8724017, 2.973529
HipLeft: -0.4415175, 0.02933112, 2.798514
KneeLeft: -0.3835727, -0.4979609, 2.720481
AnkleLeft: -0.3963951, -0.7989022, 2.619982
FootLeft: -0.3637973, -0.8511668, 2.519042
HipRight: -0.2932234, 0.03605225, 2.81807
KneeRight: -0.3629601, -0.4263524, 2.727457
AnkleRight: -0.3412542, -0.8065343, 2.633459
FootRight: -0.3806721, -0.8504241, 2.503851
=========
HipCenter: -0.3746571, 0.1036621, 2.837962
Spine: -0.390939, 0.1510186, 2.909968
ShoulderCenter: -0.4146362, 0.5170578, 3.003268
Head: -0.3899753, 0.689173, 2.994629
ShoulderLeft: -0.5453192, 0.3695746, 2.926339
ElbowLeft: -0.5893378, 0.1440127, 2.85935
WristLeft: -0.5706531, -0.07963481, 2.718558
HandLeft: -0.5705675, -0.1604618, 2.671419
ShoulderRight: -0.2141089, 0.4319375, 3.018037
ElbowRight: -0.005449213, 0.5173139, 3.043632
WristRight: 0.02827433, 0.782449, 2.958277
HandRight: 0.03720209, 0.8798668, 2.960988
HipLeft: -0.4409062, 0.0297425, 2.799244
KneeLeft: -0.3834361, -0.4966831, 2.720594
AnkleLeft: -0.396372, -0.7988729, 2.619992
FootLeft: -0.3637996, -0.8511612, 2.51904
HipRight: -0.2925813, 0.03664319, 2.817601
KneeRight: -0.3617046, -0.4269539, 2.727559
AnkleRight: -0.3387403, -0.807159, 2.633615
FootRight: -0.3806914, -0.8504086, 2.503822
=========
HipCenter: -0.3739229, 0.104075, 2.838223
Spine: -0.3902549, 0.151381, 2.910243
ShoulderCenter: -0.4136625, 0.5174233, 3.003541
Head: -0.3893445, 0.6894425, 2.994727
ShoulderLeft: -0.544563, 0.3701913, 2.926735
ElbowLeft: -0.5892166, 0.1436748, 2.858923
WristLeft: -0.5706212, -0.07958738, 2.718614
HandLeft: -0.5708503, -0.1600753, 2.671519
ShoulderRight: -0.2134151, 0.43212, 3.018487
ElbowRight: -0.006327115, 0.5203617, 3.040565
WristRight: 0.003970568, 0.7728179, 2.952065
HandRight: -0.004191326, 0.8727061, 2.947727
HipLeft: -0.440157, 0.03024006, 2.799937
KneeLeft: -0.3833396, -0.4957545, 2.72068
AnkleLeft: -0.3963656, -0.7988368, 2.619995
FootLeft: -0.3638059, -0.8511516, 2.519017
HipRight: -0.2918868, 0.03724334, 2.817173
KneeRight: -0.360122, -0.4275056, 2.727653
AnkleRight: -0.3361936, -0.807691, 2.633744
FootRight: -0.3806926, -0.8503881, 2.503826
=========
HipCenter: -0.3733028, 0.1043826, 2.838405
Spine: -0.3896661, 0.1516607, 2.910447
ShoulderCenter: -0.4128752, 0.5177191, 3.003757
Head: -0.3888245, 0.6896109, 2.994722
ShoulderLeft: -0.5439437, 0.3706954, 2.92704
ElbowLeft: -0.5891305, 0.1434806, 2.858606
WristLeft: -0.5705982, -0.07954814, 2.718662
HandLeft: -0.5711781, -0.1596773, 2.671684
ShoulderRight: -0.2128804, 0.4322454, 3.018791
ElbowRight: -0.007015931, 0.5228592, 3.036787
WristRight: -0.02095978, 0.7590615, 2.94848
HandRight: -0.04894292, 0.8527524, 2.943098
HipLeft: -0.4395917, 0.03057901, 2.800364
KneeLeft: -0.3832708, -0.4950821, 2.720743
AnkleLeft: -0.3963688, -0.7987971, 2.619994
FootLeft: -0.3638147, -0.8511426, 2.51898
HipRight: -0.2912951, 0.03767808, 2.816842
KneeRight: -0.3584734, -0.4279661, 2.72773
AnkleRight: -0.3338912, -0.8081078, 2.633842
FootRight: -0.3807092, -0.8503588, 2.50383
=========
HipCenter: -0.3731002, 0.1052033, 2.838573
Spine: -0.3891878, 0.1525621, 2.910694
ShoulderCenter: -0.409939, 0.5195661, 3.003969
Head: -0.3747732, 0.6896448, 2.993407
ShoulderLeft: -0.5400651, 0.3763177, 2.929889
ElbowLeft: -0.5890931, 0.1436009, 2.858489
WristLeft: -0.5705701, -0.0795553, 2.718705
HandLeft: -0.571619, -0.1591046, 2.67187
ShoulderRight: -0.2115859, 0.4318176, 3.018173
ElbowRight: -0.01526617, 0.5249925, 3.018015
WristRight: -0.1227633, 0.6871397, 2.912543
HandRight: -0.1669489, 0.7546427, 2.88962
HipLeft: -0.439935, 0.03304197, 2.800972
KneeLeft: -0.3833203, -0.4944726, 2.720816
AnkleLeft: -0.3964561, -0.7987115, 2.619992
FootLeft: -0.3638211, -0.8511399, 2.518944
HipRight: -0.2913123, 0.03833565, 2.816389
KneeRight: -0.3605144, -0.4276438, 2.727363
AnkleRight: -0.336245, -0.807646, 2.633491
FootRight: -0.3806439, -0.8503481, 2.504041
=========
HipCenter: -0.3730024, 0.1059949, 2.838698
Spine: -0.3887921, 0.153401, 2.910897
ShoulderCenter: -0.4076213, 0.5210139, 3.004131
Head: -0.3680341, 0.6905451, 2.991986
ShoulderLeft: -0.5381929, 0.3790903, 2.931425
ElbowLeft: -0.5890628, 0.1438216, 2.858446
WristLeft: -0.570534, -0.07958156, 2.718748
HandLeft: -0.5720829, -0.1584508, 2.672074
ShoulderRight: -0.2101294, 0.4312345, 3.017343
ElbowRight: -0.01951607, 0.5252842, 3.008031
WristRight: -0.2127055, 0.6474731, 2.87348
HandRight: -0.2711444, 0.6899349, 2.836644
HipLeft: -0.4403946, 0.03517853, 2.80136
KneeLeft: -0.3834112, -0.4939911, 2.720874
AnkleLeft: -0.3965589, -0.7986233, 2.619993
FootLeft: -0.3638177, -0.8511394, 2.518897
HipRight: -0.2914159, 0.03890922, 2.815993
KneeRight: -0.3626093, -0.4272701, 2.727011
AnkleRight: -0.3387721, -0.8071762, 2.633157
FootRight: -0.3805809, -0.8503357, 2.504203
=========
HipCenter: -0.3728674, 0.1067028, 2.838773
Spine: -0.3883645, 0.1541596, 2.911039
ShoulderCenter: -0.4058618, 0.5220288, 3.004171
Head: -0.3642476, 0.6908132, 2.990484
ShoulderLeft: -0.5371664, 0.3808423, 2.932463
ElbowLeft: -0.5890423, 0.1440865, 2.858448
WristLeft: -0.5704949, -0.07961733, 2.718784
HandLeft: -0.5725116, -0.1578177, 2.672259
ShoulderRight: -0.2084067, 0.4304457, 3.016274
ElbowRight: -0.02258054, 0.5246843, 3.001261
WristRight: -0.2461768, 0.6262682, 2.858934
HandRight: -0.3103101, 0.6629457, 2.817897
HipLeft: -0.4406573, 0.03669994, 2.801462
KneeLeft: -0.3835253, -0.4936354, 2.720905
AnkleLeft: -0.3966825, -0.7985336, 2.619994
FootLeft: -0.3638304, -0.8511362, 2.518858
HipRight: -0.2913371, 0.03922338, 2.81577
KneeRight: -0.364488, -0.4269219, 2.7267
AnkleRight: -0.3411209, -0.8067676, 2.632862
FootRight: -0.3805373, -0.8503281, 2.504302
=========
HipCenter: -0.3726175, 0.1070769, 2.838781
Spine: -0.3878724, 0.1545803, 2.911091
ShoulderCenter: -0.4046406, 0.5225075, 3.004204
Head: -0.3618656, 0.6906981, 2.989212
ShoulderLeft: -0.5361959, 0.3817058, 2.932942
ElbowLeft: -0.5890334, 0.1443663, 2.858476
WristLeft: -0.5704625, -0.07965329, 2.718818
HandLeft: -0.572889, -0.1572484, 2.672415
ShoulderRight: -0.2069562, 0.4297572, 3.015269
ElbowRight: -0.02482043, 0.5236482, 2.996163
WristRight: -0.2078001, 0.6033145, 2.872529
HandRight: -0.265339, 0.6268778, 2.836206
HipLeft: -0.4405697, 0.03747736, 2.801527
KneeLeft: -0.3837172, -0.4934162, 2.72089
AnkleLeft: -0.3968114, -0.7984472, 2.619994
FootLeft: -0.3638357, -0.8511339, 2.518817
HipRight: -0.2912076, 0.0394269, 2.815557
KneeRight: -0.3660132, -0.4266441, 2.726441
AnkleRight: -0.3430803, -0.8064539, 2.632621
FootRight: -0.3804483, -0.8503171, 2.504434
=========
HipCenter: -0.372395, 0.1073733, 2.838778
Spine: -0.3873242, 0.1549245, 2.911134
ShoulderCenter: -0.403864, 0.5228235, 3.004267
Head: -0.361665, 0.6906075, 2.98919
ShoulderLeft: -0.5352539, 0.3822244, 2.933182
ElbowLeft: -0.589021, 0.1445485, 2.858492
WristLeft: -0.5704452, -0.07967396, 2.71885
HandLeft: -0.5732276, -0.1567533, 2.67256
ShoulderRight: -0.2040132, 0.4305092, 3.013286
ElbowRight: -0.02451114, 0.5222117, 2.992219
WristRight: -0.2523402, 0.572405, 2.851221
HandRight: -0.2937822, 0.6052914, 2.821863
HipLeft: -0.4404803, 0.03802927, 2.80159
KneeLeft: -0.3841606, -0.493159, 2.720836
AnkleLeft: -0.3970065, -0.7983118, 2.62002
FootLeft: -0.3638472, -0.8511254, 2.518774
HipRight: -0.2910877, 0.03957909, 2.815377
KneeRight: -0.3672861, -0.4264355, 2.72624
AnkleRight: -0.344781, -0.8062295, 2.632432
FootRight: -0.3802963, -0.850294, 2.504606
=========
HipCenter: -0.3721722, 0.1075741, 2.838776
Spine: -0.3867258, 0.1551234, 2.911176
ShoulderCenter: -0.4032269, 0.5228599, 3.004311
Head: -0.3635771, 0.6903417, 2.989862
ShoulderLeft: -0.5344759, 0.3825169, 2.933294
ElbowLeft: -0.5890123, 0.1447236, 2.858519
WristLeft: -0.5704296, -0.07969815, 2.718887
HandLeft: -0.5734976, -0.1563697, 2.672672
ShoulderRight: -0.2009445, 0.4318297, 3.011162
ElbowRight: -0.02272629, 0.5202466, 2.989063
WristRight: -0.2532163, 0.5593125, 2.846718
HandRight: -0.2995636, 0.5935802, 2.817014
HipLeft: -0.4403174, 0.03829323, 2.801415
KneeLeft: -0.3844824, -0.4929405, 2.720814
AnkleLeft: -0.3971994, -0.7981803, 2.620046
FootLeft: -0.3638562, -0.8511174, 2.518732
HipRight: -0.2906586, 0.03935077, 2.81545
KneeRight: -0.3682972, -0.42627, 2.726078
AnkleRight: -0.3461799, -0.8060681, 2.632276
FootRight: -0.3801463, -0.8502711, 2.504771
=========
HipCenter: -0.3719635, 0.1077537, 2.838788
Spine: -0.3861931, 0.155272, 2.911219
ShoulderCenter: -0.4031411, 0.522312, 3.004187
Head: -0.3670523, 0.6899916, 2.99071
ShoulderLeft: -0.5337813, 0.3825887, 2.933261
ElbowLeft: -0.5890064, 0.1448913, 2.858555
WristLeft: -0.5704213, -0.07971472, 2.718916
HandLeft: -0.5737432, -0.1560274, 2.672766
ShoulderRight: -0.1982388, 0.4331681, 3.009298
ElbowRight: -0.01945133, 0.517552, 2.98465
WristRight: -0.2482677, 0.5508966, 2.844764
HandRight: -0.3002056, 0.5865524, 2.813621
HipLeft: -0.4401568, 0.03847134, 2.801335
KneeLeft: -0.3851487, -0.4924794, 2.720739
AnkleLeft: -0.3973826, -0.7980569, 2.620073
FootLeft: -0.3638589, -0.8511127, 2.518696
HipRight: -0.2902598, 0.03922809, 2.815513
KneeRight: -0.3690916, -0.4261407, 2.725945
AnkleRight: -0.3471136, -0.8059691, 2.632198
FootRight: -0.3799068, -0.850225, 2.505313
=========
HipCenter: -0.3718005, 0.1079255, 2.838807
Spine: -0.385746, 0.1554359, 2.911262
ShoulderCenter: -0.4031957, 0.5218154, 3.003751
Head: -0.3723825, 0.6902669, 2.992345
ShoulderLeft: -0.5331968, 0.3822236, 2.933002
ElbowLeft: -0.589004, 0.1450142, 2.858594
WristLeft: -0.5702341, -0.07990178, 2.718793
HandLeft: -0.5739632, -0.1557151, 2.672843
ShoulderRight: -0.1961329, 0.434758, 3.007619
ElbowRight: -0.01566596, 0.5142826, 2.97949
WristRight: -0.2462012, 0.5342105, 2.83764
HandRight: -0.3011462, 0.5774486, 2.808542
HipLeft: -0.4400584, 0.03859655, 2.801298
KneeLeft: -0.3865699, -0.4916691, 2.720569
AnkleLeft: -0.3975429, -0.7979429, 2.620106
FootLeft: -0.3638604, -0.8511086, 2.518661
HipRight: -0.2899858, 0.03917339, 2.815571
KneeRight: -0.3697162, -0.4260429, 2.725841
AnkleRight: -0.3477925, -0.8059146, 2.632172
FootRight: -0.3796627, -0.8501775, 2.505857
=========
HipCenter: -0.3716939, 0.1080491, 2.838823
Spine: -0.3853563, 0.1555711, 2.911298
ShoulderCenter: -0.4025516, 0.5201802, 3.00215
Head: -0.3771567, 0.6905073, 2.993763
ShoulderLeft: -0.5327511, 0.3816568, 2.932645
ElbowLeft: -0.5890037, 0.1451132, 2.858628
WristLeft: -0.5700977, -0.08012281, 2.718733
HandLeft: -0.5741567, -0.1554548, 2.67294
ShoulderRight: -0.1948451, 0.4362803, 3.005864
ElbowRight: -0.01237468, 0.5100639, 2.973469
WristRight: -0.2457881, 0.5257683, 2.834216
HandRight: -0.3015793, 0.5713905, 2.805088
HipLeft: -0.4400199, 0.03865701, 2.801291
KneeLeft: -0.388532, -0.4907458, 2.720338
AnkleLeft: -0.3976964, -0.7978345, 2.620141
FootLeft: -0.3638597, -0.8511055, 2.518627
HipRight: -0.2898702, 0.03913734, 2.815588
KneeRight: -0.3702118, -0.4259627, 2.725762
AnkleRight: -0.3483159, -0.805887, 2.632173
FootRight: -0.3795179, -0.8501421, 2.506316
=========
HipCenter: -0.3716352, 0.1081197, 2.838833
Spine: -0.3850657, 0.1556422, 2.911322
ShoulderCenter: -0.4022075, 0.5187914, 3.000417
Head: -0.3810902, 0.6905198, 2.995079
ShoulderLeft: -0.5326163, 0.3806471, 2.932154
ElbowLeft: -0.5890103, 0.1452074, 2.858678
WristLeft: -0.5699864, -0.08030411, 2.71869
HandLeft: -0.5743296, -0.1552269, 2.673
ShoulderRight: -0.1946465, 0.437649, 3.003081
ElbowRight: -0.01076801, 0.5058119, 2.969267
WristRight: -0.245986, 0.520554, 2.832289
HandRight: -0.2888983, 0.5058712, 2.797314
HipLeft: -0.4400824, 0.03847735, 2.801365
KneeLeft: -0.3904799, -0.489884, 2.720128
AnkleLeft: -0.3978048, -0.7977705, 2.620189
FootLeft: -0.3638593, -0.8511028, 2.518599
HipRight: -0.2898737, 0.03901095, 2.81563
KneeRight: -0.3706042, -0.4258988, 2.725702
AnkleRight: -0.3487224, -0.8058817, 2.632193
FootRight: -0.3793972, -0.8501123, 2.506727
=========
HipCenter: -0.3716811, 0.1079951, 2.838773
Spine: -0.384869, 0.1556096, 2.911278
ShoulderCenter: -0.4021056, 0.5178002, 2.998799
Head: -0.3838331, 0.6905066, 2.996037
ShoulderLeft: -0.5325552, 0.3794815, 2.931475
ElbowLeft: -0.5890249, 0.1452952, 2.858752
WristLeft: -0.5699033, -0.08044624, 2.718656
HandLeft: -0.5744972, -0.1550309, 2.673063
ShoulderRight: -0.1965163, 0.4365438, 2.998708
ElbowRight: -0.01150544, 0.4999958, 2.966035
WristRight: -0.2459669, 0.5166036, 2.831097
HandRight: -0.2842109, 0.4801408, 2.793962
HipLeft: -0.4402551, 0.03806123, 2.801407
KneeLeft: -0.3925529, -0.4891262, 2.719894
AnkleLeft: -0.3979022, -0.7977142, 2.620241
FootLeft: -0.3638595, -0.8510973, 2.518564
HipRight: -0.2900576, 0.03869371, 2.815648
KneeRight: -0.370919, -0.4258474, 2.725654
AnkleRight: -0.3490427, -0.8058941, 2.632222
FootRight: -0.3793456, -0.8500872, 2.506904
=========
HipCenter: -0.3723322, 0.1074989, 2.83839
Spine: -0.3849551, 0.1554391, 2.911038
ShoulderCenter: -0.4022897, 0.5173955, 2.997411
Head: -0.3862358, 0.6904411, 2.996835
ShoulderLeft: -0.5331727, 0.3781399, 2.93093
ElbowLeft: -0.5890578, 0.1453793, 2.858861
WristLeft: -0.5698277, -0.08056425, 2.718637
HandLeft: -0.5746284, -0.1548884, 2.673117
ShoulderRight: -0.2017594, 0.4271849, 2.991655
ElbowRight: -0.01587106, 0.4908313, 2.962623
WristRight: -0.241632, 0.4847974, 2.803348
HandRight: -0.2780124, 0.4366321, 2.764639
HipLeft: -0.4414313, 0.03705283, 2.801365
KneeLeft: -0.3945657, -0.4884073, 2.719653
AnkleLeft: -0.3979914, -0.7976639, 2.620288
FootLeft: -0.3638562, -0.851092, 2.518525
HipRight: -0.2912007, 0.03795872, 2.815094
KneeRight: -0.3711597, -0.4258079, 2.72562
AnkleRight: -0.349281, -0.8059213, 2.632266
FootRight: -0.3793042, -0.8500625, 2.507054
=========
HipCenter: -0.3741494, 0.1060417, 2.837421
Spine: -0.3856578, 0.1546583, 2.910398
ShoulderCenter: -0.4026773, 0.5170821, 2.996384
Head: -0.3879464, 0.6904312, 2.997462
ShoulderLeft: -0.5345381, 0.3764812, 2.930429
ElbowLeft: -0.5890929, 0.1454532, 2.85897
WristLeft: -0.5697275, -0.08069734, 2.718653
HandLeft: -0.5747564, -0.1547672, 2.673169
ShoulderRight: -0.2068551, 0.4173503, 2.984009
ElbowRight: -0.02055028, 0.4816572, 2.961347
WristRight: -0.2077926, 0.4532222, 2.817617
HandRight: -0.2748714, 0.4221342, 2.758435
HipLeft: -0.4442016, 0.03485719, 2.801217
KneeLeft: -0.3966912, -0.4877457, 2.719422
AnkleLeft: -0.3980626, -0.7976268, 2.62033
FootLeft: -0.3638527, -0.8510899, 2.5185
HipRight: -0.2937268, 0.03628125, 2.813315
KneeRight: -0.3713375, -0.425777, 2.725591
AnkleRight: -0.3494528, -0.8059577, 2.632311
FootRight: -0.3792968, -0.8500429, 2.507176
=========
HipCenter: -0.3760477, 0.104554, 2.836543
Spine: -0.3865232, 0.1537671, 2.909755
ShoulderCenter: -0.4030671, 0.5168675, 2.995569
Head: -0.389115, 0.6904431, 2.997824
ShoulderLeft: -0.5360466, 0.3751418, 2.930135
ElbowLeft: -0.5891282, 0.1455126, 2.859076
WristLeft: -0.5696706, -0.08089854, 2.718762
HandLeft: -0.5754005, -0.1536484, 2.673767
ShoulderRight: -0.2096987, 0.4121653, 2.97986
ElbowRight: -0.02341203, 0.4759606, 2.960217
WristRight: -0.1989956, 0.4427028, 2.820226
HandRight: -0.2727495, 0.4132604, 2.75508
HipLeft: -0.4467436, 0.0328805, 2.801088
KneeLeft: -0.3988743, -0.4871678, 2.719214
AnkleLeft: -0.3981276, -0.7975954, 2.62037
FootLeft: -0.363848, -0.8510885, 2.518478
HipRight: -0.2963703, 0.0345907, 2.811802
KneeRight: -0.3714622, -0.4257568, 2.725572
AnkleRight: -0.349566, -0.8060158, 2.63237
FootRight: -0.3792863, -0.8500369, 2.507237
=========
HipCenter: -0.3777162, 0.1031921, 2.835855
Spine: -0.3874288, 0.1527454, 2.909199
ShoulderCenter: -0.4037348, 0.5166668, 2.995296
Head: -0.3899411, 0.6904474, 2.998076
ShoulderLeft: -0.5372946, 0.3741719, 2.929936
ElbowLeft: -0.5891735, 0.1455819, 2.859196
WristLeft: -0.5697324, -0.08102117, 2.718805
HandLeft: -0.5770654, -0.1520121, 2.67449
ShoulderRight: -0.2114485, 0.4096898, 2.977538
ElbowRight: -0.02529988, 0.4713067, 2.959697
WristRight: -0.197729, 0.4171398, 2.80843
HandRight: -0.2487485, 0.3876716, 2.757446
HipLeft: -0.448709, 0.03128127, 2.800957
KneeLeft: -0.399902, -0.4873108, 2.719092
AnkleLeft: -0.3981838, -0.7975715, 2.620407
FootLeft: -0.3638421, -0.8510875, 2.518459
HipRight: -0.2986173, 0.03320926, 2.810746
KneeRight: -0.3715551, -0.4257423, 2.725557
AnkleRight: -0.3496389, -0.8060896, 2.632435
FootRight: -0.3792728, -0.8500313, 2.507292
=========
HipCenter: -0.3795419, 0.1017042, 2.835269
Spine: -0.3885053, 0.151597, 2.908726
ShoulderCenter: -0.4044604, 0.516555, 2.995268
Head: -0.3905942, 0.6904592, 2.998327
ShoulderLeft: -0.5383945, 0.3734816, 2.929864
ElbowLeft: -0.5892247, 0.1456545, 2.859318
WristLeft: -0.569617, -0.08120508, 2.719023
HandLeft: -0.5774467, -0.1516483, 2.674726
ShoulderRight: -0.2133413, 0.4088249, 2.976097
ElbowRight: -0.02676068, 0.4680103, 2.958743
WristRight: -0.1938471, 0.4145078, 2.810962
HandRight: -0.2341626, 0.3673606, 2.757316
HipLeft: -0.4504988, 0.0297902, 2.800973
KneeLeft: -0.4006911, -0.4875795, 2.718993
AnkleLeft: -0.3982345, -0.7975505, 2.620442
FootLeft: -0.3638363, -0.8510871, 2.518443
HipRight: -0.3012947, 0.03182272, 2.809679
KneeRight: -0.3716239, -0.4257313, 2.725546
AnkleRight: -0.3496789, -0.8061767, 2.632509
FootRight: -0.3792644, -0.8500291, 2.507333
=========
HipCenter: -0.3806814, 0.1005908, 2.834846
Spine: -0.3892915, 0.1506068, 2.908342
ShoulderCenter: -0.4051317, 0.5164364, 2.995329
Head: -0.3910703, 0.6904669, 2.998514
ShoulderLeft: -0.539322, 0.372865, 2.92979
ElbowLeft: -0.5892761, 0.145724, 2.859437
WristLeft: -0.5695119, -0.08138457, 2.719279
HandLeft: -0.5777416, -0.1513928, 2.67492
ShoulderRight: -0.2166825, 0.4122079, 2.976897
ElbowRight: -0.02810923, 0.4652783, 2.957415
WristRight: -0.1908772, 0.3691833, 2.785208
HandRight: -0.2160504, 0.2962727, 2.731142
HipLeft: -0.4514941, 0.02863475, 2.800989
KneeLeft: -0.4012683, -0.4879976, 2.718914
AnkleLeft: -0.3982797, -0.7975321, 2.620474
FootLeft: -0.3638298, -0.8510869, 2.518429
HipRight: -0.3026985, 0.03108783, 2.809022
KneeRight: -0.3716762, -0.4257224, 2.725538
AnkleRight: -0.3496978, -0.8062702, 2.632584
FootRight: -0.3792579, -0.8500282, 2.507365
=========
HipCenter: -0.3815994, 0.09969478, 2.834558
Spine: -0.3899754, 0.1497619, 2.908062
ShoulderCenter: -0.405741, 0.5163465, 2.995454
Head: -0.3914264, 0.6904717, 2.998662
ShoulderLeft: -0.5400947, 0.3723635, 2.929805
ElbowLeft: -0.5893471, 0.145803, 2.8596
WristLeft: -0.5694611, -0.08149953, 2.719482
HandLeft: -0.5779759, -0.1512112, 2.67509
ShoulderRight: -0.2194124, 0.4163642, 2.978597
ElbowRight: -0.02901871, 0.4629418, 2.955315
WristRight: -0.1734484, 0.3342486, 2.767962
HandRight: -0.1695203, 0.2899228, 2.741699
HipLeft: -0.4522665, 0.0276674, 2.801098
KneeLeft: -0.4016897, -0.4884929, 2.718847
AnkleLeft: -0.3983229, -0.797515, 2.620507
FootLeft: -0.363822, -0.8510885, 2.518412
HipRight: -0.3038687, 0.03057138, 2.808538
KneeRight: -0.371718, -0.4257203, 2.725534
AnkleRight: -0.3496975, -0.8064026, 2.632679
FootRight: -0.3792407, -0.8500321, 2.507381
=========
HipCenter: -0.3822825, 0.09904314, 2.834367
Spine: -0.3905672, 0.1490743, 2.907855
ShoulderCenter: -0.4065141, 0.5162179, 2.995685
Head: -0.3917027, 0.6904594, 2.998768
ShoulderLeft: -0.5407327, 0.3719771, 2.929848
ElbowLeft: -0.5894238, 0.1458827, 2.859766
WristLeft: -0.5694305, -0.08159485, 2.719685
HandLeft: -0.5781682, -0.1511059, 2.675243
ShoulderRight: -0.221061, 0.4199573, 2.980771
ElbowRight: -0.02920448, 0.4612147, 2.953952
WristRight: -0.1371728, 0.3159261, 2.769505
HandRight: -0.1456193, 0.2811231, 2.746017
HipLeft: -0.4528262, 0.02692688, 2.8012
KneeLeft: -0.4019783, -0.4890195, 2.718789
AnkleLeft: -0.3983648, -0.7974989, 2.620545
FootLeft: -0.3638136, -0.8510898, 2.518398
HipRight: -0.3046888, 0.03025649, 2.808216
KneeRight: -0.371749, -0.4257209, 2.725532
AnkleRight: -0.3496743, -0.8065548, 2.632784
FootRight: -0.3791448, -0.8500497, 2.507335
=========
HipCenter: -0.3828069, 0.09854221, 2.834245
Spine: -0.3911295, 0.1484929, 2.907705
ShoulderCenter: -0.4072199, 0.5161126, 2.99593
Head: -0.3919248, 0.6904545, 2.998852
ShoulderLeft: -0.5412406, 0.3716772, 2.929904
ElbowLeft: -0.589527, 0.1460044, 2.859988
WristLeft: -0.5694386, -0.08164342, 2.719912
HandLeft: -0.5783285, -0.151046, 2.675368
ShoulderRight: -0.2215986, 0.4236064, 2.984339
ElbowRight: -0.0291611, 0.4598237, 2.95334
WristRight: -0.1105436, 0.3114055, 2.774638
HandRight: -0.1284905, 0.2770224, 2.750533
HipLeft: -0.4532545, 0.02628084, 2.801377
KneeLeft: -0.4021341, -0.4895784, 2.718736
AnkleLeft: -0.3983985, -0.7974893, 2.620583
FootLeft: -0.3638052, -0.8510913, 2.518384
HipRight: -0.3053058, 0.03004337, 2.807983
KneeRight: -0.3717726, -0.4257231, 2.72553
AnkleRight: -0.3496399, -0.8067155, 2.632888
FootRight: -0.3790634, -0.8500684, 2.507298
=========
HipCenter: -0.3832073, 0.09815589, 2.834183
Spine: -0.3916143, 0.1480134, 2.907625
ShoulderCenter: -0.4079846, 0.5160055, 2.996243
Head: -0.3921075, 0.6904468, 2.998914
ShoulderLeft: -0.5416778, 0.3713779, 2.929944
ElbowLeft: -0.5896274, 0.146115, 2.86021
WristLeft: -0.5698246, -0.08159273, 2.720038
HandLeft: -0.5789567, -0.1500908, 2.676101
ShoulderRight: -0.2217465, 0.4263252, 2.987237
ElbowRight: -0.02902825, 0.4581865, 2.953319
WristRight: -0.07804859, 0.3147773, 2.783661
HandRight: -0.09523794, 0.263428, 2.758707
HipLeft: -0.4535608, 0.0257644, 2.801547
KneeLeft: -0.4021963, -0.4901198, 2.7187
AnkleLeft: -0.3984309, -0.7974817, 2.620624
FootLeft: -0.3637969, -0.8510929, 2.518371
HipRight: -0.3057681, 0.02989702, 2.807851
KneeRight: -0.3717902, -0.425726, 2.72553
AnkleRight: -0.349596, -0.8068817, 2.632988
FootRight: -0.378934, -0.8501087, 2.507235
=========
HipCenter: -0.3835353, 0.09793829, 2.834206
Spine: -0.3920225, 0.1477117, 2.907649
ShoulderCenter: -0.4088488, 0.5159178, 2.996861
Head: -0.3922997, 0.6904429, 2.999061
ShoulderLeft: -0.5421778, 0.3710641, 2.930094
ElbowLeft: -0.5897279, 0.1462239, 2.86043
WristLeft: -0.5698584, -0.08158391, 2.720234
HandLeft: -0.5834877, -0.1458793, 2.67756
ShoulderRight: -0.221568, 0.4283952, 2.989671
ElbowRight: -0.03291615, 0.4642802, 2.994322
WristRight: -0.05410445, 0.316444, 2.788626
HandRight: -0.06779248, 0.2501272, 2.761807
HipLeft: -0.4537973, 0.02541723, 2.8017
KneeLeft: -0.4021627, -0.4906221, 2.718678
AnkleLeft: -0.3984549, -0.797478, 2.620657
FootLeft: -0.3637847, -0.8510967, 2.518348
HipRight: -0.3061468, 0.02991982, 2.80783
KneeRight: -0.3718043, -0.42573, 2.72553
AnkleRight: -0.3495489, -0.8070534, 2.633087
FootRight: -0.3788078, -0.8501426, 2.507195
=========
HipCenter: -0.3837145, 0.09781331, 2.834285
Spine: -0.3922856, 0.1475074, 2.907694
ShoulderCenter: -0.4096025, 0.5158537, 2.997438
Head: -0.3925979, 0.6904064, 2.99925
ShoulderLeft: -0.5427297, 0.3706896, 2.930268
ElbowLeft: -0.5898659, 0.1463307, 2.860685
WristLeft: -0.5698781, -0.08156979, 2.720515
HandLeft: -0.5877281, -0.1414793, 2.678491
ShoulderRight: -0.2211869, 0.4299834, 2.991784
ElbowRight: -0.03479014, 0.4677709, 3.016303
WristRight: -0.02524278, 0.3141929, 2.793652
HandRight: -0.03387295, 0.250107, 2.76669
HipLeft: -0.4539089, 0.02514775, 2.801799
KneeLeft: -0.4020799, -0.4910837, 2.718663
AnkleLeft: -0.3984804, -0.7974733, 2.620692
FootLeft: -0.3637782, -0.8510993, 2.518335
HipRight: -0.3059349, 0.03022598, 2.808255
KneeRight: -0.3718159, -0.425735, 2.72553
AnkleRight: -0.3495008, -0.8072277, 2.633181
FootRight: -0.3786967, -0.8501668, 2.507216
=========
HipCenter: -0.3837613, 0.09774676, 2.834438
Spine: -0.3924793, 0.1473509, 2.907761
ShoulderCenter: -0.410368, 0.5157484, 2.997953
Head: -0.3928891, 0.6903659, 2.999424
ShoulderLeft: -0.5431213, 0.3703453, 2.930381
ElbowLeft: -0.5899857, 0.1464027, 2.860899
WristLeft: -0.5698976, -0.08157661, 2.720803
HandLeft: -0.5915708, -0.1375481, 2.679109
ShoulderRight: -0.2208488, 0.4311214, 2.993523
ElbowRight: -0.03571504, 0.4694954, 3.025728
WristRight: -0.008795349, 0.3126265, 2.796858
HandRight: -0.007960547, 0.2449069, 2.767259
HipLeft: -0.4537093, 0.02489624, 2.802018
KneeLeft: -0.4019813, -0.4914573, 2.718666
AnkleLeft: -0.3985195, -0.7974622, 2.620723
FootLeft: -0.3637695, -0.8511028, 2.518322
HipRight: -0.305475, 0.03064027, 2.80879
KneeRight: -0.3718243, -0.4257396, 2.725533
AnkleRight: -0.3494457, -0.8074036, 2.633282
FootRight: -0.3785232, -0.8501793, 2.507413
=========
HipCenter: -0.3837859, 0.0977366, 2.83467
Spine: -0.3926741, 0.1472378, 2.907899
ShoulderCenter: -0.4110551, 0.5156575, 2.998453
Head: -0.3931758, 0.6903288, 2.999574
ShoulderLeft: -0.5435959, 0.3699573, 2.930477
ElbowLeft: -0.5901233, 0.1464689, 2.861173
WristLeft: -0.5699658, -0.08157072, 2.721139
HandLeft: -0.5945225, -0.1345527, 2.679568
ShoulderRight: -0.2205142, 0.4319427, 2.994967
ElbowRight: -0.03684588, 0.4705133, 3.034064
WristRight: 0.02209948, 0.3070362, 2.814606
HandRight: 0.03747594, 0.2427741, 2.764823
HipLeft: -0.4535408, 0.02471089, 2.802232
KneeLeft: -0.4018698, -0.4917803, 2.718676
AnkleLeft: -0.3985724, -0.7974486, 2.620757
FootLeft: -0.3637646, -0.8511031, 2.518315
HipRight: -0.3051326, 0.03099332, 2.809375
KneeRight: -0.3718305, -0.4257448, 2.725537
AnkleRight: -0.3493867, -0.807582, 2.633383
FootRight: -0.3783432, -0.8501857, 2.507632
=========
HipCenter: -0.3837946, 0.09775089, 2.834944
Spine: -0.3928704, 0.1471497, 2.908095
ShoulderCenter: -0.4117872, 0.5156707, 2.999123
Head: -0.3935586, 0.6903349, 2.999804
ShoulderLeft: -0.5439767, 0.3697152, 2.930583
ElbowLeft: -0.5902547, 0.1465265, 2.861437
WristLeft: -0.5700613, -0.08155335, 2.721468
HandLeft: -0.5966833, -0.1323907, 2.679903
ShoulderRight: -0.220241, 0.4324954, 2.996106
ElbowRight: -0.03748093, 0.4712022, 3.038826
WristRight: 0.04463176, 0.3119912, 2.820612
HandRight: 0.07721019, 0.2401967, 2.763421
HipLeft: -0.4533602, 0.02456895, 2.802441
KneeLeft: -0.4017458, -0.4920731, 2.71869
AnkleLeft: -0.3986346, -0.7974327, 2.620797
FootLeft: -0.3637611, -0.8511022, 2.518308
HipRight: -0.3048981, 0.03130696, 2.809963
KneeRight: -0.3718348, -0.4257509, 2.725543
AnkleRight: -0.3493237, -0.8077639, 2.633483
FootRight: -0.3782258, -0.8501929, 2.507787
=========
HipCenter: -0.3838309, 0.09774594, 2.835235
Spine: -0.3931196, 0.1470601, 2.908346
ShoulderCenter: -0.4125156, 0.5157221, 2.999761
Head: -0.393939, 0.690348, 3.000031
ShoulderLeft: -0.5442972, 0.369516, 2.930677
ElbowLeft: -0.5903741, 0.1465803, 2.861666
WristLeft: -0.5701132, -0.08152889, 2.721804
HandLeft: -0.5989502, -0.1301773, 2.680278
ShoulderRight: -0.2199482, 0.4328411, 2.997181
ElbowRight: -0.03792217, 0.4716688, 3.042228
WristRight: 0.07627397, 0.3864334, 2.855053
HandRight: 0.1005911, 0.2453095, 2.764392
HipLeft: -0.4532242, 0.02441801, 2.802696
KneeLeft: -0.4016368, -0.4923242, 2.718709
AnkleLeft: -0.3987021, -0.79741, 2.62083
FootLeft: -0.3637571, -0.8511009, 2.518299
HipRight: -0.3047864, 0.03151682, 2.810418
KneeRight: -0.3718383, -0.4257563, 2.725549
AnkleRight: -0.3492622, -0.8079411, 2.633579
FootRight: -0.3781483, -0.8501905, 2.508031
=========
HipCenter: -0.3838564, 0.09774962, 2.835511
Spine: -0.3933651, 0.1469875, 2.908594
ShoulderCenter: -0.4131348, 0.5157825, 3.000319
Head: -0.3943054, 0.6903537, 3.000242
ShoulderLeft: -0.5445647, 0.3693474, 2.930757
ElbowLeft: -0.5904764, 0.1466246, 2.861857
WristLeft: -0.5699241, -0.08146852, 2.722175
HandLeft: -0.6030408, -0.1259897, 2.681772
ShoulderRight: -0.2196868, 0.4330242, 2.998277
ElbowRight: -0.03831931, 0.4719269, 3.044554
WristRight: 0.08751589, 0.3841078, 2.864317
HandRight: 0.1246793, 0.2541892, 2.769398
HipLeft: -0.453135, 0.0243102, 2.802838
KneeLeft: -0.4015377, -0.4925381, 2.718731
AnkleLeft: -0.3987711, -0.7973853, 2.620861
FootLeft: -0.3637534, -0.8511, 2.518291
HipRight: -0.3046952, 0.03169051, 2.810853
KneeRight: -0.3718408, -0.4257603, 2.725557
AnkleRight: -0.3492014, -0.8081097, 2.633673
FootRight: -0.3780839, -0.850186, 2.508268
=========
HipCenter: -0.3839088, 0.09775453, 2.83579
Spine: -0.3936447, 0.1469188, 2.908866
ShoulderCenter: -0.4136599, 0.5158293, 3.000825
Head: -0.394852, 0.6903774, 3.000621
ShoulderLeft: -0.5447952, 0.3691959, 2.930819
ElbowLeft: -0.5905733, 0.146667, 2.86204
WristLeft: -0.569738, -0.08139165, 2.722537
HandLeft: -0.6063764, -0.1225122, 2.682994
ShoulderRight: -0.2195035, 0.4330815, 2.999238
ElbowRight: -0.03877964, 0.4715082, 3.04612
WristRight: 0.1048433, 0.3763216, 2.860067
HandRight: 0.1572137, 0.2671963, 2.780817
HipLeft: -0.4530866, 0.02423052, 2.802949
KneeLeft: -0.4014536, -0.4927301, 2.718759
AnkleLeft: -0.3988389, -0.797363, 2.620892
FootLeft: -0.3637504, -0.8511001, 2.518286
HipRight: -0.3046856, 0.03183377, 2.811269
KneeRight: -0.371843, -0.4257643, 2.725566
AnkleRight: -0.3491432, -0.8082757, 2.633764
FootRight: -0.3780821, -0.850204, 2.508574
=========
HipCenter: -0.3839929, 0.09772602, 2.836041
Spine: -0.3939953, 0.1468074, 2.909149
ShoulderCenter: -0.4142916, 0.5158719, 3.001438
Head: -0.395404, 0.6903912, 3.00098
ShoulderLeft: -0.544946, 0.3690614, 2.930837
ElbowLeft: -0.5906622, 0.1467053, 2.862206
WristLeft: -0.5695516, -0.08129977, 2.722872
HandLeft: -0.6087747, -0.1200162, 2.683928
ShoulderRight: -0.2193763, 0.433037, 3.000102
ElbowRight: -0.03924986, 0.4706363, 3.04688
WristRight: 0.117361, 0.3785228, 2.860607
HandRight: 0.1805346, 0.2747445, 2.789016
HipLeft: -0.4530659, 0.02416755, 2.803007
KneeLeft: -0.401379, -0.4928854, 2.718794
AnkleLeft: -0.398902, -0.7973419, 2.620928
FootLeft: -0.3637446, -0.8510996, 2.518285
HipRight: -0.3047517, 0.03189576, 2.811715
KneeRight: -0.3718482, -0.425768, 2.725579
AnkleRight: -0.3490942, -0.8084363, 2.633854
FootRight: -0.3780813, -0.8502108, 2.508814
=========
HipCenter: -0.3841081, 0.0976517, 2.83628
Spine: -0.3943916, 0.1466583, 2.909421
ShoulderCenter: -0.4148392, 0.5159124, 3.001922
Head: -0.3959078, 0.6903617, 3.001254
ShoulderLeft: -0.5450628, 0.3689336, 2.930818
ElbowLeft: -0.5907277, 0.1467384, 2.862325
WristLeft: -0.5693991, -0.08121036, 2.723146
HandLeft: -0.6104928, -0.118308, 2.684605
ShoulderRight: -0.2192858, 0.4329271, 3.00083
ElbowRight: -0.03970149, 0.4699085, 3.047092
WristRight: 0.1259929, 0.3726654, 2.860427
HandRight: 0.2019814, 0.2830094, 2.796878
HipLeft: -0.4530763, 0.02407791, 2.803074
KneeLeft: -0.4013106, -0.4930195, 2.71883
AnkleLeft: -0.3989621, -0.7973225, 2.620964
FootLeft: -0.3637336, -0.8511007, 2.518281
HipRight: -0.304874, 0.03189761, 2.812068
KneeRight: -0.3718587, -0.4257756, 2.725596
AnkleRight: -0.3490545, -0.8086054, 2.633946
FootRight: -0.3780838, -0.850213, 2.50904
=========
HipCenter: -0.3842166, 0.09757316, 2.836499
Spine: -0.3947693, 0.1465146, 2.90967
ShoulderCenter: -0.4153125, 0.5159634, 3.002349
Head: -0.3963702, 0.6902661, 3.001342
ShoulderLeft: -0.5451682, 0.3687894, 2.93076
ElbowLeft: -0.590776, 0.1467696, 2.862398
WristLeft: -0.5693442, -0.08113613, 2.723327
HandLeft: -0.6115199, -0.1173842, 2.684992
ShoulderRight: -0.2192204, 0.4327538, 3.001521
ElbowRight: -0.04011367, 0.4692938, 3.047036
WristRight: 0.132211, 0.3681042, 2.861904
HandRight: 0.219661, 0.2896431, 2.804626
HipLeft: -0.4530917, 0.02398892, 2.803105
KneeLeft: -0.4012456, -0.4931428, 2.718868
AnkleLeft: -0.399021, -0.7973, 2.620999
FootLeft: -0.3636729, -0.8512101, 2.518116
HipRight: -0.3049907, 0.03183988, 2.812479
KneeRight: -0.3720098, -0.4259843, 2.725644
AnkleRight: -0.3490582, -0.8089573, 2.634001
FootRight: -0.3780779, -0.8502229, 2.509141
=========
HipCenter: -0.384329, 0.09748281, 2.836695
Spine: -0.3951313, 0.146368, 2.909894
ShoulderCenter: -0.4157106, 0.5160136, 3.002734
Head: -0.3967926, 0.6901568, 3.001392
ShoulderLeft: -0.5452786, 0.3686368, 2.930691
ElbowLeft: -0.5908177, 0.146798, 2.862456
WristLeft: -0.569338, -0.08105914, 2.723482
HandLeft: -0.6122472, -0.1167717, 2.685264
ShoulderRight: -0.2191755, 0.4325068, 3.002198
ElbowRight: -0.03985697, 0.4674954, 3.043665
WristRight: 0.1442898, 0.3727211, 2.86408
HandRight: 0.2338013, 0.2977138, 2.810023
HipLeft: -0.4531513, 0.02386959, 2.803108
KneeLeft: -0.4011879, -0.4932449, 2.718908
AnkleLeft: -0.3990831, -0.7972586, 2.621052
FootLeft: -0.3636571, -0.8512926, 2.518009
HipRight: -0.305104, 0.03175545, 2.812835
KneeRight: -0.3721634, -0.4261879, 2.72569
AnkleRight: -0.3491156, -0.8092404, 2.634026
FootRight: -0.3781432, -0.8502303, 2.509311
=========
HipCenter: -0.3844379, 0.09741047, 2.836878
Spine: -0.3954845, 0.1462445, 2.910101
ShoulderCenter: -0.4160502, 0.5160558, 3.003053
Head: -0.397173, 0.6900997, 3.001469
ShoulderLeft: -0.545389, 0.3684761, 2.930607
ElbowLeft: -0.5908607, 0.1468296, 2.862514
WristLeft: -0.5693819, -0.08096279, 2.723638
HandLeft: -0.612639, -0.1165678, 2.685457
ShoulderRight: -0.2191173, 0.4322448, 3.003016
ElbowRight: -0.03852037, 0.4665112, 3.040524
WristRight: 0.1529737, 0.3786881, 2.866421
HandRight: 0.2503338, 0.3130864, 2.817273
HipLeft: -0.4532266, 0.02377201, 2.803077
KneeLeft: -0.4011437, -0.4933147, 2.718955
AnkleLeft: -0.3991454, -0.7972159, 2.62111
FootLeft: -0.3636476, -0.8513553, 2.517935
HipRight: -0.3052132, 0.03165403, 2.813252
KneeRight: -0.3722579, -0.4263169, 2.725725
AnkleRight: -0.3491606, -0.809406, 2.634041
FootRight: -0.3782135, -0.8502367, 2.509467
=========
HipCenter: -0.3845389, 0.09734472, 2.837041
Spine: -0.3958007, 0.1461418, 2.910282
ShoulderCenter: -0.4162856, 0.5161083, 3.003283
Head: -0.3974919, 0.6900653, 3.001555
ShoulderLeft: -0.5454699, 0.3683441, 2.930529
ElbowLeft: -0.5909035, 0.1468486, 2.862563
WristLeft: -0.569445, -0.08088262, 2.723768
HandLeft: -0.6128498, -0.1166202, 2.685589
ShoulderRight: -0.2190648, 0.4320042, 3.003734
ElbowRight: -0.03366801, 0.4658922, 3.035491
WristRight: 0.1654907, 0.3863021, 2.868038
HandRight: 0.2615114, 0.3239687, 2.821508
HipLeft: -0.4533092, 0.02368946, 2.803031
KneeLeft: -0.401104, -0.4933701, 2.719007
AnkleLeft: -0.3992071, -0.7971737, 2.621167
FootLeft: -0.3636352, -0.8514153, 2.517873
HipRight: -0.3053204, 0.03154647, 2.813649
KneeRight: -0.3723414, -0.4264289, 2.725757
AnkleRight: -0.3492148, -0.8095308, 2.634048
FootRight: -0.3782933, -0.8502483, 2.509604
=========
HipCenter: -0.384613, 0.09728, 2.837175
Spine: -0.3960606, 0.1460546, 2.910422
ShoulderCenter: -0.4164323, 0.516129, 3.003395
Head: -0.3977523, 0.6900356, 3.00163
ShoulderLeft: -0.5455047, 0.3682292, 2.930438
ElbowLeft: -0.5901918, 0.1404514, 2.858617
WristLeft: -0.569417, -0.08694145, 2.720483
HandLeft: -0.6110198, -0.1274423, 2.680681
ShoulderRight: -0.21899, 0.4318157, 3.00447
ElbowRight: -0.0221081, 0.4638364, 3.026953
WristRight: 0.1757775, 0.4082123, 2.878349
HandRight: 0.2759702, 0.3677039, 2.832382
HipLeft: -0.4533898, 0.02356714, 2.802786
KneeLeft: -0.4010652, -0.4934154, 2.719059
AnkleLeft: -0.399265, -0.7971362, 2.621222
FootLeft: -0.3636208, -0.8514726, 2.517827
HipRight: -0.3053114, 0.03121002, 2.814398
KneeRight: -0.3724256, -0.4265382, 2.725782
AnkleRight: -0.3492879, -0.8096315, 2.634046
FootRight: -0.3783513, -0.8502644, 2.509712
=========
HipCenter: -0.3846846, 0.09723966, 2.8373
Spine: -0.3963072, 0.1459962, 2.91055
ShoulderCenter: -0.4165472, 0.5161453, 3.003473
Head: -0.3979716, 0.6900273, 3.001745
ShoulderLeft: -0.5455221, 0.36814, 2.930356
ElbowLeft: -0.5901592, 0.1396753, 2.858319
WristLeft: -0.5695934, -0.08754078, 2.720233
HandLeft: -0.6104489, -0.1291854, 2.680182
ShoulderRight: -0.2189131, 0.4316335, 3.005221
ElbowRight: -0.01213068, 0.4619514, 3.020308
WristRight: 0.1817604, 0.4198347, 2.883295
HandRight: 0.2818047, 0.3884135, 2.837129
HipLeft: -0.4534566, 0.02353041, 2.802638
KneeLeft: -0.40103, -0.4934499, 2.719111
AnkleLeft: -0.3993132, -0.7971092, 2.621264
FootLeft: -0.3636071, -0.8515264, 2.517788
HipRight: -0.3053462, 0.03101525, 2.814986
KneeRight: -0.3724957, -0.4266338, 2.725805
AnkleRight: -0.3493566, -0.8097031, 2.634043
FootRight: -0.3783983, -0.8502828, 2.509782
=========
HipCenter: -0.3847492, 0.09720919, 2.837411
Spine: -0.3965262, 0.1459536, 2.910662
ShoulderCenter: -0.4166347, 0.516165, 3.003536
Head: -0.3981091, 0.6900027, 3.001851
ShoulderLeft: -0.5455067, 0.3680548, 2.930267
ElbowLeft: -0.590174, 0.1392589, 2.858275
WristLeft: -0.5698167, -0.08777177, 2.720159
HandLeft: -0.6100227, -0.1304591, 2.679976
ShoulderRight: -0.2188443, 0.4314867, 3.005867
ElbowRight: -0.003505318, 0.4608784, 3.015546
WristRight: 0.2157927, 0.4342995, 2.87831
HandRight: 0.2934213, 0.4059558, 2.844265
HipLeft: -0.4535154, 0.02351552, 2.802511
KneeLeft: -0.4009922, -0.4934812, 2.719163
AnkleLeft: -0.3993468, -0.7970884, 2.621295
FootLeft: -0.3635925, -0.8515762, 2.517747
HipRight: -0.3053938, 0.03089171, 2.815453
KneeRight: -0.3725582, -0.4267103, 2.725829
AnkleRight: -0.3494402, -0.8097381, 2.634048
FootRight: -0.3784122, -0.8503096, 2.509755
=========
HipCenter: -0.3847367, 0.09721432, 2.83753
Spine: -0.3966329, 0.1459367, 2.910741
ShoulderCenter: -0.4166835, 0.5161775, 3.003575
Head: -0.3982389, 0.6899949, 3.002074
ShoulderLeft: -0.5454757, 0.3679702, 2.930168
ElbowLeft: -0.5902146, 0.139148, 2.858453
WristLeft: -0.5700812, -0.08770499, 2.720245
HandLeft: -0.6096134, -0.1313843, 2.679993
ShoulderRight: -0.2187784, 0.4313757, 3.006442
ElbowRight: 0.003048942, 0.4604005, 3.012385
WristRight: 0.2320041, 0.4416825, 2.876009
HandRight: 0.2975344, 0.4213778, 2.849267
HipLeft: -0.4535047, 0.02351589, 2.802422
KneeLeft: -0.4009463, -0.4935128, 2.719216
AnkleLeft: -0.3993769, -0.7970687, 2.621323
FootLeft: -0.3635764, -0.8516258, 2.517704
HipRight: -0.3052752, 0.03090747, 2.81587
KneeRight: -0.3726093, -0.4267725, 2.725847
AnkleRight: -0.3495273, -0.80975, 2.634047
FootRight: -0.3784306, -0.850327, 2.509742
=========
HipCenter: -0.3846366, 0.09726252, 2.837694
Spine: -0.3966951, 0.1459435, 2.910825
ShoulderCenter: -0.4167141, 0.5161912, 3.003599
Head: -0.3982506, 0.6899959, 3.002196
ShoulderLeft: -0.5454341, 0.3679, 2.930082
ElbowLeft: -0.5902705, 0.1392366, 2.858768
WristLeft: -0.5704886, -0.08733366, 2.720294
HandLeft: -0.6072971, -0.133036, 2.680926
ShoulderRight: -0.2187192, 0.4313007, 3.00695
ElbowRight: 0.007216696, 0.4601815, 3.010521
WristRight: 0.2405699, 0.4459836, 2.875438
HandRight: 0.3032315, 0.4305758, 2.85274
HipLeft: -0.4533703, 0.0235316, 2.8024
KneeLeft: -0.4004727, -0.4937972, 2.719461
AnkleLeft: -0.3994037, -0.7970517, 2.621347
FootLeft: -0.3635774, -0.8545422, 2.519431
HipRight: -0.3049812, 0.03112273, 2.816295
KneeRight: -0.3813612, -0.3969221, 2.722886
AnkleRight: -0.3555853, -0.7974247, 2.634636
FootRight: -0.3784149, -0.8500859, 2.509786
=========
HipCenter: -0.3842887, 0.09746127, 2.837935
Spine: -0.3966318, 0.1460343, 2.91094
ShoulderCenter: -0.4167199, 0.5162103, 3.003604
Head: -0.3981923, 0.6900423, 3.002352
ShoulderLeft: -0.5454154, 0.3678493, 2.93003
ElbowLeft: -0.5903422, 0.139492, 2.859163
WristLeft: -0.5708634, -0.08683375, 2.720401
HandLeft: -0.6054475, -0.1342285, 2.681818
ShoulderRight: -0.2186656, 0.4312437, 3.007379
ElbowRight: 0.01031512, 0.460241, 3.009147
WristRight: 0.2488687, 0.4517595, 2.877851
HandRight: 0.3095838, 0.4385579, 2.85707
HipLeft: -0.4530303, 0.02361162, 2.802434
KneeLeft: -0.3997663, -0.4940211, 2.719772
AnkleLeft: -0.3994235, -0.7970381, 2.62137
FootLeft: -0.3635702, -0.8555962, 2.520092
HipRight: -0.3042392, 0.03166343, 2.816711
KneeRight: -0.3831902, -0.3881958, 2.721951
AnkleRight: -0.3595619, -0.7879483, 2.634729
FootRight: -0.3784721, -0.8499269, 2.509846
=========
HipCenter: -0.3836511, 0.09774535, 2.838257
Spine: -0.3963217, 0.146207, 2.911125
ShoulderCenter: -0.4165933, 0.5162498, 3.003607
Head: -0.3980845, 0.6900527, 3.00251
ShoulderLeft: -0.5454069, 0.3678082, 2.929995
ElbowLeft: -0.5904386, 0.1398539, 2.859593
WristLeft: -0.5716744, -0.08591513, 2.720603
HandLeft: -0.599588, -0.1389804, 2.681558
ShoulderRight: -0.2186236, 0.4312027, 3.007722
ElbowRight: -0.017684, 0.4570895, 3.031045
WristRight: 0.2243741, 0.4640319, 2.909644
HandRight: 0.3178329, 0.4497219, 2.866473
HipLeft: -0.4523937, 0.02370169, 2.802606
KneeLeft: -0.3989174, -0.4942711, 2.720157
AnkleLeft: -0.3994352, -0.7970316, 2.621386
FootLeft: -0.3635744, -0.8561926, 2.520489
HipRight: -0.3031892, 0.03236746, 2.817048
KneeRight: -0.3839605, -0.3823417, 2.721347
AnkleRight: -0.361937, -0.7813193, 2.634759
FootRight: -0.378523, -0.8497732, 2.509911
=========
HipCenter: -0.3831298, 0.09796865, 2.838609
Spine: -0.3960132, 0.1463794, 2.911361
ShoulderCenter: -0.4163626, 0.5163924, 3.003682
Head: -0.3979099, 0.6901549, 3.002757
ShoulderLeft: -0.545401, 0.3677838, 2.929974
ElbowLeft: -0.5905243, 0.140252, 2.860044
WristLeft: -0.5720432, -0.08538295, 2.720916
HandLeft: -0.5979509, -0.1398612, 2.681848
ShoulderRight: -0.2185655, 0.4311833, 3.00799
ElbowRight: -0.002230224, 0.4664024, 3.020498
WristRight: 0.2308799, 0.4711519, 2.915751
HandRight: 0.3216536, 0.4556893, 2.870475
HipLeft: -0.4518367, 0.023822, 2.802948
KneeLeft: -0.398314, -0.4943985, 2.720427
AnkleLeft: -0.3994403, -0.7970328, 2.6214
FootLeft: -0.3635745, -0.8565757, 2.52072
HipRight: -0.3026784, 0.03266583, 2.817293
KneeRight: -0.3840579, -0.3781509, 2.720896
AnkleRight: -0.363446, -0.7772871, 2.634741
FootRight: -0.3785631, -0.8496894, 2.509922
=========
HipCenter: -0.3827353, 0.09832267, 2.839008
Spine: -0.3957271, 0.1466732, 2.911676
ShoulderCenter: -0.4161203, 0.5165749, 3.003824
Head: -0.3976631, 0.6901907, 3.002921
ShoulderLeft: -0.5454425, 0.3678081, 2.930069
ElbowLeft: -0.5905864, 0.1407641, 2.86066
WristLeft: -0.5723765, -0.08478396, 2.721317
HandLeft: -0.5966906, -0.1403021, 2.682174
ShoulderRight: -0.2184983, 0.4311815, 3.008228
ElbowRight: 0.007119602, 0.4715931, 3.013885
WristRight: 0.2374, 0.4788806, 2.922607
HandRight: 0.3247347, 0.461885, 2.875777
HipLeft: -0.4514792, 0.02416694, 2.803358
KneeLeft: -0.3973272, -0.4945013, 2.720837
AnkleLeft: -0.3994443, -0.7970337, 2.62141
FootLeft: -0.363576, -0.8568437, 2.520885
HipRight: -0.302302, 0.03294291, 2.817491
KneeRight: -0.383833, -0.3752513, 2.720702
AnkleRight: -0.364471, -0.7744449, 2.634774
FootRight: -0.3785894, -0.8496133, 2.509941
=========
HipCenter: -0.3823311, 0.09860415, 2.839354
Spine: -0.3953983, 0.1469217, 2.911954
ShoulderCenter: -0.4157895, 0.5167054, 3.003879
Head: -0.3973577, 0.690224, 3.003023
ShoulderLeft: -0.5454218, 0.3678582, 2.930193
ElbowLeft: -0.5906333, 0.1412061, 2.861281
WristLeft: -0.5726525, -0.08429975, 2.721722
HandLeft: -0.5958492, -0.140434, 2.682451
ShoulderRight: -0.2184281, 0.4311877, 3.00843
ElbowRight: 0.01206402, 0.4740609, 3.009182
WristRight: 0.2431085, 0.4887584, 2.931158
HandRight: 0.3267512, 0.4701057, 2.883951
HipLeft: -0.4510959, 0.02447258, 2.803753
KneeLeft: -0.3963856, -0.4945442, 2.721219
AnkleLeft: -0.3994466, -0.7970353, 2.621418
FootLeft: -0.3635757, -0.8570355, 2.521001
HipRight: -0.3019606, 0.03316406, 2.817648
KneeRight: -0.3833429, -0.3733194, 2.720649
AnkleRight: -0.3651825, -0.7724732, 2.634805
FootRight: -0.3785507, -0.8495656, 2.509965
=========
HipCenter: -0.3818716, 0.0988749, 2.839698
Spine: -0.3950348, 0.1471597, 2.912224
ShoulderCenter: -0.4155212, 0.516789, 3.003892
Head: -0.3969913, 0.6901417, 3.003031
ShoulderLeft: -0.5453953, 0.3679124, 2.93033
ElbowLeft: -0.5906711, 0.1416241, 2.861864
WristLeft: -0.5728844, -0.08386664, 2.722102
HandLeft: -0.5952814, -0.1403561, 2.682772
ShoulderRight: -0.2183367, 0.4312093, 3.00862
ElbowRight: 0.01412158, 0.4751091, 3.006452
WristRight: 0.2467423, 0.4970386, 2.936788
HandRight: 0.3277931, 0.4778314, 2.890811
HipLeft: -0.4505428, 0.02476407, 2.804276
KneeLeft: -0.3957995, -0.4945724, 2.721453
AnkleLeft: -0.3994473, -0.7970412, 2.621426
FootLeft: -0.363567, -0.8571216, 2.521021
HipRight: -0.3015137, 0.03340079, 2.817768
KneeRight: -0.3827156, -0.3720613, 2.720711
AnkleRight: -0.3656998, -0.7710359, 2.634836
FootRight: -0.3784913, -0.8494972, 2.509986
=========
HipCenter: -0.3815126, 0.09912096, 2.839995
Spine: -0.3947212, 0.1473777, 2.912473
ShoulderCenter: -0.41528, 0.5168774, 3.003973
Head: -0.396348, 0.6898869, 3.003261
ShoulderLeft: -0.5453324, 0.3680726, 2.930635
ElbowLeft: -0.5906935, 0.1421355, 2.86249
WristLeft: -0.5731147, -0.08337598, 2.722569
HandLeft: -0.5950518, -0.1397558, 2.683141
ShoulderRight: -0.2182032, 0.4312487, 3.008817
ElbowRight: 0.01468689, 0.4754163, 3.004151
WristRight: 0.2491972, 0.5034921, 2.940744
HandRight: 0.3283408, 0.484437, 2.896463
HipLeft: -0.4501081, 0.0250576, 2.804797
KneeLeft: -0.3949779, -0.4945245, 2.721768
AnkleLeft: -0.3994472, -0.7970466, 2.621432
FootLeft: -0.363555, -0.8571447, 2.521
HipRight: -0.3012181, 0.03361338, 2.817806
KneeRight: -0.3821127, -0.3712437, 2.72082
AnkleRight: -0.3660439, -0.7699947, 2.634873
FootRight: -0.3784425, -0.8494318, 2.510018
=========
HipCenter: -0.3811125, 0.09936105, 2.840273
Spine: -0.3943597, 0.1475894, 2.912715
ShoulderCenter: -0.4150621, 0.5169515, 3.00405
Head: -0.3957423, 0.6896701, 3.003484
ShoulderLeft: -0.5452197, 0.3682885, 2.931031
ElbowLeft: -0.5907058, 0.1425933, 2.863067
WristLeft: -0.5733008, -0.08295298, 2.72302
HandLeft: -0.59501, -0.1389385, 2.683444
ShoulderRight: -0.2180467, 0.4312815, 3.008967
ElbowRight: 0.01453736, 0.4754621, 3.001851
WristRight: 0.2514808, 0.50819, 2.94351
HandRight: 0.341811, 0.5059763, 2.921084
HipLeft: -0.4495787, 0.025336, 2.805335
KneeLeft: -0.3942336, -0.4944751, 2.722051
AnkleLeft: -0.3994484, -0.7970503, 2.621438
FootLeft: -0.3635547, -0.8570981, 2.520955
HipRight: -0.3008344, 0.03387654, 2.817789
KneeRight: -0.370735, -0.3731016, 2.722612
AnkleRight: -0.3587785, -0.7701709, 2.635998
FootRight: -0.3778716, -0.8489046, 2.510761
=========
HipCenter: -0.3807636, 0.09956704, 2.840508
Spine: -0.3940293, 0.1477764, 2.912926
ShoulderCenter: -0.4148304, 0.5170249, 3.004127
Head: -0.3951892, 0.68949, 3.003703
ShoulderLeft: -0.5450907, 0.3685173, 2.931417
ElbowLeft: -0.5907105, 0.1430013, 2.863589
WristLeft: -0.5733949, -0.08259538, 2.723503
HandLeft: -0.595204, -0.1377517, 2.683699
ShoulderRight: -0.2177975, 0.431316, 3.009104
ElbowRight: 0.01405944, 0.4754025, 3.00002
WristRight: 0.2537305, 0.5120068, 2.945832
HandRight: 0.3461125, 0.5127183, 2.928568
HipLeft: -0.4491394, 0.02556409, 2.80576
KneeLeft: -0.393589, -0.4944145, 2.722284
AnkleLeft: -0.3994509, -0.7970536, 2.621443
FootLeft: -0.3635648, -0.8569919, 2.520879
HipRight: -0.3005039, 0.03409975, 2.817757
KneeRight: -0.3641117, -0.3742785, 2.723607
AnkleRight: -0.3542379, -0.7703598, 2.636635
FootRight: -0.3775066, -0.8485633, 2.511188
=========
HipCenter: -0.380548, 0.09965397, 2.840681
Spine: -0.3938068, 0.1478705, 2.913096
ShoulderCenter: -0.4146469, 0.5170816, 3.004207
Head: -0.3946544, 0.6895648, 3.004229
ShoulderLeft: -0.5449385, 0.3687451, 2.9318
ElbowLeft: -0.5907264, 0.1433708, 2.864117
WristLeft: -0.5734802, -0.0822737, 2.723967
HandLeft: -0.595538, -0.1365123, 2.683933
ShoulderRight: -0.2175402, 0.4313496, 3.009223
ElbowRight: 0.01352694, 0.4758459, 2.99812
WristRight: 0.256588, 0.5161983, 2.948407
HandRight: 0.3522202, 0.5222284, 2.937589
HipLeft: -0.4487873, 0.02572772, 2.806142
KneeLeft: -0.3930382, -0.4943578, 2.722478
AnkleLeft: -0.3994506, -0.7970599, 2.621449
FootLeft: -0.3635765, -0.8568478, 2.520778
HipRight: -0.3003573, 0.03413877, 2.817714
KneeRight: -0.3606252, -0.3753157, 2.723991
AnkleRight: -0.3518458, -0.7707959, 2.636831
FootRight: -0.3773449, -0.848439, 2.511297
=========
HipCenter: -0.3803673, 0.09971579, 2.840821
Spine: -0.3936021, 0.1479412, 2.913244
ShoulderCenter: -0.4142661, 0.5172203, 3.004437
Head: -0.3941383, 0.6896762, 3.004776
ShoulderLeft: -0.5447236, 0.3690177, 2.9322
ElbowLeft: -0.5907347, 0.1436734, 2.864536
WristLeft: -0.5735445, -0.08202155, 2.72436
HandLeft: -0.5958888, -0.1353079, 2.684035
ShoulderRight: -0.2172534, 0.4313829, 3.00932
ElbowRight: 0.01313607, 0.4768708, 2.996181
WristRight: 0.2586206, 0.5195191, 2.949981
HandRight: 0.3549406, 0.5271031, 2.941828
HipLeft: -0.4484908, 0.02586492, 2.806451
KneeLeft: -0.3925752, -0.4943109, 2.722638
AnkleLeft: -0.3994513, -0.7970663, 2.621452
FootLeft: -0.3635977, -0.856683, 2.52067
HipRight: -0.3002462, 0.03414614, 2.817656
KneeRight: -0.3581218, -0.3761049, 2.724096
AnkleRight: -0.3499871, -0.7712454, 2.636793
FootRight: -0.3771994, -0.8483614, 2.511292
=========
HipCenter: -0.3802498, 0.09977049, 2.840917
Spine: -0.3934298, 0.148005, 2.913364
ShoulderCenter: -0.4139137, 0.5173517, 3.004663
Head: -0.3936908, 0.689819, 3.005295
ShoulderLeft: -0.544659, 0.3694574, 2.932979
ElbowLeft: -0.590741, 0.1439104, 2.864864
WristLeft: -0.5735889, -0.08183651, 2.724703
HandLeft: -0.5962136, -0.1342358, 2.684064
ShoulderRight: -0.2169399, 0.4313999, 3.009393
ElbowRight: 0.0127296, 0.4778947, 2.994641
WristRight: 0.2600682, 0.5223231, 2.951182
HandRight: 0.3567933, 0.5307199, 2.944796
HipLeft: -0.44831, 0.02597502, 2.80669
KneeLeft: -0.392168, -0.4942777, 2.72277
AnkleLeft: -0.3994553, -0.7970666, 2.621453
FootLeft: -0.363646, -0.8564924, 2.520556
HipRight: -0.3001958, 0.03414394, 2.817512
KneeRight: -0.3565553, -0.3765827, 2.724137
AnkleRight: -0.3488366, -0.771547, 2.636712
FootRight: -0.3771925, -0.8483529, 2.511239
=========
HipCenter: -0.3801603, 0.09980778, 2.840987
Spine: -0.3932879, 0.1480572, 2.913455
ShoulderCenter: -0.4134047, 0.5175208, 3.004728
Head: -0.3933104, 0.6900035, 3.00578
ShoulderLeft: -0.5444725, 0.3697762, 2.933489
ElbowLeft: -0.5907375, 0.1440691, 2.865096
WristLeft: -0.5736246, -0.0817311, 2.724979
HandLeft: -0.5964523, -0.1334999, 2.684074
ShoulderRight: -0.2165887, 0.4314204, 3.009421
ElbowRight: 0.01693717, 0.4826907, 2.990284
WristRight: 0.2612354, 0.5256374, 2.952303
HandRight: 0.3581142, 0.5335054, 2.947005
HipLeft: -0.4481688, 0.02604964, 2.806881
KneeLeft: -0.3917803, -0.494249, 2.722888
AnkleLeft: -0.3994588, -0.7970665, 2.621454
FootLeft: -0.3637046, -0.8562931, 2.520443
HipRight: -0.3001814, 0.03412466, 2.817349
KneeRight: -0.355902, -0.3771441, 2.724174
AnkleRight: -0.3482336, -0.7717988, 2.636698
FootRight: -0.3772224, -0.8483583, 2.511199
=========
HipCenter: -0.3800924, 0.09984078, 2.841039
Spine: -0.3931639, 0.1481071, 2.913528
ShoulderCenter: -0.41294, 0.5176721, 3.004773
Head: -0.3929678, 0.6901885, 3.006211
ShoulderLeft: -0.5442849, 0.3700701, 2.933947
ElbowLeft: -0.5907313, 0.1441954, 2.865288
WristLeft: -0.5736265, -0.08166532, 2.725246
HandLeft: -0.5966974, -0.1324834, 2.683845
ShoulderRight: -0.2162171, 0.4314493, 3.009413
ElbowRight: 0.01801208, 0.4848926, 2.988101
WristRight: 0.2619802, 0.5282165, 2.953104
HandRight: 0.3590583, 0.5353731, 2.948632
HipLeft: -0.4480618, 0.02612093, 2.807042
KneeLeft: -0.3914177, -0.4942254, 2.722976
AnkleLeft: -0.3994605, -0.7970661, 2.621455
FootLeft: -0.3637664, -0.8560904, 2.520334
HipRight: -0.3001918, 0.03413273, 2.817125
KneeRight: -0.35576, -0.3776004, 2.72429
AnkleRight: -0.3478884, -0.772045, 2.636718
FootRight: -0.377207, -0.8483396, 2.511191
=========
HipCenter: -0.3800419, 0.09989507, 2.841079
Spine: -0.3930528, 0.1481712, 2.913589
ShoulderCenter: -0.4126607, 0.517767, 3.004838
Head: -0.3926191, 0.6904263, 3.006695
ShoulderLeft: -0.5442361, 0.3705147, 2.934593
ElbowLeft: -0.5907136, 0.1443266, 2.865482
WristLeft: -0.5736164, -0.08159648, 2.725503
HandLeft: -0.5969269, -0.1315071, 2.683635
ShoulderRight: -0.2158106, 0.4314943, 3.009352
ElbowRight: 0.01807691, 0.4861533, 2.986942
WristRight: 0.2624072, 0.5302228, 2.953302
HandRight: 0.3596222, 0.5366799, 2.949607
HipLeft: -0.447988, 0.02619575, 2.807189
KneeLeft: -0.3910996, -0.4942002, 2.723042
AnkleLeft: -0.3994634, -0.7970602, 2.621455
FootLeft: -0.3638534, -0.8558701, 2.520251
HipRight: -0.3002368, 0.03427269, 2.81671
KneeRight: -0.3552304, -0.3778493, 2.724439
AnkleRight: -0.3473514, -0.7723017, 2.636847
FootRight: -0.3772055, -0.8483332, 2.511368
=========
HipCenter: -0.3800078, 0.09995058, 2.841102
Spine: -0.3929546, 0.148233, 2.91363
ShoulderCenter: -0.4123688, 0.5178161, 3.00485
Head: -0.39227, 0.6907332, 3.0072
ShoulderLeft: -0.5442745, 0.3709952, 2.935317
ElbowLeft: -0.5906832, 0.1444073, 2.865603
WristLeft: -0.5735682, -0.08156881, 2.725677
HandLeft: -0.5971885, -0.1307537, 2.683458
ShoulderRight: -0.2154161, 0.4315456, 3.009282
ElbowRight: 0.01795291, 0.4871156, 2.98612
WristRight: 0.2624805, 0.5317727, 2.953185
HandRight: 0.3597018, 0.5373939, 2.949933
HipLeft: -0.4479543, 0.02623998, 2.807268
KneeLeft: -0.3908172, -0.4941683, 2.723089
AnkleLeft: -0.3994667, -0.7970515, 2.621454
FootLeft: -0.363902, -0.8556557, 2.520188
HipRight: -0.300293, 0.03441689, 2.816303
KneeRight: -0.3547995, -0.3780524, 2.72463
AnkleRight: -0.3468602, -0.7725854, 2.63704
FootRight: -0.3772071, -0.8483046, 2.511623
=========
HipCenter: -0.3799807, 0.1000097, 2.841106
Spine: -0.3928597, 0.1482937, 2.913651
ShoulderCenter: -0.4121173, 0.5178499, 3.004848
Head: -0.391916, 0.6910548, 3.007728
ShoulderLeft: -0.5443128, 0.3714165, 2.935951
ElbowLeft: -0.5906575, 0.1444657, 2.865693
WristLeft: -0.5735143, -0.08155518, 2.725803
HandLeft: -0.596976, -0.1302649, 2.683175
ShoulderRight: -0.2150214, 0.4316127, 3.009179
ElbowRight: 0.01740568, 0.4878217, 2.985498
WristRight: 0.2624009, 0.532911, 2.952917
HandRight: 0.3594307, 0.5375324, 2.949746
HipLeft: -0.4479336, 0.02627527, 2.807322
KneeLeft: -0.3905654, -0.4941259, 2.723116
AnkleLeft: -0.39947, -0.7970424, 2.621454
FootLeft: -0.3639489, -0.8554486, 2.520131
HipRight: -0.3003452, 0.03457934, 2.815863
KneeRight: -0.3543176, -0.3782223, 2.724856
AnkleRight: -0.3462113, -0.7729336, 2.637276
FootRight: -0.377185, -0.8482442, 2.511896
=========
HipCenter: -0.3799683, 0.1000494, 2.841084
Spine: -0.3927907, 0.1483341, 2.913653
ShoulderCenter: -0.411932, 0.5178851, 3.004844
Head: -0.3916311, 0.6913444, 3.008172
ShoulderLeft: -0.5443101, 0.3717261, 2.936395
ElbowLeft: -0.5906298, 0.1445144, 2.865761
WristLeft: -0.5734049, -0.08155742, 2.725926
HandLeft: -0.59681, -0.1295342, 2.682707
ShoulderRight: -0.2146627, 0.4316739, 3.009075
ElbowRight: 0.01598881, 0.4882098, 2.985219
WristRight: 0.2622318, 0.5337573, 2.952567
HandRight: 0.3589593, 0.5373223, 2.949251
HipLeft: -0.4479406, 0.0262874, 2.80734
KneeLeft: -0.3903148, -0.4941149, 2.723127
AnkleLeft: -0.3994685, -0.7970365, 2.621452
FootLeft: -0.3639954, -0.8552511, 2.520068
HipRight: -0.3004103, 0.03471775, 2.815421
KneeRight: -0.3538765, -0.3783633, 2.725083
AnkleRight: -0.3455694, -0.7733109, 2.637515
FootRight: -0.3771455, -0.8481581, 2.512113
=========
HipCenter: -0.3799593, 0.1000952, 2.841043
Spine: -0.3927237, 0.1483765, 2.913638
ShoulderCenter: -0.4117862, 0.517909, 3.004828
Head: -0.3913612, 0.6916086, 3.008574
ShoulderLeft: -0.5442882, 0.3720744, 2.936825
ElbowLeft: -0.5905879, 0.1445351, 2.865788
WristLeft: -0.5732489, -0.08162821, 2.726004
HandLeft: -0.5966741, -0.1289584, 2.682206
ShoulderRight: -0.2143309, 0.431734, 3.00897
ElbowRight: 0.01469298, 0.4884154, 2.985045
WristRight: 0.261995, 0.5344004, 2.952149
HandRight: 0.3583753, 0.5369053, 2.948577
HipLeft: -0.4479535, 0.02629567, 2.807344
KneeLeft: -0.3900895, -0.494108, 2.723131
AnkleLeft: -0.3994655, -0.7970285, 2.621452
FootLeft: -0.3640421, -0.8550598, 2.52003
HipRight: -0.3004572, 0.03488889, 2.81496
KneeRight: -0.3532232, -0.3784714, 2.725401
AnkleRight: -0.3446422, -0.7737476, 2.637834
FootRight: -0.3770907, -0.8480335, 2.512449
=========
HipCenter: -0.3799579, 0.1001427, 2.84099
Spine: -0.3926634, 0.1484201, 2.913614
ShoulderCenter: -0.4116163, 0.5179486, 3.004792
Head: -0.3911325, 0.6918765, 3.008881
ShoulderLeft: -0.5442618, 0.3723451, 2.937149
ElbowLeft: -0.5905485, 0.1445495, 2.865805
WristLeft: -0.5730889, -0.08169793, 2.726058
HandLeft: -0.5966751, -0.1282374, 2.681619
ShoulderRight: -0.2140227, 0.4317891, 3.008857
ElbowRight: 0.01349278, 0.4884519, 2.984973
WristRight: 0.2616447, 0.5348957, 2.951462
HandRight: 0.3576838, 0.5362971, 2.947642
HipLeft: -0.4479796, 0.02629878, 2.807336
KneeLeft: -0.3898777, -0.4941046, 2.723136
AnkleLeft: -0.399462, -0.7970213, 2.621451
FootLeft: -0.3640846, -0.8548852, 2.519999
HipRight: -0.3005218, 0.03506559, 2.814517
KneeRight: -0.3526326, -0.3785322, 2.725725
AnkleRight: -0.3438061, -0.7741453, 2.638153
FootRight: -0.3770468, -0.8479003, 2.512802
=========
HipCenter: -0.3799798, 0.1001424, 2.840928
Spine: -0.3926236, 0.1484345, 2.913593
ShoulderCenter: -0.4114678, 0.5179816, 3.004756
Head: -0.3909462, 0.6920815, 3.009083
ShoulderLeft: -0.5442284, 0.3725307, 2.93739
ElbowLeft: -0.5905116, 0.1445574, 2.865822
WristLeft: -0.5728366, -0.08176916, 2.726087
HandLeft: -0.5966397, -0.1275217, 2.681058
ShoulderRight: -0.2137313, 0.43183, 3.008721
ElbowRight: 0.01221437, 0.488268, 2.985009
WristRight: 0.261294, 0.5352302, 2.950777
HandRight: 0.3569899, 0.535599, 2.946669
HipLeft: -0.4480202, 0.02628261, 2.807323
KneeLeft: -0.389688, -0.4941027, 2.723139
AnkleLeft: -0.3994581, -0.7970155, 2.621449
FootLeft: -0.3641233, -0.854728, 2.519973
HipRight: -0.3007225, 0.03499334, 2.814072
KneeRight: -0.3518683, -0.3788158, 2.726113
AnkleRight: -0.342702, -0.7749404, 2.638539
FootRight: -0.3770199, -0.8478374, 2.513047
=========
HipCenter: -0.3800002, 0.1001422, 2.840854
Spine: -0.3925836, 0.1484459, 2.913562
ShoulderCenter: -0.4113498, 0.518012, 3.004725
Head: -0.3907888, 0.6922215, 3.009219
ShoulderLeft: -0.544198, 0.3726844, 2.937598
ElbowLeft: -0.590472, 0.1445608, 2.865832
WristLeft: -0.572577, -0.08183268, 2.72609
HandLeft: -0.5966265, -0.1268965, 2.680564
ShoulderRight: -0.2134684, 0.4318622, 3.008577
ElbowRight: 0.01094771, 0.4880022, 2.985042
WristRight: 0.2609968, 0.535473, 2.950051
HandRight: 0.3563777, 0.5349029, 2.945685
HipLeft: -0.448058, 0.02625599, 2.807316
KneeLeft: -0.389513, -0.4941078, 2.723135
AnkleLeft: -0.3994537, -0.7970098, 2.621445
FootLeft: -0.364145, -0.854591, 2.519953
HipRight: -0.3008341, 0.03510166, 2.813371
KneeRight: -0.3485859, -0.3791355, 2.726981
AnkleRight: -0.3389543, -0.7760513, 2.639306
FootRight: -0.3766853, -0.8474662, 2.514018
=========
HipCenter: -0.3799683, 0.09987028, 2.840559
Spine: -0.3924881, 0.1482959, 2.913384
ShoulderCenter: -0.4112182, 0.5180359, 3.004674
Head: -0.3906193, 0.6923633, 3.009305
ShoulderLeft: -0.5439557, 0.3727492, 2.937562
ElbowLeft: -0.5904273, 0.1445554, 2.865836
WristLeft: -0.5723109, -0.08190296, 2.726071
HandLeft: -0.5966215, -0.1263853, 2.68014
ShoulderRight: -0.2132338, 0.4318877, 3.008441
ElbowRight: 0.009899357, 0.4877428, 2.985089
WristRight: 0.2607337, 0.5356302, 2.949508
HandRight: 0.355822, 0.534249, 2.944885
HipLeft: -0.448121, 0.02588572, 2.807046
KneeLeft: -0.3893395, -0.4941118, 2.723132
AnkleLeft: -0.3994449, -0.7970053, 2.621439
FootLeft: -0.3641581, -0.8544694, 2.519948
HipRight: -0.3008283, 0.0349629, 2.812762
KneeRight: -0.3461628, -0.379656, 2.727662
AnkleRight: -0.3361513, -0.77729, 2.639898
FootRight: -0.3765768, -0.8473036, 2.514646
=========
HipCenter: -0.3799348, 0.09959611, 2.840283
Spine: -0.3923959, 0.1481351, 2.913213
ShoulderCenter: -0.4111118, 0.5180516, 3.004641
Head: -0.3904321, 0.6924832, 3.009336
ShoulderLeft: -0.5436956, 0.3727833, 2.937482
ElbowLeft: -0.5903845, 0.1445459, 2.865835
WristLeft: -0.57209, -0.08197004, 2.726043
HandLeft: -0.5965819, -0.125981, 2.679754
ShoulderRight: -0.2130064, 0.4319291, 3.008323
ElbowRight: 0.009382837, 0.4875838, 2.985098
WristRight: 0.2605092, 0.5357156, 2.949027
HandRight: 0.3553305, 0.5336189, 2.944164
HipLeft: -0.4481544, 0.02558509, 2.806846
KneeLeft: -0.3891775, -0.4941143, 2.723126
AnkleLeft: -0.3994358, -0.7970008, 2.621432
FootLeft: -0.3641599, -0.8543478, 2.519971
HipRight: -0.3008251, 0.03478752, 2.812254
KneeRight: -0.3447509, -0.3800105, 2.728157
AnkleRight: -0.3344865, -0.7781965, 2.640331
FootRight: -0.3765321, -0.847219, 2.515068
=========
HipCenter: -0.3799013, 0.09932584, 2.840018
Spine: -0.392306, 0.1479665, 2.91304
ShoulderCenter: -0.4109946, 0.5180764, 3.004631
Head: -0.3902439, 0.6925851, 3.009338
ShoulderLeft: -0.5434288, 0.3728011, 2.937371
ElbowLeft: -0.59035, 0.1445394, 2.865838
WristLeft: -0.5719281, -0.08201906, 2.726022
HandLeft: -0.596526, -0.1256856, 2.679446
ShoulderRight: -0.2128001, 0.4319713, 3.008217
ElbowRight: 0.009007173, 0.4874934, 2.985075
WristRight: 0.2602933, 0.5357537, 2.948621
HandRight: 0.3548759, 0.5330408, 2.943544
HipLeft: -0.4482166, 0.02522906, 2.806463
KneeLeft: -0.3890251, -0.4941184, 2.723117
AnkleLeft: -0.3994257, -0.7969959, 2.621425
FootLeft: -0.3641523, -0.8542418, 2.519998
HipRight: -0.3008127, 0.03461425, 2.811936
KneeRight: -0.3440995, -0.3801946, 2.728456
AnkleRight: -0.3337205, -0.7787638, 2.640615
FootRight: -0.3765313, -0.8471875, 2.515309
=========
HipCenter: -0.3798072, 0.09914384, 2.83981
Spine: -0.3921894, 0.1478369, 2.9129
ShoulderCenter: -0.4108809, 0.5181102, 3.004674
Head: -0.390068, 0.692671, 3.009323
ShoulderLeft: -0.5431626, 0.372799, 2.937242
ElbowLeft: -0.5903258, 0.1445415, 2.865857
WristLeft: -0.5717658, -0.082059, 2.726063
HandLeft: -0.5966085, -0.1252785, 2.679248
ShoulderRight: -0.2126537, 0.4320077, 3.008171
ElbowRight: 0.008713708, 0.4874446, 2.984935
WristRight: 0.2600918, 0.5357441, 2.948252
HandRight: 0.3544624, 0.5324933, 2.942991
HipLeft: -0.4481432, 0.02503221, 2.806207
KneeLeft: -0.3888946, -0.4941221, 2.723109
AnkleLeft: -0.3994153, -0.7969909, 2.621418
FootLeft: -0.3641337, -0.8541454, 2.520024
HipRight: -0.300742, 0.03452514, 2.811695
KneeRight: -0.3436619, -0.3802909, 2.7287
AnkleRight: -0.3332065, -0.7791472, 2.640825
FootRight: -0.3765667, -0.8471906, 2.515533
=========
HipCenter: -0.3797564, 0.09900114, 2.839612
Spine: -0.3920929, 0.1477246, 2.912759
ShoulderCenter: -0.4107806, 0.5181354, 3.004709
Head: -0.3899449, 0.6927342, 3.009324
ShoulderLeft: -0.5429556, 0.3727952, 2.937155
ElbowLeft: -0.5903056, 0.1445365, 2.865868
WristLeft: -0.5715903, -0.08212802, 2.726108
HandLeft: -0.5967702, -0.1248379, 2.679064
ShoulderRight: -0.2125445, 0.4320348, 3.008106
ElbowRight: 0.008544442, 0.487457, 2.984768
WristRight: 0.2598574, 0.5356705, 2.947891
HandRight: 0.3540426, 0.5319446, 2.942479
HipLeft: -0.4481364, 0.02488943, 2.806054
KneeLeft: -0.3887574, -0.4941167, 2.723101
AnkleLeft: -0.399405, -0.7969872, 2.621412
FootLeft: -0.3641105, -0.8540475, 2.520073
HipRight: -0.3007444, 0.03449178, 2.811331
KneeRight: -0.3434131, -0.3803228, 2.728922
AnkleRight: -0.3328968, -0.7794451, 2.640999
FootRight: -0.3765922, -0.847199, 2.515702
=========
HipCenter: -0.3797483, 0.09891695, 2.83946
Spine: -0.3920355, 0.1476534, 2.912651
ShoulderCenter: -0.4106933, 0.5181575, 3.004743
Head: -0.3898331, 0.6927854, 3.009324
ShoulderLeft: -0.5428134, 0.3727724, 2.937089
ElbowLeft: -0.5902867, 0.1445212, 2.865883
WristLeft: -0.5714551, -0.08220375, 2.726142
HandLeft: -0.5968491, -0.1245892, 2.678927
ShoulderRight: -0.2124554, 0.4320644, 3.008047
ElbowRight: 0.008378237, 0.4874667, 2.984642
WristRight: 0.2595771, 0.5355156, 2.947513
HandRight: 0.3536067, 0.5313737, 2.941989
HipLeft: -0.4481599, 0.02479113, 2.805944
KneeLeft: -0.388635, -0.494113, 2.723093
AnkleLeft: -0.3993944, -0.7969846, 2.621407
FootLeft: -0.3640946, -0.8539458, 2.520121
HipRight: -0.300793, 0.03449749, 2.811017
KneeRight: -0.3439004, -0.3801413, 2.729126
AnkleRight: -0.3333356, -0.7796579, 2.641112
FootRight: -0.3766152, -0.847262, 2.515787
=========
HipCenter: -0.3797556, 0.09885176, 2.839318
Spine: -0.3919899, 0.1475977, 2.91255
ShoulderCenter: -0.4105533, 0.5181849, 3.004753
Head: -0.3896939, 0.6928393, 3.009253
ShoulderLeft: -0.5426977, 0.3727506, 2.937039
ElbowLeft: -0.5902689, 0.1445032, 2.865897
WristLeft: -0.5713308, -0.08227494, 2.726164
HandLeft: -0.5969205, -0.1244155, 2.678834
ShoulderRight: -0.2123813, 0.4320934, 3.007999
ElbowRight: 0.008225752, 0.4874415, 2.984514
WristRight: 0.2593232, 0.5353554, 2.947184
HandRight: 0.3532177, 0.530863, 2.941569
HipLeft: -0.4482445, 0.02470342, 2.805786
KneeLeft: -0.3885506, -0.4941038, 2.723085
AnkleLeft: -0.399384, -0.7969825, 2.621401
FootLeft: -0.364092, -0.8538512, 2.520143
HipRight: -0.3008582, 0.03450005, 2.810776
KneeRight: -0.3460193, -0.3794543, 2.728916
AnkleRight: -0.334339, -0.7797748, 2.640946
FootRight: -0.3766849, -0.8474023, 2.515772
=========
HipCenter: -0.3797579, 0.09880496, 2.8392
Spine: -0.3919421, 0.1475499, 2.912463
ShoulderCenter: -0.4103765, 0.518209, 3.004837
Head: -0.3895894, 0.6928855, 3.009181
ShoulderLeft: -0.542605, 0.3727268, 2.937
ElbowLeft: -0.590254, 0.144464, 2.865929
WristLeft: -0.5711902, -0.08236009, 2.72619
HandLeft: -0.597092, -0.1242661, 2.678831
ShoulderRight: -0.212323, 0.4321205, 3.007956
ElbowRight: 0.008051471, 0.487435, 2.984365
WristRight: 0.259105, 0.5352119, 2.946903
HandRight: 0.3528803, 0.5304231, 2.941212
HipLeft: -0.4483089, 0.02463753, 2.805658
KneeLeft: -0.3884811, -0.4940927, 2.723076
AnkleLeft: -0.3993768, -0.7969778, 2.621396
FootLeft: -0.364093, -0.853766, 2.520162
HipRight: -0.3009047, 0.03451603, 2.810582
KneeRight: -0.3466047, -0.3791645, 2.728781
AnkleRight: -0.3348299, -0.7798582, 2.640727
FootRight: -0.3768143, -0.8475707, 2.515741
=========
HipCenter: -0.37976, 0.09877662, 2.839101
Spine: -0.3919009, 0.1475141, 2.91239
ShoulderCenter: -0.4102038, 0.5182247, 3.00493
Head: -0.389502, 0.6929225, 3.009103
ShoulderLeft: -0.5425269, 0.3726983, 2.936962
ElbowLeft: -0.5902439, 0.1444099, 2.865971
WristLeft: -0.5711188, -0.08243558, 2.726208
HandLeft: -0.5971748, -0.1242593, 2.678842
ShoulderRight: -0.2122781, 0.4321432, 3.007927
ElbowRight: 0.007901083, 0.4874224, 2.984248
WristRight: 0.2588966, 0.5350688, 2.946651
HandRight: 0.3525694, 0.5300295, 2.9409
HipLeft: -0.4483632, 0.02459399, 2.805554
KneeLeft: -0.3884234, -0.494081, 2.723068
AnkleLeft: -0.3993696, -0.7969735, 2.621391
FootLeft: -0.3640946, -0.8536879, 2.520179
HipRight: -0.3009448, 0.03454444, 2.810422
KneeRight: -0.3470736, -0.3788724, 2.728602
AnkleRight: -0.335258, -0.7798967, 2.640463
FootRight: -0.3770131, -0.8477738, 2.515647
=========
HipCenter: -0.3797228, 0.09879266, 2.839008
Spine: -0.3918278, 0.1475058, 2.912323
ShoulderCenter: -0.4100344, 0.518252, 3.005057
Head: -0.3894379, 0.6928646, 3.008734
ShoulderLeft: -0.5424659, 0.3726702, 2.936931
ElbowLeft: -0.590224, 0.1442672, 2.866012
WristLeft: -0.5710497, -0.08261703, 2.726217
HandLeft: -0.5972773, -0.1243382, 2.678845
ShoulderRight: -0.2122432, 0.4321634, 3.007904
ElbowRight: 0.007594791, 0.4874033, 2.984129
WristRight: 0.2587127, 0.5349351, 2.946431
HandRight: 0.3522939, 0.5296838, 2.940632
HipLeft: -0.4483711, 0.02457885, 2.805474
KneeLeft: -0.3883632, -0.4940684, 2.723065
AnkleLeft: -0.3993629, -0.7969693, 2.621386
FootLeft: -0.3640973, -0.8536149, 2.520193
HipRight: -0.3008936, 0.0346815, 2.810266
KneeRight: -0.3467871, -0.3784039, 2.728189
AnkleRight: -0.335048, -0.7798328, 2.640018
FootRight: -0.3771807, -0.8478951, 2.515609
=========
HipCenter: -0.3796491, 0.09886879, 2.83893
Spine: -0.391721, 0.1475293, 2.912278
ShoulderCenter: -0.4097788, 0.5183228, 3.005503
Head: -0.3893892, 0.6927853, 3.008399
ShoulderLeft: -0.5424221, 0.3726496, 2.936909
ElbowLeft: -0.590207, 0.1439261, 2.86599
WristLeft: -0.5709791, -0.08302405, 2.726137
HandLeft: -0.5973811, -0.1248455, 2.678861
ShoulderRight: -0.2122159, 0.432183, 3.007886
ElbowRight: 0.007176058, 0.4874574, 2.984085
WristRight: 0.2585239, 0.5347875, 2.946244
HandRight: 0.352024, 0.5293527, 2.940404
HipLeft: -0.4483514, 0.02461483, 2.805409
KneeLeft: -0.3883039, -0.4940517, 2.723062
AnkleLeft: -0.3993556, -0.7969651, 2.621381
FootLeft: -0.3640993, -0.8535471, 2.520204
HipRight: -0.3007731, 0.03490848, 2.810122
KneeRight: -0.346162, -0.3778313, 2.727757
AnkleRight: -0.334589, -0.7796961, 2.639552
FootRight: -0.3773223, -0.8479794, 2.515625
