=========
HipCenter: -0.2538225, 0.09245648, 2.780525
Spine: -0.2688863, 0.144148, 2.858276
ShoulderCenter: -0.2996985, 0.5396248, 2.957049
Head: -0.2770408, 0.7181686, 2.950576
ShoulderLeft: -0.4370618, 0.3911365, 2.885919
ElbowLeft: -0.4632842, 0.1551224, 2.823509
WristLeft: -0.4479393, -0.02225308, 2.685961
HandLeft: -0.4467182, -0.1176719, 2.648776
ShoulderRight: -0.09629057, 0.4511177, 2.961668
ElbowRight: 0.1716833, 0.4523834, 2.947743
WristRight: 0.4056202, 0.4432675, 2.948434
HandRight: 0.4835992, 0.4402288, 2.953775
HipLeft: -0.3230757, 0.006633148, 2.735771
KneeLeft: -0.242945, -0.4802862, 2.674124
AnkleLeft: -0.2550415, -0.7818099, 2.57655
FootLeft: -0.2198084, -0.836944, 2.456108
HipRight: -0.1697287, 0.03362471, 2.763217
KneeRight: -0.2450916, -0.5094754, 2.672378
AnkleRight: -0.2354926, -0.7807711, 2.575566
FootRight: -0.2448604, -0.8382276, 2.430496
=========
HipCenter: -0.2548446, 0.09461133, 2.780539
Spine: -0.2694471, 0.1454949, 2.858133
ShoulderCenter: -0.2996385, 0.5394159, 2.956659
Head: -0.2770492, 0.7179816, 2.949738
ShoulderLeft: -0.437108, 0.3914124, 2.886017
ElbowLeft: -0.4633979, 0.1553851, 2.823359
WristLeft: -0.4509699, -0.05153983, 2.679586
HandLeft: -0.4488115, -0.1376908, 2.643719
ShoulderRight: -0.09630289, 0.4511158, 2.961056
ElbowRight: 0.1717865, 0.452353, 2.947529
WristRight: 0.4054943, 0.4432569, 2.948306
HandRight: 0.483397, 0.4402248, 2.953635
HipLeft: -0.3248511, 0.01038459, 2.738677
KneeLeft: -0.27029, -0.4338261, 2.667617
AnkleLeft: -0.2554675, -0.7804267, 2.576243
FootLeft: -0.2202717, -0.8367561, 2.456602
HipRight: -0.1710914, 0.03621881, 2.761239
KneeRight: -0.2352207, -0.4524594, 2.674807
AnkleRight: -0.2352292, -0.7806415, 2.575327
FootRight: -0.2407809, -0.8359419, 2.442746
=========
HipCenter: -0.2550695, 0.09505369, 2.780544
Spine: -0.2695827, 0.1457733, 2.858112
ShoulderCenter: -0.2996625, 0.5393938, 2.956609
Head: -0.2770638, 0.7179335, 2.949558
ShoulderLeft: -0.437115, 0.391457, 2.88603
ElbowLeft: -0.4634159, 0.1554269, 2.823329
WristLeft: -0.4515921, -0.05973063, 2.677855
HandLeft: -0.4494461, -0.1425721, 2.64269
ShoulderRight: -0.09631238, 0.451113, 2.960947
ElbowRight: 0.171802, 0.4523483, 2.947497
WristRight: 0.4054755, 0.4432547, 2.948287
HandRight: 0.4833667, 0.4402235, 2.953617
HipLeft: -0.3252418, 0.0112224, 2.739275
KneeLeft: -0.2622183, -0.4493323, 2.669978
AnkleLeft: -0.2555499, -0.7802228, 2.576188
FootLeft: -0.2203418, -0.8367255, 2.456693
HipRight: -0.1714051, 0.03678003, 2.760846
KneeRight: -0.2394692, -0.4677542, 2.673825
AnkleRight: -0.2343629, -0.7806913, 2.575494
FootRight: -0.2398728, -0.8354456, 2.446208
=========
HipCenter: -0.2552747, 0.09545886, 2.780567
Spine: -0.2697201, 0.1460456, 2.858115
ShoulderCenter: -0.2997557, 0.539412, 2.956649
Head: -0.2771356, 0.7178973, 2.949518
ShoulderLeft: -0.4371241, 0.3914924, 2.886043
ElbowLeft: -0.4634309, 0.1554601, 2.823307
WristLeft: -0.4516452, -0.06599792, 2.676267
HandLeft: -0.4499733, -0.1460152, 2.64204
ShoulderRight: -0.09632226, 0.4511074, 2.960862
ElbowRight: 0.171814, 0.4523447, 2.947473
WristRight: 0.4054647, 0.4432458, 2.948287
HandRight: 0.4833487, 0.4402104, 2.953623
HipLeft: -0.3255592, 0.011916, 2.739753
KneeLeft: -0.2790218, -0.4164518, 2.666055
AnkleLeft: -0.2556969, -0.7798545, 2.576157
FootLeft: -0.2203796, -0.8366972, 2.456779
HipRight: -0.1716589, 0.03724718, 2.760539
KneeRight: -0.23268, -0.4320865, 2.67511
AnkleRight: -0.2336617, -0.7807459, 2.575614
FootRight: -0.2393343, -0.8351167, 2.448225
=========
HipCenter: -0.2555827, 0.09601796, 2.780635
Spine: -0.2699367, 0.1464382, 2.85816
ShoulderCenter: -0.2998707, 0.5394492, 2.956722
Head: -0.2772789, 0.7181826, 2.949504
ShoulderLeft: -0.4371349, 0.3915332, 2.886064
ElbowLeft: -0.4634444, 0.155486, 2.823289
WristLeft: -0.4516351, -0.07023939, 2.675169
HandLeft: -0.4503719, -0.148474, 2.641618
ShoulderRight: -0.09636561, 0.4510677, 2.960756
ElbowRight: 0.1718228, 0.4523421, 2.947455
WristRight: 0.4054429, 0.4431989, 2.94834
HandRight: 0.4833117, 0.4401301, 2.953719
HipLeft: -0.3259913, 0.01291498, 2.740322
KneeLeft: -0.2639135, -0.4463511, 2.669053
AnkleLeft: -0.2557904, -0.7797043, 2.576118
FootLeft: -0.2204117, -0.8366728, 2.456855
HipRight: -0.1720395, 0.03785808, 2.760244
KneeRight: -0.2378631, -0.4666218, 2.672895
AnkleRight: -0.2330637, -0.7807616, 2.57574
FootRight: -0.2389285, -0.8347646, 2.45027
=========
HipCenter: -0.2560566, 0.09751237, 2.780856
Spine: -0.2702284, 0.1473245, 2.858279
ShoulderCenter: -0.2999474, 0.5394732, 2.956783
Head: -0.2774029, 0.7181857, 2.949539
ShoulderLeft: -0.4371496, 0.3915603, 2.886081
ElbowLeft: -0.4634566, 0.1555094, 2.823271
WristLeft: -0.451638, -0.07308925, 2.674435
HandLeft: -0.4508047, -0.1502837, 2.641521
ShoulderRight: -0.09641071, 0.4510203, 2.960666
ElbowRight: 0.1718288, 0.4523401, 2.947442
WristRight: 0.4037623, 0.4428966, 2.948672
HandRight: 0.4803569, 0.4396007, 2.954294
HipLeft: -0.3264748, 0.01434739, 2.740619
KneeLeft: -0.2766699, -0.4224385, 2.666251
AnkleLeft: -0.2559144, -0.7794956, 2.576089
FootLeft: -0.2204342, -0.8366511, 2.456922
HipRight: -0.1725569, 0.03933904, 2.760278
KneeRight: -0.2333866, -0.4425323, 2.674954
AnkleRight: -0.2325285, -0.7807773, 2.575906
FootRight: -0.238662, -0.8345095, 2.451669
=========
HipCenter: -0.2565422, 0.09876753, 2.781023
Spine: -0.2705382, 0.148105, 2.858365
ShoulderCenter: -0.3000331, 0.5394658, 2.956838
Head: -0.2779296, 0.7182897, 2.949712
ShoulderLeft: -0.4371754, 0.3915877, 2.886108
ElbowLeft: -0.4634568, 0.1552879, 2.823165
WristLeft: -0.4516448, -0.07512579, 2.673918
HandLeft: -0.4511769, -0.1516073, 2.641549
ShoulderRight: -0.09647127, 0.450945, 2.960558
ElbowRight: 0.1718324, 0.4523385, 2.947432
WristRight: 0.4026409, 0.4425762, 2.949045
HandRight: 0.4785108, 0.4390684, 2.95491
HipLeft: -0.3269416, 0.01552838, 2.740825
KneeLeft: -0.2589884, -0.4533041, 2.669642
AnkleLeft: -0.256043, -0.7793923, 2.576052
FootLeft: -0.2204489, -0.8366326, 2.456981
HipRight: -0.1730869, 0.04051633, 2.760237
KneeRight: -0.2403406, -0.4761612, 2.673081
AnkleRight: -0.2320732, -0.7807886, 2.576067
FootRight: -0.23919, -0.8344516, 2.451231
=========
HipCenter: -0.2569047, 0.1000396, 2.781223
Spine: -0.2707773, 0.1489171, 2.85847
ShoulderCenter: -0.3000928, 0.539435, 2.956899
Head: -0.2784565, 0.718178, 2.950031
ShoulderLeft: -0.4371986, 0.3916096, 2.886132
ElbowLeft: -0.4634408, 0.1551117, 2.823015
WristLeft: -0.4516426, -0.07658769, 2.673539
HandLeft: -0.4514812, -0.1525487, 2.641646
ShoulderRight: -0.09651655, 0.4508551, 2.96046
ElbowRight: 0.1718325, 0.4523371, 2.94743
WristRight: 0.4017125, 0.442205, 2.950069
HandRight: 0.4770663, 0.4384712, 2.956561
HipLeft: -0.3272802, 0.01665364, 2.740924
KneeLeft: -0.2730935, -0.4265009, 2.665944
AnkleLeft: -0.2562657, -0.7791561, 2.576023
FootLeft: -0.2204749, -0.8366066, 2.457068
HipRight: -0.1734587, 0.04169187, 2.760322
KneeRight: -0.2337379, -0.445213, 2.674663
AnkleRight: -0.2316885, -0.780793, 2.576241
FootRight: -0.2392246, -0.8343641, 2.451501
=========
HipCenter: -0.2575353, 0.1019563, 2.781628
Spine: -0.2711879, 0.1501666, 2.858708
ShoulderCenter: -0.3001548, 0.5393887, 2.95697
Head: -0.2789228, 0.7180942, 2.950293
ShoulderLeft: -0.4372343, 0.3916193, 2.886166
ElbowLeft: -0.4634461, 0.1550344, 2.82296
WristLeft: -0.4514695, -0.07752375, 2.673172
HandLeft: -0.4516854, -0.1532096, 2.641671
ShoulderRight: -0.09655848, 0.4507566, 2.960359
ElbowRight: 0.1718209, 0.4523355, 2.947438
WristRight: 0.4009568, 0.4418377, 2.951055
HandRight: 0.4759849, 0.4379084, 2.95806
HipLeft: -0.3278361, 0.01817761, 2.741013
KneeLeft: -0.2579149, -0.4586659, 2.669455
AnkleLeft: -0.2564382, -0.7790768, 2.575983
FootLeft: -0.2205044, -0.8365811, 2.457169
HipRight: -0.1740268, 0.04340769, 2.760606
KneeRight: -0.2412777, -0.4797378, 2.672245
AnkleRight: -0.2313031, -0.7807806, 2.576458
FootRight: -0.2392611, -0.8343015, 2.451636
=========
HipCenter: -0.257715, 0.1029458, 2.781915
Spine: -0.2713615, 0.1509846, 2.858926
ShoulderCenter: -0.3002207, 0.5393433, 2.957083
Head: -0.2793091, 0.7182183, 2.950478
ShoulderLeft: -0.4372632, 0.391624, 2.886198
ElbowLeft: -0.4634515, 0.1549676, 2.822914
WristLeft: -0.451274, -0.07808082, 2.672881
HandLeft: -0.4518743, -0.1535986, 2.641809
ShoulderRight: -0.09661644, 0.4506242, 2.960254
ElbowRight: 0.1718192, 0.4523325, 2.94746
WristRight: 0.4003447, 0.4414899, 2.952024
HandRight: 0.475134, 0.4373984, 2.959466
HipLeft: -0.3279087, 0.01942531, 2.741362
KneeLeft: -0.2310819, -0.519565, 2.668561
AnkleLeft: -0.2678494, -0.7894174, 2.56924
FootLeft: -0.2205341, -0.8365534, 2.457276
HipRight: -0.1741662, 0.04397005, 2.760639
KneeRight: -0.2355249, -0.447632, 2.673759
AnkleRight: -0.2309729, -0.7807642, 2.57667
FootRight: -0.2392922, -0.8342372, 2.451958
=========
HipCenter: -0.2578215, 0.1037377, 2.78215
Spine: -0.2714892, 0.1516699, 2.859106
ShoulderCenter: -0.3003148, 0.5392854, 2.957222
Head: -0.2796713, 0.7181187, 2.950693
ShoulderLeft: -0.4372885, 0.3916593, 2.886282
ElbowLeft: -0.4634572, 0.154907, 2.822874
WristLeft: -0.451069, -0.07837871, 2.672654
HandLeft: -0.4520305, -0.1537795, 2.642022
ShoulderRight: -0.09666205, 0.4504696, 2.960188
ElbowRight: 0.171817, 0.4523284, 2.947488
WristRight: 0.3992724, 0.4411142, 2.953155
HandRight: 0.473605, 0.4368653, 2.96107
HipLeft: -0.3278012, 0.0209517, 2.741845
KneeLeft: -0.2291701, -0.5180152, 2.670593
AnkleLeft: -0.2686707, -0.7897465, 2.568916
FootLeft: -0.2205627, -0.8365277, 2.457372
HipRight: -0.1742379, 0.04438654, 2.760647
KneeRight: -0.2324294, -0.4308387, 2.674523
AnkleRight: -0.2307386, -0.7807558, 2.576836
FootRight: -0.239323, -0.8341898, 2.452208
=========
HipCenter: -0.2577823, 0.1043208, 2.782411
Spine: -0.2714947, 0.1522091, 2.859315
ShoulderCenter: -0.3003923, 0.5392351, 2.957387
Head: -0.2799472, 0.7180496, 2.950942
ShoulderLeft: -0.4373055, 0.3916891, 2.886395
ElbowLeft: -0.4634576, 0.1548547, 2.822836
WristLeft: -0.4508668, -0.07841583, 2.672519
HandLeft: -0.4520981, -0.1538396, 2.642238
ShoulderRight: -0.09669989, 0.4503111, 2.960144
ElbowRight: 0.1718129, 0.4523248, 2.947524
WristRight: 0.3978156, 0.440721, 2.954226
HandRight: 0.4715096, 0.4363162, 2.962533
HipLeft: -0.3274394, 0.02232108, 2.742397
KneeLeft: -0.2282211, -0.5158784, 2.672149
AnkleLeft: -0.268489, -0.7891058, 2.569247
FootLeft: -0.2205785, -0.8364916, 2.45751
HipRight: -0.1740634, 0.04452352, 2.760735
KneeRight: -0.2310568, -0.4247923, 2.674855
AnkleRight: -0.2305747, -0.7807515, 2.576949
FootRight: -0.2393717, -0.8341418, 2.452476
=========
HipCenter: -0.2576677, 0.104714, 2.782667
Spine: -0.2714534, 0.1526084, 2.859518
ShoulderCenter: -0.3004804, 0.5391896, 2.957577
Head: -0.2802, 0.7179715, 2.951206
ShoulderLeft: -0.4373296, 0.3916865, 2.886521
ElbowLeft: -0.4634574, 0.1548094, 2.822803
WristLeft: -0.4505514, -0.07815529, 2.672442
HandLeft: -0.4520787, -0.1538158, 2.642421
ShoulderRight: -0.0967304, 0.4501512, 2.960121
ElbowRight: 0.1711288, 0.4520626, 2.947873
WristRight: 0.3960266, 0.4403419, 2.955207
HandRight: 0.4695771, 0.4359689, 2.963606
HipLeft: -0.3270275, 0.02337389, 2.742934
KneeLeft: -0.2314054, -0.5054427, 2.673477
AnkleLeft: -0.26843, -0.7887633, 2.569432
FootLeft: -0.2207627, -0.8362886, 2.458129
HipRight: -0.173589, 0.0442132, 2.760847
KneeRight: -0.2299926, -0.4208237, 2.6751
AnkleRight: -0.2304005, -0.7807457, 2.577116
FootRight: -0.2405277, -0.8345739, 2.449022
=========
HipCenter: -0.2575291, 0.1049751, 2.782887
Spine: -0.2714022, 0.1529021, 2.859683
ShoulderCenter: -0.300562, 0.5391486, 2.957761
Head: -0.2804232, 0.7178904, 2.951443
ShoulderLeft: -0.4373224, 0.3916531, 2.886603
ElbowLeft: -0.4634516, 0.1547632, 2.822775
WristLeft: -0.4501276, -0.07769523, 2.672571
HandLeft: -0.4519242, -0.1536661, 2.642632
ShoulderRight: -0.09676003, 0.4499904, 2.960105
ElbowRight: 0.1704908, 0.451846, 2.948218
WristRight: 0.3943042, 0.4399897, 2.956014
HandRight: 0.4677162, 0.4356419, 2.96444
HipLeft: -0.3266479, 0.0241961, 2.743398
KneeLeft: -0.2343454, -0.4971838, 2.674194
AnkleLeft: -0.2672165, -0.7870728, 2.570501
FootLeft: -0.2209405, -0.8360878, 2.458732
HipRight: -0.1730781, 0.04373425, 2.760911
KneeRight: -0.2287919, -0.4177033, 2.675412
AnkleRight: -0.2302691, -0.7807282, 2.577274
FootRight: -0.2410857, -0.8346812, 2.448087
=========
HipCenter: -0.2574422, 0.1051678, 2.783089
Spine: -0.2713878, 0.1531393, 2.85985
ShoulderCenter: -0.3009087, 0.5391423, 2.958157
Head: -0.2805997, 0.7178258, 2.951658
ShoulderLeft: -0.4373005, 0.3916144, 2.886714
ElbowLeft: -0.463449, 0.1547455, 2.82278
WristLeft: -0.449733, -0.07702973, 2.673007
HandLeft: -0.4517308, -0.1534718, 2.642928
ShoulderRight: -0.0967961, 0.4498266, 2.9601
ElbowRight: 0.1698871, 0.4516601, 2.948553
WristRight: 0.3925544, 0.4396746, 2.956691
HandRight: 0.4657809, 0.435351, 2.9651
HipLeft: -0.3263674, 0.02499607, 2.743934
KneeLeft: -0.2370389, -0.4906392, 2.67444
AnkleLeft: -0.2666459, -0.7861715, 2.571071
FootLeft: -0.2210895, -0.8359121, 2.459306
HipRight: -0.1727674, 0.04330893, 2.760967
KneeRight: -0.2280052, -0.4155183, 2.675605
AnkleRight: -0.2301532, -0.7807192, 2.577456
FootRight: -0.2412957, -0.8347467, 2.447708
=========
HipCenter: -0.2573428, 0.1052867, 2.783256
Spine: -0.271346, 0.1533169, 2.85999
ShoulderCenter: -0.301184, 0.5391606, 2.958518
Head: -0.2807109, 0.7177684, 2.951878
ShoulderLeft: -0.4372667, 0.391573, 2.88684
ElbowLeft: -0.4634468, 0.1547318, 2.822777
WristLeft: -0.4493536, -0.07631955, 2.6735
HandLeft: -0.4514825, -0.15319, 2.643312
ShoulderRight: -0.09698328, 0.4492313, 2.95974
ElbowRight: 0.1695285, 0.4515217, 2.948853
WristRight: 0.3917317, 0.4394901, 2.957242
HandRight: 0.4649346, 0.4351906, 2.965633
HipLeft: -0.3261295, 0.02563061, 2.744375
KneeLeft: -0.2389498, -0.4862212, 2.674505
AnkleLeft: -0.2655944, -0.7848185, 2.571942
FootLeft: -0.2211884, -0.8357667, 2.459847
HipRight: -0.1724566, 0.04282673, 2.760986
KneeRight: -0.2273655, -0.4139074, 2.67576
AnkleRight: -0.2300575, -0.7807118, 2.577624
FootRight: -0.2414577, -0.8348047, 2.447457
=========
HipCenter: -0.2572481, 0.1053687, 2.783403
Spine: -0.2712921, 0.1534649, 2.860121
ShoulderCenter: -0.3014657, 0.5392229, 2.958929
Head: -0.2807189, 0.7177353, 2.952218
ShoulderLeft: -0.4372326, 0.391456, 2.887102
ElbowLeft: -0.4634436, 0.1547198, 2.822776
WristLeft: -0.4490256, -0.07556964, 2.67415
HandLeft: -0.4512133, -0.1529077, 2.643769
ShoulderRight: -0.09708861, 0.4487148, 2.959473
ElbowRight: 0.1692953, 0.4514088, 2.949118
WristRight: 0.3912567, 0.4393499, 2.957671
HandRight: 0.4644556, 0.4350672, 2.966059
HipLeft: -0.3259525, 0.02616046, 2.744745
KneeLeft: -0.240281, -0.4832698, 2.674496
AnkleLeft: -0.264663, -0.7836505, 2.572682
FootLeft: -0.2212704, -0.8356385, 2.460326
HipRight: -0.1721783, 0.04236811, 2.760989
KneeRight: -0.2268687, -0.4127166, 2.675869
AnkleRight: -0.2299745, -0.7806953, 2.577777
FootRight: -0.2415506, -0.8348541, 2.447318
=========
HipCenter: -0.2571826, 0.1053921, 2.783522
Spine: -0.2712556, 0.1535584, 2.860223
ShoulderCenter: -0.3017198, 0.5392667, 2.959301
Head: -0.2807179, 0.7176864, 2.95265
ShoulderLeft: -0.4372416, 0.3912341, 2.887441
ElbowLeft: -0.4634406, 0.154706, 2.822792
WristLeft: -0.4487458, -0.07490187, 2.67473
HandLeft: -0.4509703, -0.152675, 2.644178
ShoulderRight: -0.09720364, 0.4482279, 2.959235
ElbowRight: 0.1690943, 0.4513177, 2.949369
WristRight: 0.3910634, 0.4392273, 2.958204
HandRight: 0.4644222, 0.4349626, 2.966676
HipLeft: -0.3258655, 0.02648556, 2.744968
KneeLeft: -0.2411728, -0.4813022, 2.674449
AnkleLeft: -0.2638334, -0.7827097, 2.573312
FootLeft: -0.2213262, -0.835534, 2.460739
HipRight: -0.1719812, 0.04183283, 2.760989
KneeRight: -0.2264356, -0.4118551, 2.675957
AnkleRight: -0.2299053, -0.7806767, 2.577921
FootRight: -0.2416148, -0.8348961, 2.447304
=========
HipCenter: -0.2570846, 0.1053552, 2.783635
Spine: -0.2711955, 0.1536154, 2.860319
ShoulderCenter: -0.3018808, 0.5393302, 2.959692
Head: -0.2806912, 0.7175603, 2.952971
ShoulderLeft: -0.4372017, 0.3910302, 2.887706
ElbowLeft: -0.4634361, 0.1546927, 2.822814
WristLeft: -0.4484685, -0.07427029, 2.675337
HandLeft: -0.4506724, -0.1524916, 2.644722
ShoulderRight: -0.09726531, 0.4477144, 2.958995
ElbowRight: 0.1689441, 0.4512498, 2.949651
WristRight: 0.3910482, 0.4391184, 2.9587
HandRight: 0.4646186, 0.4348609, 2.967233
HipLeft: -0.3257931, 0.02672716, 2.745137
KneeLeft: -0.241779, -0.4799857, 2.674412
AnkleLeft: -0.2631038, -0.7819404, 2.573845
FootLeft: -0.2213576, -0.8354506, 2.461089
HipRight: -0.1717305, 0.04122344, 2.760972
KneeRight: -0.2260555, -0.4112343, 2.676026
AnkleRight: -0.2284942, -0.7806662, 2.578714
FootRight: -0.2414062, -0.8348464, 2.448456
=========
HipCenter: -0.2569441, 0.105264, 2.783748
Spine: -0.2710905, 0.1536374, 2.860417
ShoulderCenter: -0.3018788, 0.5393108, 2.959901
Head: -0.2804948, 0.7173479, 2.953327
ShoulderLeft: -0.4371283, 0.3907506, 2.887962
ElbowLeft: -0.4634257, 0.1546799, 2.822846
WristLeft: -0.4482155, -0.07368828, 2.675895
HandLeft: -0.4503457, -0.152367, 2.645231
ShoulderRight: -0.09723276, 0.4471706, 2.958814
ElbowRight: 0.1688472, 0.4512012, 2.949908
WristRight: 0.3911893, 0.4390515, 2.959093
HandRight: 0.4650348, 0.4348121, 2.967649
HipLeft: -0.3257266, 0.02689514, 2.74525
KneeLeft: -0.2422191, -0.4790542, 2.674374
AnkleLeft: -0.2625111, -0.7813824, 2.574187
FootLeft: -0.221374, -0.8353865, 2.461344
HipRight: -0.1714146, 0.040518, 2.761032
KneeRight: -0.225657, -0.4108172, 2.676079
AnkleRight: -0.2268463, -0.780797, 2.579427
FootRight: -0.2410681, -0.8347577, 2.449393
=========
HipCenter: -0.256276, 0.1051709, 2.783875
Spine: -0.2706239, 0.1536813, 2.86054
ShoulderCenter: -0.301832, 0.5392903, 2.960086
Head: -0.2800612, 0.717095, 2.953773
ShoulderLeft: -0.4369974, 0.3904477, 2.888196
ElbowLeft: -0.4634108, 0.1546696, 2.822995
WristLeft: -0.4479489, -0.07313959, 2.67647
HandLeft: -0.4497001, -0.1524109, 2.645856
ShoulderRight: -0.09703854, 0.4464712, 2.958682
ElbowRight: 0.1688261, 0.4511766, 2.950203
WristRight: 0.3911563, 0.4391058, 2.95938
HandRight: 0.4650756, 0.4349184, 2.96792
HipLeft: -0.3252168, 0.02714366, 2.745296
KneeLeft: -0.2425484, -0.4783825, 2.67432
AnkleLeft: -0.2620253, -0.7809448, 2.574443
FootLeft: -0.2213815, -0.8353333, 2.461559
HipRight: -0.1701667, 0.03990197, 2.761081
KneeRight: -0.2252318, -0.4105713, 2.676101
AnkleRight: -0.2248474, -0.7810491, 2.580148
FootRight: -0.2407715, -0.8346745, 2.450284
=========
HipCenter: -0.2556723, 0.1050825, 2.784027
Spine: -0.2701955, 0.1537035, 2.860693
ShoulderCenter: -0.3018312, 0.539317, 2.960518
Head: -0.279688, 0.7168562, 2.954149
ShoulderLeft: -0.4368584, 0.3901286, 2.88841
ElbowLeft: -0.4633974, 0.1546747, 2.823292
WristLeft: -0.4477266, -0.07258696, 2.677126
HandLeft: -0.4491324, -0.1523057, 2.646457
ShoulderRight: -0.09683001, 0.4458538, 2.958601
ElbowRight: 0.1688307, 0.4511763, 2.950516
WristRight: 0.3910954, 0.4393007, 2.959651
HandRight: 0.4650454, 0.43525, 2.968156
HipLeft: -0.3247364, 0.02735388, 2.745367
KneeLeft: -0.2427961, -0.477901, 2.674256
AnkleLeft: -0.2616196, -0.7806036, 2.574644
FootLeft: -0.2213862, -0.8352935, 2.461716
HipRight: -0.1691683, 0.0394164, 2.761146
KneeRight: -0.2248048, -0.4104629, 2.676116
AnkleRight: -0.2227963, -0.7814006, 2.580879
FootRight: -0.2404565, -0.8345864, 2.451229
=========
HipCenter: -0.2544025, 0.1049639, 2.784242
Spine: -0.2693813, 0.1537066, 2.860882
ShoulderCenter: -0.301835, 0.5393235, 2.960881
Head: -0.2792173, 0.7165962, 2.954562
ShoulderLeft: -0.4367192, 0.3898182, 2.888603
ElbowLeft: -0.4633845, 0.1546907, 2.823623
WristLeft: -0.4475417, -0.07201201, 2.677872
HandLeft: -0.4486421, -0.1522489, 2.646954
ShoulderRight: -0.09657405, 0.4453019, 2.958557
ElbowRight: 0.168847, 0.4512321, 2.950872
WristRight: 0.3918996, 0.4405433, 2.961008
HandRight: 0.4663939, 0.4372338, 2.969949
HipLeft: -0.3232645, 0.0274311, 2.745311
KneeLeft: -0.2429899, -0.477595, 2.674166
AnkleLeft: -0.2612797, -0.7803354, 2.574799
FootLeft: -0.2213917, -0.8352631, 2.461924
HipRight: -0.1670578, 0.03899285, 2.761418
KneeRight: -0.2243977, -0.4104458, 2.676122
AnkleRight: -0.2208629, -0.7818412, 2.581592
FootRight: -0.2400378, -0.834552, 2.452096
=========
HipCenter: -0.2532153, 0.1048405, 2.78448
Spine: -0.2685381, 0.1536975, 2.861097
ShoulderCenter: -0.3017198, 0.5393099, 2.961238
Head: -0.2784679, 0.7163202, 2.95532
ShoulderLeft: -0.4364561, 0.3893545, 2.88878
ElbowLeft: -0.4633762, 0.1547118, 2.823883
WristLeft: -0.4473759, -0.07140412, 2.678666
HandLeft: -0.4481768, -0.1522204, 2.647434
ShoulderRight: -0.09618677, 0.4448678, 2.958665
ElbowRight: 0.1688261, 0.4519332, 2.951452
WristRight: 0.3897927, 0.4496297, 2.965032
HandRight: 0.4629657, 0.4511179, 2.975621
HipLeft: -0.3219266, 0.02745002, 2.745298
KneeLeft: -0.2431295, -0.4774202, 2.67406
AnkleLeft: -0.2610059, -0.7801307, 2.574914
FootLeft: -0.2213904, -0.8352306, 2.462108
HipRight: -0.1654734, 0.03864076, 2.761671
KneeRight: -0.2239988, -0.410495, 2.676118
AnkleRight: -0.2190694, -0.7823755, 2.582284
FootRight: -0.2398302, -0.8345406, 2.452566
=========
HipCenter: -0.25229, 0.1047347, 2.784683
Spine: -0.2678198, 0.1536834, 2.861294
ShoulderCenter: -0.3015877, 0.539324, 2.961653
Head: -0.2774875, 0.7160445, 2.956304
ShoulderLeft: -0.4361854, 0.3889608, 2.888971
ElbowLeft: -0.4633682, 0.1547345, 2.824131
WristLeft: -0.4472336, -0.07081149, 2.679399
HandLeft: -0.4477503, -0.152223, 2.647789
ShoulderRight: -0.09575989, 0.444488, 2.958803
ElbowRight: 0.1689143, 0.455353, 2.953275
WristRight: 0.3846327, 0.4712072, 2.973761
HandRight: 0.4588799, 0.4667394, 2.981722
HipLeft: -0.3209319, 0.02746256, 2.745296
KneeLeft: -0.243232, -0.4773542, 2.673943
AnkleLeft: -0.2608004, -0.7799761, 2.574992
FootLeft: -0.2213894, -0.835201, 2.46226
HipRight: -0.1644301, 0.0383706, 2.761837
KneeRight: -0.2236348, -0.410576, 2.676108
AnkleRight: -0.2174612, -0.7828212, 2.582917
FootRight: -0.2394108, -0.8345527, 2.45272
=========
HipCenter: -0.2515572, 0.1046573, 2.784857
Spine: -0.2671947, 0.1536748, 2.861475
ShoulderCenter: -0.3013809, 0.5393622, 2.962093
Head: -0.276473, 0.7158003, 2.957198
ShoulderLeft: -0.4359144, 0.3886158, 2.889163
ElbowLeft: -0.4633613, 0.1547555, 2.824366
WristLeft: -0.4471081, -0.07028612, 2.680007
HandLeft: -0.4475528, -0.1522058, 2.647916
ShoulderRight: -0.09516992, 0.4441753, 2.958992
ElbowRight: 0.1688196, 0.4604195, 2.956249
WristRight: 0.3808414, 0.4884064, 2.980967
HandRight: 0.4548892, 0.4830385, 2.988154
HipLeft: -0.3202009, 0.02748193, 2.745308
KneeLeft: -0.2432925, -0.4773633, 2.673824
AnkleLeft: -0.2606415, -0.7798553, 2.575053
FootLeft: -0.2213903, -0.8351765, 2.462347
HipRight: -0.1637059, 0.03816977, 2.761955
KneeRight: -0.2233142, -0.4106944, 2.676093
AnkleRight: -0.2160988, -0.7832256, 2.58347
FootRight: -0.2390891, -0.8345516, 2.452741
=========
HipCenter: -0.2510932, 0.1046183, 2.784978
Spine: -0.2667556, 0.1536799, 2.861614
ShoulderCenter: -0.3011799, 0.5394003, 2.962494
Head: -0.2757236, 0.7155703, 2.957696
ShoulderLeft: -0.4356268, 0.3883155, 2.889321
ElbowLeft: -0.4633707, 0.1547811, 2.824538
WristLeft: -0.4470193, -0.06985284, 2.680371
HandLeft: -0.4473659, -0.1521437, 2.647929
ShoulderRight: -0.09461549, 0.4439361, 2.959191
ElbowRight: 0.1685449, 0.4644514, 2.958582
WristRight: 0.3877389, 0.5075418, 2.988432
HandRight: 0.4628274, 0.5145836, 3.005286
HipLeft: -0.3197502, 0.02752455, 2.745392
KneeLeft: -0.2433292, -0.4774287, 2.673703
AnkleLeft: -0.2605085, -0.7797688, 2.575087
FootLeft: -0.221392, -0.8351563, 2.462409
HipRight: -0.1633154, 0.0380693, 2.761965
KneeRight: -0.223031, -0.4108234, 2.676069
AnkleRight: -0.2149774, -0.7835752, 2.583917
FootRight: -0.2387954, -0.834552, 2.452722
=========
HipCenter: -0.2506148, 0.1045985, 2.785104
Spine: -0.2662725, 0.1537036, 2.861772
ShoulderCenter: -0.3008332, 0.5395675, 2.963082
Head: -0.2750299, 0.7153618, 2.957948
ShoulderLeft: -0.4352375, 0.3881757, 2.889494
ElbowLeft: -0.4633448, 0.1547154, 2.824629
WristLeft: -0.4469474, -0.06947507, 2.680662
HandLeft: -0.4472104, -0.1520817, 2.647882
ShoulderRight: -0.09388056, 0.4437788, 2.959476
ElbowRight: 0.1682039, 0.4689217, 2.961062
WristRight: 0.3924818, 0.5200621, 2.99203
HandRight: 0.4751071, 0.5430619, 3.0298
HipLeft: -0.3192826, 0.02758404, 2.745502
KneeLeft: -0.2433422, -0.4775385, 2.67358
AnkleLeft: -0.2604012, -0.779703, 2.575111
FootLeft: -0.2213923, -0.8351389, 2.462458
HipRight: -0.1629913, 0.03800345, 2.761963
KneeRight: -0.222754, -0.4109579, 2.676038
AnkleRight: -0.2139911, -0.7838846, 2.584289
FootRight: -0.2385685, -0.8345641, 2.452748
=========
HipCenter: -0.2474525, 0.1064755, 2.785211
Spine: -0.2636808, 0.1551134, 2.861872
ShoulderCenter: -0.299355, 0.5399351, 2.963685
Head: -0.2705352, 0.715029, 2.957505
ShoulderLeft: -0.4337356, 0.3893215, 2.889899
ElbowLeft: -0.4627545, 0.1540312, 2.82342
WristLeft: -0.446915, -0.06900733, 2.680312
HandLeft: -0.4470619, -0.1508583, 2.646701
ShoulderRight: -0.09066443, 0.4447635, 2.961581
ElbowRight: 0.1503456, 0.494731, 2.969435
WristRight: 0.3577762, 0.6307007, 3.000006
HandRight: 0.4269795, 0.7009804, 3.0439
HipLeft: -0.3162632, 0.02986544, 2.744975
KneeLeft: -0.2434352, -0.4778787, 2.673363
AnkleLeft: -0.2603087, -0.7796457, 2.575128
FootLeft: -0.2214251, -0.8351133, 2.462517
HipRight: -0.1596619, 0.0394369, 2.761934
KneeRight: -0.2225053, -0.4111476, 2.675889
AnkleRight: -0.2125113, -0.7838575, 2.584667
FootRight: -0.2386022, -0.8344589, 2.452638
=========
HipCenter: -0.2425354, 0.1094377, 2.784985
Spine: -0.2598146, 0.1572088, 2.861618
ShoulderCenter: -0.2977619, 0.5401369, 2.963987
Head: -0.2656149, 0.7142296, 2.957379
ShoulderLeft: -0.4314926, 0.3906068, 2.889899
ElbowLeft: -0.4617027, 0.1528316, 2.820851
WristLeft: -0.4461268, -0.06873495, 2.67868
HandLeft: -0.4463893, -0.1491542, 2.644572
ShoulderRight: -0.08688338, 0.4456176, 2.963375
ElbowRight: 0.1414184, 0.5043997, 2.973911
WristRight: 0.2733729, 0.7397416, 2.980128
HandRight: 0.3008113, 0.8402961, 3.015139
HipLeft: -0.31088, 0.03373579, 2.744143
KneeLeft: -0.2434845, -0.4779758, 2.673212
AnkleLeft: -0.2602311, -0.7796053, 2.575126
FootLeft: -0.2214728, -0.8350997, 2.462564
HipRight: -0.1537906, 0.04208656, 2.761197
KneeRight: -0.2225832, -0.4114348, 2.67565
AnkleRight: -0.2115082, -0.7839403, 2.584944
FootRight: -0.2385761, -0.8343709, 2.452679
=========
HipCenter: -0.2379255, 0.1119343, 2.784927
Spine: -0.2558535, 0.1591305, 2.861482
ShoulderCenter: -0.2960292, 0.5403167, 2.96421
Head: -0.2616599, 0.7137233, 2.957244
ShoulderLeft: -0.4296151, 0.3917545, 2.889993
ElbowLeft: -0.4603721, 0.1530655, 2.819345
WristLeft: -0.4450631, -0.06862753, 2.676868
HandLeft: -0.4454522, -0.1475239, 2.642224
ShoulderRight: -0.08368129, 0.4462216, 2.964749
ElbowRight: 0.1368051, 0.5094782, 2.976159
WristRight: 0.2152171, 0.7969247, 2.962827
HandRight: 0.2266814, 0.8996934, 2.988446
HipLeft: -0.306122, 0.03652757, 2.743693
KneeLeft: -0.2435461, -0.478109, 2.672984
AnkleLeft: -0.2601723, -0.7795646, 2.575114
FootLeft: -0.2215172, -0.83509, 2.462602
HipRight: -0.1485227, 0.04435298, 2.76073
KneeRight: -0.2227138, -0.4117213, 2.675405
AnkleRight: -0.2106513, -0.7840312, 2.58517
FootRight: -0.2385764, -0.8342817, 2.452737
=========
HipCenter: -0.2339502, 0.1141325, 2.78501
Spine: -0.2523486, 0.1608908, 2.861444
ShoulderCenter: -0.2945029, 0.5404882, 2.964344
Head: -0.2583649, 0.7133936, 2.957309
ShoulderLeft: -0.4279894, 0.3927991, 2.890081
ElbowLeft: -0.4591032, 0.1534024, 2.817982
WristLeft: -0.4440022, -0.06853473, 2.675144
HandLeft: -0.4445381, -0.1460405, 2.64006
ShoulderRight: -0.08063167, 0.446624, 2.965866
ElbowRight: 0.1343276, 0.515083, 2.978627
WristRight: 0.1655793, 0.78198, 2.938647
HandRight: 0.1709305, 0.8867539, 2.942017
HipLeft: -0.3019163, 0.03897214, 2.743572
KneeLeft: -0.2439667, -0.4774795, 2.672707
AnkleLeft: -0.260123, -0.7795325, 2.575096
FootLeft: -0.2215552, -0.8350848, 2.462636
HipRight: -0.1442576, 0.04617293, 2.76048
KneeRight: -0.2229152, -0.4120063, 2.675136
AnkleRight: -0.2099471, -0.784121, 2.585343
FootRight: -0.238591, -0.8341929, 2.452868
=========
HipCenter: -0.2308574, 0.1160186, 2.785092
Spine: -0.2494763, 0.1624498, 2.861429
ShoulderCenter: -0.292823, 0.5406548, 2.964487
Head: -0.255517, 0.7132509, 2.957759
ShoulderLeft: -0.4265322, 0.3937694, 2.890134
ElbowLeft: -0.4577523, 0.1537218, 2.816792
WristLeft: -0.4430255, -0.06845485, 2.673601
HandLeft: -0.4437481, -0.1447852, 2.638232
ShoulderRight: -0.07795283, 0.4470498, 2.966789
ElbowRight: 0.1337934, 0.5233394, 2.977208
WristRight: 0.132321, 0.7850668, 2.925195
HandRight: 0.1323044, 0.8907204, 2.928503
HipLeft: -0.2988012, 0.0409896, 2.743501
KneeLeft: -0.2445123, -0.476511, 2.672405
AnkleLeft: -0.2600807, -0.7795053, 2.575074
FootLeft: -0.2216004, -0.8350816, 2.46267
HipRight: -0.1410751, 0.04765354, 2.760289
KneeRight: -0.2231956, -0.4122793, 2.674861
AnkleRight: -0.2091854, -0.7841934, 2.585492
FootRight: -0.2386227, -0.8341113, 2.452996
=========
HipCenter: -0.2285107, 0.1176612, 2.785207
Spine: -0.2471399, 0.1639229, 2.861482
ShoulderCenter: -0.2910191, 0.5410497, 2.964711
Head: -0.2525918, 0.7132837, 2.95797
ShoulderLeft: -0.4252481, 0.3948688, 2.890365
ElbowLeft: -0.456456, 0.1540033, 2.815591
WristLeft: -0.4417262, -0.06853496, 2.67211
HandLeft: -0.4430159, -0.1438455, 2.636691
ShoulderRight: -0.07571986, 0.4473442, 2.967486
ElbowRight: 0.1333799, 0.529002, 2.975317
WristRight: 0.09481876, 0.7804978, 2.91026
HandRight: 0.07464625, 0.885653, 2.903519
HipLeft: -0.2965579, 0.04267796, 2.743475
KneeLeft: -0.2450528, -0.475472, 2.672125
AnkleLeft: -0.2600542, -0.7794743, 2.575063
FootLeft: -0.221665, -0.8350763, 2.462712
HipRight: -0.1387541, 0.04882594, 2.760184
KneeRight: -0.2233129, -0.4124525, 2.674706
AnkleRight: -0.2086207, -0.7841852, 2.585617
FootRight: -0.2386574, -0.834013, 2.453234
=========
HipCenter: -0.2267772, 0.1189668, 2.785317
Spine: -0.2452997, 0.1651585, 2.861546
ShoulderCenter: -0.2887426, 0.5414641, 2.964816
Head: -0.2498198, 0.7134548, 2.958165
ShoulderLeft: -0.4241492, 0.3958201, 2.890618
ElbowLeft: -0.4553422, 0.154264, 2.814586
WristLeft: -0.4404924, -0.06862329, 2.67082
HandLeft: -0.4423713, -0.1430602, 2.635437
ShoulderRight: -0.07320262, 0.4477162, 2.968126
ElbowRight: 0.1333119, 0.5329836, 2.973304
WristRight: 0.0562799, 0.7947562, 2.892583
HandRight: 0.02283135, 0.8850017, 2.886264
HipLeft: -0.2949894, 0.04396477, 2.743525
KneeLeft: -0.2456594, -0.4743322, 2.671861
AnkleLeft: -0.2600324, -0.7794487, 2.575053
FootLeft: -0.2217242, -0.8350701, 2.462746
HipRight: -0.1370669, 0.04971393, 2.760087
KneeRight: -0.2233824, -0.41258, 2.67459
AnkleRight: -0.2082751, -0.7841684, 2.585696
FootRight: -0.2387048, -0.8339242, 2.453437
=========
HipCenter: -0.2255542, 0.1199325, 2.785407
Spine: -0.2438868, 0.166097, 2.861613
ShoulderCenter: -0.2871109, 0.5416985, 2.965024
Head: -0.2477915, 0.7135587, 2.958312
ShoulderLeft: -0.4229411, 0.3973126, 2.89169
ElbowLeft: -0.4543838, 0.1545091, 2.813751
WristLeft: -0.4394611, -0.06865775, 2.669807
HandLeft: -0.4414968, -0.1423164, 2.634326
ShoulderRight: -0.07146214, 0.4479651, 2.96841
ElbowRight: 0.1331959, 0.5352986, 2.970776
WristRight: 0.03436447, 0.7609532, 2.881084
HandRight: -0.01667919, 0.8480299, 2.868386
HipLeft: -0.2938761, 0.04497484, 2.743617
KneeLeft: -0.2461852, -0.4729661, 2.671672
AnkleLeft: -0.2600123, -0.7794251, 2.575041
FootLeft: -0.221782, -0.8350642, 2.462778
HipRight: -0.1358684, 0.05038716, 2.760006
KneeRight: -0.2234414, -0.412697, 2.674488
AnkleRight: -0.207966, -0.7840883, 2.585764
FootRight: -0.2387292, -0.8338656, 2.453543
=========
HipCenter: -0.2246814, 0.1206368, 2.785475
Spine: -0.2428537, 0.166793, 2.861665
ShoulderCenter: -0.2858706, 0.5418792, 2.965183
Head: -0.2462727, 0.7136489, 2.958412
ShoulderLeft: -0.4218418, 0.3985663, 2.892718
ElbowLeft: -0.4534092, 0.1550291, 2.813181
WristLeft: -0.4384573, -0.06865075, 2.66893
HandLeft: -0.4407187, -0.1416578, 2.633404
ShoulderRight: -0.06995004, 0.4480145, 2.968518
ElbowRight: 0.1329897, 0.5371666, 2.966215
WristRight: 0.01544613, 0.7488039, 2.87344
HandRight: -0.04615272, 0.83315, 2.857348
HipLeft: -0.2930822, 0.04574059, 2.743723
KneeLeft: -0.24664, -0.471673, 2.671528
AnkleLeft: -0.2599253, -0.7794101, 2.575029
FootLeft: -0.2218369, -0.8350624, 2.462818
HipRight: -0.1350012, 0.0508744, 2.75994
KneeRight: -0.2234911, -0.4127973, 2.674398
AnkleRight: -0.2077154, -0.7840061, 2.585813
FootRight: -0.238751, -0.8338168, 2.453629
=========
HipCenter: -0.2239537, 0.1212084, 2.785591
Spine: -0.2419779, 0.1673616, 2.86177
ShoulderCenter: -0.2849361, 0.5420133, 2.96532
Head: -0.2112938, 0.7249059, 2.961408
ShoulderLeft: -0.4211472, 0.3992745, 2.893349
ElbowLeft: -0.4524954, 0.1554936, 2.812737
WristLeft: -0.4375235, -0.06867652, 2.6682
HandLeft: -0.439977, -0.1411517, 2.632689
ShoulderRight: -0.06848364, 0.4477627, 2.968316
ElbowRight: 0.1303677, 0.5409448, 2.957135
WristRight: 0.002743262, 0.7291647, 2.868132
HandRight: -0.0637466, 0.7769231, 2.850344
HipLeft: -0.2923644, 0.04642519, 2.744036
KneeLeft: -0.2470739, -0.4695051, 2.671507
AnkleLeft: -0.2597925, -0.7794091, 2.575001
FootLeft: -0.2218902, -0.8350626, 2.462847
HipRight: -0.1342272, 0.05124768, 2.759888
KneeRight: -0.2235414, -0.4128937, 2.674318
AnkleRight: -0.2075419, -0.7839547, 2.585849
FootRight: -0.2387709, -0.8337775, 2.453708
=========
HipCenter: -0.2229923, 0.1220985, 2.785961
Spine: -0.2406832, 0.1683392, 2.862085
ShoulderCenter: -0.2827597, 0.5424012, 2.964792
Head: -0.1973422, 0.729291, 2.961509
ShoulderLeft: -0.4208219, 0.3997423, 2.893886
ElbowLeft: -0.451628, 0.1558569, 2.812417
WristLeft: -0.4365754, -0.06867547, 2.667565
HandLeft: -0.4391804, -0.140701, 2.632103
ShoulderRight: -0.0672315, 0.4474203, 2.967929
ElbowRight: 0.1269699, 0.5436743, 2.947421
WristRight: -0.01189803, 0.7090113, 2.860973
HandRight: -0.0808055, 0.7422289, 2.845958
HipLeft: -0.2916798, 0.04711798, 2.744532
KneeLeft: -0.24728, -0.4675684, 2.67153
AnkleLeft: -0.2596714, -0.7794493, 2.574935
FootLeft: -0.221954, -0.8350701, 2.462857
HipRight: -0.1332562, 0.05173463, 2.759998
KneeRight: -0.2236223, -0.4130036, 2.674227
AnkleRight: -0.2074025, -0.7839106, 2.585878
FootRight: -0.2387845, -0.8337522, 2.45376
=========
HipCenter: -0.2215643, 0.1233581, 2.786653
Spine: -0.2381054, 0.1702959, 2.862921
ShoulderCenter: -0.2698057, 0.5477977, 2.963785
Head: -0.1911837, 0.732528, 2.958994
ShoulderLeft: -0.4206178, 0.4001018, 2.894371
ElbowLeft: -0.4508736, 0.1562015, 2.812197
WristLeft: -0.4355884, -0.06868424, 2.66699
HandLeft: -0.4383349, -0.1403273, 2.631629
ShoulderRight: -0.066037, 0.4470201, 2.967428
ElbowRight: 0.1242986, 0.5461021, 2.938864
WristRight: -0.04001112, 0.6901065, 2.849779
HandRight: -0.1095222, 0.7176338, 2.836193
HipLeft: -0.290976, 0.04785657, 2.745071
KneeLeft: -0.2473655, -0.4658507, 2.671571
AnkleLeft: -0.2594989, -0.779515, 2.574892
FootLeft: -0.2220197, -0.8350841, 2.462903
HipRight: -0.1320031, 0.05229848, 2.76052
KneeRight: -0.2236969, -0.4131042, 2.674143
AnkleRight: -0.2072315, -0.7838609, 2.585919
FootRight: -0.238761, -0.8337062, 2.45395
=========
HipCenter: -0.2203115, 0.124713, 2.78729
Spine: -0.2357602, 0.1722724, 2.863605
ShoulderCenter: -0.2607885, 0.5510235, 2.962152
Head: -0.1821472, 0.7331501, 2.947283
ShoulderLeft: -0.4203286, 0.400704, 2.895416
ElbowLeft: -0.4502093, 0.1565121, 2.812036
WristLeft: -0.434681, -0.0686972, 2.666538
HandLeft: -0.4376102, -0.1400518, 2.631347
ShoulderRight: -0.06483185, 0.4464616, 2.966825
ElbowRight: 0.1214703, 0.5491303, 2.930087
WristRight: -0.05477143, 0.6753677, 2.84415
HandRight: -0.1215374, 0.7040902, 2.832022
HipLeft: -0.2903928, 0.04899085, 2.745635
KneeLeft: -0.2477477, -0.4637567, 2.671535
AnkleLeft: -0.2593052, -0.7795919, 2.574861
FootLeft: -0.2220818, -0.8350914, 2.46296
HipRight: -0.131032, 0.05283402, 2.76104
KneeRight: -0.2237734, -0.4131994, 2.674066
AnkleRight: -0.2070653, -0.7838148, 2.585965
FootRight: -0.238712, -0.8336641, 2.454164
=========
HipCenter: -0.2190367, 0.1259416, 2.787935
Spine: -0.2335932, 0.173894, 2.864216
ShoulderCenter: -0.2558023, 0.552495, 2.961143
Head: -0.1798445, 0.7299867, 2.938707
ShoulderLeft: -0.4200337, 0.4011379, 2.896209
ElbowLeft: -0.4496071, 0.1567788, 2.811914
WristLeft: -0.433745, -0.06875411, 2.666153
HandLeft: -0.4369782, -0.1398468, 2.631131
ShoulderRight: -0.060374, 0.4467905, 2.965734
ElbowRight: 0.1228399, 0.5513579, 2.924307
WristRight: -0.06420956, 0.6616393, 2.839897
HandRight: -0.1298573, 0.6935739, 2.828841
HipLeft: -0.2898405, 0.04985132, 2.746028
KneeLeft: -0.2479262, -0.4622342, 2.671514
AnkleLeft: -0.2591179, -0.779662, 2.574845
FootLeft: -0.2221164, -0.8350945, 2.462988
HipRight: -0.1295158, 0.05327531, 2.762007
KneeRight: -0.2238808, -0.4132947, 2.673999
AnkleRight: -0.206917, -0.7837659, 2.58601
FootRight: -0.2386987, -0.8336383, 2.454259
=========
HipCenter: -0.2177013, 0.1266619, 2.788429
Spine: -0.2315193, 0.1747839, 2.864636
ShoulderCenter: -0.2523611, 0.5529643, 2.960487
Head: -0.1894868, 0.7237295, 2.93416
ShoulderLeft: -0.4194652, 0.4014024, 2.896644
ElbowLeft: -0.4490511, 0.1570177, 2.811927
WristLeft: -0.4327493, -0.06892052, 2.665808
HandLeft: -0.4363517, -0.1397321, 2.630937
ShoulderRight: -0.05657593, 0.4472899, 2.96451
ElbowRight: 0.1335342, 0.5408736, 2.921171
WristRight: -0.07844298, 0.6207812, 2.831161
HandRight: -0.1399196, 0.6704316, 2.823013
HipLeft: -0.289197, 0.05025065, 2.746266
KneeLeft: -0.2479862, -0.4614494, 2.671472
AnkleLeft: -0.2589507, -0.7797324, 2.574813
FootLeft: -0.2221515, -0.8350949, 2.463017
HipRight: -0.128012, 0.05347605, 2.762872
KneeRight: -0.2239908, -0.4133848, 2.673937
AnkleRight: -0.2067742, -0.7837117, 2.586047
FootRight: -0.2386247, -0.8336279, 2.454323
=========
HipCenter: -0.2165738, 0.1272215, 2.788871
Spine: -0.2298636, 0.1753915, 2.864989
ShoulderCenter: -0.2500964, 0.5530673, 2.960189
Head: -0.2187063, 0.7200262, 2.9386
ShoulderLeft: -0.4188058, 0.4016634, 2.897038
ElbowLeft: -0.448564, 0.1572223, 2.811975
WristLeft: -0.4318031, -0.06911191, 2.665541
HandLeft: -0.4358222, -0.1396703, 2.630826
ShoulderRight: -0.05337044, 0.447887, 2.963484
ElbowRight: 0.1389825, 0.536442, 2.915469
WristRight: -0.08356714, 0.5768776, 2.805373
HandRight: -0.1456998, 0.6340702, 2.802083
HipLeft: -0.2886347, 0.05054171, 2.746443
KneeLeft: -0.2480544, -0.4609153, 2.671439
AnkleLeft: -0.2587877, -0.7798024, 2.574786
FootLeft: -0.2221764, -0.8350961, 2.463037
HipRight: -0.1267105, 0.05360658, 2.763708
KneeRight: -0.2241324, -0.4134758, 2.673866
AnkleRight: -0.2066061, -0.7836319, 2.58611
FootRight: -0.2385248, -0.8336008, 2.454577
=========
HipCenter: -0.2150563, 0.1278711, 2.789489
Spine: -0.2274602, 0.1760995, 2.865516
ShoulderCenter: -0.2478309, 0.5528749, 2.959818
Head: -0.233229, 0.7195676, 2.941382
ShoulderLeft: -0.4181454, 0.4018353, 2.897306
ElbowLeft: -0.4480985, 0.1573578, 2.811993
WristLeft: -0.4311812, -0.06927516, 2.665416
HandLeft: -0.4354402, -0.1396279, 2.630783
ShoulderRight: -0.04982435, 0.4518735, 2.961164
ElbowRight: 0.1434657, 0.5344139, 2.909964
WristRight: -0.08622658, 0.5629386, 2.797601
HandRight: -0.1365602, 0.5602822, 2.763737
HipLeft: -0.2879084, 0.05074857, 2.746651
KneeLeft: -0.2481109, -0.4605344, 2.671408
AnkleLeft: -0.2586354, -0.7798693, 2.57476
FootLeft: -0.2221871, -0.8351114, 2.462962
HipRight: -0.1251174, 0.05391055, 2.764835
KneeRight: -0.2242993, -0.4135759, 2.673785
AnkleRight: -0.2064152, -0.7835397, 2.586198
FootRight: -0.2387024, -0.8335177, 2.454495
=========
HipCenter: -0.2140994, 0.1282437, 2.789922
Spine: -0.2257069, 0.1764895, 2.865928
ShoulderCenter: -0.2467274, 0.5528353, 2.959811
Head: -0.2401218, 0.7195712, 2.943226
ShoulderLeft: -0.4175662, 0.4019594, 2.89749
ElbowLeft: -0.4476693, 0.1574722, 2.812126
WristLeft: -0.4306572, -0.06941409, 2.665359
HandLeft: -0.4351135, -0.1396014, 2.630812
ShoulderRight: -0.04866303, 0.4541713, 2.956131
ElbowRight: 0.145396, 0.5323316, 2.906469
WristRight: -0.1006356, 0.5134012, 2.759581
HandRight: -0.1496527, 0.4728271, 2.717358
HipLeft: -0.2874904, 0.05085247, 2.746932
KneeLeft: -0.2525427, -0.4563349, 2.671469
AnkleLeft: -0.2584561, -0.779934, 2.574745
FootLeft: -0.2221546, -0.8351431, 2.462834
HipRight: -0.1241321, 0.05409363, 2.765467
KneeRight: -0.2244616, -0.413671, 2.673706
AnkleRight: -0.2061476, -0.7834165, 2.58634
FootRight: -0.2390176, -0.8334305, 2.454299
=========
HipCenter: -0.2137025, 0.127998, 2.7901
Spine: -0.2246984, 0.1762183, 2.866102
ShoulderCenter: -0.2475875, 0.5517085, 2.96054
Head: -0.244916, 0.7194309, 2.945823
ShoulderLeft: -0.4170622, 0.4020078, 2.897621
ElbowLeft: -0.4472869, 0.1575554, 2.812282
WristLeft: -0.4301879, -0.06957414, 2.665428
HandLeft: -0.4347032, -0.1397156, 2.631252
ShoulderRight: -0.05420048, 0.4467695, 2.937302
ElbowRight: 0.1422886, 0.5274253, 2.903675
WristRight: -0.1074736, 0.495548, 2.74584
HandRight: -0.1568284, 0.4393897, 2.698963
HipLeft: -0.2873744, 0.05063185, 2.747357
KneeLeft: -0.2570073, -0.4524378, 2.671461
AnkleLeft: -0.2582934, -0.7799679, 2.574741
FootLeft: -0.2221179, -0.8351771, 2.462693
HipRight: -0.1237414, 0.05386434, 2.765493
KneeRight: -0.224613, -0.4137569, 2.67363
AnkleRight: -0.2057878, -0.7832468, 2.586538
FootRight: -0.2392068, -0.8333766, 2.454248
=========
HipCenter: -0.2137978, 0.1270279, 2.790136
Spine: -0.2241383, 0.1754096, 2.866139
ShoulderCenter: -0.2493357, 0.5501255, 2.961063
Head: -0.248322, 0.7193372, 2.948929
ShoulderLeft: -0.4166816, 0.4018392, 2.897643
ElbowLeft: -0.4468638, 0.1577798, 2.812635
WristLeft: -0.429766, -0.06972614, 2.665542
HandLeft: -0.4343188, -0.139837, 2.631745
ShoulderRight: -0.05717162, 0.4430209, 2.928085
ElbowRight: 0.1383017, 0.5214418, 2.895943
WristRight: -0.1115753, 0.4847975, 2.736041
HandRight: -0.1603177, 0.4205965, 2.687715
HipLeft: -0.2876097, 0.04986682, 2.747814
KneeLeft: -0.2617728, -0.4506974, 2.670712
AnkleLeft: -0.2581249, -0.7800012, 2.574736
FootLeft: -0.2220889, -0.8352009, 2.462584
HipRight: -0.1239759, 0.05307318, 2.765296
KneeRight: -0.2247543, -0.4138317, 2.673561
AnkleRight: -0.2053766, -0.7830361, 2.586785
FootRight: -0.2393628, -0.8333619, 2.454258
=========
HipCenter: -0.2140356, 0.125971, 2.79011
Spine: -0.2238087, 0.1744941, 2.866118
ShoulderCenter: -0.251021, 0.5486862, 2.961521
Head: -0.2501919, 0.719391, 2.951596
ShoulderLeft: -0.4163452, 0.401584, 2.897627
ElbowLeft: -0.4464823, 0.1578986, 2.812882
WristLeft: -0.4294053, -0.0698403, 2.665685
HandLeft: -0.4339744, -0.1399346, 2.632306
ShoulderRight: -0.05909218, 0.4417152, 2.923435
ElbowRight: 0.1361759, 0.5150238, 2.892965
WristRight: -0.113894, 0.4771416, 2.730215
HandRight: -0.1621503, 0.4091803, 2.681197
HipLeft: -0.2878979, 0.04907707, 2.748235
KneeLeft: -0.2655346, -0.4490067, 2.670036
AnkleLeft: -0.2579665, -0.7800292, 2.574733
FootLeft: -0.2220786, -0.8352103, 2.462529
HipRight: -0.1243879, 0.05224146, 2.765006
KneeRight: -0.2248861, -0.413896, 2.673495
AnkleRight: -0.2049448, -0.7828034, 2.587049
FootRight: -0.2394595, -0.8333516, 2.454284
=========
HipCenter: -0.2143869, 0.1248988, 2.790056
Spine: -0.2236247, 0.1735816, 2.866079
ShoulderCenter: -0.2525913, 0.547565, 2.961969
Head: -0.2510603, 0.7193862, 2.95353
ShoulderLeft: -0.4161112, 0.4013013, 2.897599
ElbowLeft: -0.4461232, 0.1579606, 2.81313
WristLeft: -0.4290829, -0.06993792, 2.665835
HandLeft: -0.4336748, -0.1400165, 2.632847
ShoulderRight: -0.06284754, 0.4423967, 2.920176
ElbowRight: 0.1329683, 0.5010576, 2.892194
WristRight: -0.06660464, 0.3928362, 2.721043
HandRight: -0.1209848, 0.3373543, 2.677399
HipLeft: -0.2882225, 0.0482871, 2.748667
KneeLeft: -0.2685655, -0.4475718, 2.669505
AnkleLeft: -0.2578048, -0.7800647, 2.574724
FootLeft: -0.222058, -0.835221, 2.462486
HipRight: -0.1250114, 0.05143681, 2.764653
KneeRight: -0.2250175, -0.4139513, 2.673436
AnkleRight: -0.2045208, -0.7825607, 2.587332
FootRight: -0.2395136, -0.8333539, 2.45429
=========
HipCenter: -0.2147677, 0.1238265, 2.789994
Spine: -0.2235639, 0.1726838, 2.866023
ShoulderCenter: -0.2538298, 0.5466948, 2.962193
Head: -0.2511938, 0.719366, 2.955127
ShoulderLeft: -0.4159386, 0.4009732, 2.89753
ElbowLeft: -0.4457613, 0.1579669, 2.813413
WristLeft: -0.4288085, -0.07002746, 2.665995
HandLeft: -0.4334103, -0.1401012, 2.633398
ShoulderRight: -0.06585202, 0.4436615, 2.918567
ElbowRight: 0.1314577, 0.4879482, 2.891761
WristRight: -0.02958816, 0.3472864, 2.724428
HandRight: -0.04747478, 0.3103088, 2.703377
HipLeft: -0.2885445, 0.04735816, 2.749112
KneeLeft: -0.270932, -0.4467803, 2.668976
AnkleLeft: -0.257664, -0.7800897, 2.574719
FootLeft: -0.2220493, -0.8352258, 2.462459
HipRight: -0.125657, 0.05068238, 2.764343
KneeRight: -0.2251232, -0.4139915, 2.67339
AnkleRight: -0.2041249, -0.782303, 2.587602
FootRight: -0.2395193, -0.8333696, 2.454265
=========
HipCenter: -0.2151157, 0.1230041, 2.79001
Spine: -0.2236687, 0.1719439, 2.866019
ShoulderCenter: -0.2548719, 0.5460499, 2.962374
Head: -0.250845, 0.7193224, 2.956412
ShoulderLeft: -0.4158097, 0.4006431, 2.897449
ElbowLeft: -0.4454351, 0.1579807, 2.813708
WristLeft: -0.4285533, -0.07012206, 2.666167
HandLeft: -0.4331586, -0.1401889, 2.633955
ShoulderRight: -0.06784037, 0.4474868, 2.92109
ElbowRight: 0.1321065, 0.4785797, 2.892921
WristRight: -0.002994203, 0.3247309, 2.731717
HandRight: -0.004105622, 0.2788419, 2.725259
HipLeft: -0.2888285, 0.04654773, 2.749695
KneeLeft: -0.2727309, -0.4462727, 2.668554
AnkleLeft: -0.2575367, -0.7801024, 2.574722
FootLeft: -0.2220431, -0.8352277, 2.462445
HipRight: -0.1262604, 0.05011904, 2.764102
KneeRight: -0.2252297, -0.4140282, 2.673338
AnkleRight: -0.2037823, -0.7819932, 2.587845
FootRight: -0.2394984, -0.8334068, 2.454185
=========
HipCenter: -0.2154438, 0.1223327, 2.79004
Spine: -0.2238969, 0.1712917, 2.866022
ShoulderCenter: -0.2558344, 0.5455305, 2.962486
Head: -0.2502322, 0.7193508, 2.95745
ShoulderLeft: -0.4157229, 0.4003029, 2.897341
ElbowLeft: -0.4451335, 0.1579876, 2.813991
WristLeft: -0.4283405, -0.07020169, 2.666322
HandLeft: -0.4329451, -0.1402558, 2.634435
ShoulderRight: -0.06837665, 0.4510512, 2.925337
ElbowRight: 0.1346968, 0.455798, 2.88774
WristRight: 0.03430112, 0.2890513, 2.737582
HandRight: 0.04382301, 0.2267645, 2.732223
HipLeft: -0.2890873, 0.04586985, 2.750204
KneeLeft: -0.2741712, -0.4458095, 2.668235
AnkleLeft: -0.2574284, -0.7801083, 2.57473
FootLeft: -0.2220342, -0.835224, 2.462425
HipRight: -0.1268022, 0.04965139, 2.763917
KneeRight: -0.2253247, -0.4140636, 2.673286
AnkleRight: -0.2034658, -0.7816691, 2.588072
FootRight: -0.2392214, -0.8334837, 2.453798
=========
HipCenter: -0.2156436, 0.121935, 2.790098
Spine: -0.2241264, 0.1708253, 2.866055
ShoulderCenter: -0.2572917, 0.5450003, 2.962593
Head: -0.2491208, 0.7193481, 2.958426
ShoulderLeft: -0.4156975, 0.3999799, 2.897209
ElbowLeft: -0.4448717, 0.1579839, 2.814256
WristLeft: -0.4281446, -0.07028009, 2.666461
HandLeft: -0.4327521, -0.140316, 2.634886
ShoulderRight: -0.06840277, 0.4538633, 2.92935
ElbowRight: 0.1360023, 0.4378732, 2.885968
WristRight: 0.05030677, 0.2734483, 2.740172
HandRight: 0.06780393, 0.2020221, 2.738258
HipLeft: -0.2892569, 0.04540948, 2.75062
KneeLeft: -0.2751716, -0.4452974, 2.668056
AnkleLeft: -0.2573334, -0.7801035, 2.57474
FootLeft: -0.2220286, -0.8352187, 2.462406
HipRight: -0.1270149, 0.04943677, 2.763846
KneeRight: -0.2254079, -0.4140886, 2.67324
AnkleRight: -0.2031504, -0.781216, 2.588334
FootRight: -0.2388862, -0.833523, 2.453506
=========
HipCenter: -0.2159014, 0.1215641, 2.790176
Spine: -0.224569, 0.170351, 2.866101
ShoulderCenter: -0.2589593, 0.5445545, 2.96259
Head: -0.2483369, 0.7192887, 2.959111
ShoulderLeft: -0.4157268, 0.3996621, 2.897059
ElbowLeft: -0.4446703, 0.1579459, 2.81448
WristLeft: -0.4279667, -0.07034039, 2.666598
HandLeft: -0.4325818, -0.1403413, 2.635321
ShoulderRight: -0.06853885, 0.4556238, 2.932987
ElbowRight: 0.1373638, 0.4327874, 2.914608
WristRight: 0.1222851, 0.2473145, 2.760669
HandRight: 0.130209, 0.1698154, 2.756692
HipLeft: -0.2894254, 0.04500584, 2.750972
KneeLeft: -0.2762847, -0.4452548, 2.667776
AnkleLeft: -0.2572419, -0.7800884, 2.574748
FootLeft: -0.2220239, -0.8352121, 2.46239
HipRight: -0.1273119, 0.04924757, 2.763854
KneeRight: -0.2254915, -0.4141071, 2.673196
AnkleRight: -0.2029224, -0.7807835, 2.588547
FootRight: -0.2387585, -0.8335558, 2.453362
=========
HipCenter: -0.2161181, 0.1214616, 2.790277
Spine: -0.2250568, 0.1701927, 2.866186
ShoulderCenter: -0.2605751, 0.5443559, 2.962664
Head: -0.2476209, 0.7193392, 2.959586
ShoulderLeft: -0.4157785, 0.3994176, 2.896922
ElbowLeft: -0.4445181, 0.1579366, 2.814684
WristLeft: -0.4278659, -0.0702958, 2.666791
HandLeft: -0.4324637, -0.1403375, 2.635629
ShoulderRight: -0.06849208, 0.4567039, 2.936804
ElbowRight: 0.1386084, 0.4315325, 2.927707
WristRight: 0.1991968, 0.2439923, 2.786622
HandRight: 0.2057629, 0.1644322, 2.77858
HipLeft: -0.2895263, 0.04494009, 2.751317
KneeLeft: -0.2768948, -0.4450043, 2.667652
AnkleLeft: -0.2571438, -0.7800686, 2.574757
FootLeft: -0.2220226, -0.8352006, 2.462385
HipRight: -0.1275968, 0.04937579, 2.763904
KneeRight: -0.2256012, -0.4141298, 2.673142
AnkleRight: -0.2027545, -0.7803981, 2.588722
FootRight: -0.2386918, -0.8335752, 2.453204
=========
HipCenter: -0.2163163, 0.121429, 2.79038
Spine: -0.2255389, 0.1700992, 2.866268
ShoulderCenter: -0.2629307, 0.5442162, 2.962866
Head: -0.2470798, 0.719255, 2.959561
ShoulderLeft: -0.4158714, 0.3992554, 2.896875
ElbowLeft: -0.4444043, 0.1579497, 2.814811
WristLeft: -0.4277974, -0.07022931, 2.666987
HandLeft: -0.4323899, -0.1403349, 2.635842
ShoulderRight: -0.06846981, 0.4573159, 2.940093
ElbowRight: 0.1380431, 0.4348524, 2.941788
WristRight: 0.245598, 0.2466394, 2.800306
HandRight: 0.269593, 0.1717488, 2.795797
HipLeft: -0.2895786, 0.04493681, 2.751633
KneeLeft: -0.2762762, -0.4458479, 2.667427
AnkleLeft: -0.2570478, -0.780048, 2.574765
FootLeft: -0.2220174, -0.835191, 2.46238
HipRight: -0.1278479, 0.04958288, 2.76396
KneeRight: -0.2257045, -0.4141519, 2.673088
AnkleRight: -0.2026255, -0.7800679, 2.58886
FootRight: -0.238637, -0.8335859, 2.453132
=========
HipCenter: -0.216497, 0.1214828, 2.790471
Spine: -0.226003, 0.1700779, 2.866328
ShoulderCenter: -0.2647637, 0.5440027, 2.962902
Head: -0.246836, 0.7191567, 2.959561
ShoulderLeft: -0.4160061, 0.3991592, 2.896868
ElbowLeft: -0.4443047, 0.1579774, 2.814961
WristLeft: -0.4278043, -0.07012379, 2.667201
HandLeft: -0.4323519, -0.1403113, 2.636002
ShoulderRight: -0.06844431, 0.4576486, 2.942821
ElbowRight: 0.137653, 0.4366585, 2.948833
WristRight: 0.2733783, 0.2492463, 2.808758
HandRight: 0.3034261, 0.1809947, 2.804845
HipLeft: -0.2896038, 0.0449984, 2.751889
KneeLeft: -0.2743606, -0.4471936, 2.667396
AnkleLeft: -0.2569407, -0.7800177, 2.574774
FootLeft: -0.2220123, -0.8351812, 2.462376
HipRight: -0.1280679, 0.0499488, 2.764018
KneeRight: -0.22581, -0.4141694, 2.673031
AnkleRight: -0.2025449, -0.7798384, 2.588949
FootRight: -0.238602, -0.8335939, 2.453077
=========
HipCenter: -0.2166814, 0.1215815, 2.79055
Spine: -0.2265262, 0.1701095, 2.866361
ShoulderCenter: -0.2668395, 0.5436105, 2.962609
Head: -0.2466624, 0.7189158, 2.959442
ShoulderLeft: -0.416188, 0.39912, 2.89691
ElbowLeft: -0.4442253, 0.1580149, 2.815117
WristLeft: -0.4278182, -0.07003611, 2.667358
HandLeft: -0.4323274, -0.1402936, 2.636105
ShoulderRight: -0.06851204, 0.4577085, 2.944967
ElbowRight: 0.1371189, 0.4384196, 2.953104
WristRight: 0.3163161, 0.2600454, 2.813776
HandRight: 0.3669574, 0.19923, 2.818495
HipLeft: -0.289635, 0.04508834, 2.752064
KneeLeft: -0.2717467, -0.4486589, 2.667483
AnkleLeft: -0.2568296, -0.7799969, 2.574774
FootLeft: -0.2220072, -0.8351734, 2.462378
HipRight: -0.1282732, 0.05033469, 2.764102
KneeRight: -0.2259106, -0.4141835, 2.672974
AnkleRight: -0.2024885, -0.779673, 2.58901
FootRight: -0.2386351, -0.8336395, 2.452906
=========
HipCenter: -0.2169395, 0.1217097, 2.790633
Spine: -0.2271953, 0.1701681, 2.866398
ShoulderCenter: -0.2686186, 0.5433117, 2.962395
Head: -0.2465798, 0.7186025, 2.959233
ShoulderLeft: -0.4163929, 0.3991219, 2.896987
ElbowLeft: -0.4441729, 0.1580746, 2.815262
WristLeft: -0.4278556, -0.06994247, 2.667504
HandLeft: -0.4323837, -0.1402454, 2.636086
ShoulderRight: -0.06861364, 0.4576565, 2.94663
ElbowRight: 0.1368653, 0.4397539, 2.955588
WristRight: 0.3370451, 0.2766042, 2.818818
HandRight: 0.3912004, 0.2152929, 2.819569
HipLeft: -0.2896971, 0.04520059, 2.752225
KneeLeft: -0.2691198, -0.450044, 2.667617
AnkleLeft: -0.2567203, -0.7799798, 2.574775
FootLeft: -0.2220021, -0.8351645, 2.462384
HipRight: -0.1285881, 0.05073233, 2.764173
KneeRight: -0.2259974, -0.4141949, 2.672921
AnkleRight: -0.2024443, -0.7795581, 2.589052
FootRight: -0.2386742, -0.8335935, 2.452537
=========
HipCenter: -0.217188, 0.1218426, 2.790706
Spine: -0.2278824, 0.1702273, 2.866423
ShoulderCenter: -0.2702389, 0.5432118, 2.962432
Head: -0.2465298, 0.7183623, 2.958989
ShoulderLeft: -0.4165906, 0.3991386, 2.896967
ElbowLeft: -0.4441359, 0.1581543, 2.815381
WristLeft: -0.4278985, -0.06986897, 2.667628
HandLeft: -0.4324529, -0.1401888, 2.636039
ShoulderRight: -0.06881074, 0.4574928, 2.947949
ElbowRight: 0.1369205, 0.441187, 2.956829
WristRight: 0.3413679, 0.3267102, 2.837334
HandRight: 0.4197088, 0.2600372, 2.823768
HipLeft: -0.2897541, 0.04532146, 2.752358
KneeLeft: -0.2662538, -0.4514067, 2.667816
AnkleLeft: -0.2566269, -0.7799567, 2.574777
FootLeft: -0.221997, -0.8351545, 2.462392
HipRight: -0.1288855, 0.05110811, 2.76424
KneeRight: -0.2260858, -0.4142051, 2.672866
AnkleRight: -0.2024154, -0.7794786, 2.589081
FootRight: -0.2387315, -0.8335997, 2.452094
=========
HipCenter: -0.2174495, 0.1221218, 2.790817
Spine: -0.2284981, 0.1703847, 2.866465
ShoulderCenter: -0.2715005, 0.5431519, 2.962458
Head: -0.2465038, 0.7181125, 2.95875
ShoulderLeft: -0.4169833, 0.3995169, 2.897191
ElbowLeft: -0.4441079, 0.1582154, 2.81547
WristLeft: -0.4279722, -0.06977659, 2.667711
HandLeft: -0.432586, -0.1400768, 2.635933
ShoulderRight: -0.06901366, 0.4572576, 2.949052
ElbowRight: 0.1371356, 0.442813, 2.957472
WristRight: 0.3461688, 0.3974126, 2.858185
HandRight: 0.431678, 0.3348623, 2.831334
HipLeft: -0.2897947, 0.04561053, 2.752487
KneeLeft: -0.2638397, -0.4524893, 2.667992
AnkleLeft: -0.2565486, -0.7799346, 2.574776
FootLeft: -0.2220395, -0.8351419, 2.462411
HipRight: -0.1291741, 0.05168511, 2.764433
KneeRight: -0.2261707, -0.4142138, 2.672811
AnkleRight: -0.2023963, -0.7794205, 2.5891
FootRight: -0.2387471, -0.8336433, 2.4519
=========
HipCenter: -0.2176086, 0.1223435, 2.790921
Spine: -0.2289886, 0.1705174, 2.866503
ShoulderCenter: -0.2724302, 0.5430766, 2.962411
Head: -0.2464923, 0.7178661, 2.958577
ShoulderLeft: -0.417316, 0.3996771, 2.897215
ElbowLeft: -0.4440891, 0.1582551, 2.81552
WristLeft: -0.4280507, -0.06968582, 2.667779
HandLeft: -0.4327454, -0.1399234, 2.635785
ShoulderRight: -0.06921367, 0.4569811, 2.950003
ElbowRight: 0.1373676, 0.4443479, 2.957535
WristRight: 0.3742745, 0.3918359, 2.847976
HandRight: 0.4440522, 0.3484297, 2.833915
HipLeft: -0.2897335, 0.04582861, 2.752584
KneeLeft: -0.261648, -0.4534411, 2.668153
AnkleLeft: -0.2564785, -0.7799152, 2.574773
FootLeft: -0.2220791, -0.8351294, 2.462428
HipRight: -0.1293005, 0.05214426, 2.764679
KneeRight: -0.2262575, -0.4142253, 2.672757
AnkleRight: -0.202391, -0.7793848, 2.589109
FootRight: -0.2387747, -0.8337179, 2.45172
=========
HipCenter: -0.2177729, 0.1226248, 2.79102
Spine: -0.2294041, 0.1706879, 2.86653
ShoulderCenter: -0.2729447, 0.5430089, 2.962287
Head: -0.2464681, 0.7177526, 2.958508
ShoulderLeft: -0.4177474, 0.400179, 2.897557
ElbowLeft: -0.4440778, 0.1582925, 2.815556
WristLeft: -0.4281276, -0.06961023, 2.667819
HandLeft: -0.4328946, -0.1397689, 2.63562
ShoulderRight: -0.06939332, 0.4567099, 2.950761
ElbowRight: 0.1390009, 0.4461845, 2.95657
WristRight: 0.3919725, 0.4027176, 2.844876
HandRight: 0.4558937, 0.3628559, 2.837236
HipLeft: -0.289715, 0.04627276, 2.752738
KneeLeft: -0.2602993, -0.4520936, 2.668609
AnkleLeft: -0.2564108, -0.7798966, 2.574768
FootLeft: -0.222094, -0.8351243, 2.462418
HipRight: -0.1294355, 0.05259022, 2.764876
KneeRight: -0.2263557, -0.4142392, 2.672698
AnkleRight: -0.2023943, -0.7793691, 2.589113
FootRight: -0.2388, -0.8337892, 2.451569
=========
HipCenter: -0.2179059, 0.1229269, 2.791138
Spine: -0.229744, 0.1708682, 2.866568
ShoulderCenter: -0.2733309, 0.5429623, 2.962161
Head: -0.2464445, 0.7176725, 2.958455
ShoulderLeft: -0.4182289, 0.4009957, 2.898252
ElbowLeft: -0.4440708, 0.158347, 2.815596
WristLeft: -0.4282042, -0.06954201, 2.667846
HandLeft: -0.43301, -0.1396252, 2.63543
ShoulderRight: -0.06951562, 0.4564512, 2.951407
ElbowRight: 0.1455407, 0.4496728, 2.952942
WristRight: 0.4002643, 0.4180722, 2.84601
HandRight: 0.4625688, 0.381283, 2.845255
HipLeft: -0.289645, 0.04673716, 2.752951
KneeLeft: -0.2588329, -0.4514521, 2.668987
AnkleLeft: -0.2563444, -0.7798753, 2.574763
FootLeft: -0.2221031, -0.8351199, 2.462416
HipRight: -0.1295264, 0.05303242, 2.765077
KneeRight: -0.2264485, -0.4142528, 2.672644
AnkleRight: -0.2023973, -0.7793708, 2.589117
FootRight: -0.2388017, -0.833856, 2.451554
=========
HipCenter: -0.2180001, 0.123196, 2.791258
Spine: -0.2300196, 0.1710261, 2.86661
ShoulderCenter: -0.2736726, 0.5429446, 2.962085
Head: -0.2464252, 0.717615, 2.958417
ShoulderLeft: -0.4186079, 0.4017679, 2.898925
ElbowLeft: -0.4440721, 0.1583979, 2.815626
WristLeft: -0.4282714, -0.06949111, 2.66787
HandLeft: -0.4331179, -0.1394829, 2.635254
ShoulderRight: -0.06960206, 0.4562164, 2.951946
ElbowRight: 0.1583924, 0.4580708, 2.944989
WristRight: 0.4074971, 0.4489872, 2.861281
HandRight: 0.4844509, 0.4271944, 2.85209
HipLeft: -0.2895241, 0.04716436, 2.753128
KneeLeft: -0.2575625, -0.4508194, 2.669345
AnkleLeft: -0.2562895, -0.7798657, 2.574766
FootLeft: -0.2221104, -0.8351162, 2.462413
HipRight: -0.1295425, 0.05340092, 2.765339
KneeRight: -0.2265237, -0.414275, 2.672594
AnkleRight: -0.2023846, -0.7794231, 2.589122
FootRight: -0.2387315, -0.833995, 2.451898
=========
HipCenter: -0.2181289, 0.123651, 2.79143
Spine: -0.2303067, 0.1712765, 2.866682
ShoulderCenter: -0.2738968, 0.5429285, 2.962056
Head: -0.2464081, 0.7175729, 2.958386
ShoulderLeft: -0.4188914, 0.4026284, 2.899573
ElbowLeft: -0.4440769, 0.1584489, 2.815651
WristLeft: -0.428336, -0.06944571, 2.667888
HandLeft: -0.4332251, -0.1393263, 2.635086
ShoulderRight: -0.06963645, 0.456002, 2.95243
ElbowRight: 0.1659007, 0.4630197, 2.940544
WristRight: 0.4110928, 0.4616869, 2.86759
HandRight: 0.4926757, 0.4499982, 2.858531
HipLeft: -0.2894914, 0.04811477, 2.753417
KneeLeft: -0.2568697, -0.4461479, 2.670408
AnkleLeft: -0.2562473, -0.7798573, 2.574774
FootLeft: -0.2221418, -0.835093, 2.462489
HipRight: -0.1295704, 0.05379897, 2.765574
KneeRight: -0.2265871, -0.4142936, 2.672555
AnkleRight: -0.2023736, -0.7794324, 2.58913
FootRight: -0.2386585, -0.8341308, 2.452265
=========
HipCenter: -0.2182188, 0.1240754, 2.791615
Spine: -0.2305265, 0.1714995, 2.866776
ShoulderCenter: -0.27404, 0.5430149, 2.962241
Head: -0.2463745, 0.717557, 2.958362
ShoulderLeft: -0.4190687, 0.4034626, 2.900184
ElbowLeft: -0.4440811, 0.1584886, 2.815669
WristLeft: -0.4283807, -0.0694264, 2.667914
HandLeft: -0.4332872, -0.1392181, 2.635015
ShoulderRight: -0.06960175, 0.4557811, 2.952838
ElbowRight: 0.1707446, 0.4666951, 2.937993
WristRight: 0.4136842, 0.47548, 2.876122
HandRight: 0.5046389, 0.4685941, 2.870852
HipLeft: -0.2894255, 0.04895249, 2.753661
KneeLeft: -0.2525764, -0.4510159, 2.669907
AnkleLeft: -0.2562154, -0.7798515, 2.574781
FootLeft: -0.222186, -0.8350685, 2.462571
HipRight: -0.1295708, 0.0541559, 2.765816
KneeRight: -0.2265534, -0.4143374, 2.672562
AnkleRight: -0.2021944, -0.7794374, 2.589206
FootRight: -0.2385714, -0.8342437, 2.452589
=========
HipCenter: -0.2182929, 0.1244724, 2.791787
Spine: -0.2307156, 0.1717209, 2.866874
ShoulderCenter: -0.2740069, 0.5432549, 2.962652
Head: -0.2461879, 0.7175863, 2.958075
ShoulderLeft: -0.4191909, 0.4038202, 2.900443
ElbowLeft: -0.4440824, 0.1585101, 2.815682
WristLeft: -0.4284338, -0.06940904, 2.667973
HandLeft: -0.4333408, -0.139128, 2.634979
ShoulderRight: -0.06955165, 0.4555889, 2.95317
ElbowRight: 0.1736024, 0.4693556, 2.936409
WristRight: 0.416097, 0.4839915, 2.881157
HandRight: 0.5103445, 0.4777585, 2.875332
HipLeft: -0.2893936, 0.04972593, 2.75383
KneeLeft: -0.2487203, -0.456453, 2.669555
AnkleLeft: -0.2561773, -0.7798518, 2.574791
FootLeft: -0.2222233, -0.8350462, 2.462645
HipRight: -0.1295603, 0.05445883, 2.766039
KneeRight: -0.2265113, -0.4143907, 2.672575
AnkleRight: -0.2020114, -0.7794399, 2.589283
FootRight: -0.2385404, -0.8342918, 2.452646
=========
HipCenter: -0.2183459, 0.1248652, 2.791961
Spine: -0.2308803, 0.1719444, 2.866991
ShoulderCenter: -0.2739103, 0.5437348, 2.963708
Head: -0.2460502, 0.7176524, 2.957965
ShoulderLeft: -0.4192703, 0.4040489, 2.90061
ElbowLeft: -0.4440838, 0.158591, 2.815759
WristLeft: -0.4284717, -0.069401, 2.668049
HandLeft: -0.4333942, -0.1390435, 2.634997
ShoulderRight: -0.06941073, 0.4554051, 2.953542
ElbowRight: 0.1755861, 0.4720126, 2.935306
WristRight: 0.416588, 0.4983477, 2.893327
HandRight: 0.5167498, 0.5026507, 2.897529
HipLeft: -0.2893568, 0.05048202, 2.75391
KneeLeft: -0.2456705, -0.4613075, 2.669321
AnkleLeft: -0.256138, -0.7798485, 2.574806
FootLeft: -0.2222454, -0.8350335, 2.462689
HipRight: -0.1295246, 0.05473069, 2.766263
KneeRight: -0.2264524, -0.414457, 2.672597
AnkleRight: -0.2018722, -0.779461, 2.589349
FootRight: -0.2385165, -0.8343485, 2.452739
=========
HipCenter: -0.2184124, 0.1253265, 2.792174
Spine: -0.2310533, 0.1722252, 2.867154
ShoulderCenter: -0.2739044, 0.5441571, 2.964737
Head: -0.2457521, 0.7177407, 2.957867
ShoulderLeft: -0.4192995, 0.4042654, 2.90077
ElbowLeft: -0.4440845, 0.1586658, 2.815836
WristLeft: -0.4285042, -0.06947935, 2.668239
HandLeft: -0.4334328, -0.1389945, 2.635163
ShoulderRight: -0.06925064, 0.4552407, 2.953874
ElbowRight: 0.1770629, 0.4749998, 2.934361
WristRight: 0.4163812, 0.5075108, 2.900383
HandRight: 0.5195999, 0.5117186, 2.904117
HipLeft: -0.289329, 0.0512318, 2.753962
KneeLeft: -0.2435218, -0.4649268, 2.66916
AnkleLeft: -0.2560557, -0.7798624, 2.574858
FootLeft: -0.2222696, -0.8350216, 2.462734
HipRight: -0.1294971, 0.05504794, 2.766539
KneeRight: -0.2262827, -0.4144219, 2.672698
AnkleRight: -0.2017092, -0.7793907, 2.589466
FootRight: -0.2384919, -0.8344035, 2.45283
=========
HipCenter: -0.2185084, 0.125795, 2.792423
Spine: -0.2312264, 0.1725324, 2.867362
ShoulderCenter: -0.2738878, 0.54453, 2.965659
Head: -0.2453789, 0.7178854, 2.957846
ShoulderLeft: -0.4192914, 0.4044324, 2.900954
ElbowLeft: -0.4440823, 0.1587381, 2.815906
WristLeft: -0.4285426, -0.06957321, 2.66849
HandLeft: -0.4334332, -0.139002, 2.635542
ShoulderRight: -0.06904883, 0.4550976, 2.954181
ElbowRight: 0.1781398, 0.4780858, 2.933803
WristRight: 0.4164575, 0.5158077, 2.906581
HandRight: 0.5216312, 0.518363, 2.908905
HipLeft: -0.2893605, 0.05196659, 2.754102
KneeLeft: -0.2420146, -0.4676327, 2.66903
AnkleLeft: -0.2559759, -0.7798688, 2.574921
FootLeft: -0.2222933, -0.8350109, 2.462776
HipRight: -0.1295096, 0.0553213, 2.766786
KneeRight: -0.22598, -0.4143355, 2.672875
AnkleRight: -0.2015938, -0.7793303, 2.58956
FootRight: -0.2384458, -0.8344585, 2.452955
=========
HipCenter: -0.218589, 0.1262094, 2.792648
Spine: -0.2313719, 0.1728299, 2.867562
ShoulderCenter: -0.2736798, 0.5447688, 2.966213
Head: -0.2450028, 0.7180743, 2.95775
ShoulderLeft: -0.4192572, 0.4045215, 2.901071
ElbowLeft: -0.44408, 0.158809, 2.815975
WristLeft: -0.4285466, -0.0696594, 2.668705
HandLeft: -0.4334254, -0.1390209, 2.635938
ShoulderRight: -0.06883131, 0.4549724, 2.954451
ElbowRight: 0.1789904, 0.4810364, 2.933555
WristRight: 0.4167303, 0.5211283, 2.91046
HandRight: 0.5231212, 0.5230683, 2.912244
HipLeft: -0.2893968, 0.05258754, 2.754226
KneeLeft: -0.2408547, -0.4698013, 2.6689
AnkleLeft: -0.2558986, -0.7798739, 2.574987
FootLeft: -0.2223147, -0.8350013, 2.46281
HipRight: -0.1295174, 0.05554961, 2.766999
KneeRight: -0.2258076, -0.4142886, 2.672966
AnkleRight: -0.2014438, -0.779215, 2.589707
FootRight: -0.2383974, -0.8345091, 2.453076
=========
HipCenter: -0.2186911, 0.1266116, 2.792883
Spine: -0.2314976, 0.1731294, 2.867781
ShoulderCenter: -0.2734957, 0.5449532, 2.96668
Head: -0.2445999, 0.7183003, 2.957741
ShoulderLeft: -0.4190004, 0.4050075, 2.901819
ElbowLeft: -0.4440839, 0.1588718, 2.816038
WristLeft: -0.4285512, -0.06975106, 2.668919
HandLeft: -0.4334532, -0.1390605, 2.636405
ShoulderRight: -0.06857088, 0.454854, 2.9547
ElbowRight: 0.1796901, 0.4836966, 2.933361
WristRight: 0.4170074, 0.524632, 2.912925
HandRight: 0.5241542, 0.5264441, 2.914645
HipLeft: -0.2894945, 0.05318751, 2.754448
KneeLeft: -0.2400275, -0.4713989, 2.668816
AnkleLeft: -0.2558227, -0.7798808, 2.575057
FootLeft: -0.222332, -0.834994, 2.462832
HipRight: -0.1295502, 0.05576138, 2.767169
KneeRight: -0.2255444, -0.4142061, 2.673096
AnkleRight: -0.2013479, -0.7791391, 2.589804
FootRight: -0.2383783, -0.8345597, 2.453183
=========
HipCenter: -0.2186884, 0.1269436, 2.793124
Spine: -0.2315353, 0.173391, 2.867997
ShoulderCenter: -0.2733165, 0.5450441, 2.96695
Head: -0.243945, 0.7186588, 2.958052
ShoulderLeft: -0.4187724, 0.4053745, 2.902454
ElbowLeft: -0.4440827, 0.1589113, 2.816082
WristLeft: -0.4285099, -0.0698785, 2.669097
HandLeft: -0.4334873, -0.1391327, 2.636863
ShoulderRight: -0.06829485, 0.4547378, 2.95493
ElbowRight: 0.1803003, 0.4859608, 2.933168
WristRight: 0.41769, 0.527073, 2.914769
HandRight: 0.5250383, 0.5286992, 2.916396
HipLeft: -0.2894009, 0.05359517, 2.754744
KneeLeft: -0.2394231, -0.4727458, 2.668752
AnkleLeft: -0.2557511, -0.7798882, 2.575123
FootLeft: -0.2223393, -0.8349919, 2.462843
HipRight: -0.1295185, 0.05594556, 2.767334
KneeRight: -0.2252938, -0.4141331, 2.673202
AnkleRight: -0.201263, -0.7790659, 2.589895
FootRight: -0.2383361, -0.8345842, 2.453177
=========
HipCenter: -0.2185449, 0.1272828, 2.793476
Spine: -0.2314374, 0.1736741, 2.86832
ShoulderCenter: -0.2730958, 0.5450934, 2.967185
Head: -0.2433509, 0.7190588, 2.958493
ShoulderLeft: -0.4185041, 0.4057851, 2.903198
ElbowLeft: -0.4440968, 0.158963, 2.816143
WristLeft: -0.4284599, -0.07000168, 2.669264
HandLeft: -0.4334978, -0.1392077, 2.637265
ShoulderRight: -0.0680319, 0.4546346, 2.95513
ElbowRight: 0.1808272, 0.4876977, 2.933048
WristRight: 0.4187938, 0.5283682, 2.915636
HandRight: 0.5257544, 0.5290132, 2.918002
HipLeft: -0.2890244, 0.05397339, 2.755292
KneeLeft: -0.2389933, -0.4737733, 2.668708
AnkleLeft: -0.2556804, -0.7798964, 2.575167
FootLeft: -0.2223455, -0.8349919, 2.462851
HipRight: -0.1294122, 0.05615356, 2.767545
KneeRight: -0.2251324, -0.4140911, 2.673267
AnkleRight: -0.2011872, -0.7789967, 2.589981
FootRight: -0.2382981, -0.8346285, 2.453163
=========
HipCenter: -0.2183797, 0.1275839, 2.793793
Spine: -0.231311, 0.173932, 2.868614
ShoulderCenter: -0.2727602, 0.5451079, 2.967385
Head: -0.2427956, 0.7194889, 2.958961
ShoulderLeft: -0.4183255, 0.4058978, 2.903563
ElbowLeft: -0.4441077, 0.159003, 2.816189
WristLeft: -0.4283779, -0.07013257, 2.669362
HandLeft: -0.4334944, -0.1392994, 2.637598
ShoulderRight: -0.06778949, 0.4545439, 2.955303
ElbowRight: 0.1811829, 0.4889992, 2.932988
WristRight: 0.4194928, 0.5288569, 2.916029
HandRight: 0.5255435, 0.5288532, 2.920351
HipLeft: -0.2886789, 0.05428112, 2.755748
KneeLeft: -0.238683, -0.4745438, 2.668679
AnkleLeft: -0.2556534, -0.779899, 2.57519
FootLeft: -0.2223499, -0.8349923, 2.462857
HipRight: -0.1292849, 0.05634593, 2.767732
KneeRight: -0.2249821, -0.4140442, 2.673318
AnkleRight: -0.2011195, -0.7789317, 2.590062
FootRight: -0.2382582, -0.8346912, 2.453137
=========
HipCenter: -0.2181796, 0.1279388, 2.794141
Spine: -0.2311538, 0.1742201, 2.868933
ShoulderCenter: -0.2724272, 0.5450916, 2.9676
Head: -0.2423069, 0.7198713, 2.959412
ShoulderLeft: -0.4181539, 0.4059719, 2.903866
ElbowLeft: -0.4441201, 0.1590334, 2.816218
WristLeft: -0.4282941, -0.07025834, 2.669444
HandLeft: -0.4334882, -0.1393797, 2.637878
ShoulderRight: -0.06745748, 0.4544393, 2.955497
ElbowRight: 0.1814353, 0.4899545, 2.93295
WristRight: 0.4200509, 0.5285928, 2.915882
HandRight: 0.5250286, 0.5281798, 2.922348
HipLeft: -0.2883472, 0.05467445, 2.756147
KneeLeft: -0.238461, -0.4751478, 2.668657
AnkleLeft: -0.2556333, -0.7799007, 2.575207
FootLeft: -0.2223531, -0.8349936, 2.46286
HipRight: -0.1291315, 0.05654927, 2.767931
KneeRight: -0.2248515, -0.4139964, 2.673355
AnkleRight: -0.2010675, -0.7788783, 2.590136
FootRight: -0.2381936, -0.8346668, 2.453047
=========
HipCenter: -0.2179888, 0.1282512, 2.794451
Spine: -0.2310076, 0.174473, 2.869216
ShoulderCenter: -0.2721208, 0.5450587, 2.967787
Head: -0.241894, 0.7202241, 2.95982
ShoulderLeft: -0.4180061, 0.4059818, 2.904076
ElbowLeft: -0.4441244, 0.1590461, 2.816236
WristLeft: -0.4282073, -0.07038233, 2.669516
HandLeft: -0.4335047, -0.139454, 2.637917
ShoulderRight: -0.06708734, 0.454353, 2.955722
ElbowRight: 0.1816023, 0.4906624, 2.932933
WristRight: 0.4210576, 0.5270536, 2.914278
HandRight: 0.5246085, 0.5272328, 2.923712
HipLeft: -0.2880592, 0.05500338, 2.756485
KneeLeft: -0.2382959, -0.4756239, 2.668649
AnkleLeft: -0.2556174, -0.7799048, 2.575218
FootLeft: -0.2223576, -0.8349961, 2.462862
HipRight: -0.128974, 0.05672562, 2.768103
KneeRight: -0.2247393, -0.4139633, 2.673381
AnkleRight: -0.2010467, -0.7788436, 2.590185
FootRight: -0.238089, -0.8347383, 2.452906
=========
HipCenter: -0.217618, 0.1284393, 2.794807
Spine: -0.2306989, 0.1746472, 2.869537
ShoulderCenter: -0.2716314, 0.5449723, 2.967918
Head: -0.2415095, 0.7205866, 2.960225
ShoulderLeft: -0.4178718, 0.405953, 2.904237
ElbowLeft: -0.4441319, 0.159057, 2.816256
WristLeft: -0.4281626, -0.07046978, 2.669576
HandLeft: -0.4335227, -0.1395127, 2.637952
ShoulderRight: -0.06672209, 0.4542727, 2.955952
ElbowRight: 0.1817136, 0.491193, 2.932917
WristRight: 0.4223739, 0.5249956, 2.912198
HandRight: 0.5243228, 0.5260908, 2.924689
HipLeft: -0.2875242, 0.05505448, 2.756878
KneeLeft: -0.2381826, -0.475996, 2.668648
AnkleLeft: -0.2556022, -0.7799121, 2.575226
FootLeft: -0.2223616, -0.8349998, 2.462861
HipRight: -0.1286442, 0.05684581, 2.76836
KneeRight: -0.2246343, -0.4139352, 2.6734
AnkleRight: -0.2010296, -0.7788299, 2.590229
FootRight: -0.2380162, -0.8348104, 2.452922
=========
HipCenter: -0.2173057, 0.1285997, 2.795118
Spine: -0.2304538, 0.1748051, 2.869822
ShoulderCenter: -0.2714199, 0.5450029, 2.968084
Head: -0.2411054, 0.7210603, 2.960631
ShoulderLeft: -0.4177735, 0.4059398, 2.904369
ElbowLeft: -0.44934, 0.1708807, 2.825118
WristLeft: -0.4289059, -0.06384289, 2.674062
HandLeft: -0.433535, -0.1395412, 2.638
ShoulderRight: -0.06639818, 0.4541593, 2.95616
ElbowRight: 0.181796, 0.4916192, 2.932892
WristRight: 0.4227388, 0.5233731, 2.910738
HandRight: 0.5236503, 0.524828, 2.925553
HipLeft: -0.2871109, 0.05508163, 2.757174
KneeLeft: -0.2381101, -0.476253, 2.668651
AnkleLeft: -0.2555919, -0.7799192, 2.575231
FootLeft: -0.2223749, -0.8350029, 2.462856
HipRight: -0.1283428, 0.05697419, 2.768618
KneeRight: -0.2245, -0.4139024, 2.673415
AnkleRight: -0.2010213, -0.7788184, 2.590266
FootRight: -0.2377051, -0.8349077, 2.453074
=========
HipCenter: -0.2170271, 0.1287026, 2.795367
Spine: -0.2302232, 0.1749145, 2.870053
ShoulderCenter: -0.2710514, 0.5449728, 2.968209
Head: -0.2407874, 0.7214541, 2.960985
ShoulderLeft: -0.417674, 0.4058994, 2.904466
ElbowLeft: -0.4499254, 0.1719805, 2.825909
WristLeft: -0.4289743, -0.06313813, 2.674658
HandLeft: -0.4335674, -0.1395513, 2.638009
ShoulderRight: -0.06611003, 0.4540586, 2.956345
ElbowRight: 0.1818542, 0.4919447, 2.93287
WristRight: 0.4234399, 0.5217066, 2.909379
HandRight: 0.5231662, 0.5226411, 2.925784
HipLeft: -0.2867783, 0.05503379, 2.757397
KneeLeft: -0.2380568, -0.476436, 2.668654
AnkleLeft: -0.2555856, -0.7799222, 2.575235
FootLeft: -0.2223887, -0.8350066, 2.46285
HipRight: -0.1280681, 0.05707588, 2.768834
KneeRight: -0.2243881, -0.4138735, 2.673423
AnkleRight: -0.2010161, -0.7788113, 2.5903
FootRight: -0.2374456, -0.8349913, 2.453276
=========
HipCenter: -0.2168828, 0.1287835, 2.795554
Spine: -0.2300776, 0.1749937, 2.870245
ShoulderCenter: -0.2708358, 0.5448392, 2.968369
Head: -0.2402474, 0.7218472, 2.961661
ShoulderLeft: -0.417576, 0.4058475, 2.904654
ElbowLeft: -0.4500521, 0.171889, 2.825901
WristLeft: -0.4291348, -0.06276847, 2.675295
HandLeft: -0.4336695, -0.1395882, 2.638164
ShoulderRight: -0.06576911, 0.453952, 2.95655
ElbowRight: 0.1819794, 0.4922855, 2.932796
WristRight: 0.424033, 0.5189133, 2.904559
HandRight: 0.5225561, 0.5204656, 2.924079
HipLeft: -0.2866467, 0.05495021, 2.757562
KneeLeft: -0.2385225, -0.4762784, 2.66871
AnkleLeft: -0.2555694, -0.7799359, 2.575244
FootLeft: -0.2223804, -0.8350146, 2.462871
HipRight: -0.1279149, 0.05720881, 2.768971
KneeRight: -0.2243285, -0.4138593, 2.673426
AnkleRight: -0.2010112, -0.7788268, 2.590327
FootRight: -0.2369889, -0.8350319, 2.452892
=========
HipCenter: -0.2167671, 0.1288506, 2.79571
Spine: -0.2299599, 0.1750587, 2.870406
ShoulderCenter: -0.2706873, 0.5447223, 2.96853
Head: -0.2397516, 0.7222041, 2.962245
ShoulderLeft: -0.4175023, 0.4057354, 2.904773
ElbowLeft: -0.4500498, 0.171447, 2.825852
WristLeft: -0.4292423, -0.06257881, 2.675725
HandLeft: -0.4337611, -0.1396182, 2.638316
ShoulderRight: -0.06544527, 0.4538641, 2.956739
ElbowRight: 0.1821002, 0.4925596, 2.932719
WristRight: 0.4244557, 0.5168421, 2.900837
HandRight: 0.521929, 0.5171378, 2.920304
HipLeft: -0.2865573, 0.05484862, 2.757698
KneeLeft: -0.2389769, -0.4760378, 2.668766
AnkleLeft: -0.2555462, -0.7799457, 2.575253
FootLeft: -0.2223478, -0.8350284, 2.462895
HipRight: -0.1277617, 0.05737589, 2.769077
KneeRight: -0.224282, -0.413848, 2.673427
AnkleRight: -0.2010096, -0.7788498, 2.590347
FootRight: -0.236606, -0.8350303, 2.452784
=========
HipCenter: -0.2166899, 0.1288951, 2.795828
Spine: -0.2298859, 0.1751066, 2.870528
ShoulderCenter: -0.2706116, 0.544666, 2.968621
Head: -0.2392908, 0.7227526, 2.963067
ShoulderLeft: -0.4174267, 0.4056073, 2.904852
ElbowLeft: -0.4498862, 0.1706515, 2.82558
WristLeft: -0.4293661, -0.06258171, 2.676064
HandLeft: -0.4338982, -0.1396655, 2.638648
ShoulderRight: -0.06515063, 0.4537944, 2.95692
ElbowRight: 0.1822103, 0.4927828, 2.93265
WristRight: 0.4248019, 0.5153378, 2.898104
HandRight: 0.5217428, 0.5154364, 2.91847
HipLeft: -0.2865146, 0.05469871, 2.757821
KneeLeft: -0.2394973, -0.476275, 2.668694
AnkleLeft: -0.255525, -0.779954, 2.575259
FootLeft: -0.2223274, -0.8350422, 2.462913
HipRight: -0.1276589, 0.05751987, 2.769152
KneeRight: -0.2242458, -0.413841, 2.673426
AnkleRight: -0.2010223, -0.7788866, 2.590355
FootRight: -0.23626, -0.8350263, 2.452695
=========
HipCenter: -0.2167057, 0.1287945, 2.795952
Spine: -0.2298702, 0.1750759, 2.870646
ShoulderCenter: -0.2705595, 0.5446109, 2.968704
Head: -0.2390112, 0.7231715, 2.963604
ShoulderLeft: -0.4173576, 0.4053855, 2.904884
ElbowLeft: -0.4496079, 0.1696451, 2.825163
WristLeft: -0.4294932, -0.06269252, 2.676377
HandLeft: -0.4339969, -0.1397682, 2.639096
ShoulderRight: -0.06489134, 0.4537262, 2.957096
ElbowRight: 0.1822799, 0.4929521, 2.932574
WristRight: 0.4250903, 0.5142931, 2.89611
HandRight: 0.5219503, 0.5133656, 2.915828
HipLeft: -0.2867224, 0.05402492, 2.757831
KneeLeft: -0.2406108, -0.4771727, 2.668376
AnkleLeft: -0.2554963, -0.7799636, 2.575268
FootLeft: -0.2223108, -0.8350528, 2.462922
HipRight: -0.1276861, 0.05752344, 2.769249
KneeRight: -0.2242182, -0.413837, 2.673425
AnkleRight: -0.2010574, -0.7789392, 2.590345
FootRight: -0.2359921, -0.8350115, 2.452618
