=========
HipCenter: -0.222262, 0.1247498, 2.790512
Spine: -0.239262, 0.1707989, 2.86558
ShoulderCenter: -0.2876404, 0.540945, 2.967645
Head: -0.2372807, 0.7600674, 2.948061
ShoulderLeft: -0.4222687, 0.3966203, 2.888649
ElbowLeft: -0.4419093, 0.1622093, 2.798395
WristLeft: -0.4251065, -0.06610969, 2.659974
HandLeft: -0.4255204, -0.133651, 2.628038
ShoulderRight: -0.07564326, 0.4420928, 2.954098
ElbowRight: 0.1802854, 0.4515843, 2.93443
WristRight: 0.3979267, 0.4429415, 2.915512
HandRight: 0.4704738, 0.4400606, 2.914082
HipLeft: -0.2891055, 0.04355552, 2.75135
KneeLeft: -0.2401714, -0.4803988, 2.678428
AnkleLeft: -0.2570257, -0.7786282, 2.579423
FootLeft: -0.2290085, -0.8321776, 2.466804
HipRight: -0.133124, 0.06401813, 2.764282
KneeRight: -0.249339, -0.5089136, 2.674941
AnkleRight: -0.2244677, -0.7832329, 2.580934
FootRight: -0.2483223, -0.832202, 2.444883
=========
HipCenter: -0.2237249, 0.1279252, 2.790188
Spine: -0.2404086, 0.1730409, 2.864941
ShoulderCenter: -0.2878755, 0.5410079, 2.966575
Head: -0.2436583, 0.7307699, 2.954637
ShoulderLeft: -0.4219633, 0.3962074, 2.887594
ElbowLeft: -0.4420221, 0.1620916, 2.797983
WristLeft: -0.4247317, -0.06673294, 2.659485
HandLeft: -0.4251416, -0.1329925, 2.627626
ShoulderRight: -0.07566972, 0.4421633, 2.953523
ElbowRight: 0.1805676, 0.4515491, 2.933862
WristRight: 0.3973708, 0.4428893, 2.915084
HandRight: 0.4696385, 0.4400027, 2.913657
HipLeft: -0.2903281, 0.04616102, 2.749747
KneeLeft: -0.2686459, -0.4270761, 2.668921
AnkleLeft: -0.2572957, -0.7746112, 2.579529
FootLeft: -0.2289787, -0.8321886, 2.466439
HipRight: -0.1351973, 0.06818222, 2.765727
KneeRight: -0.2368264, -0.4510474, 2.678451
AnkleRight: -0.2243951, -0.7831529, 2.580736
FootRight: -0.2481957, -0.8325102, 2.446348
=========
HipCenter: -0.2239796, 0.1284625, 2.790133
Spine: -0.2406184, 0.1734366, 2.864828
ShoulderCenter: -0.2878042, 0.5410568, 2.966023
Head: -0.2451155, 0.7243858, 2.956128
ShoulderLeft: -0.4218803, 0.3960968, 2.887359
ElbowLeft: -0.4420831, 0.1620258, 2.798226
WristLeft: -0.4246733, -0.06683225, 2.659406
HandLeft: -0.4250853, -0.1328954, 2.627561
ShoulderRight: -0.0756687, 0.4421816, 2.953452
ElbowRight: 0.1806103, 0.4515438, 2.933776
WristRight: 0.3972903, 0.4428817, 2.915015
HandRight: 0.4695176, 0.4399944, 2.913588
HipLeft: -0.2905506, 0.04657175, 2.749432
KneeLeft: -0.2589195, -0.4478351, 2.66981
AnkleLeft: -0.2573039, -0.7741458, 2.579515
FootLeft: -0.2289696, -0.8322, 2.466331
HipRight: -0.135589, 0.06892084, 2.766037
KneeRight: -0.2373784, -0.4655233, 2.67694
AnkleRight: -0.2237632, -0.7830402, 2.580972
FootRight: -0.2481464, -0.8325754, 2.446656
=========
HipCenter: -0.2241535, 0.1288319, 2.790095
Spine: -0.240771, 0.1737154, 2.864748
ShoulderCenter: -0.2877482, 0.5411118, 2.965624
Head: -0.2464898, 0.7178549, 2.957602
ShoulderLeft: -0.4217654, 0.3960201, 2.887139
ElbowLeft: -0.4421438, 0.1619609, 2.798531
WristLeft: -0.4246293, -0.06692392, 2.659343
HandLeft: -0.4250472, -0.1328413, 2.627501
ShoulderRight: -0.07566179, 0.4422008, 2.953425
ElbowRight: 0.1806395, 0.4515381, 2.933719
WristRight: 0.3972344, 0.4428774, 2.914962
HandRight: 0.4694391, 0.4399922, 2.913524
HipLeft: -0.2907063, 0.04685226, 2.749167
KneeLeft: -0.2774039, -0.4144492, 2.663435
AnkleLeft: -0.2573171, -0.773733, 2.57951
FootLeft: -0.2289431, -0.8322477, 2.466155
HipRight: -0.1358629, 0.06941126, 2.766285
KneeRight: -0.2304929, -0.4323431, 2.679735
AnkleRight: -0.2226628, -0.7830908, 2.581309
FootRight: -0.248023, -0.8329776, 2.446127
=========
HipCenter: -0.2243291, 0.1291964, 2.790064
Spine: -0.2409012, 0.1739824, 2.864672
ShoulderCenter: -0.2875454, 0.5410863, 2.965015
Head: -0.2472172, 0.7145656, 2.95829
ShoulderLeft: -0.4215314, 0.3962927, 2.887257
ElbowLeft: -0.4422315, 0.1619107, 2.798863
WristLeft: -0.424596, -0.06701092, 2.65929
HandLeft: -0.4250119, -0.1329574, 2.627372
ShoulderRight: -0.07566175, 0.4422161, 2.95341
ElbowRight: 0.1806611, 0.4515327, 2.933676
WristRight: 0.3972032, 0.4428762, 2.914912
HandRight: 0.4694017, 0.4399962, 2.913456
HipLeft: -0.2909453, 0.04739045, 2.74896
KneeLeft: -0.2576766, -0.4492185, 2.668427
AnkleLeft: -0.2572493, -0.7738052, 2.579416
FootLeft: -0.2289111, -0.8322963, 2.465971
HipRight: -0.1361412, 0.06983627, 2.766501
KneeRight: -0.2367093, -0.4667881, 2.676236
AnkleRight: -0.2211514, -0.7830537, 2.581824
FootRight: -0.2479488, -0.8332447, 2.445871
=========
HipCenter: -0.2245739, 0.1296981, 2.790059
Spine: -0.2410832, 0.1743561, 2.864605
ShoulderCenter: -0.2873939, 0.541061, 2.964491
Head: -0.2476471, 0.7128308, 2.958895
ShoulderLeft: -0.4213642, 0.3965482, 2.887333
ElbowLeft: -0.4422916, 0.1618322, 2.799073
WristLeft: -0.4245692, -0.06715449, 2.659213
HandLeft: -0.4249822, -0.1330257, 2.627275
ShoulderRight: -0.07566267, 0.4422285, 2.9534
ElbowRight: 0.1806779, 0.4515283, 2.933643
WristRight: 0.3971855, 0.442876, 2.914866
HandRight: 0.4693826, 0.4400012, 2.913392
HipLeft: -0.2912748, 0.04811991, 2.748777
KneeLeft: -0.2750002, -0.4167329, 2.666163
AnkleLeft: -0.2572315, -0.7735172, 2.579412
FootLeft: -0.2288981, -0.8323209, 2.465899
HipRight: -0.1364357, 0.07026878, 2.76671
KneeRight: -0.2308373, -0.4356321, 2.678777
AnkleRight: -0.2191574, -0.7828254, 2.582577
FootRight: -0.2478749, -0.8334199, 2.445919
=========
HipCenter: -0.2249238, 0.1302627, 2.790053
Spine: -0.2412915, 0.1747461, 2.864531
ShoulderCenter: -0.2870174, 0.5409128, 2.963846
Head: -0.2476982, 0.7134274, 2.95907
ShoulderLeft: -0.4212776, 0.396667, 2.887348
ElbowLeft: -0.4423499, 0.1617644, 2.799267
WristLeft: -0.424547, -0.06731342, 2.659129
HandLeft: -0.4249611, -0.1331144, 2.627177
ShoulderRight: -0.07566632, 0.442232, 2.953388
ElbowRight: 0.1806868, 0.4515201, 2.933619
WristRight: 0.3972228, 0.4428807, 2.914789
HandRight: 0.4694096, 0.4400111, 2.913312
HipLeft: -0.2918659, 0.04896408, 2.748583
KneeLeft: -0.2584914, -0.4500376, 2.671321
AnkleLeft: -0.2571559, -0.7738091, 2.579273
FootLeft: -0.2288885, -0.8323448, 2.465838
HipRight: -0.1369049, 0.07074282, 2.766903
KneeRight: -0.2380175, -0.4733792, 2.676024
AnkleRight: -0.2173858, -0.7825965, 2.58325
FootRight: -0.247769, -0.8335848, 2.44601
=========
HipCenter: -0.2251103, 0.1304681, 2.790013
Spine: -0.2414283, 0.1749433, 2.86446
ShoulderCenter: -0.2867038, 0.5408192, 2.963335
Head: -0.2480041, 0.7130781, 2.959107
ShoulderLeft: -0.4211982, 0.3967606, 2.887362
ElbowLeft: -0.4424081, 0.1617085, 2.799415
WristLeft: -0.4245347, -0.06747366, 2.65905
HandLeft: -0.4249476, -0.1332249, 2.627084
ShoulderRight: -0.0756744, 0.4422316, 2.953394
ElbowRight: 0.1806936, 0.4515143, 2.933601
WristRight: 0.3972557, 0.4428847, 2.914732
HandRight: 0.4694744, 0.4400251, 2.913223
HipLeft: -0.2921512, 0.04926346, 2.748437
KneeLeft: -0.2717033, -0.4234919, 2.666678
AnkleLeft: -0.2571279, -0.7738164, 2.579214
FootLeft: -0.2288733, -0.8323802, 2.465772
HipRight: -0.1372295, 0.07090975, 2.766997
KneeRight: -0.2331145, -0.4446512, 2.678581
AnkleRight: -0.2167293, -0.7825099, 2.583518
FootRight: -0.247585, -0.833791, 2.446333
=========
HipCenter: -0.2253328, 0.1306508, 2.789966
Spine: -0.2415822, 0.1751288, 2.86439
ShoulderCenter: -0.2864632, 0.5407754, 2.963073
Head: -0.24821, 0.7139806, 2.958638
ShoulderLeft: -0.4211297, 0.3968455, 2.887377
ElbowLeft: -0.4424742, 0.1616334, 2.799562
WristLeft: -0.4245336, -0.06764206, 2.658976
HandLeft: -0.4249468, -0.1333624, 2.626987
ShoulderRight: -0.07568305, 0.4422295, 2.953403
ElbowRight: 0.1806971, 0.4515071, 2.933587
WristRight: 0.3973131, 0.4428923, 2.914686
HandRight: 0.4695844, 0.4400478, 2.913153
HipLeft: -0.2925243, 0.04957985, 2.748333
KneeLeft: -0.256387, -0.4554256, 2.671036
AnkleLeft: -0.2570486, -0.7742202, 2.579063
FootLeft: -0.2288605, -0.8324222, 2.465703
HipRight: -0.1376541, 0.07106642, 2.767001
KneeRight: -0.2385971, -0.477833, 2.675838
AnkleRight: -0.2161508, -0.7824194, 2.583774
FootRight: -0.2475458, -0.8339579, 2.446347
=========
HipCenter: -0.2256274, 0.1307658, 2.789964
Spine: -0.2417859, 0.1752836, 2.86436
ShoulderCenter: -0.2863391, 0.5407607, 2.962902
Head: -0.2485192, 0.7141309, 2.958459
ShoulderLeft: -0.421086, 0.3969488, 2.887454
ElbowLeft: -0.4425712, 0.1615157, 2.799896
WristLeft: -0.4245523, -0.06781652, 2.65893
HandLeft: -0.4249806, -0.1335848, 2.626981
ShoulderRight: -0.07572167, 0.442231, 2.953456
ElbowRight: 0.180696, 0.4514952, 2.933578
WristRight: 0.3974468, 0.4428807, 2.914657
HandRight: 0.4697174, 0.4400477, 2.913117
HipLeft: -0.2929887, 0.04992161, 2.748377
KneeLeft: -0.2725009, -0.4265044, 2.666346
AnkleLeft: -0.257026, -0.7742816, 2.579013
FootLeft: -0.2288459, -0.832462, 2.465641
HipRight: -0.1384416, 0.07080311, 2.767027
KneeRight: -0.2296158, -0.4479362, 2.679693
AnkleRight: -0.2155556, -0.7823352, 2.58404
FootRight: -0.2475126, -0.834058, 2.446407
=========
HipCenter: -0.2258558, 0.1308175, 2.789979
Spine: -0.2419678, 0.1753909, 2.864347
ShoulderCenter: -0.2862888, 0.5407813, 2.962826
Head: -0.2487216, 0.7148219, 2.958189
ShoulderLeft: -0.4210553, 0.3970258, 2.887493
ElbowLeft: -0.4426723, 0.1613945, 2.800246
WristLeft: -0.4245607, -0.06802256, 2.658869
HandLeft: -0.4250077, -0.1338668, 2.62697
ShoulderRight: -0.07577701, 0.4422346, 2.953534
ElbowRight: 0.1806917, 0.4514782, 2.93357
WristRight: 0.3976524, 0.442855, 2.914607
HandRight: 0.4699156, 0.4400379, 2.913065
HipLeft: -0.2933024, 0.05018036, 2.748412
KneeLeft: -0.2564244, -0.455199, 2.670325
AnkleLeft: -0.257033, -0.7745663, 2.578904
FootLeft: -0.2288334, -0.8324986, 2.465586
HipRight: -0.1389954, 0.07028507, 2.767143
KneeRight: -0.2267291, -0.438526, 2.680928
AnkleRight: -0.2149759, -0.7823497, 2.584274
FootRight: -0.2474596, -0.8341801, 2.446577
=========
HipCenter: -0.2260745, 0.130824, 2.789991
Spine: -0.2421303, 0.1754628, 2.864332
ShoulderCenter: -0.2861096, 0.5407166, 2.962703
Head: -0.2489375, 0.71589, 2.957638
ShoulderLeft: -0.4210345, 0.3970596, 2.887508
ElbowLeft: -0.4427658, 0.1612012, 2.800671
WristLeft: -0.4245723, -0.06823698, 2.658807
HandLeft: -0.4250448, -0.1341259, 2.626954
ShoulderRight: -0.07583659, 0.4422345, 2.953618
ElbowRight: 0.1806925, 0.4514681, 2.933565
WristRight: 0.3977139, 0.4428339, 2.914592
HandRight: 0.46999, 0.4400144, 2.913049
HipLeft: -0.2936055, 0.05040452, 2.748442
KneeLeft: -0.2484453, -0.469435, 2.67226
AnkleLeft: -0.2570324, -0.7748805, 2.578798
FootLeft: -0.2288226, -0.8325521, 2.465504
HipRight: -0.13957, 0.0694797, 2.767222
KneeRight: -0.224657, -0.4317751, 2.681802
AnkleRight: -0.2141785, -0.7824961, 2.584583
FootRight: -0.2472353, -0.8343638, 2.447434
=========
HipCenter: -0.2263421, 0.1307735, 2.790021
Spine: -0.242332, 0.1755073, 2.864326
ShoulderCenter: -0.2859968, 0.540671, 2.962591
Head: -0.249222, 0.7175249, 2.956699
ShoulderLeft: -0.4210242, 0.3970839, 2.887523
ElbowLeft: -0.4428656, 0.1609641, 2.801184
WristLeft: -0.4245849, -0.06844061, 2.658747
HandLeft: -0.4250782, -0.1343913, 2.626921
ShoulderRight: -0.07591546, 0.4422291, 2.953713
ElbowRight: 0.1806961, 0.4514488, 2.933564
WristRight: 0.3977237, 0.4427952, 2.914575
HandRight: 0.4700075, 0.4399886, 2.91303
HipLeft: -0.2939695, 0.05064148, 2.748527
KneeLeft: -0.2444378, -0.4765945, 2.673264
AnkleLeft: -0.2570297, -0.7751831, 2.578689
FootLeft: -0.2288123, -0.8326052, 2.465424
HipRight: -0.1402463, 0.06836447, 2.767303
KneeRight: -0.2231883, -0.4269172, 2.682422
AnkleRight: -0.2136876, -0.7825847, 2.584773
FootRight: -0.2469819, -0.8345261, 2.448228
=========
HipCenter: -0.2265728, 0.1307022, 2.790061
Spine: -0.2425056, 0.1755317, 2.86433
ShoulderCenter: -0.2859416, 0.5406505, 2.962528
Head: -0.2492359, 0.7193977, 2.955774
ShoulderLeft: -0.4210438, 0.3971287, 2.887582
ElbowLeft: -0.4432789, 0.1607806, 2.80205
WristLeft: -0.4245979, -0.06863451, 2.658702
HandLeft: -0.4250816, -0.1347098, 2.626889
ShoulderRight: -0.07600431, 0.4422162, 2.953804
ElbowRight: 0.180701, 0.4514332, 2.933562
WristRight: 0.3977423, 0.4427674, 2.914562
HandRight: 0.4700248, 0.439958, 2.913013
HipLeft: -0.2942384, 0.05084281, 2.748613
KneeLeft: -0.2421166, -0.480767, 2.673864
AnkleLeft: -0.2570235, -0.7754984, 2.578584
FootLeft: -0.2288031, -0.8326513, 2.465353
HipRight: -0.1407601, 0.06731916, 2.767403
KneeRight: -0.2220193, -0.4237593, 2.682867
AnkleRight: -0.2132591, -0.7826874, 2.584946
FootRight: -0.2467287, -0.8346473, 2.448993
=========
HipCenter: -0.226796, 0.1306128, 2.790096
Spine: -0.2426818, 0.1755389, 2.864333
ShoulderCenter: -0.2859092, 0.5406404, 2.962487
Head: -0.2496777, 0.7217942, 2.955042
ShoulderLeft: -0.4210716, 0.3971528, 2.887624
ElbowLeft: -0.4435549, 0.1606295, 2.802597
WristLeft: -0.424624, -0.06884765, 2.658677
HandLeft: -0.4250954, -0.1350165, 2.626863
ShoulderRight: -0.07610046, 0.4421995, 2.953894
ElbowRight: 0.1807096, 0.4514084, 2.933562
WristRight: 0.3976026, 0.4426992, 2.914512
HandRight: 0.4699017, 0.4399081, 2.912966
HipLeft: -0.2944951, 0.05102783, 2.748692
KneeLeft: -0.2406098, -0.4834988, 2.674238
AnkleLeft: -0.256998, -0.7757633, 2.578496
FootLeft: -0.2287932, -0.8326852, 2.465312
HipRight: -0.1411824, 0.06637321, 2.767468
KneeRight: -0.2210722, -0.4216714, 2.683202
AnkleRight: -0.2128959, -0.7827897, 2.585093
FootRight: -0.2464912, -0.8347148, 2.449859
=========
HipCenter: -0.22701, 0.1304919, 2.790124
Spine: -0.2428615, 0.1755143, 2.864333
ShoulderCenter: -0.2859303, 0.5406411, 2.962533
Head: -0.250149, 0.7239893, 2.954082
ShoulderLeft: -0.4211078, 0.3971616, 2.887644
ElbowLeft: -0.4438285, 0.1604462, 2.803071
WristLeft: -0.4246623, -0.06911639, 2.658661
HandLeft: -0.425131, -0.1353227, 2.62686
ShoulderRight: -0.07623189, 0.4421648, 2.953994
ElbowRight: 0.1807152, 0.4513916, 2.933561
WristRight: 0.3975614, 0.4426737, 2.914472
HandRight: 0.4698366, 0.4398853, 2.912903
HipLeft: -0.2947205, 0.0511851, 2.74876
KneeLeft: -0.2395137, -0.4854918, 2.674511
AnkleLeft: -0.2569782, -0.7759702, 2.578429
FootLeft: -0.2287866, -0.8327225, 2.465261
HipRight: -0.1415114, 0.06549116, 2.767483
KneeRight: -0.2202557, -0.4202418, 2.683464
AnkleRight: -0.2123948, -0.7829515, 2.585285
FootRight: -0.2462804, -0.8347603, 2.450627
=========
HipCenter: -0.2272239, 0.1303644, 2.790151
Spine: -0.2430451, 0.1754798, 2.864335
ShoulderCenter: -0.2859652, 0.5406463, 2.962597
Head: -0.2504432, 0.7260249, 2.953227
ShoulderLeft: -0.421156, 0.3971601, 2.887656
ElbowLeft: -0.444077, 0.1602807, 2.803462
WristLeft: -0.4246934, -0.06936048, 2.658648
HandLeft: -0.4251611, -0.1355859, 2.626851
ShoulderRight: -0.07636211, 0.4421247, 2.954091
ElbowRight: 0.1807179, 0.4513753, 2.933559
WristRight: 0.3974983, 0.4426405, 2.914472
HandRight: 0.4697336, 0.4398474, 2.912911
HipLeft: -0.2949666, 0.0513508, 2.748826
KneeLeft: -0.2388006, -0.4867948, 2.674704
AnkleLeft: -0.2569628, -0.7761486, 2.578367
FootLeft: -0.2287738, -0.8327605, 2.465203
HipRight: -0.1417921, 0.06471034, 2.767486
KneeRight: -0.2195677, -0.4192633, 2.683666
AnkleRight: -0.2120698, -0.7830523, 2.585412
FootRight: -0.2461163, -0.8347749, 2.451233
=========
HipCenter: -0.2276054, 0.1300229, 2.790218
Spine: -0.2433521, 0.1753396, 2.864371
ShoulderCenter: -0.2860755, 0.5406895, 2.962745
Head: -0.2506368, 0.7279346, 2.952438
ShoulderLeft: -0.4212181, 0.3971606, 2.887676
ElbowLeft: -0.444297, 0.1601336, 2.803793
WristLeft: -0.4247261, -0.06959991, 2.658646
HandLeft: -0.4251866, -0.1358497, 2.626855
ShoulderRight: -0.07651605, 0.4420813, 2.954198
ElbowRight: 0.1807203, 0.4513599, 2.933558
WristRight: 0.397475, 0.4426148, 2.914478
HandRight: 0.4696991, 0.4398179, 2.912926
HipLeft: -0.2952458, 0.05149961, 2.748939
KneeLeft: -0.238454, -0.4874182, 2.674842
AnkleLeft: -0.2569372, -0.7763071, 2.578318
FootLeft: -0.2287446, -0.8328018, 2.465135
HipRight: -0.1424684, 0.0630774, 2.76739
KneeRight: -0.218932, -0.4186653, 2.683829
AnkleRight: -0.2117582, -0.7831147, 2.585556
FootRight: -0.2463022, -0.8345881, 2.450556
=========
HipCenter: -0.2279607, 0.1296923, 2.79028
Spine: -0.2436525, 0.1751982, 2.864407
ShoulderCenter: -0.2861882, 0.5407206, 2.962838
Head: -0.2507598, 0.7296724, 2.951713
ShoulderLeft: -0.4212981, 0.3971238, 2.887678
ElbowLeft: -0.4444673, 0.1599891, 2.804021
WristLeft: -0.4247666, -0.06984406, 2.658663
HandLeft: -0.4252409, -0.1361004, 2.6269
ShoulderRight: -0.07668362, 0.442044, 2.954327
ElbowRight: 0.1807223, 0.4513368, 2.933557
WristRight: 0.3974667, 0.4425866, 2.914497
HandRight: 0.4696842, 0.4397956, 2.912942
HipLeft: -0.295506, 0.05163154, 2.749052
KneeLeft: -0.2384322, -0.4874797, 2.674903
AnkleLeft: -0.2569558, -0.7764358, 2.578262
FootLeft: -0.2287124, -0.8328432, 2.46506
HipRight: -0.1429678, 0.06177217, 2.767319
KneeRight: -0.2167087, -0.405621, 2.687242
AnkleRight: -0.2102813, -0.7730473, 2.588422
FootRight: -0.2462164, -0.8334358, 2.451219
=========
HipCenter: -0.2282905, 0.1293737, 2.790331
Spine: -0.243951, 0.1750436, 2.864437
ShoulderCenter: -0.2863491, 0.5407426, 2.962953
Head: -0.2508822, 0.7311314, 2.951061
ShoulderLeft: -0.4214158, 0.397052, 2.887654
ElbowLeft: -0.4446363, 0.1598417, 2.804212
WristLeft: -0.4248135, -0.07009657, 2.658705
HandLeft: -0.4252966, -0.1363314, 2.626949
ShoulderRight: -0.07691442, 0.4420063, 2.954465
ElbowRight: 0.1804074, 0.4511488, 2.933715
WristRight: 0.3974592, 0.4425677, 2.914511
HandRight: 0.4697081, 0.4397862, 2.912955
HipLeft: -0.2957476, 0.05174247, 2.749156
KneeLeft: -0.238626, -0.4871535, 2.674907
AnkleLeft: -0.2569767, -0.7765547, 2.578203
FootLeft: -0.2286719, -0.8328871, 2.464983
HipRight: -0.1433556, 0.0607249, 2.767238
KneeRight: -0.2151457, -0.3958433, 2.68969
AnkleRight: -0.209693, -0.7691371, 2.58943
FootRight: -0.2462974, -0.8329153, 2.451805
=========
HipCenter: -0.2285882, 0.1290734, 2.790386
Spine: -0.24423, 0.1748912, 2.864473
ShoulderCenter: -0.2865256, 0.5407726, 2.963076
Head: -0.2509295, 0.7324143, 2.950471
ShoulderLeft: -0.4215369, 0.3969721, 2.887627
ElbowLeft: -0.4448963, 0.1597062, 2.804548
WristLeft: -0.4248591, -0.07032044, 2.658746
HandLeft: -0.4253798, -0.1365254, 2.626995
ShoulderRight: -0.07714085, 0.4419677, 2.954599
ElbowRight: 0.1798711, 0.4508379, 2.933985
WristRight: 0.3974603, 0.442544, 2.91454
HandRight: 0.4697441, 0.4397789, 2.912971
HipLeft: -0.2959629, 0.05183458, 2.749257
KneeLeft: -0.2389404, -0.4866023, 2.674884
AnkleLeft: -0.2569999, -0.7766585, 2.578149
FootLeft: -0.2286435, -0.8329071, 2.464969
HipRight: -0.1436612, 0.05987616, 2.767182
KneeRight: -0.2141233, -0.3888356, 2.691344
AnkleRight: -0.2090946, -0.7649147, 2.590426
FootRight: -0.246385, -0.8325071, 2.452259
=========
HipCenter: -0.2288501, 0.1288035, 2.790432
Spine: -0.2444927, 0.1747422, 2.864503
ShoulderCenter: -0.2866806, 0.5407957, 2.96322
Head: -0.2509144, 0.733515, 2.950035
ShoulderLeft: -0.4216535, 0.3968774, 2.887569
ElbowLeft: -0.4451868, 0.1595624, 2.804936
WristLeft: -0.424902, -0.07052843, 2.658789
HandLeft: -0.4254549, -0.1366759, 2.627031
ShoulderRight: -0.07735099, 0.441912, 2.954729
ElbowRight: 0.1794563, 0.450587, 2.93421
WristRight: 0.3974706, 0.4425195, 2.914575
HandRight: 0.4697902, 0.4397714, 2.912991
HipLeft: -0.2961653, 0.05192111, 2.74932
KneeLeft: -0.2393248, -0.4859758, 2.674821
AnkleLeft: -0.2570317, -0.7767714, 2.578076
FootLeft: -0.2286306, -0.8329226, 2.464957
HipRight: -0.1438913, 0.05920182, 2.767145
KneeRight: -0.2134657, -0.3839122, 2.69246
AnkleRight: -0.2087252, -0.7622726, 2.590996
FootRight: -0.2463921, -0.8322483, 2.452527
=========
HipCenter: -0.2291386, 0.1284918, 2.79051
Spine: -0.2447857, 0.1745561, 2.864566
ShoulderCenter: -0.2868453, 0.5408242, 2.963407
Head: -0.2508658, 0.7344739, 2.949666
ShoulderLeft: -0.421766, 0.3967828, 2.88751
ElbowLeft: -0.4455387, 0.1594117, 2.805362
WristLeft: -0.4249497, -0.07073335, 2.658831
HandLeft: -0.4255486, -0.1368062, 2.627057
ShoulderRight: -0.07753921, 0.4418482, 2.954854
ElbowRight: 0.1791554, 0.4503861, 2.934402
WristRight: 0.3975107, 0.4424999, 2.914615
HandRight: 0.4698761, 0.4397722, 2.913013
HipLeft: -0.29637, 0.05200072, 2.749389
KneeLeft: -0.2397324, -0.4852991, 2.674753
AnkleLeft: -0.257078, -0.7768804, 2.578003
FootLeft: -0.2286171, -0.8329353, 2.464959
HipRight: -0.1441846, 0.05837208, 2.767174
KneeRight: -0.2140099, -0.386315, 2.692097
AnkleRight: -0.2094727, -0.7687301, 2.589478
FootRight: -0.2464039, -0.8321496, 2.452882
=========
HipCenter: -0.2295647, 0.1280218, 2.790622
Spine: -0.2452232, 0.1742506, 2.864668
ShoulderCenter: -0.2871136, 0.540871, 2.963653
Head: -0.2507601, 0.7353317, 2.94942
ShoulderLeft: -0.4218806, 0.3966855, 2.887452
ElbowLeft: -0.4459625, 0.1592189, 2.805786
WristLeft: -0.4252075, -0.07075612, 2.658948
HandLeft: -0.4256926, -0.1369314, 2.627105
ShoulderRight: -0.07771765, 0.4417828, 2.954978
ElbowRight: 0.1789607, 0.4502672, 2.934524
WristRight: 0.3975908, 0.4424785, 2.914659
HandRight: 0.4701034, 0.4397652, 2.913057
HipLeft: -0.2966376, 0.05205905, 2.749492
KneeLeft: -0.2401144, -0.4846753, 2.674692
AnkleLeft: -0.2571292, -0.7769706, 2.577934
FootLeft: -0.2286048, -0.8329459, 2.464968
HipRight: -0.1446306, 0.05727328, 2.767205
KneeRight: -0.2147951, -0.3900132, 2.691433
AnkleRight: -0.2102724, -0.7754483, 2.5879
FootRight: -0.2464071, -0.8321093, 2.453246
=========
HipCenter: -0.2300515, 0.1274669, 2.790748
Spine: -0.2457184, 0.1738902, 2.864791
ShoulderCenter: -0.287433, 0.5409561, 2.963932
Head: -0.2506379, 0.736173, 2.949259
ShoulderLeft: -0.4219592, 0.3966343, 2.887417
ElbowLeft: -0.4557317, 0.1694648, 2.814789
WristLeft: -0.4267217, -0.0680889, 2.660753
HandLeft: -0.4259356, -0.1370317, 2.627163
ShoulderRight: -0.07788478, 0.4417172, 2.9551
ElbowRight: 0.178804, 0.4501719, 2.934629
WristRight: 0.39768, 0.4424569, 2.914703
HandRight: 0.4703437, 0.4397553, 2.913102
HipLeft: -0.2969175, 0.05210565, 2.749611
KneeLeft: -0.24049, -0.4841061, 2.674631
AnkleLeft: -0.2571902, -0.77705, 2.577881
FootLeft: -0.2285916, -0.8329552, 2.464986
HipRight: -0.1451783, 0.05606174, 2.767245
KneeRight: -0.2157571, -0.3945093, 2.690464
AnkleRight: -0.2103397, -0.7819503, 2.586337
FootRight: -0.2464076, -0.8321097, 2.453586
=========
HipCenter: -0.2301713, 0.1273448, 2.790821
Spine: -0.2458689, 0.1737858, 2.864877
ShoulderCenter: -0.2875762, 0.5409888, 2.964345
Head: -0.2506553, 0.7372116, 2.949006
ShoulderLeft: -0.4220725, 0.3966287, 2.887469
ElbowLeft: -0.4576449, 0.169103, 2.81515
WristLeft: -0.4286115, -0.06622007, 2.661824
HandLeft: -0.4279206, -0.1368257, 2.627955
ShoulderRight: -0.07761895, 0.4425257, 2.955655
ElbowRight: 0.1620074, 0.4813682, 2.948889
WristRight: 0.3258023, 0.6550207, 2.951257
HandRight: 0.3841127, 0.7306311, 2.986058
HipLeft: -0.2970079, 0.05206872, 2.749681
KneeLeft: -0.2410872, -0.4836831, 2.674535
AnkleLeft: -0.2573296, -0.7771555, 2.577781
FootLeft: -0.2285851, -0.8329617, 2.464965
HipRight: -0.1443614, 0.05692474, 2.767173
KneeRight: -0.2172776, -0.3729503, 2.68722
AnkleRight: -0.2022056, -0.7011329, 2.591984
FootRight: -0.233608, -0.788049, 2.488149
=========
HipCenter: -0.2302313, 0.1272711, 2.79088
Spine: -0.2459728, 0.1737059, 2.864946
ShoulderCenter: -0.2876936, 0.5410006, 2.964689
Head: -0.2506632, 0.7377921, 2.948838
ShoulderLeft: -0.4221485, 0.3966329, 2.887503
ElbowLeft: -0.4589043, 0.1680879, 2.814768
WristLeft: -0.4300795, -0.0648676, 2.6625
HandLeft: -0.4298179, -0.1365702, 2.628659
ShoulderRight: -0.07711434, 0.4434396, 2.956297
ElbowRight: 0.1516588, 0.4961804, 2.956762
WristRight: 0.2885048, 0.6998377, 2.954045
HandRight: 0.3534925, 0.7741786, 2.990484
HipLeft: -0.2970615, 0.05199768, 2.749738
KneeLeft: -0.2417931, -0.4832548, 2.674429
AnkleLeft: -0.2574629, -0.7772611, 2.57768
FootLeft: -0.228579, -0.8329678, 2.464941
HipRight: -0.1434087, 0.05788026, 2.767043
KneeRight: -0.2182321, -0.35864, 2.685149
AnkleRight: -0.1981588, -0.6607096, 2.594888
FootRight: -0.2258548, -0.7610932, 2.509326
=========
HipCenter: -0.2302087, 0.1272733, 2.79095
Spine: -0.2460324, 0.1736553, 2.865021
ShoulderCenter: -0.2877966, 0.5410053, 2.96501
Head: -0.2506627, 0.7381307, 2.948728
ShoulderLeft: -0.4222203, 0.3966523, 2.887545
ElbowLeft: -0.4601382, 0.1694378, 2.815957
WristLeft: -0.430906, -0.06421539, 2.662818
HandLeft: -0.4314882, -0.1363247, 2.629169
ShoulderRight: -0.07649911, 0.4444006, 2.957032
ElbowRight: 0.1437958, 0.5030664, 2.960862
WristRight: 0.2536128, 0.7556145, 2.956501
HandRight: 0.288159, 0.8432648, 2.986507
HipLeft: -0.297076, 0.05191634, 2.74979
KneeLeft: -0.242431, -0.4828978, 2.674333
AnkleLeft: -0.2576178, -0.7773777, 2.577546
FootLeft: -0.228554, -0.832982, 2.464898
HipRight: -0.1423032, 0.05900855, 2.766921
KneeRight: -0.2187948, -0.3487851, 2.683862
AnkleRight: -0.1962776, -0.6421728, 2.596246
FootRight: -0.2230798, -0.7512042, 2.5172
=========
HipCenter: -0.2300031, 0.1273761, 2.791049
Spine: -0.2459758, 0.1736497, 2.865137
ShoulderCenter: -0.2878548, 0.5410265, 2.965333
Head: -0.250506, 0.7383489, 2.948742
ShoulderLeft: -0.4222509, 0.3967039, 2.887616
ElbowLeft: -0.4606526, 0.169556, 2.816035
WristLeft: -0.431577, -0.06373163, 2.663033
HandLeft: -0.4328203, -0.1360942, 2.629472
ShoulderRight: -0.07572567, 0.4453833, 2.957798
ElbowRight: 0.1389873, 0.5069927, 2.962873
WristRight: 0.2368259, 0.7673066, 2.954446
HandRight: 0.265276, 0.8565261, 2.980877
HipLeft: -0.2969871, 0.05180475, 2.749847
KneeLeft: -0.2429924, -0.4826204, 2.674244
AnkleLeft: -0.2577408, -0.7774994, 2.577427
FootLeft: -0.228514, -0.8330079, 2.464812
HipRight: -0.1410031, 0.06023279, 2.766853
KneeRight: -0.2189488, -0.3419753, 2.683153
AnkleRight: -0.1950649, -0.6311386, 2.597078
FootRight: -0.2212752, -0.7449075, 2.522183
=========
HipCenter: -0.2295377, 0.127648, 2.791209
Spine: -0.2457671, 0.1737211, 2.865308
ShoulderCenter: -0.2878833, 0.541042, 2.965626
Head: -0.2501165, 0.7383419, 2.948972
ShoulderLeft: -0.4222369, 0.3967572, 2.887666
ElbowLeft: -0.4607753, 0.1693301, 2.815645
WristLeft: -0.4321052, -0.06339966, 2.663153
HandLeft: -0.4339569, -0.1358677, 2.629622
ShoulderRight: -0.07477663, 0.446369, 2.958628
ElbowRight: 0.1368046, 0.5119234, 2.963724
WristRight: 0.2196051, 0.7752659, 2.952721
HandRight: 0.2346313, 0.8726648, 2.981198
HipLeft: -0.2967087, 0.05170023, 2.749953
KneeLeft: -0.2436122, -0.4822469, 2.674145
AnkleLeft: -0.2579722, -0.7775823, 2.577329
FootLeft: -0.2285016, -0.8330166, 2.464787
HipRight: -0.1395512, 0.06157351, 2.766824
KneeRight: -0.2189822, -0.3370149, 2.682752
AnkleRight: -0.1942144, -0.6233594, 2.597662
FootRight: -0.2202069, -0.7412781, 2.525221
=========
HipCenter: -0.2227408, 0.1308841, 2.795109
Spine: -0.2362785, 0.1778204, 2.869536
ShoulderCenter: -0.2722022, 0.5434809, 2.963489
Head: -0.2499298, 0.7374645, 2.949953
ShoulderLeft: -0.420008, 0.3973275, 2.887909
ElbowLeft: -0.4600029, 0.167899, 2.814828
WristLeft: -0.4328412, -0.06332787, 2.663624
HandLeft: -0.4349147, -0.1358013, 2.630131
ShoulderRight: -0.07202289, 0.4506103, 2.953994
ElbowRight: 0.1314056, 0.5115236, 2.918208
WristRight: -0.08701686, 0.5702173, 2.79167
HandRight: -0.1448294, 0.538425, 2.754936
HipLeft: -0.293496, 0.05067478, 2.751929
KneeLeft: -0.2444429, -0.4815484, 2.674153
AnkleLeft: -0.2580893, -0.7776451, 2.57727
FootLeft: -0.2283139, -0.8331447, 2.464459
HipRight: -0.1301222, 0.0681001, 2.77365
KneeRight: -0.2106628, -0.3261077, 2.692974
AnkleRight: -0.1794922, -0.5973903, 2.614418
FootRight: -0.20523, -0.7053512, 2.549673
=========
HipCenter: -0.2253571, 0.1289035, 2.795286
Spine: -0.2354059, 0.177609, 2.870298
ShoulderCenter: -0.2678762, 0.5440111, 2.963533
Head: -0.2500557, 0.7353846, 2.951395
ShoulderLeft: -0.4186025, 0.3976366, 2.888013
ElbowLeft: -0.4591244, 0.1662914, 2.813861
WristLeft: -0.4334822, -0.06333906, 2.664036
HandLeft: -0.4357259, -0.1357556, 2.630618
ShoulderRight: -0.07152849, 0.4449905, 2.930589
ElbowRight: 0.1250587, 0.5102125, 2.90146
WristRight: -0.09077707, 0.5156182, 2.784377
HandRight: -0.117237, 0.5061777, 2.755681
HipLeft: -0.2985556, 0.04581178, 2.7534
KneeLeft: -0.2452068, -0.4809221, 2.674194
AnkleLeft: -0.2582091, -0.7777089, 2.57721
FootLeft: -0.2281206, -0.833277, 2.464157
HipRight: -0.1389589, 0.06654099, 2.770661
KneeRight: -0.2017768, -0.3253765, 2.702128
AnkleRight: -0.1723963, -0.585146, 2.62275
FootRight: -0.1994912, -0.6917326, 2.559192
=========
HipCenter: -0.2283028, 0.1268661, 2.795218
Spine: -0.2355247, 0.1768385, 2.870804
ShoulderCenter: -0.2657062, 0.5443604, 2.963512
Head: -0.2501569, 0.7333761, 2.952703
ShoulderLeft: -0.4178476, 0.39783, 2.888112
ElbowLeft: -0.4583094, 0.1647519, 2.812965
WristLeft: -0.4340227, -0.06336721, 2.664376
HandLeft: -0.4364463, -0.135703, 2.631104
ShoulderRight: -0.07165637, 0.4387892, 2.917078
ElbowRight: 0.1211673, 0.5093133, 2.893013
WristRight: -0.09821098, 0.4740234, 2.774055
HandRight: -0.1144903, 0.4717148, 2.74699
HipLeft: -0.3026844, 0.04219172, 2.754549
KneeLeft: -0.2458081, -0.4804164, 2.674282
AnkleLeft: -0.2583201, -0.7777677, 2.577159
FootLeft: -0.2279672, -0.8333876, 2.463933
HipRight: -0.1457426, 0.06500597, 2.768296
KneeRight: -0.1955685, -0.3255237, 2.708529
AnkleRight: -0.1682255, -0.5780456, 2.627688
FootRight: -0.196726, -0.6849312, 2.563989
=========
HipCenter: -0.2306433, 0.1252641, 2.795153
Spine: -0.2360429, 0.1759605, 2.871114
ShoulderCenter: -0.2641743, 0.544589, 2.963414
Head: -0.2502817, 0.7315509, 2.953932
ShoulderLeft: -0.4174324, 0.3980577, 2.888445
ElbowLeft: -0.4576117, 0.1633753, 2.812135
WristLeft: -0.4345171, -0.06344612, 2.664574
HandLeft: -0.4370337, -0.1356165, 2.631455
ShoulderRight: -0.07173578, 0.4360752, 2.910979
ElbowRight: 0.1188541, 0.5087606, 2.887866
WristRight: -0.1270909, 0.4460364, 2.759631
HandRight: -0.1343381, 0.4363162, 2.720744
HipLeft: -0.3055244, 0.03976141, 2.755326
KneeLeft: -0.2464107, -0.4800373, 2.674419
AnkleLeft: -0.2584231, -0.7778205, 2.577113
FootLeft: -0.2278327, -0.8334863, 2.463737
HipRight: -0.1489794, 0.06406996, 2.767798
KneeRight: -0.1938417, -0.3247502, 2.710689
AnkleRight: -0.1666967, -0.5738695, 2.630044
FootRight: -0.1978457, -0.6835399, 2.563602
=========
HipCenter: -0.2324817, 0.1241582, 2.795175
Spine: -0.2373671, 0.1750079, 2.871321
ShoulderCenter: -0.2641367, 0.5450165, 2.963487
Head: -0.2503491, 0.7302538, 2.954755
ShoulderLeft: -0.4171672, 0.3983449, 2.88887
ElbowLeft: -0.4569971, 0.1621811, 2.811409
WristLeft: -0.434916, -0.06355814, 2.664729
HandLeft: -0.4375393, -0.135525, 2.631757
ShoulderRight: -0.07249537, 0.4358975, 2.910889
ElbowRight: 0.1175557, 0.5073223, 2.884611
WristRight: -0.1159688, 0.3880154, 2.73535
HandRight: -0.1718195, 0.331349, 2.663302
HipLeft: -0.3073716, 0.03829828, 2.756067
KneeLeft: -0.2468998, -0.4797496, 2.674558
AnkleLeft: -0.2585133, -0.7778605, 2.577085
FootLeft: -0.2277496, -0.833559, 2.463621
HipRight: -0.151148, 0.06354877, 2.76757
KneeRight: -0.1932753, -0.3243877, 2.711875
AnkleRight: -0.1667834, -0.572236, 2.63114
FootRight: -0.2009796, -0.6860462, 2.560376
=========
HipCenter: -0.2339332, 0.1233431, 2.795179
Spine: -0.2387608, 0.1741422, 2.871423
ShoulderCenter: -0.2650578, 0.5453948, 2.963744
Head: -0.2504595, 0.7290455, 2.955416
ShoulderLeft: -0.4170425, 0.3986193, 2.889317
ElbowLeft: -0.4564278, 0.1611045, 2.810673
WristLeft: -0.4352767, -0.06379034, 2.664834
HandLeft: -0.4379585, -0.1354843, 2.632017
ShoulderRight: -0.07379336, 0.4367586, 2.913464
ElbowRight: 0.1177114, 0.5013201, 2.883765
WristRight: -0.1000596, 0.3748679, 2.73393
HandRight: -0.1496894, 0.3140313, 2.657648
HipLeft: -0.3086687, 0.03731966, 2.756583
KneeLeft: -0.2472793, -0.4795568, 2.674683
AnkleLeft: -0.258603, -0.7778907, 2.577065
FootLeft: -0.2276892, -0.8336146, 2.463539
HipRight: -0.1526587, 0.06322458, 2.76748
KneeRight: -0.1934657, -0.3242856, 2.712345
AnkleRight: -0.1678872, -0.5725375, 2.631277
FootRight: -0.204036, -0.6895586, 2.556932
=========
HipCenter: -0.2347018, 0.1227531, 2.795247
Spine: -0.2396889, 0.1734609, 2.87153
ShoulderCenter: -0.2665086, 0.5458378, 2.964079
Head: -0.2505261, 0.728107, 2.956058
ShoulderLeft: -0.4169881, 0.3988717, 2.889721
ElbowLeft: -0.4558138, 0.1593832, 2.809512
WristLeft: -0.43558, -0.06420542, 2.664934
HandLeft: -0.4383122, -0.1355013, 2.632215
ShoulderRight: -0.07620747, 0.4391075, 2.916579
ElbowRight: 0.1175601, 0.4950894, 2.884916
WristRight: -0.08212321, 0.3537516, 2.73178
HandRight: -0.1298542, 0.2935358, 2.652966
HipLeft: -0.3091762, 0.03652325, 2.75724
KneeLeft: -0.2475741, -0.4794172, 2.674786
AnkleLeft: -0.2587082, -0.7779155, 2.577037
FootLeft: -0.2276412, -0.8336582, 2.463479
HipRight: -0.1535444, 0.06305642, 2.76743
KneeRight: -0.1942783, -0.3242368, 2.712279
AnkleRight: -0.1695405, -0.5740685, 2.630778
FootRight: -0.2064873, -0.6928098, 2.554015
=========
HipCenter: -0.2352006, 0.1223302, 2.79532
Spine: -0.2404031, 0.1729032, 2.871619
ShoulderCenter: -0.2685689, 0.5460367, 2.964473
Head: -0.2507488, 0.7270695, 2.956515
ShoulderLeft: -0.4171338, 0.3991116, 2.890211
ElbowLeft: -0.4555075, 0.1585536, 2.809001
WristLeft: -0.4358505, -0.06473871, 2.665029
HandLeft: -0.4386133, -0.135579, 2.632418
ShoulderRight: -0.0787205, 0.4416008, 2.919815
ElbowRight: 0.1177187, 0.4859902, 2.888017
WristRight: -0.05144232, 0.3398215, 2.736177
HandRight: -0.06370531, 0.316201, 2.711069
HipLeft: -0.3088698, 0.03578749, 2.758548
KneeLeft: -0.2478298, -0.4793038, 2.67488
AnkleLeft: -0.2588115, -0.7779462, 2.57701
FootLeft: -0.2275958, -0.8337052, 2.463424
HipRight: -0.1540877, 0.06297205, 2.767382
KneeRight: -0.1954025, -0.3241152, 2.711977
AnkleRight: -0.1713806, -0.5762819, 2.629939
FootRight: -0.208293, -0.6955618, 2.551774
=========
HipCenter: -0.2355585, 0.1220228, 2.79538
Spine: -0.2410419, 0.1724418, 2.871681
ShoulderCenter: -0.2708952, 0.546279, 2.965059
Head: -0.2510399, 0.7261674, 2.956902
ShoulderLeft: -0.4173699, 0.3993802, 2.890743
ElbowLeft: -0.4552785, 0.1576834, 2.80849
WristLeft: -0.4360887, -0.06524082, 2.665114
HandLeft: -0.438876, -0.1356324, 2.632563
ShoulderRight: -0.08089207, 0.4444054, 2.923849
ElbowRight: 0.1162562, 0.4476958, 2.872789
WristRight: -0.0239558, 0.3186798, 2.74224
HandRight: -0.02648118, 0.2994438, 2.733112
HipLeft: -0.3083924, 0.03530626, 2.759693
KneeLeft: -0.2480365, -0.4792358, 2.674965
AnkleLeft: -0.2589031, -0.7779759, 2.576988
FootLeft: -0.2275431, -0.8337577, 2.463359
HipRight: -0.1543734, 0.06295503, 2.767373
KneeRight: -0.1966028, -0.323975, 2.711523
AnkleRight: -0.1731246, -0.578638, 2.628995
FootRight: -0.2095741, -0.6976711, 2.550145
=========
HipCenter: -0.2358013, 0.1217957, 2.795438
Spine: -0.2415536, 0.1720913, 2.871728
ShoulderCenter: -0.2728529, 0.5464556, 2.965426
Head: -0.2514148, 0.7253478, 2.957111
ShoulderLeft: -0.4176249, 0.3996411, 2.891202
ElbowLeft: -0.4551198, 0.1570717, 2.808153
WristLeft: -0.4362863, -0.06568734, 2.665215
HandLeft: -0.4391106, -0.1356682, 2.632705
ShoulderRight: -0.08242737, 0.4462728, 2.926952
ElbowRight: 0.1159291, 0.4276715, 2.869579
WristRight: -0.008471171, 0.3076368, 2.743787
HandRight: 0.002024089, 0.2829709, 2.757026
HipLeft: -0.3077183, 0.03506604, 2.760568
KneeLeft: -0.248233, -0.479182, 2.675042
AnkleLeft: -0.2589906, -0.7780091, 2.576961
FootLeft: -0.2275098, -0.8338042, 2.463319
HipRight: -0.154286, 0.06304694, 2.76762
KneeRight: -0.1968323, -0.3238851, 2.711628
AnkleRight: -0.1736254, -0.5801151, 2.628998
FootRight: -0.2099708, -0.6985658, 2.549638
=========
HipCenter: -0.2359566, 0.1216333, 2.795506
Spine: -0.2420491, 0.1718148, 2.871771
ShoulderCenter: -0.2744771, 0.5465814, 2.965708
Head: -0.251913, 0.7245749, 2.957227
ShoulderLeft: -0.4179558, 0.3997933, 2.891487
ElbowLeft: -0.4590534, 0.1670843, 2.815331
WristLeft: -0.4371411, -0.06261525, 2.667998
HandLeft: -0.4404913, -0.1306728, 2.636231
ShoulderRight: -0.08295765, 0.4482156, 2.9311
ElbowRight: 0.1163319, 0.4170394, 2.869337
WristRight: 0.002883282, 0.3000398, 2.744768
HandRight: 0.01702591, 0.2739485, 2.765504
HipLeft: -0.3070527, 0.03493008, 2.761225
KneeLeft: -0.2484107, -0.4791377, 2.675103
AnkleLeft: -0.2590523, -0.7780474, 2.576935
FootLeft: -0.2274618, -0.8338593, 2.463279
HipRight: -0.1539134, 0.06324821, 2.768061
KneeRight: -0.1967812, -0.3238617, 2.712079
AnkleRight: -0.1736425, -0.5812399, 2.62938
FootRight: -0.2096461, -0.6989277, 2.549889
=========
HipCenter: -0.2360123, 0.1215614, 2.79561
Spine: -0.2424653, 0.171645, 2.871811
ShoulderCenter: -0.2756008, 0.546645, 2.965765
Head: -0.2524166, 0.7239071, 2.957267
ShoulderLeft: -0.4183368, 0.3997784, 2.891634
ElbowLeft: -0.4589476, 0.166412, 2.81411
WristLeft: -0.4373696, -0.06274924, 2.668399
HandLeft: -0.440858, -0.1301116, 2.636824
ShoulderRight: -0.08254274, 0.4499672, 2.935411
ElbowRight: 0.1150187, 0.3954616, 2.862409
WristRight: 0.01892202, 0.2607002, 2.739833
HandRight: 0.01897286, 0.2052124, 2.751734
HipLeft: -0.3064252, 0.03489593, 2.761721
KneeLeft: -0.2485682, -0.4791051, 2.675159
AnkleLeft: -0.2591099, -0.7780883, 2.576913
FootLeft: -0.2274176, -0.8339162, 2.463301
HipRight: -0.1533398, 0.06354177, 2.768645
KneeRight: -0.1962048, -0.3238593, 2.713088
AnkleRight: -0.173204, -0.582171, 2.630126
FootRight: -0.2083355, -0.6984566, 2.551241
=========
HipCenter: -0.2359964, 0.1215602, 2.795738
Spine: -0.2428356, 0.1715409, 2.871846
ShoulderCenter: -0.2765219, 0.5466705, 2.965672
Head: -0.2528876, 0.7233336, 2.95728
ShoulderLeft: -0.4188155, 0.399705, 2.891736
ElbowLeft: -0.4587458, 0.1656732, 2.812917
WristLeft: -0.4375686, -0.0628728, 2.668754
HandLeft: -0.4416988, -0.1303393, 2.637965
ShoulderRight: -0.08204229, 0.4512093, 2.93907
ElbowRight: 0.1139699, 0.3866513, 2.860721
WristRight: 0.03099567, 0.2408249, 2.738063
HandRight: 0.0347428, 0.163908, 2.73935
HipLeft: -0.3058563, 0.03496342, 2.762014
KneeLeft: -0.248714, -0.4790726, 2.675214
AnkleLeft: -0.2591509, -0.7781449, 2.57688
FootLeft: -0.2273791, -0.8339679, 2.463344
HipRight: -0.1526415, 0.06384668, 2.769426
KneeRight: -0.1955104, -0.3238243, 2.714085
AnkleRight: -0.172602, -0.5831103, 2.630926
FootRight: -0.207023, -0.6980377, 2.552552
=========
HipCenter: -0.2359622, 0.1215977, 2.795859
Spine: -0.2431981, 0.1714748, 2.871872
ShoulderCenter: -0.2772351, 0.5466519, 2.965575
Head: -0.2533995, 0.7227303, 2.957214
ShoulderLeft: -0.4193684, 0.3996045, 2.891836
ElbowLeft: -0.4585201, 0.1646929, 2.81168
WristLeft: -0.4377254, -0.06310556, 2.669009
HandLeft: -0.4425728, -0.1308085, 2.639072
ShoulderRight: -0.08158613, 0.4517969, 2.94213
ElbowRight: 0.1194538, 0.4105553, 2.920578
WristRight: 0.07116068, 0.2369026, 2.753695
HandRight: 0.05788501, 0.1535797, 2.743813
HipLeft: -0.3054876, 0.03508, 2.762134
KneeLeft: -0.2488586, -0.4790382, 2.675269
AnkleLeft: -0.2591864, -0.7782018, 2.576847
FootLeft: -0.2273395, -0.8340193, 2.46348
HipRight: -0.1520311, 0.06411099, 2.770122
KneeRight: -0.1957074, -0.3235774, 2.713987
AnkleRight: -0.1728323, -0.5843105, 2.630708
FootRight: -0.2068215, -0.6983386, 2.552601
=========
HipCenter: -0.2359129, 0.121664, 2.795972
Spine: -0.2435609, 0.1714427, 2.871887
ShoulderCenter: -0.2778193, 0.5466133, 2.965458
Head: -0.2541295, 0.7220298, 2.956928
ShoulderLeft: -0.4198552, 0.399517, 2.89191
ElbowLeft: -0.4582645, 0.1638413, 2.810644
WristLeft: -0.4378362, -0.06340909, 2.669196
HandLeft: -0.4433672, -0.1313906, 2.640033
ShoulderRight: -0.08129814, 0.4519701, 2.944647
ElbowRight: 0.1213555, 0.4144146, 2.941875
WristRight: 0.1019247, 0.2325158, 2.764616
HandRight: 0.08350122, 0.1488783, 2.751019
HipLeft: -0.305178, 0.03525594, 2.762172
KneeLeft: -0.249008, -0.4790029, 2.675325
AnkleLeft: -0.2592212, -0.7782652, 2.57681
FootLeft: -0.2273411, -0.8340669, 2.463579
HipRight: -0.1515346, 0.06435669, 2.7707
KneeRight: -0.196083, -0.3232225, 2.713644
AnkleRight: -0.1731663, -0.5854351, 2.630331
FootRight: -0.2067414, -0.6986827, 2.55249
=========
HipCenter: -0.2358582, 0.1217432, 2.796073
Spine: -0.2439141, 0.1714346, 2.871892
ShoulderCenter: -0.2783016, 0.5465701, 2.965328
Head: -0.254894, 0.7213265, 2.956525
ShoulderLeft: -0.4203163, 0.3994243, 2.891962
ElbowLeft: -0.4580649, 0.1627836, 2.809572
WristLeft: -0.4379488, -0.06377278, 2.669355
HandLeft: -0.444081, -0.131982, 2.640842
ShoulderRight: -0.08102988, 0.4518919, 2.946655
ElbowRight: 0.1223828, 0.4176946, 2.95343
WristRight: 0.1281973, 0.2281183, 2.774866
HandRight: 0.1249802, 0.147548, 2.773192
HipLeft: -0.3049572, 0.03545192, 2.762108
KneeLeft: -0.2492093, -0.4789407, 2.675373
AnkleLeft: -0.2592547, -0.7783326, 2.57677
FootLeft: -0.2273428, -0.834114, 2.463663
HipRight: -0.1511119, 0.0645573, 2.771198
KneeRight: -0.1963022, -0.3229353, 2.713388
AnkleRight: -0.1733717, -0.5864074, 2.630018
FootRight: -0.2066408, -0.6989745, 2.552406
=========
HipCenter: -0.2357868, 0.1218306, 2.79616
Spine: -0.2442552, 0.1714395, 2.871881
ShoulderCenter: -0.2787043, 0.5465066, 2.965177
Head: -0.2555771, 0.720667, 2.956154
ShoulderLeft: -0.4207459, 0.3993062, 2.891942
ElbowLeft: -0.4578996, 0.1619589, 2.808783
WristLeft: -0.4380431, -0.06418505, 2.669493
HandLeft: -0.4448211, -0.1326208, 2.64163
ShoulderRight: -0.08094122, 0.4513494, 2.948414
ElbowRight: 0.122894, 0.4193729, 2.960021
WristRight: 0.1590074, 0.2240725, 2.792944
HandRight: 0.1482567, 0.1470883, 2.787432
HipLeft: -0.3047322, 0.03571, 2.76189
KneeLeft: -0.2494291, -0.4788682, 2.675419
AnkleLeft: -0.2592884, -0.7783936, 2.576732
FootLeft: -0.2273686, -0.8341562, 2.463757
HipRight: -0.15072, 0.06472575, 2.771642
KneeRight: -0.1964414, -0.3226953, 2.713208
AnkleRight: -0.1734995, -0.5872543, 2.629774
FootRight: -0.2065473, -0.699219, 2.552351
=========
HipCenter: -0.235712, 0.121921, 2.796238
Spine: -0.2445865, 0.1714539, 2.871862
ShoulderCenter: -0.2790216, 0.5464393, 2.965038
Head: -0.2562177, 0.7200368, 2.955798
ShoulderLeft: -0.4211935, 0.3991645, 2.89189
ElbowLeft: -0.457745, 0.1612023, 2.80809
WristLeft: -0.4381515, -0.0646713, 2.669615
HandLeft: -0.445587, -0.1333737, 2.642453
ShoulderRight: -0.08101825, 0.4505193, 2.950022
ElbowRight: 0.1246706, 0.4200847, 2.962314
WristRight: 0.17443, 0.2220806, 2.801278
HandRight: 0.1787207, 0.1477464, 2.802673
HipLeft: -0.3045671, 0.03598798, 2.761547
KneeLeft: -0.2496243, -0.4788166, 2.675456
AnkleLeft: -0.2593081, -0.7784652, 2.57667
FootLeft: -0.2273702, -0.8341914, 2.463799
HipRight: -0.1503735, 0.06486032, 2.772065
KneeRight: -0.1965245, -0.3225022, 2.713094
AnkleRight: -0.173563, -0.5879185, 2.629621
FootRight: -0.2064633, -0.6993662, 2.552331
=========
HipCenter: -0.2356292, 0.1220154, 2.796324
Spine: -0.244892, 0.1714692, 2.871854
ShoulderCenter: -0.2792504, 0.546348, 2.964924
Head: -0.2566894, 0.7194784, 2.955627
ShoulderLeft: -0.4215865, 0.3990445, 2.891833
ElbowLeft: -0.457624, 0.1605517, 2.807569
WristLeft: -0.4383052, -0.06528516, 2.669761
HandLeft: -0.4463996, -0.1341585, 2.643317
ShoulderRight: -0.08102536, 0.4494566, 2.951493
ElbowRight: 0.1258514, 0.4212592, 2.963283
WristRight: 0.1939148, 0.2240784, 2.810192
HandRight: 0.2046004, 0.1506102, 2.812404
HipLeft: -0.3044322, 0.03625639, 2.761195
KneeLeft: -0.2498491, -0.4787546, 2.675497
AnkleLeft: -0.2593288, -0.778529, 2.576609
FootLeft: -0.2275417, -0.8341903, 2.464036
HipRight: -0.1500436, 0.06492046, 2.77259
KneeRight: -0.1968008, -0.3221791, 2.712687
AnkleRight: -0.173728, -0.5884939, 2.62934
FootRight: -0.2064505, -0.6995268, 2.552207
=========
HipCenter: -0.2355393, 0.1221153, 2.796397
Spine: -0.2451662, 0.1714815, 2.87184
ShoulderCenter: -0.2794738, 0.5462215, 2.964852
Head: -0.2570668, 0.7189022, 2.955591
ShoulderLeft: -0.4219163, 0.398938, 2.891782
ElbowLeft: -0.457528, 0.1599066, 2.807123
WristLeft: -0.4384741, -0.0658243, 2.669864
HandLeft: -0.4470522, -0.1348293, 2.643984
ShoulderRight: -0.08104338, 0.4484047, 2.952725
ElbowRight: 0.1255613, 0.4213848, 2.964387
WristRight: 0.2087236, 0.2240983, 2.815359
HandRight: 0.2235759, 0.1519162, 2.817806
HipLeft: -0.3042956, 0.03664754, 2.760583
KneeLeft: -0.2500232, -0.4787439, 2.675534
AnkleLeft: -0.2593256, -0.7786231, 2.576539
FootLeft: -0.2277033, -0.8341964, 2.464261
HipRight: -0.149708, 0.06496737, 2.773078
KneeRight: -0.1971852, -0.3217871, 2.712173
AnkleRight: -0.1739599, -0.5890747, 2.628991
FootRight: -0.206489, -0.699764, 2.552032
=========
HipCenter: -0.2354449, 0.1222121, 2.796462
Spine: -0.2454109, 0.1714928, 2.871823
ShoulderCenter: -0.2796668, 0.5460837, 2.964786
Head: -0.2573488, 0.7184144, 2.955604
ShoulderLeft: -0.4222067, 0.3988376, 2.891723
ElbowLeft: -0.4574836, 0.1593909, 2.80684
WristLeft: -0.4386602, -0.06627808, 2.669961
HandLeft: -0.4476135, -0.135419, 2.644545
ShoulderRight: -0.08102232, 0.4474216, 2.953761
ElbowRight: 0.1249743, 0.4211229, 2.964416
WristRight: 0.2251157, 0.2239109, 2.819141
HandRight: 0.2646914, 0.1515874, 2.823876
HipLeft: -0.304165, 0.03701412, 2.759932
KneeLeft: -0.2501565, -0.4787483, 2.675568
AnkleLeft: -0.2593374, -0.7787331, 2.576458
FootLeft: -0.2277603, -0.8342167, 2.464372
HipRight: -0.1493739, 0.06497893, 2.773534
KneeRight: -0.1976301, -0.3213646, 2.711598
AnkleRight: -0.1742133, -0.5895876, 2.628625
FootRight: -0.2066154, -0.6999428, 2.551726
=========
HipCenter: -0.235323, 0.122323, 2.796527
Spine: -0.2456155, 0.1715069, 2.871805
ShoulderCenter: -0.2798553, 0.5459021, 2.964696
Head: -0.2575278, 0.7179049, 2.955623
ShoulderLeft: -0.4224395, 0.3987955, 2.891726
ElbowLeft: -0.4574872, 0.158974, 2.806642
WristLeft: -0.4388431, -0.0666891, 2.670043
HandLeft: -0.4481223, -0.1359207, 2.645032
ShoulderRight: -0.08105432, 0.446418, 2.954746
ElbowRight: 0.1234685, 0.4184074, 2.960225
WristRight: 0.24289, 0.226534, 2.822166
HandRight: 0.2864199, 0.1530114, 2.826587
HipLeft: -0.3039738, 0.03741685, 2.759239
KneeLeft: -0.2502753, -0.4787796, 2.675599
AnkleLeft: -0.2593545, -0.7788665, 2.576354
FootLeft: -0.2277945, -0.8342328, 2.464429
HipRight: -0.1489731, 0.06497488, 2.774059
KneeRight: -0.1981861, -0.3208591, 2.71093
AnkleRight: -0.1745365, -0.5901127, 2.628203
FootRight: -0.2067832, -0.7001892, 2.551373
=========
HipCenter: -0.235204, 0.1224208, 2.796585
Spine: -0.2457948, 0.1715136, 2.871787
ShoulderCenter: -0.280111, 0.5456762, 2.964626
Head: -0.257618, 0.7174546, 2.955751
ShoulderLeft: -0.4225929, 0.3987644, 2.891728
ElbowLeft: -0.4575163, 0.1586322, 2.806495
WristLeft: -0.4390257, -0.0670809, 2.670117
HandLeft: -0.4485415, -0.1362822, 2.645366
ShoulderRight: -0.08107677, 0.4455881, 2.955515
ElbowRight: 0.1355497, 0.4129627, 2.945741
WristRight: 0.2801175, 0.2478296, 2.822195
HandRight: 0.3292065, 0.1707646, 2.824422
HipLeft: -0.303798, 0.03776601, 2.758616
KneeLeft: -0.2503884, -0.4788246, 2.675632
AnkleLeft: -0.2593905, -0.7790179, 2.576238
FootLeft: -0.2278209, -0.8342479, 2.464473
HipRight: -0.1486104, 0.06495355, 2.774522
KneeRight: -0.1987191, -0.3203702, 2.710299
AnkleRight: -0.1748506, -0.590583, 2.627801
FootRight: -0.2069492, -0.700423, 2.551047
=========
HipCenter: -0.2350737, 0.1225403, 2.796629
Spine: -0.2459502, 0.171529, 2.871764
ShoulderCenter: -0.2803459, 0.5454763, 2.964589
Head: -0.2574755, 0.7170191, 2.955962
ShoulderLeft: -0.4227125, 0.3987525, 2.891748
ElbowLeft: -0.4575417, 0.158326, 2.806342
WristLeft: -0.4391284, -0.0673908, 2.670155
HandLeft: -0.448881, -0.1365635, 2.645667
ShoulderRight: -0.08110335, 0.4448327, 2.956175
ElbowRight: 0.1430419, 0.4103628, 2.937258
WristRight: 0.3047187, 0.2613006, 2.822927
HandRight: 0.3701164, 0.201156, 2.821129
HipLeft: -0.3036278, 0.03822523, 2.757906
KneeLeft: -0.2504942, -0.4788319, 2.675666
AnkleLeft: -0.2594281, -0.7791683, 2.57612
FootLeft: -0.2278427, -0.8342597, 2.464504
HipRight: -0.1482722, 0.06495282, 2.774918
KneeRight: -0.1992221, -0.3198779, 2.709712
AnkleRight: -0.1751518, -0.5910054, 2.627419
FootRight: -0.2071113, -0.7006472, 2.550751
=========
HipCenter: -0.2348956, 0.1226623, 2.796687
Spine: -0.2460549, 0.1715371, 2.871755
ShoulderCenter: -0.2806041, 0.5452857, 2.964633
Head: -0.2572787, 0.7165765, 2.956125
ShoulderLeft: -0.4228151, 0.3987574, 2.891795
ElbowLeft: -0.4575957, 0.1580489, 2.806266
WristLeft: -0.439213, -0.06766807, 2.670185
HandLeft: -0.449131, -0.1368053, 2.645899
ShoulderRight: -0.08111224, 0.4441798, 2.956692
ElbowRight: 0.1478915, 0.4093831, 2.932282
WristRight: 0.3203269, 0.27184, 2.8228
HandRight: 0.3972946, 0.2210049, 2.82113
HipLeft: -0.3034251, 0.03859951, 2.757327
KneeLeft: -0.250579, -0.4788351, 2.675705
AnkleLeft: -0.2594668, -0.7792915, 2.576022
FootLeft: -0.227857, -0.8342689, 2.464528
HipRight: -0.1478247, 0.064942, 2.77534
KneeRight: -0.1997614, -0.3193497, 2.709098
AnkleRight: -0.1754708, -0.5914134, 2.627018
FootRight: -0.2073095, -0.700886, 2.550416
=========
HipCenter: -0.2346086, 0.1227543, 2.796754
Spine: -0.2461206, 0.1715352, 2.871748
ShoulderCenter: -0.2807949, 0.5450957, 2.964673
Head: -0.2570407, 0.7161294, 2.956363
ShoulderLeft: -0.4228764, 0.3986, 2.891686
ElbowLeft: -0.4576536, 0.1577935, 2.806188
WristLeft: -0.4392908, -0.06782564, 2.670206
HandLeft: -0.4493182, -0.1369656, 2.646056
ShoulderRight: -0.08112085, 0.4436254, 2.957141
ElbowRight: 0.1455302, 0.4177634, 2.932593
WristRight: 0.327456, 0.3135831, 2.833959
HandRight: 0.4100949, 0.263226, 2.823316
HipLeft: -0.3031432, 0.03885574, 2.756795
KneeLeft: -0.2506526, -0.478855, 2.675738
AnkleLeft: -0.2595042, -0.7794049, 2.575932
FootLeft: -0.2278695, -0.8342817, 2.464522
HipRight: -0.1471969, 0.06485902, 2.775825
KneeRight: -0.2003392, -0.3188322, 2.708476
AnkleRight: -0.175797, -0.591786, 2.626618
FootRight: -0.2075216, -0.7011182, 2.550092
=========
HipCenter: -0.2343134, 0.1228471, 2.796814
Spine: -0.2461675, 0.1715364, 2.871743
ShoulderCenter: -0.2808246, 0.5448811, 2.964621
Head: -0.2567913, 0.7157413, 2.956576
ShoulderLeft: -0.4229114, 0.3984269, 2.891574
ElbowLeft: -0.4576989, 0.1572442, 2.80607
WristLeft: -0.4393522, -0.06792743, 2.670233
HandLeft: -0.4494538, -0.1370736, 2.646181
ShoulderRight: -0.08108855, 0.4431884, 2.957516
ElbowRight: 0.1422481, 0.4244137, 2.93413
WristRight: 0.3293518, 0.3385602, 2.841448
HandRight: 0.4164422, 0.2926513, 2.828012
HipLeft: -0.3028943, 0.03907443, 2.756296
KneeLeft: -0.2507104, -0.4788668, 2.675766
AnkleLeft: -0.2595373, -0.7795048, 2.575851
FootLeft: -0.2278787, -0.8342943, 2.464498
HipRight: -0.1465819, 0.06477539, 2.776295
KneeRight: -0.2006972, -0.3184486, 2.708073
AnkleRight: -0.1759766, -0.5920174, 2.626381
FootRight: -0.2076166, -0.7012165, 2.54992
=========
HipCenter: -0.233876, 0.1229528, 2.796918
Spine: -0.2461867, 0.1715372, 2.871741
ShoulderCenter: -0.2806844, 0.5445381, 2.964425
Head: -0.2562775, 0.7153117, 2.957026
ShoulderLeft: -0.4229316, 0.3982574, 2.891464
ElbowLeft: -0.4577412, 0.1567333, 2.805974
WristLeft: -0.439406, -0.06800439, 2.670272
HandLeft: -0.4495229, -0.1371601, 2.646247
ShoulderRight: -0.08100212, 0.4428398, 2.957841
ElbowRight: 0.1416668, 0.4286987, 2.935238
WristRight: 0.3600042, 0.3462094, 2.837496
HandRight: 0.4562622, 0.3010502, 2.835096
HipLeft: -0.3026353, 0.03923242, 2.755894
KneeLeft: -0.2507599, -0.478877, 2.675793
AnkleLeft: -0.2595628, -0.7795869, 2.575791
FootLeft: -0.2278736, -0.8343123, 2.464433
HipRight: -0.1456597, 0.06465062, 2.776933
KneeRight: -0.2010667, -0.3180418, 2.707678
AnkleRight: -0.1761394, -0.5922088, 2.626168
FootRight: -0.2076994, -0.7012959, 2.54979
=========
HipCenter: -0.2334113, 0.1230699, 2.797049
Spine: -0.2461793, 0.171531, 2.871747
ShoulderCenter: -0.2806799, 0.5441003, 2.964444
Head: -0.2555317, 0.7150022, 2.957488
ShoulderLeft: -0.4229497, 0.3981533, 2.891415
ElbowLeft: -0.457764, 0.1563206, 2.805954
WristLeft: -0.4394515, -0.06805442, 2.670304
HandLeft: -0.4495652, -0.1372267, 2.646287
ShoulderRight: -0.08089426, 0.4425535, 2.958109
ElbowRight: 0.1420146, 0.4319224, 2.936188
WristRight: 0.3766282, 0.3504518, 2.834547
HandRight: 0.4672357, 0.3178763, 2.835355
HipLeft: -0.3023788, 0.03936481, 2.755546
KneeLeft: -0.2507933, -0.478879, 2.675809
AnkleLeft: -0.259593, -0.7796561, 2.575737
FootLeft: -0.2278448, -0.8343481, 2.464313
HipRight: -0.1447208, 0.06455196, 2.777577
KneeRight: -0.2012898, -0.3177105, 2.707407
AnkleRight: -0.1762301, -0.5923443, 2.62603
FootRight: -0.2077455, -0.7013469, 2.549711
=========
HipCenter: -0.2329652, 0.1231973, 2.797168
Spine: -0.2461568, 0.171528, 2.871754
ShoulderCenter: -0.28063, 0.5436645, 2.964445
Head: -0.2548269, 0.7147681, 2.95792
ShoulderLeft: -0.4229566, 0.3980536, 2.891372
ElbowLeft: -0.4577611, 0.1560677, 2.806027
WristLeft: -0.4394929, -0.06809302, 2.670336
HandLeft: -0.4495624, -0.1372477, 2.646283
ShoulderRight: -0.08076634, 0.4422936, 2.958331
ElbowRight: 0.1433077, 0.4346682, 2.936722
WristRight: 0.3914189, 0.365796, 2.831639
HandRight: 0.4730557, 0.3456314, 2.836958
HipLeft: -0.3021478, 0.03949418, 2.755234
KneeLeft: -0.2508238, -0.4788693, 2.675823
AnkleLeft: -0.2596229, -0.779712, 2.575691
FootLeft: -0.227766, -0.8344107, 2.464093
HipRight: -0.1439016, 0.06447851, 2.778123
KneeRight: -0.2013098, -0.3174554, 2.707405
AnkleRight: -0.1761832, -0.5924698, 2.626055
FootRight: -0.2076516, -0.7012484, 2.549839
=========
HipCenter: -0.2324784, 0.1233361, 2.797303
Spine: -0.2460886, 0.171531, 2.871774
ShoulderCenter: -0.2805431, 0.5433252, 2.964476
Head: -0.254228, 0.7146146, 2.958195
ShoulderLeft: -0.4229532, 0.3979603, 2.891337
ElbowLeft: -0.4577498, 0.1558549, 2.806125
WristLeft: -0.4395257, -0.06812446, 2.670359
HandLeft: -0.4495372, -0.1372456, 2.646262
ShoulderRight: -0.08063299, 0.4420867, 2.958516
ElbowRight: 0.1476248, 0.4384076, 2.936563
WristRight: 0.3985446, 0.3860883, 2.834473
HandRight: 0.4789557, 0.3601811, 2.837747
HipLeft: -0.3018947, 0.03961395, 2.754992
KneeLeft: -0.250849, -0.4788412, 2.675833
AnkleLeft: -0.2596536, -0.7797498, 2.57566
FootLeft: -0.2277101, -0.8344311, 2.463991
HipRight: -0.1431601, 0.06443154, 2.778587
KneeRight: -0.2013639, -0.3172229, 2.707362
AnkleRight: -0.1761869, -0.5925656, 2.626032
FootRight: -0.2076304, -0.7012132, 2.549865
=========
HipCenter: -0.2318162, 0.1236071, 2.797555
Spine: -0.2457743, 0.1716165, 2.8719
ShoulderCenter: -0.2801193, 0.5429543, 2.964627
Head: -0.2536214, 0.7145233, 2.958601
ShoulderLeft: -0.4229534, 0.3979791, 2.891734
ElbowLeft: -0.45773, 0.1556948, 2.806226
WristLeft: -0.4395501, -0.0681491, 2.670376
HandLeft: -0.4494663, -0.1372104, 2.646203
ShoulderRight: -0.08046363, 0.4419098, 2.958667
ElbowRight: 0.1547494, 0.4424693, 2.936024
WristRight: 0.4022544, 0.4040381, 2.838032
HandRight: 0.4808176, 0.3740385, 2.839391
HipLeft: -0.3015141, 0.03980386, 2.754987
KneeLeft: -0.2508796, -0.4787104, 2.67585
AnkleLeft: -0.259682, -0.7797813, 2.575634
FootLeft: -0.2276377, -0.8344494, 2.463883
HipRight: -0.1424344, 0.0645125, 2.77895
KneeRight: -0.2009213, -0.3168441, 2.707997
AnkleRight: -0.1758264, -0.5927128, 2.626443
FootRight: -0.2071823, -0.7009237, 2.550453
=========
HipCenter: -0.2312707, 0.1238416, 2.797781
Spine: -0.245469, 0.1716958, 2.872031
ShoulderCenter: -0.2795772, 0.5426096, 2.964894
Head: -0.2530913, 0.714471, 2.958958
ShoulderLeft: -0.4229411, 0.3979603, 2.892062
ElbowLeft: -0.4576682, 0.1555839, 2.806446
WristLeft: -0.4395785, -0.06816337, 2.670437
HandLeft: -0.4493598, -0.1371391, 2.646128
ShoulderRight: -0.08020354, 0.4417655, 2.958806
ElbowRight: 0.1596202, 0.4455944, 2.935399
WristRight: 0.4020723, 0.4255716, 2.84204
HandRight: 0.4722482, 0.4239656, 2.847973
HipLeft: -0.3013134, 0.03993108, 2.754938
KneeLeft: -0.2508895, -0.4785524, 2.675869
AnkleLeft: -0.2597071, -0.7798098, 2.575616
FootLeft: -0.227517, -0.8344902, 2.463679
HipRight: -0.1418986, 0.06454249, 2.779245
KneeRight: -0.2011449, -0.316434, 2.708035
AnkleRight: -0.1759302, -0.5928974, 2.626452
FootRight: -0.2072091, -0.700956, 2.550512
=========
HipCenter: -0.2303515, 0.1241128, 2.798109
Spine: -0.2447454, 0.171806, 2.872302
ShoulderCenter: -0.278488, 0.5423762, 2.965571
Head: -0.2515915, 0.7145688, 2.959707
ShoulderLeft: -0.4228774, 0.3979427, 2.89233
ElbowLeft: -0.4575256, 0.1554673, 2.806707
WristLeft: -0.439604, -0.06817151, 2.670501
HandLeft: -0.4492115, -0.1370678, 2.646099
ShoulderRight: -0.07943165, 0.4416925, 2.959027
ElbowRight: 0.1668885, 0.4523137, 2.933335
WristRight: 0.4060761, 0.4705277, 2.857829
HandRight: 0.4722442, 0.4541897, 2.856995
HipLeft: -0.3009366, 0.04005619, 2.754925
KneeLeft: -0.25089, -0.4784153, 2.675883
AnkleLeft: -0.259728, -0.7798331, 2.575602
FootLeft: -0.2273834, -0.8345335, 2.463421
HipRight: -0.1409252, 0.0645666, 2.779603
KneeRight: -0.2015111, -0.3159054, 2.70792
AnkleRight: -0.1760885, -0.5930933, 2.626368
FootRight: -0.2073031, -0.7010503, 2.550478
=========
HipCenter: -0.2295361, 0.1243677, 2.798409
Spine: -0.2440572, 0.171921, 2.872572
ShoulderCenter: -0.2775021, 0.5422699, 2.966387
Head: -0.2501807, 0.7146556, 2.960515
ShoulderLeft: -0.4227957, 0.3979245, 2.892549
ElbowLeft: -0.4565285, 0.1569232, 2.80873
WristLeft: -0.4396234, -0.06817683, 2.670566
HandLeft: -0.4489948, -0.1369928, 2.645995
ShoulderRight: -0.07850328, 0.4417171, 2.959231
ElbowRight: 0.1712356, 0.4578882, 2.932043
WristRight: 0.4106545, 0.4901416, 2.86826
HandRight: 0.4889861, 0.478085, 2.865082
HipLeft: -0.3005945, 0.04017452, 2.754941
KneeLeft: -0.2508429, -0.478229, 2.675884
AnkleLeft: -0.2597477, -0.7798542, 2.57559
FootLeft: -0.2272564, -0.8345765, 2.463173
HipRight: -0.1400762, 0.06461979, 2.779871
KneeRight: -0.2019088, -0.3153287, 2.70769
AnkleRight: -0.1762709, -0.593276, 2.626213
FootRight: -0.2074295, -0.7011632, 2.550371
=========
HipCenter: -0.2288583, 0.1245747, 2.798671
Spine: -0.2434386, 0.1720129, 2.872833
ShoulderCenter: -0.2767545, 0.5422629, 2.967254
Head: -0.2485143, 0.7146759, 2.961261
ShoulderLeft: -0.4226959, 0.3979077, 2.892738
ElbowLeft: -0.4556012, 0.1582472, 2.810663
WristLeft: -0.4396404, -0.06817881, 2.670632
HandLeft: -0.4487206, -0.1369288, 2.645833
ShoulderRight: -0.07737707, 0.4419298, 2.959351
ElbowRight: 0.1750697, 0.4643377, 2.931252
WristRight: 0.4118225, 0.5045159, 2.877232
HandRight: 0.4947446, 0.4918275, 2.868821
HipLeft: -0.3002906, 0.04027237, 2.754967
KneeLeft: -0.2507828, -0.478014, 2.675875
AnkleLeft: -0.2597568, -0.779891, 2.575574
FootLeft: -0.2271989, -0.8346104, 2.463039
HipRight: -0.13939, 0.06465112, 2.780079
KneeRight: -0.2021694, -0.314836, 2.707443
AnkleRight: -0.1763901, -0.5934356, 2.626046
FootRight: -0.2075047, -0.7012745, 2.550273
=========
HipCenter: -0.2282822, 0.1247629, 2.798897
Spine: -0.242904, 0.1721002, 2.873068
ShoulderCenter: -0.2762146, 0.5423299, 2.968167
Head: -0.2466268, 0.714872, 2.962056
ShoulderLeft: -0.422491, 0.3978986, 2.892878
ElbowLeft: -0.4548061, 0.1591546, 2.812093
WristLeft: -0.4396582, -0.06816254, 2.670745
HandLeft: -0.4484303, -0.136851, 2.645657
ShoulderRight: -0.07599512, 0.4423876, 2.959458
ElbowRight: 0.1774224, 0.4703662, 2.930307
WristRight: 0.4128516, 0.5138913, 2.882502
HandRight: 0.4979118, 0.5007314, 2.870905
HipLeft: -0.3000107, 0.04036353, 2.754997
KneeLeft: -0.2506502, -0.4777367, 2.675851
AnkleLeft: -0.2597647, -0.7799143, 2.575563
FootLeft: -0.2271572, -0.8346288, 2.462957
HipRight: -0.138808, 0.06470133, 2.780242
KneeRight: -0.2021303, -0.3145026, 2.707451
AnkleRight: -0.1763316, -0.5934927, 2.626039
FootRight: -0.2073927, -0.7012163, 2.5504
=========
HipCenter: -0.2277907, 0.1249269, 2.799097
Spine: -0.2424088, 0.1721747, 2.873295
ShoulderCenter: -0.2757191, 0.5423836, 2.969143
Head: -0.2451884, 0.7150245, 2.962737
ShoulderLeft: -0.4222979, 0.3978775, 2.892996
ElbowLeft: -0.4542211, 0.1596002, 2.812852
WristLeft: -0.4396332, -0.0681763, 2.670888
HandLeft: -0.4481451, -0.1368718, 2.645468
ShoulderRight: -0.07466754, 0.4428888, 2.95949
ElbowRight: 0.1791706, 0.4772238, 2.929462
WristRight: 0.4143138, 0.5233178, 2.890358
HandRight: 0.5008559, 0.5081616, 2.873276
HipLeft: -0.2997601, 0.04044176, 2.755031
KneeLeft: -0.2504933, -0.477424, 2.67581
AnkleLeft: -0.2597697, -0.7799318, 2.575554
FootLeft: -0.2270975, -0.8346459, 2.462898
HipRight: -0.1383139, 0.06474894, 2.780367
KneeRight: -0.2018982, -0.3141746, 2.707556
AnkleRight: -0.176116, -0.593497, 2.626106
FootRight: -0.2071017, -0.7010255, 2.550676
=========
HipCenter: -0.2273658, 0.1250626, 2.799265
Spine: -0.2419248, 0.1722385, 2.873503
ShoulderCenter: -0.2750657, 0.5423828, 2.969957
Head: -0.2440913, 0.7151536, 2.963302
ShoulderLeft: -0.4220999, 0.3978356, 2.893103
ElbowLeft: -0.4536961, 0.1599128, 2.813474
WristLeft: -0.4395426, -0.06822536, 2.671016
HandLeft: -0.4477158, -0.1369014, 2.645128
ShoulderRight: -0.07313488, 0.4435425, 2.959476
ElbowRight: 0.1805055, 0.4832728, 2.928846
WristRight: 0.4225207, 0.5309851, 2.900339
HandRight: 0.5075706, 0.5146203, 2.877194
HipLeft: -0.2995337, 0.04047526, 2.755041
KneeLeft: -0.2502803, -0.4771415, 2.675766
AnkleLeft: -0.2597562, -0.7799535, 2.575551
FootLeft: -0.227014, -0.8346593, 2.462853
HipRight: -0.1378863, 0.06478577, 2.780461
KneeRight: -0.2014474, -0.3138585, 2.707743
AnkleRight: -0.1757319, -0.593474, 2.626232
FootRight: -0.2066353, -0.7007586, 2.551012
=========
HipCenter: -0.226879, 0.125203, 2.799416
Spine: -0.2412813, 0.1723246, 2.873704
ShoulderCenter: -0.2739308, 0.5423005, 2.970517
Head: -0.2432642, 0.7152409, 2.963721
ShoulderLeft: -0.4219245, 0.3977671, 2.893189
ElbowLeft: -0.4531446, 0.1600431, 2.813961
WristLeft: -0.4392365, -0.06835092, 2.671062
HandLeft: -0.4472815, -0.136951, 2.644782
ShoulderRight: -0.07161538, 0.4441898, 2.959367
ElbowRight: 0.1812223, 0.4880999, 2.928562
WristRight: 0.425776, 0.5355021, 2.905771
HandRight: 0.5195219, 0.5326797, 2.912913
HipLeft: -0.2992906, 0.04049002, 2.755049
KneeLeft: -0.2500609, -0.4768621, 2.675706
AnkleLeft: -0.2597428, -0.7799656, 2.575553
FootLeft: -0.2269486, -0.8346717, 2.462814
HipRight: -0.1373267, 0.06480432, 2.780496
KneeRight: -0.2009739, -0.3135466, 2.707741
AnkleRight: -0.175333, -0.5935046, 2.62621
FootRight: -0.2062957, -0.7006562, 2.551123
=========
HipCenter: -0.2264104, 0.1253507, 2.799529
Spine: -0.2406404, 0.1724301, 2.873869
ShoulderCenter: -0.2731035, 0.542281, 2.970879
Head: -0.2426313, 0.7153, 2.963964
ShoulderLeft: -0.4217466, 0.3976844, 2.893269
ElbowLeft: -0.4526396, 0.1600994, 2.814339
WristLeft: -0.4389283, -0.06847617, 2.671095
HandLeft: -0.4467835, -0.1370615, 2.644439
ShoulderRight: -0.06994992, 0.4448386, 2.95904
ElbowRight: 0.1816291, 0.4917998, 2.928323
WristRight: 0.42743, 0.5383503, 2.909118
HandRight: 0.5232495, 0.5395452, 2.927265
HipLeft: -0.2990384, 0.04049766, 2.755056
KneeLeft: -0.2498284, -0.4765649, 2.675629
AnkleLeft: -0.259724, -0.7799711, 2.575562
FootLeft: -0.2268491, -0.8346665, 2.462877
HipRight: -0.1366938, 0.06485813, 2.780422
KneeRight: -0.20034, -0.3132145, 2.707781
AnkleRight: -0.1748027, -0.5935144, 2.626201
FootRight: -0.2058627, -0.7005213, 2.551255
=========
HipCenter: -0.2259082, 0.1255232, 2.799613
Spine: -0.2399898, 0.1725507, 2.873998
ShoulderCenter: -0.2724128, 0.5422627, 2.971135
Head: -0.2421667, 0.7153432, 2.964168
ShoulderLeft: -0.4215977, 0.3975966, 2.893343
ElbowLeft: -0.4521795, 0.1600697, 2.814509
WristLeft: -0.4385426, -0.06859989, 2.671043
HandLeft: -0.4460884, -0.1372568, 2.643752
ShoulderRight: -0.06857405, 0.4453953, 2.958736
ElbowRight: 0.1817764, 0.4944352, 2.928126
WristRight: 0.4282785, 0.5399609, 2.911713
HandRight: 0.5252597, 0.5433811, 2.934037
HipLeft: -0.298774, 0.04050192, 2.755056
KneeLeft: -0.2495388, -0.4762391, 2.675522
AnkleLeft: -0.2597044, -0.7799745, 2.575571
FootLeft: -0.2267492, -0.8346575, 2.46295
HipRight: -0.135841, 0.0649743, 2.780227
KneeRight: -0.1996596, -0.3128282, 2.707702
AnkleRight: -0.1742383, -0.5935751, 2.626082
FootRight: -0.2054689, -0.7004622, 2.551259
=========
HipCenter: -0.2252498, 0.1257872, 2.799634
Spine: -0.2392641, 0.1727089, 2.874077
ShoulderCenter: -0.2719522, 0.5422431, 2.971316
Head: -0.2417995, 0.7153782, 2.964331
ShoulderLeft: -0.4214536, 0.3975102, 2.893419
ElbowLeft: -0.4517379, 0.1599956, 2.814569
WristLeft: -0.4380385, -0.0687592, 2.670918
HandLeft: -0.4452621, -0.1374187, 2.642806
ShoulderRight: -0.06719073, 0.4460649, 2.958354
ElbowRight: 0.1817727, 0.4964091, 2.927943
WristRight: 0.4283802, 0.540434, 2.91354
HandRight: 0.5263506, 0.545788, 2.938786
HipLeft: -0.2983726, 0.0405031, 2.75503
KneeLeft: -0.2492711, -0.4759373, 2.675405
AnkleLeft: -0.2596806, -0.7799744, 2.575584
FootLeft: -0.2266524, -0.8346466, 2.463029
HipRight: -0.1342553, 0.06547748, 2.779629
KneeRight: -0.1983444, -0.3122216, 2.707931
AnkleRight: -0.1732073, -0.5937055, 2.626097
FootRight: -0.2047414, -0.7003787, 2.551376
=========
HipCenter: -0.2239439, 0.1260435, 2.799577
Spine: -0.2379488, 0.1728398, 2.874071
ShoulderCenter: -0.2714726, 0.5421867, 2.971374
Head: -0.2415006, 0.7154152, 2.964452
ShoulderLeft: -0.4213151, 0.3974198, 2.893491
ElbowLeft: -0.4510103, 0.1595804, 2.81432
WristLeft: -0.4372632, -0.06906763, 2.670683
HandLeft: -0.4444736, -0.1375697, 2.642004
ShoulderRight: -0.06598479, 0.4466718, 2.957931
ElbowRight: 0.1817497, 0.4978388, 2.927804
WristRight: 0.4278223, 0.5399787, 2.914839
HandRight: 0.525227, 0.5447727, 2.939629
HipLeft: -0.2969784, 0.04021138, 2.7549
KneeLeft: -0.2490224, -0.4757956, 2.675282
AnkleLeft: -0.2596059, -0.7799781, 2.575617
FootLeft: -0.2265677, -0.8346448, 2.463082
HipRight: -0.1320287, 0.06594344, 2.778983
KneeRight: -0.1964466, -0.3116223, 2.708427
AnkleRight: -0.1716243, -0.5940406, 2.626273
FootRight: -0.203689, -0.7003853, 2.551604
=========
HipCenter: -0.2227778, 0.1263976, 2.799452
Spine: -0.2367658, 0.1730084, 2.874005
ShoulderCenter: -0.2710377, 0.5420874, 2.971373
Head: -0.2412137, 0.7154264, 2.964539
ShoulderLeft: -0.4211709, 0.3973464, 2.893574
ElbowLeft: -0.4503171, 0.1591774, 2.813964
WristLeft: -0.4364345, -0.0694325, 2.670398
HandLeft: -0.4436617, -0.1377438, 2.641207
ShoulderRight: -0.06489459, 0.4471759, 2.957531
ElbowRight: 0.1816723, 0.4988984, 2.927716
WristRight: 0.4268963, 0.5389315, 2.915524
HandRight: 0.5230054, 0.5413952, 2.937722
HipLeft: -0.2958466, 0.04011981, 2.75482
KneeLeft: -0.2487785, -0.4755924, 2.675167
AnkleLeft: -0.2595084, -0.7799773, 2.575655
FootLeft: -0.2264964, -0.8346424, 2.46313
HipRight: -0.1301144, 0.06660014, 2.778029
KneeRight: -0.1945478, -0.3109478, 2.708978
AnkleRight: -0.1701006, -0.5943407, 2.626438
FootRight: -0.2027015, -0.7004049, 2.551858
=========
HipCenter: -0.2214503, 0.1268184, 2.799264
Spine: -0.2355332, 0.1732042, 2.873884
ShoulderCenter: -0.2706737, 0.541986, 2.971343
Head: -0.2408239, 0.715542, 2.964744
ShoulderLeft: -0.4208343, 0.3972704, 2.893653
ElbowLeft: -0.4497073, 0.1588229, 2.813609
WristLeft: -0.4355448, -0.06979445, 2.670067
HandLeft: -0.4427817, -0.1379149, 2.640375
ShoulderRight: -0.0638124, 0.4476173, 2.957107
ElbowRight: 0.181542, 0.4996803, 2.927694
WristRight: 0.4258216, 0.5376897, 2.915736
HandRight: 0.5207339, 0.5378452, 2.935043
HipLeft: -0.2942355, 0.04015584, 2.754884
KneeLeft: -0.2485353, -0.47533, 2.675056
AnkleLeft: -0.25941, -0.7799755, 2.575694
FootLeft: -0.2264236, -0.8346423, 2.463168
HipRight: -0.1281004, 0.06738134, 2.776851
KneeRight: -0.1927064, -0.3102307, 2.70958
AnkleRight: -0.1686073, -0.5946078, 2.62662
FootRight: -0.201758, -0.7004029, 2.552128
=========
HipCenter: -0.2200311, 0.1271143, 2.799017
Spine: -0.2342656, 0.173337, 2.873724
ShoulderCenter: -0.2703741, 0.5419094, 2.971313
Head: -0.2404648, 0.7156478, 2.964965
ShoulderLeft: -0.4197808, 0.397076, 2.893735
ElbowLeft: -0.4491546, 0.1584855, 2.813245
WristLeft: -0.4346498, -0.07013732, 2.669725
HandLeft: -0.4415998, -0.1381691, 2.639169
ShoulderRight: -0.06281009, 0.4480575, 2.956703
ElbowRight: 0.1814665, 0.5002449, 2.92767
WristRight: 0.4246752, 0.5364345, 2.915571
HandRight: 0.5184724, 0.5337847, 2.930917
HipLeft: -0.2923254, 0.04009297, 2.755012
KneeLeft: -0.248307, -0.4751319, 2.674969
AnkleLeft: -0.2593294, -0.779973, 2.575736
FootLeft: -0.2263635, -0.8346429, 2.463196
HipRight: -0.1263702, 0.06800023, 2.77578
KneeRight: -0.1905153, -0.3095927, 2.71045
AnkleRight: -0.1667926, -0.5949043, 2.62699
FootRight: -0.2005788, -0.7003553, 2.552582
=========
HipCenter: -0.2189513, 0.1274485, 2.79873
Spine: -0.2332374, 0.1735082, 2.873523
ShoulderCenter: -0.2700826, 0.5418434, 2.971263
Head: -0.2400451, 0.7157537, 2.965183
ShoulderLeft: -0.4187834, 0.3968781, 2.893795
ElbowLeft: -0.4486933, 0.158166, 2.812948
WristLeft: -0.4338299, -0.07045071, 2.669411
HandLeft: -0.4405432, -0.1383815, 2.638089
ShoulderRight: -0.06187503, 0.4484324, 2.956336
ElbowRight: 0.1813809, 0.5006518, 2.92766
WristRight: 0.4233598, 0.5353516, 2.914842
HandRight: 0.5165334, 0.5310304, 2.927829
HipLeft: -0.2910365, 0.04014846, 2.755094
KneeLeft: -0.248058, -0.4748508, 2.674887
AnkleLeft: -0.259242, -0.779969, 2.575783
FootLeft: -0.2263189, -0.8346422, 2.463215
HipRight: -0.12516, 0.06866284, 2.774568
KneeRight: -0.1883934, -0.3089679, 2.711339
AnkleRight: -0.165077, -0.5950559, 2.627359
FootRight: -0.1994362, -0.700157, 2.553028
=========
HipCenter: -0.2181143, 0.127715, 2.79847
Spine: -0.2323956, 0.1736467, 2.873337
ShoulderCenter: -0.2697351, 0.541841, 2.971281
Head: -0.2397794, 0.7158153, 2.965277
ShoulderLeft: -0.4178956, 0.3967008, 2.893847
ElbowLeft: -0.4481555, 0.1576561, 2.812562
WristLeft: -0.4330852, -0.07067315, 2.669125
HandLeft: -0.4396191, -0.1385647, 2.637145
ShoulderRight: -0.06106101, 0.448754, 2.956007
ElbowRight: 0.1812882, 0.5009399, 2.927661
WristRight: 0.4219292, 0.5343272, 2.913724
HandRight: 0.514909, 0.5290868, 2.925424
HipLeft: -0.290106, 0.04019019, 2.755143
KneeLeft: -0.2477973, -0.4745557, 2.674812
AnkleLeft: -0.2591578, -0.7799641, 2.575829
FootLeft: -0.22628, -0.8346416, 2.463232
HipRight: -0.1243396, 0.06915738, 2.773524
KneeRight: -0.1865812, -0.3084787, 2.712153
AnkleRight: -0.1635941, -0.5951835, 2.627713
FootRight: -0.1984784, -0.6999943, 2.553462
=========
HipCenter: -0.2170747, 0.1280283, 2.798132
Spine: -0.2311133, 0.1739023, 2.873016
ShoulderCenter: -0.2675306, 0.5418688, 2.970743
Head: -0.2389614, 0.7160156, 2.965253
ShoulderLeft: -0.4170947, 0.3965417, 2.893896
ElbowLeft: -0.4474665, 0.1568939, 2.812058
WristLeft: -0.4323542, -0.07086651, 2.668873
HandLeft: -0.4386865, -0.1388071, 2.636302
ShoulderRight: -0.06020106, 0.4490546, 2.955696
ElbowRight: 0.1812068, 0.5011388, 2.927664
WristRight: 0.420748, 0.5335059, 2.912724
HandRight: 0.5137571, 0.5277441, 2.923729
HipLeft: -0.2891833, 0.04023129, 2.755169
KneeLeft: -0.2475308, -0.4742632, 2.674737
AnkleLeft: -0.2590819, -0.7799599, 2.57587
FootLeft: -0.226254, -0.8346381, 2.463252
HipRight: -0.1235466, 0.06959403, 2.772588
KneeRight: -0.1798719, -0.308314, 2.717901
AnkleRight: -0.1579491, -0.5935202, 2.631665
FootRight: -0.1926193, -0.695515, 2.559408
=========
HipCenter: -0.2159479, 0.1281747, 2.797782
Spine: -0.2296593, 0.1739976, 2.87265
ShoulderCenter: -0.2648778, 0.5416339, 2.969993
Head: -0.2382791, 0.7161813, 2.965328
ShoulderLeft: -0.4163826, 0.3964097, 2.893945
ElbowLeft: -0.446719, 0.1561089, 2.811567
WristLeft: -0.4316365, -0.07105227, 2.668587
HandLeft: -0.4378684, -0.1390298, 2.63558
ShoulderRight: -0.05941861, 0.4492786, 2.955419
ElbowRight: 0.181127, 0.5012679, 2.92767
WristRight: 0.4197401, 0.5328376, 2.911776
HandRight: 0.5129008, 0.5268037, 2.922473
HipLeft: -0.2882187, 0.04018788, 2.755125
KneeLeft: -0.2472828, -0.4740469, 2.674673
AnkleLeft: -0.258958, -0.7799577, 2.575905
FootLeft: -0.2262325, -0.8346339, 2.463271
HipRight: -0.1228113, 0.06972018, 2.771929
KneeRight: -0.1811997, -0.3069225, 2.715472
AnkleRight: -0.1583842, -0.5935524, 2.629883
FootRight: -0.1943719, -0.6966705, 2.556574
=========
HipCenter: -0.2149025, 0.1283229, 2.79743
Spine: -0.2284034, 0.1741185, 2.87228
ShoulderCenter: -0.2624766, 0.54152, 2.969302
Head: -0.2374563, 0.7164201, 2.965547
ShoulderLeft: -0.4141114, 0.3962046, 2.893488
ElbowLeft: -0.4460424, 0.1554106, 2.811136
WristLeft: -0.4309655, -0.0712053, 2.668344
HandLeft: -0.4371135, -0.1392382, 2.634938
ShoulderRight: -0.0585251, 0.4494574, 2.955167
ElbowRight: 0.1811043, 0.5013495, 2.927652
WristRight: 0.4189335, 0.5323392, 2.910939
HandRight: 0.5122879, 0.5261723, 2.92157
HipLeft: -0.2873654, 0.04018369, 2.755013
KneeLeft: -0.2470337, -0.4738096, 2.674625
AnkleLeft: -0.2588345, -0.7799559, 2.575939
FootLeft: -0.2262158, -0.8346299, 2.463288
HipRight: -0.1221799, 0.06985478, 2.771421
KneeRight: -0.1832472, -0.305464, 2.713248
AnkleRight: -0.1591026, -0.5878501, 2.628075
FootRight: -0.1951608, -0.6905701, 2.555965
=========
HipCenter: -0.2137633, 0.1285027, 2.797139
Spine: -0.2270549, 0.1743041, 2.87197
ShoulderCenter: -0.2602718, 0.5415597, 2.968747
Head: -0.2358177, 0.7167299, 2.966068
ShoulderLeft: -0.411699, 0.3963511, 2.893296
ElbowLeft: -0.4454649, 0.1548918, 2.810768
WristLeft: -0.4303633, -0.07133046, 2.668124
HandLeft: -0.4364486, -0.1393722, 2.634366
ShoulderRight: -0.05749588, 0.4496413, 2.954969
ElbowRight: 0.1811446, 0.5013821, 2.927627
WristRight: 0.420043, 0.5322033, 2.910141
HandRight: 0.5137217, 0.5256513, 2.920827
HipLeft: -0.2862909, 0.04032194, 2.755005
KneeLeft: -0.2467459, -0.4734352, 2.674595
AnkleLeft: -0.2587168, -0.7799541, 2.575969
FootLeft: -0.2262083, -0.8346269, 2.463298
HipRight: -0.1215796, 0.06996097, 2.771022
KneeRight: -0.1844001, -0.3043766, 2.711263
AnkleRight: -0.1594246, -0.5867975, 2.626768
FootRight: -0.1960751, -0.6897979, 2.553797
=========
HipCenter: -0.2122652, 0.1279623, 2.796824
Spine: -0.2255037, 0.1739516, 2.871662
ShoulderCenter: -0.2581918, 0.5414589, 2.968276
Head: -0.2343308, 0.7169185, 2.966516
ShoulderLeft: -0.4093476, 0.3964373, 2.892953
ElbowLeft: -0.4449724, 0.1545173, 2.810473
WristLeft: -0.4298293, -0.07140135, 2.667948
HandLeft: -0.435866, -0.1394669, 2.633885
ShoulderRight: -0.05649867, 0.4497988, 2.954839
ElbowRight: 0.1812543, 0.5013744, 2.92762
WristRight: 0.4224741, 0.5321382, 2.909335
HandRight: 0.5166228, 0.5253009, 2.920139
HipLeft: -0.2850067, 0.040224, 2.754959
KneeLeft: -0.2464831, -0.4732458, 2.674575
AnkleLeft: -0.2586058, -0.779952, 2.575997
FootLeft: -0.2262, -0.8346318, 2.463291
HipRight: -0.1205703, 0.06846667, 2.770785
KneeRight: -0.1854449, -0.3045983, 2.708607
AnkleRight: -0.1650386, -0.6089194, 2.617357
FootRight: -0.2062807, -0.719387, 2.531119
=========
HipCenter: -0.2108618, 0.1274903, 2.796579
Spine: -0.2240596, 0.1736355, 2.871411
ShoulderCenter: -0.2562627, 0.5413298, 2.967858
Head: -0.2325808, 0.7173169, 2.967303
ShoulderLeft: -0.4073767, 0.3965145, 2.892634
ElbowLeft: -0.4442082, 0.1543727, 2.810537
WristLeft: -0.4293387, -0.07145532, 2.667795
HandLeft: -0.4353813, -0.1395278, 2.63349
ShoulderRight: -0.05548362, 0.4499137, 2.954742
ElbowRight: 0.181403, 0.5013357, 2.927623
WristRight: 0.4232586, 0.5319766, 2.909079
HandRight: 0.5176894, 0.5249691, 2.919815
HipLeft: -0.2837804, 0.04015323, 2.754919
KneeLeft: -0.2462191, -0.4730558, 2.674574
AnkleLeft: -0.2584707, -0.779955, 2.576034
FootLeft: -0.2261575, -0.8346615, 2.463234
HipRight: -0.1196286, 0.0673258, 2.770681
KneeRight: -0.1862188, -0.3047231, 2.706777
AnkleRight: -0.1658676, -0.6118022, 2.615504
FootRight: -0.207536, -0.7230359, 2.527854
=========
HipCenter: -0.2095064, 0.1270582, 2.796427
Spine: -0.2226467, 0.1733087, 2.871243
ShoulderCenter: -0.2544619, 0.5410421, 2.96757
Head: -0.2310341, 0.7174812, 2.967743
ShoulderLeft: -0.4060078, 0.3965997, 2.892478
ElbowLeft: -0.4433805, 0.1541847, 2.810555
WristLeft: -0.428908, -0.07147987, 2.667677
HandLeft: -0.4349645, -0.1395667, 2.633149
ShoulderRight: -0.05449077, 0.4500025, 2.954692
ElbowRight: 0.1816329, 0.5012758, 2.927632
WristRight: 0.4238119, 0.5318583, 2.908947
HandRight: 0.5184519, 0.5247668, 2.919567
HipLeft: -0.2826188, 0.04005803, 2.754835
KneeLeft: -0.245962, -0.4728919, 2.67458
AnkleLeft: -0.258312, -0.7799695, 2.57607
FootLeft: -0.2261077, -0.8347033, 2.463145
HipRight: -0.118504, 0.06626525, 2.770816
KneeRight: -0.1868731, -0.3047903, 2.705335
AnkleRight: -0.1664583, -0.61376, 2.614144
FootRight: -0.2075694, -0.724005, 2.526993
=========
HipCenter: -0.2082686, 0.1266655, 2.796367
Spine: -0.2213715, 0.1730198, 2.871168
ShoulderCenter: -0.2529841, 0.5408514, 2.967402
Head: -0.2298726, 0.7176329, 2.968065
ShoulderLeft: -0.4050863, 0.396651, 2.892386
ElbowLeft: -0.4423816, 0.1541827, 2.811023
WristLeft: -0.4285447, -0.07149448, 2.667603
HandLeft: -0.4346025, -0.139608, 2.632909
ShoulderRight: -0.05353809, 0.4500575, 2.954692
ElbowRight: 0.1822468, 0.5012, 2.927589
WristRight: 0.4268459, 0.5318251, 2.909653
HandRight: 0.5204183, 0.5246629, 2.919679
HipLeft: -0.2815337, 0.03987493, 2.754787
KneeLeft: -0.2456887, -0.4727798, 2.674614
AnkleLeft: -0.2581498, -0.7799874, 2.576105
FootLeft: -0.2261124, -0.8347434, 2.463037
HipRight: -0.1173849, 0.06537264, 2.771064
KneeRight: -0.1876151, -0.304794, 2.704061
AnkleRight: -0.1669556, -0.6148031, 2.613107
FootRight: -0.2068547, -0.7222208, 2.527271
=========
HipCenter: -0.207101, 0.1263117, 2.796372
Spine: -0.220185, 0.1727564, 2.87114
ShoulderCenter: -0.2516959, 0.5406075, 2.967184
Head: -0.2289344, 0.7177147, 2.968285
ShoulderLeft: -0.4044393, 0.3966553, 2.892324
ElbowLeft: -0.4410851, 0.1539883, 2.810825
WristLeft: -0.4282223, -0.0714842, 2.667536
HandLeft: -0.4342611, -0.1396026, 2.632793
ShoulderRight: -0.0526638, 0.4500601, 2.954689
ElbowRight: 0.182862, 0.5011378, 2.927553
WristRight: 0.4309957, 0.5317463, 2.910663
HandRight: 0.5218308, 0.5245575, 2.919648
HipLeft: -0.2804489, 0.03961553, 2.754823
KneeLeft: -0.245416, -0.4727085, 2.674659
AnkleLeft: -0.2579603, -0.7800094, 2.576137
FootLeft: -0.2261278, -0.8347942, 2.462879
HipRight: -0.1162593, 0.06464479, 2.771333
KneeRight: -0.188279, -0.3047545, 2.703027
AnkleRight: -0.1673311, -0.6151218, 2.612378
FootRight: -0.2060753, -0.7196395, 2.52893
=========
HipCenter: -0.2060163, 0.1259751, 2.796408
Spine: -0.2190986, 0.1725036, 2.871138
ShoulderCenter: -0.2506293, 0.5403867, 2.966987
Head: -0.2281864, 0.7177497, 2.968355
ShoulderLeft: -0.4039277, 0.3966432, 2.892278
ElbowLeft: -0.4397813, 0.1538066, 2.810514
WristLeft: -0.4279155, -0.0714438, 2.667487
HandLeft: -0.4339551, -0.1395751, 2.632744
ShoulderRight: -0.05191094, 0.4500439, 2.954693
ElbowRight: 0.1835447, 0.5010924, 2.927479
WristRight: 0.4323763, 0.5317104, 2.911046
HandRight: 0.5206683, 0.5244206, 2.918914
HipLeft: -0.2793978, 0.03932735, 2.754849
KneeLeft: -0.2451374, -0.4726622, 2.674708
AnkleLeft: -0.2577933, -0.7800194, 2.576174
FootLeft: -0.2261507, -0.8348445, 2.46272
HipRight: -0.1152083, 0.06402864, 2.771647
KneeRight: -0.1889506, -0.3046865, 2.702118
AnkleRight: -0.1676543, -0.6148322, 2.611884
FootRight: -0.2052852, -0.7169234, 2.530837
=========
HipCenter: -0.2050691, 0.1256999, 2.796474
Spine: -0.2181741, 0.1722907, 2.87117
ShoulderCenter: -0.2498924, 0.5402516, 2.966923
Head: -0.2275405, 0.7177421, 2.968378
ShoulderLeft: -0.4035349, 0.3966157, 2.892241
ElbowLeft: -0.4384951, 0.1538378, 2.810615
WristLeft: -0.4276429, -0.07141179, 2.667454
HandLeft: -0.4336652, -0.1395218, 2.632767
ShoulderRight: -0.05126372, 0.4500132, 2.954713
ElbowRight: 0.1841673, 0.5010586, 2.927409
WristRight: 0.4332012, 0.5317125, 2.911407
HandRight: 0.5207983, 0.5244753, 2.918764
HipLeft: -0.2784, 0.03902974, 2.754887
KneeLeft: -0.2448181, -0.4726263, 2.674761
AnkleLeft: -0.2576372, -0.7800266, 2.57621
FootLeft: -0.2261762, -0.834893, 2.462564
HipRight: -0.1142642, 0.06360387, 2.771953
KneeRight: -0.1733814, -0.3090701, 2.721625
AnkleRight: -0.1506484, -0.6038888, 2.632109
FootRight: -0.184883, -0.6950385, 2.561967
=========
HipCenter: -0.2042404, 0.1255778, 2.796598
Spine: -0.2173813, 0.1721826, 2.871269
ShoulderCenter: -0.2493606, 0.5401895, 2.967062
Head: -0.2269382, 0.7177014, 2.968352
ShoulderLeft: -0.403238, 0.3965882, 2.892217
ElbowLeft: -0.4373007, 0.1539289, 2.810725
WristLeft: -0.4273803, -0.07137078, 2.667421
HandLeft: -0.4332875, -0.1393814, 2.632849
ShoulderRight: -0.05065981, 0.4499745, 2.954742
ElbowRight: 0.1847517, 0.5010486, 2.927336
WristRight: 0.4336961, 0.53175, 2.911783
HandRight: 0.5212048, 0.5246881, 2.918899
HipLeft: -0.2774543, 0.03883816, 2.755052
KneeLeft: -0.2445125, -0.4725276, 2.674828
AnkleLeft: -0.2574792, -0.7800348, 2.576253
FootLeft: -0.2261995, -0.8349257, 2.46246
HipRight: -0.1134155, 0.06352059, 2.772158
KneeRight: -0.1636403, -0.3108667, 2.733844
AnkleRight: -0.1405514, -0.5973218, 2.64414
FootRight: -0.1748012, -0.6843765, 2.577208
=========
HipCenter: -0.2035327, 0.1255445, 2.796729
Spine: -0.2167078, 0.1721414, 2.871379
ShoulderCenter: -0.2489544, 0.5401568, 2.967234
Head: -0.2264499, 0.7176545, 2.968309
ShoulderLeft: -0.4030211, 0.3965757, 2.892211
ElbowLeft: -0.4362502, 0.1540407, 2.810874
WristLeft: -0.4271093, -0.07133243, 2.667378
HandLeft: -0.4329002, -0.1392314, 2.632937
ShoulderRight: -0.05014764, 0.4499219, 2.954763
ElbowRight: 0.1852782, 0.5010545, 2.927278
WristRight: 0.433656, 0.5318275, 2.912138
HandRight: 0.5214362, 0.5248991, 2.919232
HipLeft: -0.2766339, 0.03873518, 2.755233
KneeLeft: -0.2442377, -0.4723813, 2.674897
AnkleLeft: -0.2573107, -0.7800601, 2.576305
FootLeft: -0.2262275, -0.834969, 2.462325
HipRight: -0.1126749, 0.06358787, 2.77232
KneeRight: -0.1602539, -0.3114904, 2.737917
AnkleRight: -0.1367519, -0.5947044, 2.648498
FootRight: -0.1714254, -0.6806765, 2.582311
=========
HipCenter: -0.2029275, 0.1255758, 2.79689
Spine: -0.2161509, 0.1721535, 2.871528
ShoulderCenter: -0.2487718, 0.5402822, 2.9677
Head: -0.2260788, 0.7176125, 2.968271
ShoulderLeft: -0.402855, 0.3965627, 2.892212
ElbowLeft: -0.435315, 0.1542215, 2.811149
WristLeft: -0.4267724, -0.07148004, 2.667261
HandLeft: -0.4325829, -0.1391695, 2.632984
ShoulderRight: -0.0496197, 0.4498626, 2.954813
ElbowRight: 0.1857355, 0.5010674, 2.927238
WristRight: 0.4334995, 0.5319539, 2.912451
HandRight: 0.5216821, 0.5251402, 2.919652
HipLeft: -0.2759099, 0.0387009, 2.755468
KneeLeft: -0.2438977, -0.4721542, 2.675003
AnkleLeft: -0.2571427, -0.7800978, 2.576353
FootLeft: -0.2262521, -0.8350125, 2.462189
HipRight: -0.1120282, 0.06373863, 2.772462
KneeRight: -0.159981, -0.311003, 2.73758
AnkleRight: -0.1357488, -0.5933693, 2.649287
FootRight: -0.1755371, -0.6837931, 2.576197
=========
HipCenter: -0.2023833, 0.1256611, 2.797081
Spine: -0.2156822, 0.172207, 2.871696
ShoulderCenter: -0.2486567, 0.540445, 2.968178
Head: -0.2257758, 0.7175729, 2.968228
ShoulderLeft: -0.4022757, 0.3966601, 2.892243
ElbowLeft: -0.4344953, 0.1543723, 2.811363
WristLeft: -0.4263046, -0.07170351, 2.667081
HandLeft: -0.4322273, -0.1391209, 2.633001
ShoulderRight: -0.04904677, 0.4497863, 2.954891
ElbowRight: 0.1861494, 0.5011007, 2.927206
WristRight: 0.4332002, 0.5320869, 2.912695
HandRight: 0.5218744, 0.5253745, 2.920219
HipLeft: -0.2751569, 0.03878929, 2.755804
KneeLeft: -0.2435234, -0.4717951, 2.67514
AnkleLeft: -0.2569871, -0.7801369, 2.576398
FootLeft: -0.2262776, -0.8350514, 2.46208
HipRight: -0.1114734, 0.06397887, 2.772622
KneeRight: -0.1611112, -0.3099612, 2.735383
AnkleRight: -0.1362341, -0.5927423, 2.648245
FootRight: -0.179722, -0.6879576, 2.569797
=========
HipCenter: -0.2018781, 0.1257949, 2.797294
Spine: -0.2152625, 0.1722987, 2.871885
ShoulderCenter: -0.2486471, 0.5406536, 2.968688
Head: -0.2255286, 0.7175375, 2.968191
ShoulderLeft: -0.4018159, 0.3967247, 2.892284
ElbowLeft: -0.4334828, 0.155518, 2.811778
WristLeft: -0.4258015, -0.07191698, 2.666899
HandLeft: -0.4318777, -0.1390637, 2.633026
ShoulderRight: -0.04848034, 0.4497048, 2.954966
ElbowRight: 0.1865695, 0.5011792, 2.927189
WristRight: 0.4328325, 0.5322202, 2.912902
HandRight: 0.5220324, 0.5255922, 2.92078
HipLeft: -0.2744562, 0.03891536, 2.756185
KneeLeft: -0.2431626, -0.4714042, 2.675285
AnkleLeft: -0.2568835, -0.7801576, 2.576434
FootLeft: -0.2264024, -0.8350756, 2.462074
HipRight: -0.1109098, 0.06430212, 2.772762
KneeRight: -0.1657306, -0.3077379, 2.730274
AnkleRight: -0.1398071, -0.5926914, 2.644527
FootRight: -0.1853998, -0.6928372, 2.56347
=========
HipCenter: -0.2014154, 0.1259362, 2.797498
Spine: -0.214902, 0.1724027, 2.87206
ShoulderCenter: -0.2486341, 0.5407777, 2.968953
Head: -0.2252814, 0.7174996, 2.968145
ShoulderLeft: -0.4011674, 0.3967429, 2.892276
ElbowLeft: -0.4326552, 0.1563167, 2.812145
WristLeft: -0.4252904, -0.07212108, 2.666744
HandLeft: -0.4315449, -0.1389993, 2.633056
ShoulderRight: -0.04786435, 0.4496225, 2.955078
ElbowRight: 0.186945, 0.5012671, 2.927183
WristRight: 0.4324115, 0.5323679, 2.913085
HandRight: 0.5221531, 0.5258083, 2.921241
HipLeft: -0.2737751, 0.03905831, 2.756583
KneeLeft: -0.2427892, -0.4709987, 2.675436
AnkleLeft: -0.2568061, -0.7801794, 2.576469
FootLeft: -0.2265271, -0.8350994, 2.462086
HipRight: -0.1104029, 0.0646271, 2.772882
KneeRight: -0.1711218, -0.3053688, 2.724634
AnkleRight: -0.1443845, -0.5929866, 2.639943
FootRight: -0.190105, -0.69652, 2.5584
=========
HipCenter: -0.2008758, 0.1262268, 2.797783
Spine: -0.214455, 0.1726337, 2.872315
ShoulderCenter: -0.248535, 0.5409086, 2.969193
Head: -0.2250769, 0.7174636, 2.968106
ShoulderLeft: -0.400673, 0.3967972, 2.892337
ElbowLeft: -0.4319609, 0.1567764, 2.812278
WristLeft: -0.4248083, -0.07228917, 2.666611
HandLeft: -0.4312226, -0.1389223, 2.633098
ShoulderRight: -0.04724119, 0.449548, 2.955211
ElbowRight: 0.1873241, 0.5013859, 2.927206
WristRight: 0.4318286, 0.5325125, 2.913248
HandRight: 0.5221022, 0.5261023, 2.922215
HipLeft: -0.2731335, 0.03928686, 2.756979
KneeLeft: -0.2423833, -0.4704802, 2.675615
AnkleLeft: -0.2567326, -0.7802053, 2.576515
FootLeft: -0.2266319, -0.835116, 2.4621
HipRight: -0.1098684, 0.06504449, 2.77305
KneeRight: -0.1760139, -0.303106, 2.719679
AnkleRight: -0.1487662, -0.5933345, 2.635665
FootRight: -0.193548, -0.6989347, 2.55487
=========
HipCenter: -0.2003925, 0.1265264, 2.798063
Spine: -0.2140611, 0.172876, 2.872565
ShoulderCenter: -0.2485034, 0.5410507, 2.969403
Head: -0.2249048, 0.7174302, 2.968068
ShoulderLeft: -0.400251, 0.3968472, 2.892399
ElbowLeft: -0.4314221, 0.157155, 2.812394
WristLeft: -0.4243298, -0.07241935, 2.666506
HandLeft: -0.4308802, -0.1388256, 2.633168
ShoulderRight: -0.04665811, 0.4494902, 2.955353
ElbowRight: 0.1876823, 0.5015189, 2.927262
WristRight: 0.4312453, 0.53267, 2.913441
HandRight: 0.5220603, 0.5263412, 2.92293
HipLeft: -0.272574, 0.03951796, 2.757345
KneeLeft: -0.2420138, -0.4699667, 2.675799
AnkleLeft: -0.2566754, -0.7802345, 2.576561
FootLeft: -0.2267308, -0.8351271, 2.462125
HipRight: -0.1093751, 0.06546094, 2.773225
KneeRight: -0.1796449, -0.3013717, 2.71595
AnkleRight: -0.1521819, -0.5936594, 2.632277
FootRight: -0.1957322, -0.7004482, 2.552588
=========
HipCenter: -0.1999576, 0.1268104, 2.798315
Spine: -0.213695, 0.1731339, 2.872795
ShoulderCenter: -0.2484378, 0.5411631, 2.969479
Head: -0.2247494, 0.7173961, 2.968035
ShoulderLeft: -0.3999394, 0.3968662, 2.892441
ElbowLeft: -0.4310118, 0.1573694, 2.812467
WristLeft: -0.4238625, -0.07254217, 2.666437
HandLeft: -0.4305123, -0.1387888, 2.633429
ShoulderRight: -0.04607617, 0.4494244, 2.955502
ElbowRight: 0.1882307, 0.5017713, 2.927392
WristRight: 0.4307034, 0.532842, 2.913591
HandRight: 0.5220619, 0.5264754, 2.923227
HipLeft: -0.2721081, 0.0397151, 2.757622
KneeLeft: -0.241619, -0.469477, 2.675996
AnkleLeft: -0.256629, -0.7802631, 2.576605
FootLeft: -0.2268053, -0.8351399, 2.462147
HipRight: -0.1088895, 0.06581544, 2.773436
KneeRight: -0.1830446, -0.299836, 2.712619
AnkleRight: -0.1554939, -0.5941303, 2.629121
FootRight: -0.197571, -0.7017009, 2.550717
=========
HipCenter: -0.1995038, 0.1270587, 2.798554
Spine: -0.2132517, 0.1733758, 2.87302
ShoulderCenter: -0.2479867, 0.5412414, 2.969394
Head: -0.2245063, 0.7172167, 2.967902
ShoulderLeft: -0.3997194, 0.3968568, 2.892488
ElbowLeft: -0.4306355, 0.157511, 2.812484
WristLeft: -0.4234151, -0.07264915, 2.666382
HandLeft: -0.4301651, -0.138756, 2.633699
ShoulderRight: -0.04554276, 0.4493628, 2.955641
ElbowRight: 0.1889724, 0.5021202, 2.927636
WristRight: 0.4302569, 0.5330267, 2.913774
HandRight: 0.5220702, 0.5265494, 2.923422
HipLeft: -0.2716836, 0.03983163, 2.757835
KneeLeft: -0.2412896, -0.4691305, 2.676152
AnkleLeft: -0.2565912, -0.7802894, 2.576646
FootLeft: -0.2268706, -0.8351532, 2.462166
HipRight: -0.108397, 0.0661185, 2.773666
KneeRight: -0.1856383, -0.2986754, 2.71011
AnkleRight: -0.1581153, -0.5946174, 2.626646
FootRight: -0.1988253, -0.7026035, 2.549342
=========
HipCenter: -0.1990753, 0.1272888, 2.798784
Spine: -0.212806, 0.1736048, 2.873241
ShoulderCenter: -0.2473948, 0.5412866, 2.96929
Head: -0.2242553, 0.7169987, 2.967808
ShoulderLeft: -0.3995413, 0.3968427, 2.892532
ElbowLeft: -0.4303117, 0.1575735, 2.812463
WristLeft: -0.4229236, -0.07268457, 2.666365
HandLeft: -0.4298405, -0.1387224, 2.633975
ShoulderRight: -0.04502155, 0.4492982, 2.955759
ElbowRight: 0.1896636, 0.502468, 2.927907
WristRight: 0.4298749, 0.5331919, 2.913933
HandRight: 0.5220668, 0.5265729, 2.923691
HipLeft: -0.2713241, 0.03992734, 2.758009
KneeLeft: -0.2410012, -0.4688254, 2.676289
AnkleLeft: -0.2565419, -0.7803197, 2.576694
FootLeft: -0.226893, -0.8351769, 2.462158
HipRight: -0.1079365, 0.06638186, 2.773903
KneeRight: -0.1875933, -0.2977964, 2.708253
AnkleRight: -0.1601366, -0.5950302, 2.624767
FootRight: -0.1997949, -0.7031919, 2.548278
